
Last position-specific scoring matrix computed, weighted observed percentages rounded down, information per position, and relative weight of gapless real matches to pseudocounts
            A   R   N   D   C   Q   E   G   H   I   L   K   M   F   P   S   T   W   Y   V   A   R   N   D   C   Q   E   G   H   I   L   K   M   F   P   S   T   W   Y   V
    1 P     0  -4  -4  -4  -5  -3  -3  -4  -4  -5  -5  -3  -5  -6   8  -3  -3  -6  -5  -4    6   0   0   0   0   0   0   0   0   0   0   0   0   0  94   0   0   0   0   0  2.57 0.42
    2 A     4  -2  -2  -3  -2  -2  -1   0  -3  -2  -3  -1  -3  -4   1   2   1  -4  -3   0   50   1   0   0   0   0   3   7   0   0   1   3   0   0   7  16   6   0   0   5  0.50 0.24
    3 P    -3  -2  -2  -3  -5  -2   0  -5  -4  -4  -3   1  -1  -5   7  -2  -3  -6  -5   1    1   2   1   0   0   1   8   0   0   0   2   8   2   0  62   2   1   0   0  11  1.45 0.44
    4 S     1   0  -2   0  -3  -1   2  -2   0  -1  -2   2  -2  -2   0   0   2  -4  -3  -1   11   4   0   4   0   1  17   1   2   3   4  16   0   2   5   6  19   0   0   4  0.22 0.18
    5 L    -3  -5  -4  -6  -4  -4  -5  -5  -3   3   1  -4   0   4  -2  -4  -1   7   1   2    1   0   1   0   0   0   0   0   0  21  13   1   2  16   2   0   3  19   4  17  0.87 0.37
    6 T    -3  -1  -2  -5  -4  -3  -4  -5   0  -3  -3  -4  -4   3  -5   1   5  -2   6  -4    1   3   1   0   0   0   0   0   2   1   1   0   0  14   0   9  41   0  26   0  1.10 0.53
    7 R     0  -1  -2   1  -4   0   0   1  -4  -2  -3   0  -2  -5   5  -1  -1  -5  -3   0    8   4   1   7   0   4   5  12   0   2   2   7   1   0  34   4   4   0   1   7  0.57 0.29
    8 S     3  -3  -3  -4  -4  -3  -3   4  -4   0  -3  -3  -3  -5  -3   2   2  -5  -4  -1   26   0   0   0   0   0   1  32   0   6   1   0   0   0   1  13  16   0   0   4  0.67 0.38
    9 Q    -4   3  -3  -4  -6   6  -2  -1  -3  -6  -6   5  -4  -7  -5  -3  -3  -6  -5  -6    0  13   0   0   0  41   0   5   0   0   0  39   0   0   0   1   1   0   0   0  1.47 0.64
   10 L    -1   2  -2  -3  -4   0   0  -3  -3   2   0   3   0  -3   0   0   0  -4  -2   0    3  10   0   0   0   4   7   1   0  15   8  24   3   0   4   5   6   0   1   8  0.23 0.21
   11 D    -5  -1   0  -1  -6   4  -1  -3   9  -6  -2   0  -5  -5  -5  -3  -4  -6  -3  -6    0   3   5   3   0  21   3   2  53   0   5   5   0   0   0   1   0   0   0   0  1.70 0.67
   12 R    -5   6  -5  -5  -7  -4  -3  -6  -2  -5  -6  -2  -5  -7   7  -3  -1  -7  -6  -4    0  39   0   0   0   0   1   0   1   1   0   1   0   0  52   1   3   0   0   1  1.88 0.72
   13 V    -4  -5  -5  -7  -4  -5  -6  -7  -5   1   5  -5   3  -1  -6  -5  -3  -4   3   0    0   0   0   0   0   0   0   0   0   7  67   0   6   1   0   0   1   0  12   5  1.23 0.53
   14 E    -2   3  -1  -3  -4   4   0  -1   1  -1  -3   2  -1  -4  -4   0   2  -5  -3  -1    1  19   1   0   0  22   4   4   4   3   2  15   1   0   0   5  13   0   0   5  0.46 0.31
   15 A     0   3  -2   2  -5   1   5  -3  -1  -3  -4  -1  -3  -5  -4  -1  -1  -5  -2  -3    9  20   1   9   0   5  42   1   1   2   0   2   0   0   0   3   3   0   1   1  0.76 0.41
   16 L    -4  -5  -6  -6  -4  -4  -5  -6  -5   3   5  -4   0   1  -5  -5   0  -4   0   0    0   0   0   0   0   0   0   0   0  18  62   1   1   4   0   0   7   0   3   4  1.05 0.46
   17 L    -3  -5   3  -1  -2  -3  -4   2  -4   5   1  -4  -1  -3  -5  -3  -2  -5  -4  -1    1   0  18   3   1   1   0  14   0  43  14   0   1   1   0   1   2   0   0   1  0.73 0.41
   18 S     2  -1   1   3  -4   0   2  -1  -2  -1  -2  -1   0  -2  -3   0  -1  -4  -3  -2   20   3   8  20   0   4  17   4   0   3   2   1   4   2   0   6   3   0   0   2  0.31 0.23
   19 P    -2   1  -1   1  -5   0   4  -2  -2  -3  -4   1  -1  -5   3   0  -1  -5  -3  -3    2   8   1   9   0   3  34   2   1   2   1  10   2   0  12   8   4   0   1   1  0.55 0.32
   20 E    -1  -3  -2   0  -1  -1   2  -2  -3   4  -1  -2   3  -1  -1  -1  -1  -4  -3   2    5   1   1   4   1   2  18   3   0  27   1   1  10   3   3   4   2   0   0  13  0.30 0.25
   21 D    -3   6  -2   1  -6  -1   2  -5  -3  -4  -3   1  -3   2  -4  -1  -2  -5  -1  -4    2  47   1   9   0   1  12   0   0   0   2   6   0  11   0   5   2   0   2   0  0.86 0.44
   22 K    -2   2  -1   1  -5   3   4  -2   0  -2  -2   1  -1  -3  -4  -1  -2  -3  -4  -3    3  13   1   9   0  12  30   2   2   3   5   9   2   1   0   5   2   0   0   2  0.46 0.29
   23 I    -2  -2  -3  -1  -4  -3  -4  -6  -5   6   2  -3  -1  -1  -3  -2   0  -5  -3   2    2   3   1   3   0   1   1   0   0  51  16   1   1   1   1   2   5   0   1   9  0.79 0.40
   24 S    -1  -3  -2  -1  -4  -1  -1  -3  -4  -2   1   0   0   6  -3   0  -2  -3   0  -2    6   1   2   4   0   3   5   1   0   2  13   5   2  43   1   8   2   0   1   1  0.62 0.36
   25 L     0  -1  -2  -4   0  -2  -1  -3  -3   1   3  -1   2   0  -2  -2   0  -4  -2   2    6   3   1   0   2   1   5   1   0   6  39   3   5   3   2   3   6   0   0  13  0.29 0.22
   26 N    -1  -1   2   2  -2   0   4  -1  -1  -4  -4   1  -2  -2  -1   2   0  -5  -4  -3    4   1  10  12   1   3  28   5   1   0   1   8   1   2   2  14   6   0   0   2  0.40 0.26
   27 M    -1   2  -4  -5  -5  -3  -3  -4  -4  -2   2  -2   8   3  -5  -3  -4  -4   1  -2    5  13   1   0   0   0   1   1   0   1  17   3  38  14   0   1   0   0   4   1  0.96 0.49
   28 A    -2  -4   1   3  -5  -3   1   5  -2  -4  -3  -4  -5  -6   0  -2  -3  -6  -5  -4    2   0   8  15   0   0  10  52   1   1   3   0   0   0   5   2   1   0   0   1  0.94 0.44
   29 K     0   2   0   1  -1   1   1  -1  -1  -1  -1   2  -1  -1   0   0   0  -1  -1  -1    7  15   3   7   1   6  10   4   1   3   6  14   2   3   3   7   4   1   2   3  0.12 0.05
   30 P     1   0  -1   0  -1   0   0   0  -1  -1  -1   1  -1   0   2   0   0  -1  -1  -1   18   3   3   4   2   3   6   8   1   3   5  10   1   6   9   7   5   1   2   4  0.08 0.04
   31 F    -6  -5  -7  -8  -7  -7  -7  -7  -5  -2  -1  -7  -4   9  -8  -7  -6  -3   2  -5    0   0   0   0   0   0   0   0   0   2   4   0   0  89   0   0   0   0   4   0  2.79 0.90
   32 R    -1   1  -1  -2  -4   3   1  -3   2  -3  -4   2  -1  -5   0   2   3  -5  -4  -2    4   7   1   2   0  15   7   0   4   1   0  15   1   0   3  14  22   0   0   2  0.44 0.31
   33 E    -4   0  -3   1  -7   1   7  -1  -4  -4  -6   1  -5  -7  -3  -2  -3  -6  -5  -3    0   4   0   6   0   5  66   4   0   1   0   8   0   0   1   1   1   0   0   2  1.34 0.61
   34 L    -1  -4  -3  -3  -3  -1  -1  -5  -4   5   2  -1   2  -1  -4  -1   0  -2  -3   1    3   0   1   2   0   4   4   0   0  35  23   4   5   1   0   4   5   1   0   9  0.50 0.30
   35 E    -2   0  -1   0  -5   0   5  -4   0  -2  -3   2   0   0  -2  -1  -1  -1  -1  -1    2   5   2   4   0   3  41   1   2   3   1  12   2   5   1   5   4   1   1   4  0.50 0.32
   36 P    -1   0  -2   0  -4  -1  -2   5   2  -5  -2   2  -3  -5  -3   2  -1  -5  -2  -4    2   4   1   4   0   2   2  43   5   0   4  13   0   0   0  14   4   0   1   0  0.63 0.34
   37 E    -2   1   1   3  -3   1   2   0   0  -3  -3   0  -3  -5   2   0   0  -5  -3  -3    1   7   8  21   0   8  17   6   2   1   2   5   0   0  10   6   5   0   1   1  0.39 0.24
   38 L    -2  -3  -4  -5  -4  -1  -2  -5  -3   3   4  -4   2   2  -5  -2  -2  -3   3   0    3   0   1   0   0   3   3   0   0  19  38   0   5   8   0   3   1   0  11   5  0.58 0.32
   39 V     0  -1  -4  -4  -4  -1   0  -5  -5   2   0  -2   0  -3  -4  -2   0  -5  -4   5    6   3   0   0   0   3   8   0   0  13   8   2   1   0   0   2   6   0   0  48  0.65 0.37
   40 T    -2   1   0  -2  -5   5   3  -3  -2  -2  -2   2  -2  -5  -4  -1   1  -5  -4  -2    2   5   3   1   0  31  21   2   0   2   5  11   1   0   0   4  10   0   0   2  0.61 0.38
   41 R    -1   4  -2  -2  -5   0   1  -4  -2  -4  -4   2  -3  -5   1   4   0  -5   0  -4    3  23   1   1   0   3   7   0   0   1   1  10   0   0   8  31   6   0   3   0  0.58 0.38
   42 R     3   0   2  -3   1  -1   0   0  -1  -4  -4  -2  -4  -3  -4   2  -2  -3   4  -3   24   6  10   0   3   2   6   8   1   0   0   2   0   0   0  19   1   0  18   1  0.49 0.35
   43 K    -5   5  -4  -4  -6   0  -2  -1  -2  -2  -2   2  -4   7  -6  -4  -5  -4  -2  -5    0  29   0   1   0   4   2   5   1   2   2  14   0  42   0   0   0   0   0   0  1.20 0.56
   44 N    -3  -1   0  -2  -2   4   0  -5  -5  -6  -4   1  -3  -4  -6  -4  -4  11  -3  -6    2   4   4   3   1  20   6   0   0   0   1   9   1   0   0   1   1  47   0   0  2.02 0.77
   45 D    -3   4   6   1  -2  -1  -2  -3   1  -2  -5   1  -5  -6  -5  -3  -3  -6  -3  -4    2  24  46   7   1   1   1   1   3   3   0   9   0   0   0   0   1   0   1   1  1.11 0.53
   46 F    -5  -6  -6  -7  -5  -5  -6  -7  -4   1   3  -6   4   6  -6  -5  -5  -3   5  -2    0   0   0   0   0   0   0   0   0   7  24   0  12  37   0   0   0   0  19   1  1.36 0.56
   47 Q    -2   0   0   6  -5   0   0  -4  -3  -1   0   0  -3  -4  -4  -2  -2  -6  -5   0    2   6   3  49   0   3   4   0   0   3  12   6   0   0   0   1   1   0   0   9  0.80 0.42
   48 R     3   0  -1   3   1   1   1  -2  -1  -3  -3  -1   0  -4  -3   0  -1  -5  -2  -1   33   4   2  20   3   6   7   1   1   0   1   4   3   0   0   7   2   0   1   4  0.40 0.29
   49 L    -4  -6  -7  -7  -3  -5  -6  -7  -6   0   6  -6   3   1  -3  -6  -4  -5   0  -2    1   0   0   0   0   0   0   0   0   3  79   0   7   4   1   0   0   0   3   2  1.49 0.62
   50 Y    -4   0  -4  -6  -3  -1  -3  -3  -4   3   0  -2   0   7  -6  -5  -4  -1   2  -1    1   7   1   0   1   4   1   2   0  16   7   3   2  47   0   0   0   1   5   3  1.01 0.47
   51 T     0  -1  -1  -1  -4   4   2  -3  -2   2  -3  -1   1  -4  -2  -1   2  -5  -4   1    6   2   3   2   0  25  13   1   1  13   0   3   4   0   2   3  15   0   0   9  0.40 0.31
   52 N    -2  -2   4  -1  -6  -1   1  -4  -3  -3  -5  -2  -4  -5   7  -1  -2  -7  -4  -2    2   2  18   3   0   2  10   0   1   2   0   2   0   1  49   3   3   0   0   3  1.20 0.54
   53 D    -2  -1  -2   2  -5   6   1  -2  -1  -3  -4   1  -3  -5   2  -1  -1  -4  -4  -4    3   2   1  11   0  43   8   3   1   1   1   6   0   0  10   5   4   0   0   1  0.81 0.42
   54 R    -3   4  -1   6  -5  -2   0  -2   1  -4  -3   1  -1  -4  -4   0  -2  -5  -4  -4    2  20   1  44   0   1   4   2   3   1   3   7   2   1   0   6   1   0   0   1  0.86 0.40
   55 E    -3   3  -2  -4  -6   2   0  -5   8  -2  -4  -1  -3  -2  -3  -1  -2  -6  -3   0    2  16   1   0   0  10   5   0  43   3   1   2   0   2   1   5   3   0   0   6  1.16 0.54
   56 D     0   1  -1   1  -4  -2  -2  -5   2  -4  -5  -2  -5  -2   7  -3   0  -6  -5  -4    8   9   3   9   0   1   2   0   5   1   0   2   0   2  52   0   5   0   0   1  1.24 0.54
   57 Y     4   1  -2  -2  -3   0  -1  -2   3  -2  -2  -1  -2   1  -1   0  -1  -1   0  -2   44   7   1   2   0   3   4   2   9   2   4   2   1   6   3   4   2   1   3   2  0.41 0.30
   58 L    -1   1  -2  -2  -2  -1  -1  -2  -2   2   2  -1   0  -1   2  -1  -1   1  -1   0    3  12   2   2   1   2   3   3   1  14  26   3   2   2   9   4   4   2   1   4  0.15 0.09
   59 G     2   0  -1  -1   2   0   0   0  -1  -1  -1  -1  -1   0  -1   2   0  -2  -1  -1   18   4   3   4   5   3   4   7   1   3   6   3   1   6   2  21   3   1   1   4  0.10 0.08
   60 K    -1   3  -1  -1  -2   2   1  -1  -1  -1  -1   2  -1  -2  -1   0  -1  -2  -1  -1    5  21   2   3   1   8   9   5   1   5   5  17   1   2   2   5   3   1   1   4  0.21 0.10
   61 L    -1  -1  -2  -1  -1  -1   0  -2  -2   2   2  -1   1   0  -1  -1   0  -2  -1   1    3   2   2   3   1   2   9   4   1  14  29   2   3   3   2   3   4   1   1  11  0.14 0.08
   62 E    -1  -1  -1  -1  -2   0   3  -1  -1   1   0  -1   2  -1  -1   0  -1   1  -1   1    4   3   2   2   1   4  26   4   1   9   7   2   8   2   2   6   3   2   1  12  0.16 0.10
   63 R    -1   6   0  -2  -5   3  -1  -4  -2  -5  -4  -1  -2  -2  -4   1  -2  -5  -4  -5    6  50   4   2   0  16   4   0   0   0   1   2   1   2   0  10   1   0   0   0  1.04 0.50
   64 D     0   1  -2   4  -5   1   4  -2  -2  -3  -3   1  -4  -4  -3  -1  -1  -5  -2  -4    8   7   1  23   0   4  34   2   1   1   2   8   0   1   1   2   3   0   2   1  0.63 0.35
   65 I    -3  -5  -5  -6  -4  -4  -5  -6  -5   4   3  -5   8  -2  -5  -4   1  -5  -4  -1    1   0   0   0   0   0   0   0   0  20  29   0  36   1   0   0   8   0   0   2  1.23 0.53
   66 T     0   4  -3  -3  -3   6  -2  -4  -1  -2  -4  -1  -3   1  -4  -1   1  -5  -4  -1    8  24   0   1   0  37   1   1   1   2   0   2   0   7   0   4   8   0   0   4  0.81 0.47
   67 K    -1   1   1   6  -3   1   2  -4  -1  -5  -4   0  -4  -5  -4  -2  -3  -5   0  -5    5   9   6  46   0   7  11   0   1   0   1   6   0   0   0   2   1   0   4   0  0.86 0.41
   68 F     1  -3  -2  -4  -2  -4  -3  -5  -4  -1  -1  -4  -3   4  -3  -3   5   3   2  -1   11   1   2   0   1   0   1   0   0   3   4   0   0  21   1   0  41   4   6   3  0.81 0.46
   69 F    -4  -6  -6  -6  -5  -6  -5  -7  -5  -3   4  -6   4   7  -6  -5  -5  -3  -1  -2    1   0   0   0   0   0   1   0   0   0  36   0   9  51   0   0   0   0   0   1  1.63 0.63
   70 V    -2   0   1   0   0   0   0  -3   3   0  -2  -1  -1  -1  -2  -1   1  -2   5   1    3   5   6   5   2   3   7   1   7   7   3   2   1   1   1   4   8   0  24   9  0.26 0.19
   71 D     0  -1   0   2  -1   1   2   0  -1  -1   1   0   0  -2  -1   0   0  -3  -2  -1    7   1   4  15   1   6  13   6   1   4  16   6   2   1   3   8   4   0   1   4  0.10 0.09
   72 R    -1   2   1   1  -3   1   1  -2   1  -2  -1   3  -1  -3   0   0   0  -3   0  -2    4  14   6   6   0   4   9   2   4   2   6  23   2   1   3   6   5   0   3   1  0.23 0.15
   73 G    -1  -1   2   0  -3  -2  -2   5  -1  -4  -3   0  -3  -1  -3   0  -2  -3  -3  -3    3   4   9   5   0   1   3  52   1   1   3   5   0   3   1   6   1   0   1   1  0.73 0.29
   74 F    -3  -2  -4  -4  -4  -2  -3  -4  -2  -2  -2   0  -3   7   2  -1  -2  -2   4  -3    2   2   1   1   0   2   1   1   0   2   2   5   0  50   9   4   2   0  15   1  1.13 0.45
   75 L    -1  -2  -3  -3  -1  -2  -2  -2  -3   2   3  -1   4  -1  -3   0   0  -3  -2   2    4   2   1   1   1   1   1   3   0   9  32   3  11   2   1   6   6   0   0  15  0.32 0.20
   76 E    -2   1  -2   1  -5   3   6  -3  -2  -4  -4   1  -4  -5  -3  -1  -2  -4  -3  -4    2   6   1   7   0  14  49   2   1   1   1   9   0   0   1   2   2   0   1   1  0.91 0.42
   77 I    -1  -2  -2  -3   1  -3  -2  -3  -3   2   1  -3  -1  -1  -2  -1  -2  -4   0   5    4   2   2   1   3   0   3   2   0  10  10   1   1   2   1   4   1   0   3  48  0.52 0.30
   78 K     0   1  -1   1  -4   1   4  -3  -1  -2  -3   2  -1  -4   1  -1   1  -4  -2  -1    6   6   1   7   0   4  28   1   1   2   1  15   1   0   8   3   8   0   1   5  0.36 0.24
   79 S    -1  -3   0  -1  -2  -1   0  -1  -4  -3   0  -2  -3  -4  -3   1   6  -2  -4  -2    5   1   4   3   1   2   5   6   0   1   9   2   0   0   1   9  50   1   0   1  0.68 0.40
   80 P    -4  -3  -4  -1  -3  -2   1  -3  -3  -5  -5  -1  -5  -5   8  -1  -2  -6  -5  -5    1   1   1   4   1   1   9   2   0   1   1   4   0   1  68   3   2   0   0   1  1.82 0.66
   81 I    -1  -2  -1   1  -1  -2   0  -2  -1   2   1  -1   5  -2  -3  -1   1  -3  -1   1    3   1   2   9   1   1   6   3   2  17  10   3  19   0   1   4  10   0   2   7  0.24 0.21
   82 L    -2  -1  -3  -1  -3  -1  -1  -4  -2   4   2  -1   5   0   1  -3  -1  -4  -2   0    2   3   1   4   0   3   3   0   1  25  18   3  17   4   7   1   2   0   1   4  0.41 0.27
   83 I    -1  -2  -2   0  -3  -1   1  -3  -3   5   1  -1   0  -3  -1  -2  -2  -4  -3   1    4   2   1   7   0   3   9   1   0  40  15   3   2   0   4   1   1   0   1   6  0.43 0.28
   84 P    -1  -1   0   0  -3  -2  -2  -1  -2  -2  -2   0  -3  -4   5   3   0  -5  -2  -3    5   3   4   4   1   1   1   5   1   2   4   5   0   1  35  22   6   0   1   1  0.67 0.34
   85 A     0   1  -2   0  -3  -1   0   2  -2  -1  -2   2  -1  -1  -2  -1  -2   1   0   1    6   6   1   7   0   2   7  19   0   2   3  18   1   2   2   3   1   3   4  13  0.17 0.16
   86 E     0  -1   0   1  -2   0   4   3  -3  -4  -4   1  -4  -5  -3   1  -2  -5  -4  -3    6   2   3   8   1   2  32  23   0   1   1   8   0   0   0   9   2   0   0   2  0.55 0.32
   87 Y     3   0  -1  -2  -2   0  -1  -2  -1  -1   1   0   2  -1  -3   0  -2  -2   2  -1   30   5   2   1   0   4   2   1   2   2  17   5   6   1   1   8   1   0   8   4  0.21 0.21
   88 V    -1  -3  -3  -3  -2  -3  -3  -4  -3   2   3  -2   1  -1  -3  -1   1  -1  -3   3    5   0   1   2   0   1   1   0   0  10  28   2   3   2   0   5  11   1   0  26  0.39 0.25
   89 E     3   0  -1   0  -3  -1   2  -2   3  -3  -4   2  -3  -4  -3  -1  -2  -5  -3  -2   33   5   2   6   0   2  16   2   9   1   0  16   0   0   0   2   1   0   0   3  0.49 0.32
   90 R    -2   5  -1  -1  -5  -1   1  -3  -3  -3  -4   5  -1  -5  -3  -2  -3  -3  -3  -4    2  28   2   3   0   1  10   2   0   1   1  43   1   0   1   3   0   0   1   1  0.95 0.46
   91 M    -3  -3  -2  -2  -2  -3  -4  -3   2   0  -1  -3   7  -3   4  -2   0  -3  -3   2    1   1   2   3   1   0   0   2   6   4   4   1  33   1  18   3   6   0   1  14  0.77 0.43
   92 G    -1  -1   0  -3  -2  -2  -1   3   5  -4  -4   0  -3   3  -4   0   2  -4  -2  -3    4   3   4   1   1   1   4  23  15   0   0   7   0  17   0   8  13   0   0   1  0.47 0.31
   93 I    -1  -3  -2  -2  -3  -2   3   1   0   5  -2  -2  -1  -4  -4  -2  -2  -2  -4   1    5   1   1   2   0   1  19  10   2  43   0   2   1   0   0   1   1   1   0  10  0.60 0.37
   94 N     0  -2   1   3  -3  -2  -1   0   2  -2  -3  -1   0  -2  -2   1   3  -4  -3  -1    6   2   7  19   0   1   2   7   6   2   0   4   3   1   1   9  26   0   0   5  0.33 0.24
   95 N    -3  -1   0   1  -3  -1   3   2   7  -4  -5  -1  -3  -4  -1  -1   0  -5  -2  -4    0   2   3   9   1   2  17  17  31   1   0   3   0   0   2   4   7   0   0   0  0.77 0.38
   96 D     0  -2   0   3  -5  -1   3   2   5  -4  -3   0  -3  -3  -2  -1  -2   1  -1  -3    7   0   3  17   0   1  18  16  19   1   1   4   0   1   1   4   1   3   1   2  0.49 0.28
   97 T    -2  -2   4   0  -4  -2  -1  -1   7  -3  -4   0  -4  -4  -3   2   2  -5  -2  -4    1   1  23   4   0   1   3   4  27   1   1   5   0   0   1  13  15   0   0   1  0.80 0.39
   98 E     2  -1  -1  -1  -2   0   1   1   0  -1  -4   1  -3  -4   4  -1   1   0  -2  -2   20   3   1   2   1   3   8  12   3   3   0   9   0   0  20   2  10   1   1   1  0.35 0.21
   99 L    -1  -3  -3  -4  -3  -2  -4   2  -4   0   4  -2  -1  -1  -4   2  -2   0  -1  -2    2   1   1   0   0   1   0  14   0   3  45   3   1   3   0  22   1   1   2   1  0.49 0.32
  100 S    -1   1  -1   0  -1  -1   0  -1   1  -1  -2   0  -1   2  -2   2   1   5   2  -2    2   8   2   5   2   1   4   3   3   3   1   7   1  10   1  19   9  10   7   2  0.24 0.16
  101 K    -1   0   1   0  -2   1   1   3   0  -3  -3   2  -1  -3  -2   1   1   0  -3  -3    2   5   6   3   1   5  10  27   2   1   2  12   2   1   1  10   8   2   0   1  0.28 0.16
  102 Q    -3  -2  -1  -2  -4   5  -2   0  -2  -4  -4  -2  -3  -2  -3  -3  -3  10   1  -4    2   2   3   3   0  31   1   6   1   1   1   2   0   1   1   1   1  38   3   1  1.59 0.52
  103 I    -1   1   1  -1  -1   0  -1   1   0   1  -1   0   0  -2  -2   0  -1   1  -1   2    1   7   6   3   1   4   2  13   3   9   2   5   2   1   1   8   2   2   2  24  0.10 0.12
  104 F    -3  -3  -1  -3  -3  -3  -2   1  -2  -2  -1  -2  -2   5  -2  -2  -2   4   6  -2    2   1   3   1   0   1   3  10   0   2   4   2   0  28   2   2   2   5  29   2  0.79 0.32
  105 R    -1   2  -1   0  -3   0   1  -1  -1  -2  -3   2  -2  -2  -2  -1  -1   8   0  -2    5  10   2   5   0   4   8   4   1   2   2  17   1   1   2   4   3  24   3   2  0.62 0.25
  106 V    -3  -3  -3  -2  -3  -2  -1  -3  -3   2   2  -2  -1   1  -3  -3  -1   8  -1   2    1   1   1   3   0   1   4   1   0  14  19   3   1   6   1   2   3  24   1  14  0.69 0.26
  107 D     0  -4   0   6  -3  -2   0   0  -4  -5  -5  -3  -5  -5  -1   2  -2  -2  -5  -5    8   0   3  52   1   1   6   8   0   0   0   0   0   0   2  17   1   1   0   0  1.01 0.44
  108 K    -2   2  -1   1  -4   0   3  -2  -2   0  -2   2   3  -4   0  -1  -1  -4  -3  -1    2  12   3   7   0   3  23   2   0   6   3  16   9   0   3   4   2   0   0   4  0.29 0.21
  109 N    -2   1   3   3  -5   1   3  -2  -1  -5  -5   3  -4  -5  -2  -1  -2  -5  -4  -4    2   5  17  20   0   6  16   2   1   0   0  24   0   0   1   2   2   0   0   1  0.65 0.32
  110 L    -2   2  -2  -3   1   0   1  -3  -1   1   2   2   4  -2  -3  -2  -1  -3  -1   0    1  11   1   0   3   2  11   1   1   9  18  13  12   1   0   2   3   0   1   7  0.22 0.19
  111 C     3  -3  -4  -5   7  -4  -4  -3  -4  -2  -1  -4  -2  -1  -4  -1  -1  -3   4   2   26   1   0   0  26   0   0   2   0   1   5   0   0   2   0   3   2   0  15  15  0.84 0.39
  112 L    -4   0  -5  -5  -2  -2  -1  -5  -5  -2   6   0   2  -3  -5  -3  -3  -5  -4  -2    1   5   0   0   1   2   4   1   0   0  74   6   4   0   0   1   1   0   0   0  1.10 0.49
  113 R    -4   8  -3  -5  -7   0  -4  -6  -4  -7  -6   2  -5  -7  -6  -4  -5  -6  -5  -6    1  87   1   0   0   3   0   0   0   0   0   8   0   0   0   0   0   0   0   0  2.32 0.78
  114 P     0  -2   0  -2  -3  -2  -2  -2  -3  -3  -1  -2  -2  -3   5   0   4  -3  -3  -1    7   1   4   2   0   1   2   3   0   1   5   2   1   1  32   6  29   0   1   3  0.69 0.28
  115 M    -3  -3  -3  -3  -3  -2  -3  -4   7   0   1  -3   7  -2  -3  -3  -3  -3  -2   1    1   1   1   1   0   1   1   1  29   5  11   1  31   1   1   1   1   0   1  10  1.06 0.40
  116 L    -3  -3  -2  -5  -4  -4  -5  -5   0   3   4  -4   1  -3  -5  -2   3  -5  -4   0    0   1   2   0   0   0   0   0   3  15  47   0   2   0   0   2  24   0   0   4  0.78 0.39
  117 A     5  -2  -4  -5  -4  -4  -4  -4  -5  -4  -5  -4  -4  -5  -4  -2   6  -6  -5  -3   53   2   0   0   0   0   0   0   0   0   0   0   0   0   0   0  45   0   0   0  1.42 0.59
  118 P     0  -4  -4  -4  -1  -2  -3   0   6  -4  -5  -4  -2  -5   7  -2  -2  -5  -4  -2    9   0   0   0   2   1   0   8  19   1   0   0   1   0  52   3   2   0   0   3  1.40 0.49
  119 T    -2  -2   4  -1  -2  -1   3  -1   1  -1  -2  -2  -3  -3  -3   0   3  -4  -3  -1    1   0  26   0   1   0  22   4   4   5   4   0   0   1   0   7  20   0   0   4  0.47 0.27
  120 L    -3  -4  -3  -4  -3  -3  -4  -4  -4  -2   5  -3  -1  -2  -4   1   4   1  -3  -2    1   0   0   0   0   0   1   1   0   0  54   0   0   0   0   9  28   2   0   1  0.84 0.39
  121 Y     0  -4  -4  -5   3  -4  -4  -4  -2   1  -3  -4  -3   1  -5  -2  -1   2   8   1    9   0   0   0   5   0   0   1   0   9   1   0   0   3   0   2   4   2  51  11  1.13 0.44
  122 N    -1   1   2  -1  -1   1   0  -2   0   0  -1   0  -1  -1  -1   0   1  -2   1   1    3  11  14   1   2   7   4   2   2   4   3   5   0   3   3   7   8   0   7  14  0.09 0.09
  123 Y    -1  -2  -2  -2  -2  -1  -1  -2   0   0   1  -1   0   0  -2   0   3   0   4   1    2   1   1   1   0   2   4   2   2   5  15   4   2   2   1   7  22   1  17   9  0.22 0.15
  124 L    -3  -4  -5  -5  -3  -4  -5  -5  -5   3   5  -4   4  -1  -5  -2  -2   3  -3   0    1   0   0   0   0   0   0   0   0  20  52   0  10   1   0   4   1   5   0   4  0.88 0.36
  125 R     1   5  -2  -3  -5   0  -1  -2  -1  -4  -4   5  -3  -4  -3  -1  -2  -5  -1  -3   10  29   0   0   0   4   1   2   1   1   0  41   0   0   0   4   1   0   2   2  0.82 0.37
  126 K    -1   4   0   2  -5  -1   2  -4   4  -4  -4   1  -3  -1  -4  -1  -3  -1   4  -4    4  23   3  13   0   1  12   0  11   0   1   7   0   1   0   5   0   0  17   0  0.56 0.29
  127 L    -3  -4  -1  -5  -3  -3  -4  -5   0   1   5  -4   0   2  -4  -4  -3  -3  -1  -1    1   0   3   0   0   1   0   1   3   5  70   0   1   9   0   1   0   0   1   1  0.99 0.38
  128 D     1   0   0   1  -2   0   1  -1  -1  -1   0   0   0  -1  -1   0   0  -1   1  -1   19   6   3   7   0   5   8   4   1   2  13   7   2   2   3   7   3   1   6   3  0.06 0.06
  129 R    -1   4   1   2  -3   0   2  -1  -1  -2  -2   1  -1  -2  -2  -1  -1  -2  -2  -2    3  26   7  10   1   3  17   4   1   1   5   8   1   1   1   2   4   0   1   2  0.31 0.14
  130 I    -2  -2   3  -2  -2  -1  -1  -3   5   1   2  -2  -1  -2  -3  -2  -1  -4  -1   2    1   1  17   1   1   1   4   2  17   9  19   1   0   1   0   2   3   0   1  18  0.35 0.22
  131 L    -2  -1  -2  -3  -2  -2  -1  -3  -2   0  -1   1  -1  -3   3   0   0   6  -2   3    2   4   2   0   1   1   3   1   0   4   6  11   1   0  18   6   6  11   1  23  0.41 0.22
  132 P    -1  -2   2   2  -4   0   2   3  -1  -4  -4   2  -3  -4   3  -1  -2  -4  -3  -4    3   0  10   9   0   3  18  21   1   1   1  14   0   0  15   2   2   0   1   0  0.47 0.23
  133 G    -2  -1  -2   2  -4  -1   0   3  -1  -4  -2   2  -2  -5   4  -2  -2  -5  -4  -4    2   3   0  11   0   2   5  25   1   0   5  16   1   0  25   1   1   0   0   0  0.60 0.28
  134 P    -3  -5  -4  -5  -2  -3   0  -5  -5  -3  -5  -3  -4   4   7  -3  -3  -5  -3  -3    1   0   1   0   1   1   7   0   0   1   0   1   0  21  63   1   1   0   0   2  1.81 0.60
  135 I     0  -2  -3  -1   1   0   2  -3  -1   3   0  -3  -1  -2  -2  -2  -2  -4  -3   3    9   1   0   3   3   4  16   1   2  19   9   0   0   1   2   1   0   0   0  28  0.31 0.22
  136 K    -3   6  -2  -4  -6  -1  -3  -5  -3  -6  -5   6  -4  -4  -5  -2  -4  -3  -3  -5    1  41   2   0   0   1   0   0   0   0   0  51   0   1   0   2   0   0   1   0  1.53 0.56
  137 I     1  -5  -5  -5  -3  -4  -5  -5  -5   5   1  -4   3   0  -5  -4  -3  -4  -1   4   10   0   0   0   0   0   0   0   0  31   9   0   8   3   0   0   0   0   1  37  0.84 0.36
  138 F    -6  -7  -7  -7  -6  -7  -7  -7  -5  -4  -3  -7  -4   9  -8  -6  -6  -3   2  -5    0   0   0   0   0   0   0   0   0   0   0   0   0  96   0   0   0   0   4   0  2.98 0.83
  139 E    -2  -3  -3  -2   4  -2   6  -3  -3  -3  -5  -3  -3  -6  -4   4  -2  -6  -3  -5    2   0   0   0   9   0  53   2   0   2   0   0   0   0   0  30   1   0   1   0  1.18 0.52
  140 V    -4  -6  -6  -6  -4  -6  -6  -7  -6   7   1  -6   0  -3  -6  -4  -4  -6  -4   3    0   0   0   0   0   0   0   0   0  70  11   0   1   0   0   1   0   0   0  17  1.57 0.54
  141 G    -3  -5   4   2  -6  -4  -2   6  -4  -7  -7  -4  -6  -6  -5  -1  -4  -6  -6  -6    0   0  19  11   0   0   3  65   0   0   0   0   0   0   0   3   0   0   0   0  1.47 0.52
  142 P    -3   7  -2  -4  -5  -1  -3  -5  -3  -5  -5   2  -4  -6   2   1   1  -6  -5  -4    0  58   1   0   0   1   0   0   0   0   0   9   0   0  10  12   8   0   0   1  1.24 0.50
  143 C    -1  -2   4  -4   8  -4  -5  -5  -5   0  -3  -5  -3  -5  -5  -4  -3  -6  -5   4    4   2  19   0  32   0   0   0   0   4   0   0   0   0   0   0   0   0   0  37  1.30 0.50
  144 Y    -6  -6  -6  -7  -6  -6  -7  -7  -4  -4  -3  -6  -4   8  -7  -6  -6  -2   6  -5    0   0   0   0   0   0   0   0   0   0   0   0   0  74   0   0   0   0  26   0  2.53 0.74
  145 R    -5   9  -4  -6  -7  -3  -4  -6  -4  -7  -6  -2  -5  -7  -6  -5  -5  -7  -6  -6    0 100   0   0   0   0   0   0   0   0   0   0   0   0   0   0   0   0   0   0  2.80 0.84
  146 K    -4   4   6  -3  -6  -1  -3  -4   0  -5  -6   5  -5  -6  -3  -3  -3  -6  -4  -5    1  23  37   0   0   1   0   0   2   1   0  35   0   0   1   0   0   0   0   0  1.29 0.51
  147 E    -5  -4  -4   0  -8  -2   8  -6  -4  -7  -7  -3  -6  -7  -5  -4  -5  -7  -6  -6    0   0   0   4   0   0  96   0   0   0   0   0   0   0   0   0   0   0   0   0  2.40 0.79
  148 S     1  -2   0  -2  -3  -1  -1   3  -3  -4  -4   1  -3  -5  -3   3   3  -5  -4  -3   11   1   3   0   0   2   2  21   0   0   0  11   0   0   0  30  18   0   0   0  0.57 0.31
  149 D    -3  -2  -3   1  -4   3  -1  -3   0   4   1  -1   0  -1  -4  -2  -2  -4  -3   2    0   1   0   8   0  18   3   2   3  31  10   3   2   2   0   1   1   0   0  17  0.43 0.27
  150 G    -3  -4  -1   5  -5  -3  -2   4  -4  -6  -6  -3  -5  -6  -4   4   0  -6  -5  -5    0   0   1  35   0   0   0  28   0   0   0   0   0   0   0  30   5   0   0   0  1.07 0.46
  151 K     2   0   0  -3  -3  -2  -2  -1  -1  -3  -3   0  -2  -1   2   1   1   2   4  -2   19   5   4   0   0   1   1   3   1   0   0   5   0   2  12  12  11   3  19   3  0.36 0.24
  152 E    -2   4   1  -1  -4   2   0  -4  -2  -4  -3   4  -1  -5  -3   0   3  -5  -3  -3    1  21   7   2   0   8   5   0   0   0   2  25   1   0   0   4  22   0   1   0  0.59 0.31
  153 H    -6  -2  -2  -5  -7  -4  -4  -6  11  -8  -7  -5  -6  -6  -6  -5  -6  -7  -2  -8    0   1   1   0   0   0   0   0  98   0   0   0   0   0   0   0   0   0   0   0  3.73 0.99
  154 L    -2  -4   4  -4  -4  -4  -5  -5  -4  -1   5  -4   0  -3  -5  -2   0  -5  -4  -2    2   0  21   0   0   0   0   0   0   1  67   0   2   0   0   2   5   0   0   1  1.07 0.47
  155 E     0  -3   3  -3  -5  -1   1  -4   0  -5  -5  -2  -4  -5   7  -1  -3  -6  -1  -1    7   1  14   0   0   2   9   1   2   0   0   1   0   0  50   4   0   0   2   6  1.18 0.45
  156 E    -5  -4  -4  -1  -7   0   8  -6  -4  -7  -7  -3  -4  -7  -5  -4  -5  -7  -6  -5    0   0   0   2   0   2  95   0   0   0   0   0   0   0   0   0   0   0   0   1  2.31 0.77
  157 F    -6  -7  -7  -7  -6  -7  -7  -7  -5  -4  -2  -7  -4   9  -7  -3  -6  -3   1  -5    0   0   0   0   0   0   0   0   0   0   2   0   0  94   0   2   0   0   2   0  2.82 0.80
  158 T    -3  -4   0  -2  -5  -3   1  -5   6  -4  -5  -1  -4  -3  -4  -1   6  -5   2  -4    0   0   4   2   0   0   8   0  19   0   0   3   0   0   0   2  56   0   7   0  1.20 0.52
  159 M    -4  -4  -3  -5  -6   7  -3  -6  -3  -4  -3  -3   9  -5  -6  -2  -4  -5  -5  -4    0   0   1   0   0  46   0   0   0   0   0   0  51   0   0   2   0   0   0   0  2.16 0.77
  160 V    -2  -5  -6  -6   2  -5  -5  -6  -5   3   4  -5   2  -2  -5  -4  -3  -4  -3   3    2   0   0   0   4   0   0   0   0  18  50   0   5   1   0   0   0   0   0  20  0.92 0.37
  161 N    -4  -3   5   0  -7  -2   6  -5  -3  -7  -6  -3  -5  -7  -5  -2  -4  -7  -5  -6    0   0  32   3   0   0  63   0   0   0   0   0   0   0   0   2   0   0   0   0  1.69 0.63
  162 F    -1  -5  -4  -5  -1  -4  -5   5  -4  -1   2  -4  -2   5  -5  -2  -4  -3  -1  -2    4   0   0   0   1   0   0  43   0   3  20   0   0  23   0   2   0   0   1   2  0.85 0.37
  163 C    -2  -5  -5  -6   2  -5  -5  -6  -4   4  -1  -5  -2  -1  -5  -4  -1  -3   5   4    2   0   0   0   5   0   0   0   0  28   2   0   0   1   0   0   4   0  21  36  0.98 0.42
  164 Q    -2  -3  -4  -2  -4   3   4  -5  -3   2  -2  -3   1  -3  -4  -2  -3   3  -2   4    1   0   0   2   0  14  28   0   0  10   1   0   4   1   0   2   0   5   1  32  0.66 0.37
  165 M     3  -4  -4  -5  -1  -3  -4  -4   0   0   1  -4   7  -2  -4  -2  -2   3  -1   1   27   0   0   0   1   0   0   0   2   3  14   0  33   0   0   1   1   4   2  10  0.78 0.39
  166 G     1  -4  -2   3  -5  -3   1   5  -3  -5  -5  -3  -4  -1  -3  -2  -3  -3   4  -4   11   0   1  18   0   0   8  40   0   0   0   0   0   2   1   1   0   0  18   0  0.83 0.37
  167 S     2   0  -1   0  -4   0   4  -3  -3  -3  -3   2  -2  -4   1   1   0  -5  -4  -3   19   3   2   3   0   1  32   0   0   1   2  12   1   0   8  10   4   0   0   0  0.47 0.27
  168 G    -2  -1   2   5  -4  -1   1   3  -1  -3  -4   0  -3  -4   0  -1  -3  -4  -2  -4    2   3  11  36   0   2   6  23   1   2   1   4   0   0   5   1   0   0   2   0  0.63 0.27
  169 C     1  -1  -2   1   2   0   0  -2  -1   1   0  -1   1  -2  -2  -1  -1  -2  -1   2   17   2   1   9   5   5   4   2   1   9   7   4   4   1   1   2   3   1   2  22  0.09 0.10
  170 T    -1   1   4   0  -1   0  -1  -1  -1  -3  -3  -1  -3  -4  -1   2   3  -4  -3  -3    3   9  24   4   1   5   2   3   1   1   1   1   0   0   3  15  26   0   0   1  0.48 0.25
  171 R    -3   0  -4  -4  -4  -1   0  -4   1  -1   2  -1   0   5  -4  -3  -1  -2   4  -2    1   6   0   0   0   2   6   0   4   1  21   3   2  28   0   1   4   0  18   1  0.58 0.28
  172 E     0   3  -1   0  -3   2   4  -2   1  -4  -4   2  -3  -5  -1   0  -2  -4  -3  -4    8  20   2   5   0   9  28   2   3   0   0  13   0   0   3   5   0   0   0   0  0.54 0.27
  173 N    -3   3   4   4  -5   1  -1  -3   2  -4  -4   0   2  -5  -4  -2  -1  -3  -3  -3    1  17  19  30   0   6   2   0   6   0   0   3   8   0   0   1   4   0   0   1  0.68 0.33
  174 L    -4  -5  -5  -6  -4  -5  -6  -2  -6   0   6  -4   0  -1  -6  -5  -3  -5  -4  -2    0   0   1   0   0   0   0   4   0   2  89   1   1   1   0   0   1   0   0   0  1.52 0.56
  175 E    -3  -1  -4  -2  -1  -1   1  -4  -2   2   2   2   6  -3  -4  -3  -2  -4  -3   0    1   4   0   1   1   1  11   0   1  11  21  13  29   0   0   0   1   0   0   4  0.59 0.33
  176 A    -1  -1  -1   3  -5   0   2   4  -1  -5  -5  -1  -3  -4  -4  -1  -2   2  -3  -4    3   3   2  18   0   4  18  38   1   0   0   4   0   0   0   3   2   3   0   1  0.65 0.30
  177 L    -3  -2  -3  -5   0  -4  -4  -5   0   3   4  -4   2   2  -5  -3   1  -1   1   0    0   1   1   0   2   0   0   0   3  18  40   0   6   9   0   0   9   1   5   5  0.55 0.27
  178 I     1  -4  -4  -4  -3   1  -4  -3  -4   3   3  -3  -1  -2  -4  -2   3  -4  -3   0   15   0   0   0   0   6   0   1   0  16  34   0   0   0   0   0  23   0   0   4  0.53 0.31
  179 K     0   2  -2   0  -3   0   3  -2   1  -4  -5   4  -3  -5  -3   0  -1  -5  -4  -4    7  11   1   5   1   3  25   2   3   0   0  31   0   0   0   8   4   0   0   0  0.60 0.31
  180 E    -2  -2  -2   0  -5  -1   6  -3  -2  -1  -1   0  -2  -4  -4  -1   0   0  -4  -2    3   1   1   4   0   1  57   1   1   4   8   4   1   0   0   4   7   2   0   2  0.78 0.39
  181 F    -2  -5  -6  -6  -4  -5  -5  -6  -4   1   1  -5   4   7  -6  -4  -4  -3  -1   3    3   0   0   0   0   0   0   0   0   7  14   0  11  46   0   1   0   0   0  19  1.12 0.43
  182 L    -2  -5  -5  -6  -5  -4  -5  -6  -3  -1   2  -5   5   3  -6  -4  -3  -2   7  -2    2   0   0   0   0   0   0   0   0   3  22   0  18  12   0   0   1   0  41   1  1.26 0.48
  183 D     0   3   1   1  -3   0   1   0   3  -4  -3   2  -3  -4  -3   2  -1  -4  -3  -3    7  17   5   7   0   2  11   7   7   0   2  17   0   0   0  17   1   0   0   0  0.36 0.21
  184 Y     1   3  -1  -3  -4   0   0  -3   2  -3  -3   3  -3   0  -2   0   2  -2   1  -2   12  21   1   0   0   2   3   1   5   1   1  22   0   5   1   5  12   0   5   2  0.36 0.23
  185 L     1  -4  -4  -5  -3  -3  -4  -4  -4   2   3  -2   6  -1  -4  -3  -2  -4  -2   2   14   0   0   0   0   0   0   0   0  11  33   2  22   2   0   1   1   0   1  11  0.66 0.31
  186 E     2  -3  -2  -2  -5  -3   0   6  -3  -5  -5   0  -4  -3  -4  -2  -2  -5  -5  -5   15   1   1   1   0   0   6  64   0   0   1   5   0   1   0   1   2   0   0   0  1.16 0.43
  187 I    -3  -3  -5  -5  -4  -1  -2  -5  -4   4   2  -3   0   5  -5  -4  -2  -3   1   1    1   1   0   0   0   3   4   0   0  26  16   1   2  32   0   0   1   0   4   8  0.66 0.30
  188 D    -1  -1   1   4  -4  -1   4  -2  -2  -4  -4   0  -4  -4   2  -1   0  -4  -4  -3    3   2   6  27   0   1  31   2   0   0   1   6   0   0  11   2   6   0   0   2  0.65 0.29
  189 F    -3   0  -1   1  -2  -1   1  -3   0  -1  -1   1  -2   2  -3  -2  -2   0   7  -2    1   4   3   7   1   2   8   1   1   3   4  11   1   6   1   2   2   1  40   2  0.63 0.28
  190 E    -1   0  -2  -1  -3   1   3  -2  -1   2  -2   0  -2  -2  -3  -1   2  -4  -3   2    2   6   0   3   0   5  21   2   1  14   1   6   0   1   0   3  15   0   0  19  0.27 0.20
  191 I    -2   3  -3  -4  -4   0   0  -3  -2   2   1   1   1   1  -4  -3  -2  -2   2   2    0  22   0   0   0   3   5   1   0  13  18   7   2   6   0   0   0   0   7  14  0.30 0.20
  192 V    -2  -2  -1  -3   1  -1   1  -3  -3   1   2  -1  -1   4   0  -2  -1  -3  -1   2    1   1   3   0   3   2  14   1   0   6  21   3   1  22   5   1   3   0   0  15  0.28 0.20
  193 G    -1   4  -2  -2  -4   0   0   3  -1  -2  -3   1  -2  -4  -3   2  -1   2  -3  -2    2  26   1   1   0   2   5  23   2   3   1   7   0   0   0  17   4   4   0   3  0.44 0.26
  194 D    -2  -3  -2   1   0  -2   3  -4   0  -3  -2  -2  -3  -5   5   0   3  -5  -4  -2    2   0   1   7   2   0  18   0   2   0   4   1   0   0  32   7  20   0   0   3  0.76 0.35
  195 S     1  -2   0   1  -3   1   2   1  -3  -4  -4   0  -2  -4  -2   2   3  -5  -3  -3    9   0   4   6   0   5  16  13   0   0   1   3   1   0   1  21  20   0   0   0  0.39 0.25
  196 C    -2  -2  -3  -3   4  -2  -2  -4  -3  -2  -4  -1  -4   1  -3   4  -1  -3   6  -1    1   2   0   1  11   1   1   0   0   2   0   4   0   4   1  37   3   0  28   4  0.82 0.42
  197 M    -2  -3  -2   0  -4  -3   2  -5  -1   0  -1  -1   4   5  -4  -3   0  -3   0   2    2   1   1   6   0   0  14   0   1   3   2   3  11  30   0   1   6   0   2  17  0.48 0.29
  198 V    -3  -5  -5  -5  -4  -3  -4  -5  -5   1  -3  -3  -3  -2   6  -3  -1  -5   0   5    0   0   0   0   0   1   1   0   0   7   1   1   0   2  41   1   4   0   3  40  1.23 0.48
  199 Y    -3  -6  -6  -7  -6  -2  -6  -7  -2  -5  -5  -6  -5   1  -7  -6  -6   0  10  -5    2   0   0   0   0   2   0   0   0   0   0   0   0   4   0   0   0   1  91   0  2.97 0.87
  200 G    -1  -4   0  -3  -4  -2  -1   5  -2  -3  -2  -2  -3  -4  -4  -1   4  -5  -4  -1    2   0   3   0   0   1   3  46   1   1   3   2   0   0   0   1  31   0   0   4  0.85 0.38
  201 D    -3  -2  -1   3  -5   2   6  -4  -2  -4  -5   0  -4  -5   1  -2  -2  -5  -4  -3    1   1   2  14   0   7  56   0   1   1   0   4   0   0   7   2   2   0   0   2  1.03 0.43
  202 T    -2  -1  -3  -2  -4  -1   4  -1  -1  -4  -4  -1  -2  -5  -1   0   5   2  -4  -3    2   3   0   0   0   1  34   4   1   0   1   2   1   0   2   4  40   3   0   1  0.81 0.41
  203 L    -2  -3  -4  -4  -3  -3  -4  -4  -4   3   2  -3   3   1   2  -2  -1  -3  -1   3    2   1   0   0   0   0   0   0   0  18  25   0   8   5  11   3   2   0   2  22  0.48 0.24
  204 D    -3  -3  -1   7  -5  -2   4  -4  -2  -4  -4  -2  -2  -4  -3  -3  -3  -5  -3  -3    1   1   1  58   0   1  26   1   1   1   1   2   1   1   1   1   1   0   1   3  1.30 0.46
  205 I    -2  -2  -4  -2  -2  -3  -1  -4  -4   3   1  -1  -1   1  -3  -3  -2   0  -2   5    1   2   0   3   1   1   5   1   0  15  13   4   0   7   1   1   1   2   0  44  0.50 0.25
  206 M    -1   0  -1  -1  -2  -1   2  -2  -1   0   0   1   3   1  -2  -1   0   1   2   1    3   3   3   2   1   1  16   2   1   3   8  11  10   5   1   4   5   2   8  11  0.10 0.12
  207 H    -1  -1  -2  -3  -3  -1   0   1   2   0  -2   2  -2   2   0  -1  -2   1   1   2    5   1   1   0   0   2   5  12   7   7   2  15   0  10   5   2   1   2   5  19  0.14 0.15
  208 G    -2   0   2   1  -3  -2  -2   4  -3  -5  -5   3  -4  -4   1   0  -2  -5  -4  -5    1   5  12   8   0   0   1  38   0   0   0  18   0   1   6   7   2   0   0   0  0.66 0.32
  209 D    -3  -2  -1   2  -5  -4  -1   2  -5  -6  -5  -3  -5  -1  -4  -4  -4  11  -1  -6    2   2   3  14   0   0   5  17   0   0   0   1   0   2   1   0   1  51   1   0  1.99 0.62
  210 L    -3  -2  -3  -4  -3  -1  -2  -4  -3   4   3  -2   3  -1  -4  -3  -1   2  -3   3    0   2   1   0   0   3   2   1   0  24  24   2  10   2   0   1   3   3   0  21  0.51 0.27
  211 E    -4   2  -4  -2  -7  -1   7  -5  -3  -3  -6  -1  -5  -6  -4  -3  -1  -6  -5  -4    0  10   0   0   0   0  81   0   0   2   0   2   0   0   0   1   3   0   0   1  1.75 0.66
  212 L    -4  -1  -5  -6  -4  -4  -5  -6  -5   3   5  -2   2  -2  -5  -5  -3  -4  -2   2    0   3   0   0   0   0   0   0   0  13  62   3   3   1   0   0   0   0   1  13  0.96 0.40
  213 S     2  -2  -3  -3   1  -3  -3   5  -3  -3  -1  -3  -2   1  -2   1  -2  -4  -2  -3   22   1   0   1   4   0   1  42   0   1   5   1   0   7   1  10   1   0   1   0  0.61 0.30
  214 S    -2  -3   0  -2  -4  -2  -3   5  -4  -5  -4  -1   0  -2  -4   4  -2  -5  -4  -3    0   1   3   1   0   1   1  47   0   0   1   2   3   2   0  35   0   0   0   2  0.94 0.41
  215 A     4  -3  -2  -3   2  -3  -3   2  -3  -2  -2  -2   3  -1  -3   2  -1  -4  -3  -2   37   0   1   0   4   0   0  19   0   2   1   1  11   2   0  17   2   0   0   1  0.53 0.30
  216 V     3  -4  -3  -3  -3  -3  -3   5  -4  -2  -3  -3  -1  -1  -3   0  -3  -4  -4   1   23   0   0   0   0   0   1  51   0   2   2   0   1   2   0   5   0   0   0  10  0.83 0.34
  217 V    -2  -3  -4  -4  -3  -3  -4  -4  -4   5   0  -3   6  -1  -2  -3  -1  -2   1   3    2   1   0   0   0   0   0   1   0  35   4   1  22   1   2   1   4   1   6  18  0.73 0.33
  218 G    -2  -4  -3  -1  -5  -4  -3   4  -4  -3  -1  -3  -3   7  -5  -2  -3  -3  -1  -4    2   1   1   4   0   0   1  33   0   0   4   1   0  49   0   2   1   0   0   0  1.15 0.44
  219 P    -4   6  -3  -4  -5  -2  -3  -5   4  -5  -5  -1  -4  -3   6  -3  -4  -5  -4  -5    0  46   0   0   0   0   0   0   9   0   0   2   0   1  38   0   0   0   0   0  1.56 0.54
  220 V    -2  -2  -1  -1  -5  -1   2  -5   7  -2  -2   0  -4  -5   5  -2  -3  -5  -3  -1    2   1   2   4   0   1  13   0  27   3   3   5   0   0  34   1   0   0   0   4  1.03 0.42
  221 S    -1  -3  -1  -1  -5  -1   5  -3  -3  -4  -4  -1  -4   1   3   2  -3  -5  -1  -2    3   0   2   2   0   1  45   1   0   0   0   2   0   6  16  16   0   0   2   4  0.75 0.39
  222 L    -3  -5  -5  -6   0  -2  -5  -6  -5   0   4  -4   1  -3  -5  -4  -2  -5  -4   5    1   0   0   0   2   2   0   0   0   2  46   0   3   0   0   0   1   0   0  43  0.99 0.43
  223 D    -2  -4  -2   5  -3  -3   0  -4  -4  -2   1  -3  -1  -4  -4  -1   4  -5  -4  -2    2   0   0  38   0   0   6   0   0   1  15   0   2   0   0   2  32   0   0   1  0.83 0.41
  224 R     1   1   0   0  -4   1   3  -1  -2  -2  -2   2  -1  -4  -1   0  -2  -4  -3  -1   15   8   4   4   0   4  28   4   0   2   2  15   2   0   2   7   0   0   0   4  0.31 0.21
  225 E     1  -3   1  -1  -4  -1  -1  -4  -4   1  -2   1  -3  -5   6  -2  -3  -5  -4  -2   14   1   7   3   0   3   2   0   0  12   2  10   0   0  45   0   0   0   0   1  0.94 0.39
  226 W    -2  -4  -4  -5  -4  -1  -3   1   1  -1   3  -4  -1   2  -5  -4  -3   9   1  -2    3   0   0   0   0   2   1  12   4   2  27   0   1   9   0   0   1  29   3   1  0.99 0.38
  227 G    -1  -3  -1   0  -5  -3  -2   7  -2  -6  -6   0  -5  -6  -5  -2  -4  -5  -5  -5    4   1   2   5   0   1   2  77   1   0   0   5   0   0   0   2   0   0   0   0  1.50 0.51
  228 I    -4  -5  -6  -6  -1  -5  -6  -6  -6   6   0  -5   0  -1  -5  -5  -2  -5  -1   4    0   0   0   0   1   0   0   0   0  61   4   0   1   2   0   0   2   0   2  27  1.32 0.49
  229 D    -2   1   2   3  -4  -1   1  -3   0  -2  -3   2  -1   0  -1   0   2   1  -2  -2    1   6   9  20   0   1   9   0   3   2   0  17   1   5   3   5  13   2   1   2  0.28 0.19
  230 K    -1   0   0   3   1   0   1  -1   2  -3  -3   2  -3  -3   1   0   0   1   1  -1    5   2   4  18   3   3  11   3   5   0   0  17   0   0   5   4   6   2   7   5  0.23 0.17
  231 P    -1  -2  -3  -2  -5  -3  -1  -5  -5  -5  -4  -1  -5  -6   8   0   0  -6  -5  -4    5   2   1   2   0   1   4   0   0   0   1   4   0   0  68   6   7   0   0   0  1.72 0.57
  232 W    -2  -5  -6  -6  -4  -1  -3  -6  -5   1  -3  -3  -3  -2  -6  -5  -4   9  -2   5    3   0   0   0   0   4   1   0   0   5   0   2   0   1   0   0   0  35   0  49  1.72 0.59
  233 I     0  -4  -5  -5   1  -4  -4  -5  -5   3   4  -3   0   0  -4  -3  -2  -4  -3   3   10   0   0   0   2   0   0   0   0  16  41   1   1   3   0   1   0   0   0  24  0.64 0.30
  234 G     5  -4   1  -3  -4  -1  -1   4  -4  -4  -3  -3  -4  -5  -4  -2  -3  -5  -4  -3   49   0   6   0   0   3   3  36   0   0   3   0   0   0   0   0   0   0   0   0  0.95 0.42
  235 A     1  -4  -5  -5  -4  -4  -4  -4  -4   3   0  -1  -2   2  -5  -2  -3   9  -1   0   13   0   0   0   0   0   0   0   0  19   6   5   1   9   0   3   0  37   0   7  1.24 0.42
  236 G    -3  -5  -3  -4  -5  -5  -5   7   0  -6  -6  -4  -5  -6  -5  -3  -4  -5  -6  -6    0   0   0   0   0   0   0  95   3   0   0   0   0   0   0   0   0   0   0   0  2.21 0.62
  237 F    -3  -4  -5  -5  -4  -4  -2   0  -4   2   3  -2   1   6  -5  -4  -3  -2   0  -2    0   0   0   0   0   0   3   8   0   9  36   3   4  35   0   0   0   0   2   0  0.76 0.33
  238 G    -3  -5  -3  -1  -6  -4   0   7  -5  -7  -7  -4  -6  -6  -5  -3  -5  -6  -6  -6    0   0   0   3   0   0   7  91   0   0   0   0   0   0   0   0   0   0   0   0  2.04 0.60
  239 L    -3  -4  -5  -6  -3  -4  -5  -6  -5   4   5  -2   0   0  -5  -4  -3  -4  -3   2    0   0   0   0   0   0   0   0   0  23  58   2   1   3   0   0   0   0   0  13  0.96 0.37
  240 E    -4  -3  -1  -1  -6  -1   7  -2  -3  -6  -6  -2  -5  -6  -4   1  -4  -6  -5  -6    0   0   3   0   0   0  84   2   0   0   0   0   0   0   0  10   0   0   0   0  1.76 0.62
  241 R    -4   8  -3  -5  -7  -2  -3  -5  -3  -6  -5   1  -5  -6  -5  -1  -4  -6  -5  -6    0  93   0   0   0   0   0   0   0   0   0   4   0   0   0   3   0   0   0   0  2.25 0.65
  242 L    -4  -5  -6  -6  -4  -5  -5  -6  -5   2   5  -5   0   1   0  -5  -3  -4  -3   1    0   0   0   0   0   0   0   0   0  12  73   0   0   5   4   0   0   0   0   6  1.08 0.39
  243 L     4  -1  -4  -4  -3  -3  -3  -3  -4   2   2  -3  -1  -3  -3  -1   0  -4  -3   0   48   4   0   0   0   0   0   0   0  11  25   0   0   0   0   1   5   0   0   6  0.56 0.30
  244 K    -1  -2  -5  -6  -5  -2  -4  -5  -4  -2  -1   2  10  -3  -5  -4  -2  -5  -4  -2    5   2   0   0   0   1   0   0   0   1   2  14  72   0   0   0   2   0   0   1  1.87 0.62
  245 V     1  -4  -3  -4  -1  -3  -3  -4  -2   3   3  -3   2  -1  -4  -2  -1  -4  -3   2   15   0   1   0   1   0   1   0   1  22  36   0   4   1   0   1   3   0   0  14  0.48 0.22
  246 M    -1   4  -2   0  -4  -1  -2  -3  -3   0  -1   4   1  -3  -3  -2  -2  -4  -2  -1    4  28   0   5   0   0   0   1   0   5   7  36   5   1   0   1   1   0   1   5  0.55 0.27
  247 H    -2  -1   0  -1  -4   0   2  -4   4  -2   2  -1   0   1  -4  -1  -2   1   4  -2    1   3   5   3   0   2  16   0  12   1  24   3   1   5   0   3   1   2  18   0  0.34 0.20
  248 G    -2  -3   2   2  -5  -3   0   6  -3  -5  -2   0  -4  -5  -4  -2  -3  -5  -5  -5    1   0   9  12   0   0   7  60   0   0   5   7   0   0   0   0   0   0   0   0  0.98 0.34
  249 F    -1  -2  -3  -2  -3  -1   0  -1  -1   2   3  -2   1   1  -3  -1  -1   3   1   1    3   1   0   1   0   2   7   5   2  15  33   1   2   6   0   5   2   5   5   6  0.19 0.13
  250 K    -2   1   0   2  -4   1   0  -2  -1  -4  -4   4  -3  -4  -1   2   1  -5  -2  -4    0   4   4  15   0   7   5   2   1   0   0  33   0   0   3  17   7   0   1   0  0.48 0.23
  251 N    -3  -4   4   6  -5  -3  -1  -1  -3  -5  -6  -3  -5  -6  -4   2   1  -6  -5  -5    0   0  22  53   0   0   0   3   0   0   0   0   0   0   0  13   8   0   0   0  1.20 0.41
  252 I    -2  -5  -5  -6  -3  -5  -5  -6  -5   6   2  -5   0  -2  -5  -4  -3  -5  -3   3    2   0   0   0   0   0   0   0   0  57  18   0   1   0   0   0   0   0   0  21  1.12 0.37
  253 K    -2   7  -3  -4  -6   1  -2  -2   1  -5  -5   3  -3  -5  -4  -2  -3  -5  -4  -5    2  66   0   0   0   6   0   3   3   0   0  17   1   0   0   1   0   0   0   0  1.39 0.45
  254 R    -1   3  -1   1  -4   2   2  -3   0  -3  -2   3   2  -3  -2   1  -2  -4  -2  -3    4  19   2   8   0   7  15   0   2   0   3  17   8   1   1  11   0   0   1   0  0.35 0.19
  255 A     0  -3  -4  -4  -3  -3  -4  -1  -2   1   4  -3   2   2  -4  -2   0   2   1   0    8   0   0   0   0   0   0   6   1   4  45   0   7   8   0   2   5   3   5   6  0.40 0.20
  256 S    -1  -4  -4  -4  -3  -4  -4   4   1   0  -4  -4  -4  -1  -5   0  -3  -2   7  -3    5   0   0   0   1   0   0  31   3   7   0   0   0   0   0   6   0   0  47   0  1.14 0.41
  257 R    -2   5   1  -3  -4   2  -1  -4  -1   0  -3   4  -1  -3  -3   0  -2  -2  -1  -3    2  35   7   0   0  10   1   0   1   7   1  25   2   1   0   6   0   1   3   0  0.60 0.27
  258 S    -2  -3   4  -2  -2  -3  -3   0  -3  -5  -5  -3  -4  -5   1   6  -1  -6  -4  -5    0   0  19   0   1   0   0   5   0   0   0   0   0   0   6  70   0   0   0   0  1.21 0.47
  259 E    -3  -3  -1   5  -4  -2   1  -4  -2   0   2  -3  -2  -1   0  -3  -1  -4  -1  -1    0   0   1  45   0   0   9   0   1   5  24   0   0   2   5   0   3   0   2   2  0.64 0.28
  260 S     0  -3  -1  -3  -3  -3  -3  -2  -4   5  -1  -3  -1  -1  -3   2   2  -4  -3   2    7   0   2   0   0   0   0   2   0  40   2   0   0   2   0  23  12   0   0  10  0.48 0.25
  261 Y    -4  -4  -4  -5  -4  -3  -4  -4   0  -2  -3  -4   0   3  -4  -4  -3   8   8  -3    1   0   0   0   0   0   1   1   1   1   1   0   3  11   0   1   0  19  58   1  1.68 0.38
  262 Y    -3  -3  -4  -4  -3   1  -3  -5  -3   0   5  -3   0  -1  -4  -1  -3  -3   3  -1    0   0   0   0   0   9   0   0   0   3  71   0   0   0   0   5   0   0  11   1  0.78 0.29
  263 N    -3   3   5   5  -5  -1   0  -2   0  -4  -4  -1  -4  -5  -3  -2  -2  -5  -4  -1    0  16  32  37   0   2   2   1   1   0   0   2   0   0   0   0   0   0   0   6  0.84 0.28
  264 G    -2  -4  -2  -2  -5  -3  -1   7  -4  -6  -6  -3  -5  -5  -4  -1  -3   4  -4  -5    0   0   0   2   0   0   4  84   0   0   0   0   0   0   0   4   0   6   0   0  1.60 0.38
  265 I     1  -3  -3  -4  -2  -3  -3  -4  -4   5   0  -3  -1  -2  -4  -2  -1  -4  -1   4   11   1   1   0   0   1   2   0   0  45   5   0   0   0   0   2   1   0   2  30  0.62 0.23
  266 S    -3   5  -1  -3   0  -1  -2  -4  -1  -4  -3   1  -3  -5   5   0  -1  -5  -4  -4    0  47   3   0   3   0   0   0   1   1   2   8   0   0  28   8   2   0   0   0  0.96 0.29
  267 T    -3  -4  -4  -4  -3  -3  -4  -5  -4   2   5  -4   1  -2  -4  -3   3  -3  -3   0    0   0   0   0   0   0   0   0   0  15  62   0   1   0   0   0  22   0   0   0  0.76 0.25
  268 N    -3  -1   6   4  -4  -2  -1  -2   0  -5  -5  -1  -4  -3  -3   0  -2  -4   2  -4    0   3  54  25   0   0   2   0   1   0   0   3   0   0   0   4   1   0   9   0  0.97 0.27
  269 L    -3  -4  -5  -5  -2  -4  -4  -5  -4   5   3  -4   0  -1  -4  -4  -2  -4  -2   2    0   0   0   0   0   0   0   0   0  54  36   0   0   0   0   0   0   0   0  10  0.82 0.20

                      K         Lambda
Standard Ungapped    0.1410     0.3206
Standard Gapped      0.0462     0.2670
PSI Ungapped         0.1507     0.3132
PSI Gapped           0.0462     0.2670
