  G7  -9.57 -12.38  -2.81 -10.31  -2.07
  G6 -15.30 -19.23  -3.93 -13.50  -5.73
  G5  -7.92 -11.00  -3.08  -7.36  -3.64
  G4   3.47   3.49   0.02   5.69  -2.20
  G3   8.14   9.65   1.51   5.54   4.11
  G2   1.51   1.55   0.04   2.74  -1.19
  G1  -3.38  -5.34  -1.97  -2.60  -2.74
  G9  -3.02  -5.72  -2.70  -8.42   2.71
  G8 -16.26 -20.40  -4.14 -14.91  -5.49
  N6 -10.27 -13.40  -3.14  -9.34  -4.07
  N7  -9.61 -14.23  -4.62  -5.77  -8.46
  B4  -7.17  -7.24  -0.06  -1.36  -5.88
  B5  -2.88  -3.63  -0.75  -1.92  -1.70
  B6  -6.81  -8.23  -1.42  -3.60  -4.63
  B7  -8.49  -8.92  -0.43  -9.56   0.64
  B2 -17.10 -16.42   0.67  -6.83  -9.59
  B3  -4.87  -3.31   1.56  -5.93   2.62
  B8  -3.78  -3.41   0.37   1.13  -4.55
  B9 -20.82 -23.08  -2.27   0.77 -23.86
  N5  -5.47  -8.61  -3.14  -8.02  -0.59
 P10  -4.66  -1.24   3.41  -3.78   2.53
 P11  -3.96  -3.46   0.51  -3.14  -0.32
 P12 -11.03 -13.15  -2.11 -10.28  -2.87
  E9  -7.74 -10.03  -2.29  -3.18  -6.85
  E8  -8.48 -11.51  -3.04  -7.91  -3.60
  E5  -5.15  -7.08  -1.93  -7.75   0.66
  E4  -4.14  -6.47  -2.33  -6.81   0.34
  E7 -10.53 -11.23  -0.70 -10.10  -1.13
  E6 -11.36 -12.69  -1.33  -3.97  -8.72
  E1  -3.15  -5.07  -1.93  -2.32  -2.75
  P8  -5.91  -7.03  -1.12  -1.76  -5.27
  E3   2.78  -0.29  -3.06   3.88  -4.17
  E2  -2.26  -5.84  -3.58   3.87  -9.71
  P2   0.50   2.83   2.33   3.61  -0.78
  P3  -2.69   1.08   3.77   8.30  -7.22
  P1  -4.67  -1.99   2.68   1.03  -3.02
  P6   6.57   5.64  -0.93   5.43   0.21
  P7 -11.23 -12.54  -1.31   0.53 -13.07
  P4   2.90   4.12   1.22   5.88  -1.76
  P5 -20.76 -20.69   0.06 -19.61  -1.08
 H10   4.42   6.21   1.79   4.59   1.62
 H11 -27.10 -27.35  -0.26 -21.03  -6.32
 H12   0.11   1.33   1.23   5.99  -4.66
  P9  -4.71  -2.77   1.95  -6.75   3.98
 F12  -1.79  -3.10  -1.32   7.73 -10.83
 F10   5.38   5.56   0.17   7.32  -1.77
 F11   5.64   7.12   1.49   1.50   5.62
 N12  -5.95  -7.45  -1.50  -9.23   1.78
  H8 -27.05 -30.31  -3.26 -26.42  -3.89
  H9 -24.90 -27.49  -2.58 -22.62  -4.87
  H6 -10.54 -12.95  -2.41 -10.10  -2.85
  H7 -28.65 -31.51  -2.87 -28.67  -2.84
  H4   1.64  -0.99  -2.63   0.71  -1.69
  H5  -8.78 -11.13  -2.35  -4.86  -6.27
 D10  -9.06 -10.51  -1.45  -7.39  -3.12
 D11  -1.62  -3.68  -2.05  -1.20  -2.48
 D12  -0.88   0.35   1.22  -0.43   0.77
 B12  -7.58 -10.04  -2.46  -8.61  -1.43
 B10  -4.09  -4.51  -0.42   4.87  -9.38
 B11  -6.30  -5.97   0.33  -0.58  -5.39
  Q8  -7.99  -6.04   1.96  -5.48  -0.56
  Q9  -7.77  -7.27   0.50  -6.91  -0.36
  C9  -6.00  -8.66  -2.65  -2.06  -6.59
  C8  -3.41  -3.98  -0.58  -5.62   1.63
 Q11   3.07   3.83   0.76   4.28  -0.45
 Q10  -1.55   1.09   2.64   8.13  -7.04
 Q12   0.70   3.53   2.83   5.17  -1.65
  C3  -6.52  -7.18  -0.66   0.97  -8.15
  C2  -1.62  -3.09  -1.46   1.52  -4.60
  C1 -17.14 -16.71   0.43 -14.49  -2.22
  C7  -7.13 -10.79  -3.66 -12.73   1.95
  C6  -7.92  -9.76  -1.84  -8.07  -1.69
  C5  -5.19  -8.16  -2.97  -2.06  -6.11
  C4  -7.80  -9.19  -1.39  -7.17  -2.03
 N10 -12.98 -15.54  -2.55 -10.38  -5.15
  N8  -3.45  -5.92  -2.47  -2.26  -3.66
  N9 -12.16 -13.46  -1.30 -11.48  -1.99
 N11 -13.56 -14.43  -0.87 -14.51   0.08
 G12  -4.62  -5.80  -1.18  -5.75  -0.05
 G11   5.69   5.25  -0.44   2.16   3.09
 G10 -18.15 -20.37  -2.22 -11.73  -8.64
  F1  -8.57  -9.22  -0.65  -6.77  -2.45
  F2  -4.37  -6.22  -1.84  -3.89  -2.32
  F3  -6.70  -7.13  -0.43  -4.81  -2.32
  F4 -14.61 -14.27   0.34   1.45 -15.72
  F5   0.36  -1.70  -2.05  -2.96   1.26
  F6  -6.40  -7.34  -0.94  -3.16  -4.18
  F7  -2.35  -3.85  -1.49  -1.34  -2.50
  F8  -5.96  -6.08  -0.13  -5.80  -0.28
  F9  -2.04  -3.12  -1.08   4.46  -7.58
  Q1  -3.34  -6.01  -2.67  -8.71   2.70
  Q3   0.86   0.44  -0.41   5.38  -4.94
  Q2  -5.11  -5.91  -0.79  -4.17  -1.74
  Q5  -2.58  -0.32   2.26   5.01  -5.33
  Q4  -0.57  -0.86  -0.28  -2.78   1.92
  Q7   1.17   1.53   0.36   7.49  -5.96
  Q6   1.54   2.67   1.12   6.00  -3.34
 E11  -4.99  -8.42  -3.43  -3.08  -5.35
 E10 -12.60 -14.02  -1.42   0.98 -15.01
 E12  -4.64  -6.92  -2.28  -9.69   2.77
 C12  -8.97  -9.51  -0.54  -8.20  -1.31
 C11  -4.38  -6.02  -1.64  -1.39  -4.63
 C10  -6.15  -8.43  -2.29  -6.19  -2.25
 A11  -5.60  -6.68  -1.09  -4.35  -2.34
 A10   3.90   4.01   0.12   9.30  -5.29
 A12 -12.88 -13.70  -0.82  -8.92  -4.78
  A1   7.49  10.57   3.08   9.37   1.20
  A3   0.80  -1.15  -1.95  -4.93   3.78
  A2  -5.39  -6.98  -1.60  -4.44  -2.54
  A5   5.47   6.39   0.92   6.69  -0.30
  A4 -14.93 -15.11  -0.18 -14.60  -0.51
  A7   3.92   5.67   1.75   6.98  -1.31
  A6  -5.41  -6.99  -1.58  -4.44  -2.55
  A9 -20.16 -22.74  -2.57 -16.11  -6.62
  A8  -9.79 -12.52  -2.72  -6.07  -6.45
  D8  -7.07  -8.44  -1.37  -7.77  -0.67
  D9  -7.79  -7.94  -0.15  -2.65  -5.29
  D6  -9.11  -9.63  -0.52  -2.77  -6.86
  D7  -9.81  -9.94  -0.12  -9.37  -0.57
  D4  -8.62 -10.50  -1.89   0.12 -10.63
  D5  -9.97 -10.80  -0.83  -1.01  -9.79
  D2  -2.08  -4.13  -2.06  -4.80   0.67
  D3  -8.97  -9.69  -0.72  -1.30  -8.39
  D1  -6.19  -9.39  -3.19  -6.45  -2.94
