MUT	fa_rep:	ref:	fa_atr:	hbond_sc:	fa_sol:	yhh_planarity:	dslf_fa13:	fa_intra_sol_xover4:	omega:	p_aa_pp:	TOT	sugar_bb:	fa_intra_rep:	hbond_lr_bb:	hbond_sr_bb:	hbond_bb_sc:	fa_elec:	cart_bonded:	lk_ball_wtd:	fa_dun:	rama_prepro:
G7	-0.5840	-0.9760	0.0000	-1.8080	-0.0060	0.0070	0.0890	0.0240	0.0310	-2.8130	0.0000	0.0000	-0.0140	0.5750	0.0180	0.0060	0.2890	0.0850	-0.6900	0.1820	-0.0380
G6	0.8910	-1.5500	0.0000	-4.6560	0.0000	0.0000	-0.0230	0.0000	0.0000	-3.9310	0.0000	0.0000	0.0000	1.3060	0.0000	0.0000	0.4510	0.0000	-0.3510	0.0000	0.0000
G5	0.8430	-0.6230	0.0000	-4.3220	0.0000	0.0000	-0.0120	0.0000	0.0000	-3.0790	0.0000	0.0000	0.0000	1.1900	0.0000	0.0000	0.1580	0.0000	-0.3120	0.0000	0.0000
G4	-4.4050	4.8150	0.0000	-2.7400	0.0000	0.0000	0.0130	0.0000	0.0000	0.0180	0.0000	0.0000	0.0000	1.4830	0.0000	0.0000	1.2440	0.0000	-0.3930	0.0000	0.0000
G3	-2.1930	5.1900	0.0000	-3.5980	0.0000	0.0000	0.0000	0.0000	0.0000	1.5070	0.0000	0.0000	0.0000	1.1650	0.0000	0.0000	1.0440	0.0000	-0.1010	0.0000	0.0000
G2	-1.7190	5.3990	0.0000	-5.3600	0.0000	0.0000	0.0060	0.0000	0.0000	0.0390	0.0000	0.0000	0.0000	1.1340	0.0000	0.0000	0.7170	0.0000	-0.1330	0.0000	0.0000
G1	0.5490	0.4220	0.0000	-4.4610	0.1260	0.0120	-0.0180	-0.0680	-0.0080	-1.9670	0.0000	0.0000	0.0140	1.2960	-0.0440	0.1100	0.3330	-0.1040	-0.0760	-0.0690	0.0190
G9	0.6700	0.8810	0.0000	-4.8190	0.0000	0.0000	-0.0310	0.0000	0.0000	-2.6950	0.0000	0.0000	0.0000	1.0930	0.0000	0.0000	-0.4320	0.0000	-0.0540	0.0000	0.0000
G8	-0.3680	-1.6670	0.0000	-2.5920	-0.0020	0.0090	0.0810	-0.0220	0.0230	-4.1390	0.0000	0.0000	0.0070	0.4140	0.0300	0.0030	0.2200	0.4390	-0.8210	0.0940	0.0160
N6	0.7140	-0.5570	0.0000	-3.6610	0.0370	0.0000	-0.0030	0.1950	0.0140	-3.1380	0.0000	0.0000	-0.0460	0.0210	0.0020	0.2770	0.2590	-0.0750	-0.2700	-0.0450	-0.0040
N7	0.3670	-1.2000	0.0000	-3.3340	0.0000	0.0000	-0.0110	0.0000	0.0000	-4.6210	0.0000	0.0000	0.0000	-0.0000	0.0000	0.0000	-0.2410	0.0000	-0.2010	0.0000	0.0000
B4	-1.6990	4.5770	0.0000	-6.0340	0.0000	0.0000	-0.0910	0.0000	0.0000	-0.0610	0.0000	0.0000	0.0000	1.4820	0.0000	0.0000	2.1730	0.0000	-0.4700	0.0000	0.0000
B5	-0.5650	1.6700	0.0000	-1.6310	0.0000	0.0000	-0.0030	0.0000	0.0000	-0.7490	0.0000	0.0000	0.0000	0.0100	0.0000	0.0000	0.0200	0.0000	-0.2520	0.0000	0.0000
B6	-1.6920	-0.8070	0.0000	-1.2060	0.0000	0.0000	-0.0200	0.0000	0.0000	-1.4190	0.0000	0.0000	0.0000	2.3030	0.0000	0.0000	0.9100	0.0000	-0.9050	0.0000	0.0000
B7	-1.5810	1.5420	0.0000	-1.3120	0.0030	-0.0020	0.0880	0.0340	0.0100	-0.4270	0.0000	0.0000	-0.0060	1.2330	-0.0210	-0.0560	0.5810	0.0400	-0.9810	0.0140	-0.0110
B2	-1.4570	3.4550	0.0000	0.4350	0.0070	0.0000	0.7990	0.0290	-0.0270	0.6750	0.0000	0.0000	0.0010	-2.3250	0.0100	0.0800	-2.5190	0.2770	1.0980	0.7990	0.0140
B3	-0.7860	4.8480	0.0000	-6.3330	-0.0420	0.0120	-0.0300	0.3650	-0.1190	1.5630	0.0000	0.0000	-0.0040	1.5790	0.0870	0.3070	2.6360	-0.3410	-0.6540	-0.0040	0.0420
B8	-2.0110	2.7360	0.0000	-1.7000	0.0000	0.0000	0.0610	0.0000	0.0000	0.3690	0.0000	0.0000	0.0000	1.2220	0.0000	0.0000	0.9770	0.0000	-0.9130	0.0000	0.0000
B9	-0.7530	0.9470	0.0000	-4.0240	0.0500	-0.0010	0.0370	-0.0150	0.0210	-2.2650	0.0000	0.0000	0.0140	1.1690	-0.0060	0.0270	0.7110	0.1690	-0.6190	-0.0100	0.0160
N5	-0.0540	1.3900	0.0000	-4.2570	0.0000	0.0000	-0.0150	0.0000	0.0000	-3.1440	0.0000	0.0000	0.0000	0.0010	0.0000	0.0000	-0.6830	0.0000	0.4740	0.0000	0.0000
P10	-0.3790	4.6540	0.0000	-4.4110	0.0000	0.0000	-0.0180	0.0000	0.0000	3.4150	0.0000	0.0000	0.0000	3.1060	0.0000	0.0000	1.4240	0.0000	-0.9630	0.0000	0.0000
P11	-0.6320	2.7640	0.0000	-1.3880	0.0000	0.0000	0.0080	0.0000	0.0000	0.5060	0.0000	0.0000	0.0000	0.0160	0.0000	0.0000	0.0380	0.0000	-0.3000	0.0000	0.0000
P12	-0.9460	1.0690	0.0000	-0.8800	0.0000	0.0000	-0.0040	0.0000	0.0000	-2.1150	0.0000	0.0000	0.0000	0.0160	0.0000	0.0000	-0.6790	0.0000	-0.6900	0.0000	0.0000
E9	-0.0100	1.9760	0.0000	-4.9570	0.0000	0.0000	0.0110	0.0000	0.0000	-2.2880	0.0000	0.0000	0.0000	1.1750	0.0000	0.0000	-0.3570	0.0000	-0.1250	0.0000	0.0000
E8	0.3180	0.2330	0.0000	-5.3150	0.0000	0.0000	0.0290	0.0000	0.0000	-3.0360	0.0000	0.0000	0.0000	1.2320	0.0000	0.0000	0.8510	0.0000	-0.3840	0.0000	0.0000
E5	0.7560	0.7100	0.0000	-6.0510	0.1020	0.0240	-0.0420	-0.1410	-0.3930	-1.9340	0.0000	0.0000	0.0290	1.1490	-0.0410	0.0680	1.7260	-0.5820	-0.5510	1.5360	-0.2320
E4	0.7260	-0.3360	0.0000	-5.1720	0.1650	0.0010	-0.0150	0.0870	-0.0260	-2.3270	0.0000	0.0000	0.0300	1.3340	-0.0490	0.0070	0.3280	-0.0890	-0.2610	0.9530	-0.0090
E7	0.2580	0.3640	0.0000	-2.8260	0.0000	0.0000	0.0100	0.0000	0.0000	-0.7000	0.0000	0.0000	0.0000	1.1440	0.0000	0.0000	0.7810	0.0000	-0.4330	0.0000	0.0000
E6	-2.7250	1.5180	0.0000	-1.2210	0.0040	0.0110	0.0960	0.1280	0.1610	-1.3270	0.0000	0.0000	-0.0020	1.1840	-0.1020	-0.3550	0.8740	-0.1400	-1.2270	0.3160	0.1540
E1	0.2330	1.8790	0.0000	-5.7540	0.0000	0.0000	0.0370	0.0000	0.0000	-1.9250	0.0000	0.0000	0.0000	1.2300	0.0000	0.0000	0.7470	0.0000	-0.2950	0.0000	0.0000
P8	0.1190	1.6830	0.0000	-4.1000	-0.0380	0.0010	-0.0180	0.0290	-0.0400	-1.1150	0.0000	0.0000	0.0030	1.6000	-0.0020	0.0150	0.2130	0.1680	-0.5470	-0.1980	-0.0040
E3	-1.6270	-1.1910	0.0000	-2.1060	0.0000	0.0000	-0.0210	0.0000	0.0000	-3.0620	0.0000	0.0000	0.0000	1.8120	0.0000	0.0000	1.3480	0.0000	-1.2760	0.0000	0.0000
E2	-1.6620	-1.7150	0.0000	-2.9020	0.0000	0.0000	0.0030	0.0000	0.0000	-3.5790	0.0000	0.0000	0.0000	1.9440	0.0000	0.0000	2.4520	0.0000	-1.7010	0.0000	0.0000
P2	-0.3140	3.5530	0.0000	-3.7400	-0.0010	0.0070	0.0560	0.0300	0.0270	2.3320	0.0000	0.0000	0.0140	1.5890	-0.0090	-0.0160	0.6510	0.1630	0.3400	-0.0040	-0.0140
P3	-0.3260	4.6960	0.0000	-4.5280	0.0360	-0.0040	0.0030	0.1870	0.0020	3.7660	0.0000	0.0000	-0.0610	2.9850	-0.0140	0.2500	1.7420	-0.2660	-0.9040	-0.0390	0.0070
P1	-0.8940	3.6820	0.0000	-2.3860	-0.0020	0.0000	0.0500	-0.0270	-0.0050	2.6800	0.0000	0.0000	0.0020	1.5980	-0.0040	-0.0050	0.6770	-0.0540	-0.0020	0.0350	0.0090
P6	-0.9330	2.5910	0.0000	-2.1330	0.0000	0.0000	0.0210	0.0000	0.0000	-0.9340	0.0000	0.0000	0.0000	0.0170	0.0000	0.0000	-0.2210	0.0000	-0.2770	0.0000	0.0000
P7	-0.9640	-1.1450	0.0000	-1.4410	0.0000	0.0000	0.1690	0.0000	0.0000	-1.3110	0.0000	0.0000	0.0000	1.4120	0.0000	0.0000	1.1130	0.0000	-0.4510	0.0000	0.0000
P4	-0.7510	3.4730	0.0000	-3.0840	0.0000	0.0000	0.0290	0.0000	0.0000	1.2200	0.0000	0.0000	0.0000	1.5250	0.0000	0.0000	0.3830	0.0000	-0.3530	0.0000	0.0000
P5	-0.2710	2.8310	0.0000	-3.9420	0.0000	0.0000	0.0640	0.0000	0.0000	0.0630	0.0000	0.0000	0.0000	1.4410	0.0000	0.0000	0.3550	0.0000	-0.4140	0.0000	0.0000
H10	-1.2230	7.1200	0.0000	-6.2780	0.0000	0.0000	0.0330	0.0000	0.0000	1.7870	0.0000	0.0000	0.0000	1.4030	0.0000	0.0000	0.2180	0.0000	0.5120	0.0000	0.0000
H11	-1.1360	5.7510	0.0000	-5.1020	0.0000	0.0000	0.0260	0.0000	0.0000	-0.2570	0.0000	0.0000	0.0000	0.0220	0.0000	0.0000	-0.8290	0.0000	1.0100	0.0000	0.0000
H12	-1.0840	7.2070	0.0000	-6.6480	0.0000	0.0000	0.0510	0.0000	0.0000	1.2290	0.0000	0.0000	0.0000	1.4980	0.0000	0.0000	-0.5180	0.0000	0.7270	0.0000	0.0000
P9	-0.3190	4.1410	0.0000	-4.9360	0.0000	0.0000	0.0090	0.0000	0.0000	1.9460	0.0000	0.0000	0.0000	2.9140	0.0000	0.0000	0.8620	0.0000	-0.7270	0.0000	0.0000
F12	-3.5720	3.2350	0.0000	-2.9380	0.0000	0.0000	0.0420	0.0000	0.0000	-1.3160	0.0000	0.0000	0.0000	0.9240	0.0000	0.0000	1.2640	0.0000	-0.2690	0.0000	0.0000
F10	-1.9210	4.8240	0.0000	-3.7900	0.0000	0.0000	-0.0640	0.0000	0.0000	0.1730	0.0000	0.0000	0.0000	0.9990	0.0000	0.0000	0.2360	0.0000	-0.1120	0.0000	0.0000
F11	-1.4270	5.2100	0.0000	-4.2600	0.0000	0.0000	-0.0180	0.0000	0.0000	1.4850	0.0000	0.0000	0.0000	1.1490	0.0000	0.0000	0.8920	0.0000	-0.0630	0.0000	0.0000
N12	-0.3750	0.1200	0.0000	-0.9770	0.0000	0.0000	-0.0220	0.0000	0.0000	-1.5050	0.0000	0.0000	0.0000	0.0100	0.0000	0.0000	-0.2080	0.0000	-0.0530	0.0000	0.0000
H8	-0.2280	-0.9310	0.0000	-1.3260	0.0010	-0.0010	0.0240	0.0020	0.0010	-3.2630	0.0000	0.0000	0.0120	-0.0090	-0.0010	0.0000	-0.4640	-0.0810	-0.2840	0.0340	-0.0100
H9	-0.0770	-0.1080	0.0000	-1.7750	0.0000	0.0000	-0.0090	0.0000	0.0000	-2.5820	0.0000	0.0000	0.0000	-0.0030	0.0000	0.0000	-0.4010	0.0000	-0.2090	0.0000	0.0000
H6	-0.2780	0.4250	0.0000	-2.0480	0.0000	0.0000	-0.0090	0.0000	0.0000	-2.4080	0.0000	0.0000	0.0000	0.0050	0.0000	0.0000	-0.2330	0.0000	-0.2700	0.0000	0.0000
H7	-0.1940	0.1240	0.0000	-2.2080	0.0000	0.0000	0.0150	0.0000	0.0000	-2.8660	0.0000	0.0000	0.0000	-0.0160	0.0000	0.0000	-0.2570	0.0000	-0.3290	0.0000	0.0000
H4	0.4340	-0.2130	0.0000	-2.1530	0.0000	0.0000	0.0090	0.0000	0.0000	-2.6290	0.0000	0.0000	0.0000	0.0950	0.0000	0.0000	-0.4980	0.0000	-0.3030	0.0000	0.0000
H5	-0.2970	0.5690	0.0000	-2.1560	0.0000	0.0000	-0.0070	0.0000	0.0000	-2.3510	0.0000	0.0000	0.0000	0.0060	0.0000	0.0000	-0.2050	0.0000	-0.2620	0.0000	0.0000
D10	0.2820	1.8020	0.0000	-5.3580	0.0000	0.0000	0.0240	0.0000	0.0000	-1.4500	0.0000	0.0000	0.0000	1.2410	0.0000	0.0000	0.8140	0.0000	-0.2560	0.0000	0.0000
D11	0.2400	0.7360	0.0000	-3.9650	0.0000	0.0000	-0.0110	0.0000	0.0000	-2.0500	0.0000	0.0000	0.0000	1.1700	0.0000	0.0000	-0.2410	0.0000	0.0220	0.0000	0.0000
D12	0.2270	1.5000	0.0000	-2.0110	0.0000	0.0000	-0.0010	0.0000	0.0000	1.2210	0.0000	0.0000	0.0000	1.1520	0.0000	0.0000	0.8480	0.0000	-0.4940	0.0000	0.0000
B12	-1.3810	-0.5520	0.0000	-3.2310	0.0000	0.0000	0.0090	0.0000	0.0000	-2.4610	0.0000	0.0000	0.0000	1.9930	0.0000	0.0000	2.4560	0.0000	-1.7540	0.0000	0.0000
B10	-2.9530	2.6270	0.0000	-1.2530	0.0000	0.0000	0.0160	0.0000	0.0000	-0.4230	0.0000	0.0000	0.0000	1.2190	0.0000	0.0000	0.6690	0.0000	-0.7470	0.0000	0.0000
B11	-1.8410	1.8810	0.0000	-1.7480	0.0000	0.0000	-0.0140	0.0000	0.0000	0.3330	0.0000	0.0000	0.0000	1.8440	0.0000	0.0000	0.5190	0.0000	-0.3080	0.0000	0.0000
Q8	-0.0010	3.6000	0.0000	-3.8620	0.0000	0.0000	0.0650	0.0000	0.0000	1.9580	0.0000	0.0000	0.0000	1.5920	0.0000	0.0000	0.3740	0.0000	0.1910	0.0000	0.0000
Q9	0.5880	2.2010	0.0000	-3.7980	0.0080	0.0000	0.0430	0.1490	0.0010	0.5050	0.0000	0.0000	-0.0790	1.4140	-0.0200	0.3970	0.5460	-0.2260	-0.8440	0.1090	0.0190
C9	0.3650	-0.4290	0.0000	-4.4000	0.0040	-0.0060	0.0240	0.0100	0.0060	-2.6530	0.0000	0.0000	-0.0140	1.2410	0.0120	0.0110	0.7550	-0.0090	-0.1750	-0.0400	-0.0050
C8	0.0910	1.2840	0.0000	-3.3800	0.0000	0.0000	0.0140	0.0000	0.0000	-0.5760	0.0000	0.0000	0.0000	1.2760	0.0000	0.0000	0.3840	0.0000	-0.2460	0.0000	0.0000
Q11	-0.7780	3.1240	0.0000	-1.4710	0.0000	0.0000	0.0130	0.0000	0.0000	0.7570	0.0000	0.0000	0.0000	0.0120	0.0000	0.0000	0.1270	0.0000	-0.2710	0.0000	0.0000
Q10	0.6230	3.6810	0.0000	-3.3910	-0.0350	-0.0110	0.0450	-0.6490	0.0950	2.6410	0.0000	0.0000	-0.2680	1.5990	-0.0250	-0.0770	0.6310	0.0030	0.1560	0.4440	-0.1800
Q12	-0.1510	4.1070	0.0000	-4.5850	0.0510	-0.0030	0.0380	0.1240	-0.0680	2.8260	0.0000	0.0000	-0.0670	2.9740	-0.0180	0.2820	1.0850	-0.4230	-0.6470	0.1130	0.0090
C3	-3.9150	1.6670	0.0000	0.1030	0.0230	0.0070	0.1830	0.2730	0.4600	-0.6550	0.0000	0.0000	-0.0310	1.2680	-0.0030	-0.1160	0.2050	0.2820	-0.4650	-0.7450	0.1500
C2	-1.7030	-0.5430	0.0000	-1.2390	0.0000	0.0000	0.0390	0.0000	0.0000	-1.4630	0.0000	0.0000	0.0000	2.2400	0.0000	0.0000	0.6030	0.0000	-0.8600	0.0000	0.0000
C1	-3.1420	4.1290	0.0000	-2.1840	0.0000	0.0000	0.0260	0.0000	0.0000	0.4310	0.0000	0.0000	0.0000	1.2500	0.0000	0.0000	1.0540	0.0000	-0.7030	0.0000	0.0000
C7	0.4950	-1.4890	0.0000	-3.9360	0.0000	0.0000	-0.0050	0.0000	0.0000	-3.6590	0.0000	0.0000	0.0000	1.2310	0.0000	0.0000	0.2380	0.0000	-0.1930	0.0000	0.0000
C6	0.3260	-0.9770	0.0000	-3.1610	0.0000	0.0000	0.0030	0.0000	0.0000	-1.8390	0.0000	0.0000	0.0000	1.1770	0.0000	0.0000	1.2470	0.0000	-0.4550	0.0000	0.0000
C5	0.9210	-0.3390	0.0000	-5.1400	0.1150	0.0060	0.0230	0.0440	-0.0110	-2.9720	0.0000	0.0000	-0.0070	1.1410	-0.0170	0.0430	0.7940	-0.2040	-0.2140	-0.0840	-0.0420
C4	-0.0560	-0.1960	0.0000	-2.3590	0.0000	0.0000	-0.0160	0.0000	0.0000	-1.3920	0.0000	0.0000	0.0000	0.8120	0.0000	0.0000	0.9320	0.0000	-0.5090	0.0000	0.0000
N10	-0.0700	-0.2460	0.0000	-3.3910	0.0000	0.0000	0.0670	0.0000	0.0000	-2.5510	0.0000	0.0000	0.0000	1.5880	0.0000	0.0000	-0.1490	0.0000	-0.3470	0.0000	0.0000
N8	-0.6040	2.2550	0.0000	-4.1230	0.0000	0.0060	-0.0050	0.0710	-0.0220	-2.4730	0.0000	0.0000	-0.0150	0.0240	0.0050	-0.0030	-0.3810	-0.0390	0.3350	0.0360	-0.0150
N9	0.1580	-1.1870	0.0000	-0.6260	0.0000	0.0000	-0.0020	0.0000	0.0000	-1.2980	0.0000	0.0000	0.0000	0.0480	0.0000	0.0000	0.3440	0.0000	-0.0330	0.0000	0.0000
N11	-1.3410	1.2620	0.0000	-1.2170	0.0000	0.0000	-0.0430	0.0000	0.0000	-0.8690	0.0000	0.0000	0.0000	1.2860	0.0000	0.0000	-0.2830	0.0000	-0.5320	0.0000	0.0000
G12	-1.1110	3.1950	0.0000	-5.2060	0.0000	0.0000	-0.0170	0.0000	0.0000	-1.1800	0.0000	0.0000	0.0000	1.1880	0.0000	0.0000	1.1080	0.0000	-0.3360	0.0000	0.0000
G11	-1.6520	4.6160	0.0000	-5.0420	-0.0010	0.0000	0.0100	-0.0110	0.0000	-0.4420	0.0000	0.0000	-0.0110	1.0710	0.0060	0.0000	1.2670	0.0640	-0.7360	-0.0030	-0.0210
G10	0.4600	-0.1160	0.0000	-3.6440	0.0000	0.0000	-0.0510	0.0000	0.0000	-2.2160	0.0000	0.0000	0.0000	1.0980	0.0000	0.0000	0.1990	0.0000	-0.1640	0.0000	0.0000
F1	0.2040	0.4520	0.0000	-2.7770	0.0000	0.0000	0.0140	0.0000	0.0000	-0.6510	0.0000	0.0000	0.0000	1.1450	0.0000	0.0000	0.7550	0.0000	-0.4440	0.0000	0.0000
F2	-1.9060	-0.4140	0.0000	-0.7640	0.0000	0.0000	-0.0160	0.0000	0.0000	-1.8440	0.0000	0.0000	0.0000	1.0410	0.0000	0.0000	0.9020	0.0000	-0.6870	0.0000	0.0000
F3	-0.5520	1.2720	0.0000	-2.7090	-0.0030	-0.0010	0.0280	0.0110	0.0020	-0.4280	0.0000	0.0000	-0.0100	0.9630	0.0080	-0.0040	1.0530	0.0570	-0.5430	-0.0080	0.0080
F4	-2.9610	3.1160	0.0000	-1.9410	0.0000	0.0000	0.0520	0.0000	0.0000	0.3380	0.0000	0.0000	0.0000	0.7370	0.0000	0.0000	1.3780	0.0000	-0.0450	0.0000	0.0000
F5	0.4750	0.7240	0.0000	-5.0770	0.0000	0.0000	0.0350	0.0000	0.0000	-2.0520	0.0000	0.0000	0.0000	1.2450	0.0000	0.0000	0.8180	0.0000	-0.2700	0.0000	0.0000
F6	-0.4010	0.4280	0.0000	-2.6710	0.0000	0.0000	0.0900	0.0000	0.0000	-0.9430	0.0000	0.0000	0.0000	0.9730	0.0000	0.0000	1.1180	0.0000	-0.4810	0.0000	0.0000
F7	-1.7900	-0.7700	0.0000	-0.3340	0.0000	0.0000	0.0890	0.0000	0.0000	-1.4930	0.0000	0.0000	0.0000	1.1050	0.0000	0.0000	0.8250	0.0000	-0.6210	0.0000	0.0000
F8	0.2320	0.6630	0.0000	-2.4890	0.0000	0.0000	0.0090	0.0000	0.0000	-0.1270	0.0000	0.0000	0.0000	1.1630	0.0000	0.0000	0.7830	0.0000	-0.4880	0.0000	0.0000
F9	-1.7780	-0.0470	0.0000	-1.3320	0.0000	0.0000	0.0370	0.0000	0.0000	-1.0810	0.0000	0.0000	0.0000	2.2710	0.0000	0.0000	0.5440	0.0000	-0.7790	0.0000	0.0000
Q1	-0.2420	0.6410	0.0000	-2.6620	0.0000	0.0000	-0.0040	0.0000	0.0000	-2.6680	0.0000	0.0000	0.0000	0.0050	0.0000	0.0000	-0.1510	0.0000	-0.2540	0.0000	0.0000
Q3	-0.6030	2.4150	0.0000	-3.3770	0.0040	0.0030	0.0150	-0.0180	0.0220	-0.4140	0.0000	0.0000	0.0130	1.4560	-0.0060	-0.0470	-0.1190	-0.0130	-0.1840	0.0020	0.0230
Q2	-0.6290	2.3360	0.0000	-2.2010	0.0000	0.0000	0.0070	0.0000	0.0000	-0.7950	0.0000	0.0000	0.0000	0.0140	0.0000	0.0000	-0.0960	0.0000	-0.2260	0.0000	0.0000
Q5	-0.2100	3.5560	0.0000	-3.6540	0.0000	0.0000	0.0600	0.0000	0.0000	2.2640	0.0000	0.0000	0.0000	1.5870	0.0000	0.0000	0.6770	0.0000	0.2470	0.0000	0.0000
Q4	-0.5800	2.5530	0.0000	-2.0010	0.0020	0.0080	-0.0070	0.0210	0.0030	-0.2840	0.0000	0.0000	-0.0080	0.0080	0.0160	0.0140	-0.0090	-0.0640	-0.2880	0.0510	-0.0020
Q7	-2.2140	4.5920	0.0000	-2.2230	0.0000	0.0000	0.0130	0.0000	0.0000	0.3610	0.0000	0.0000	0.0000	-0.0050	0.0000	0.0000	0.3100	0.0000	-0.1120	0.0000	0.0000
Q6	-2.2230	4.4150	0.0000	-1.5170	0.0000	0.0000	0.0330	0.0000	0.0000	1.1250	0.0000	0.0000	0.0000	1.2680	0.0000	0.0000	-0.4600	0.0000	-0.3920	0.0000	0.0000
E11	0.3110	0.8670	0.0000	-5.4040	0.0050	0.0150	-0.0120	0.0060	0.0220	-3.4330	0.0000	0.0000	0.0000	1.0220	-0.0110	0.0110	-0.2420	0.0550	0.0000	-0.0690	-0.0080
E10	-3.6830	2.4880	0.0000	-0.9480	0.0020	0.0210	0.1110	0.1080	0.0640	-1.4230	0.0000	0.0000	-0.0150	1.0610	-0.0970	-0.3720	0.5060	0.4310	-1.5360	0.2980	0.1390
E12	-1.1230	0.1090	0.0000	-3.3270	-0.0110	0.0080	0.1050	0.1700	0.0920	-2.2770	0.0000	0.0000	-0.0080	0.9340	-0.1210	-0.3480	1.0410	0.3010	-0.6910	0.4830	0.1090
C12	0.2110	0.3970	0.0000	-2.5750	0.0000	0.0020	0.0080	0.0150	0.0050	-0.5360	0.0000	0.0000	0.0040	1.1420	0.0030	0.0020	0.8040	-0.0160	-0.5070	-0.0260	-0.0060
C11	-2.0010	0.9750	0.0000	-1.2330	0.0000	0.0000	0.1090	0.0000	0.0000	-1.6440	0.0000	0.0000	0.0000	1.1770	0.0000	0.0000	0.5210	0.0000	-1.1940	0.0000	0.0000
C10	0.3470	1.0790	0.0000	-5.4480	0.0000	0.0000	0.0310	0.0000	0.0000	-2.2870	0.0000	0.0000	0.0000	1.2320	0.0000	0.0000	0.7820	0.0000	-0.3110	0.0000	0.0000
A11	-0.4390	2.1120	0.0000	-4.1970	0.0000	0.0000	-0.0030	0.0000	0.0000	-1.0870	0.0000	0.0000	0.0000	1.5260	0.0000	0.0000	0.4800	0.0000	-0.5660	0.0000	0.0000
A10	-4.4090	4.9610	0.0000	-2.7290	-0.0020	0.0000	-0.0050	-0.0180	0.0000	0.1160	0.0000	0.0000	-0.0010	1.5850	-0.0050	0.0030	1.2800	-0.0060	-0.4840	-0.0450	-0.0090
A12	-0.1240	0.9430	0.0000	-2.6120	0.0000	0.0000	0.0670	0.0000	0.0000	-0.8190	0.0000	0.0000	0.0000	1.5570	0.0000	0.0000	-0.1170	0.0000	-0.5330	0.0000	0.0000
A1	-0.4870	4.5240	0.0000	-4.4170	0.0000	0.0000	-0.0280	0.0000	0.0000	3.0850	0.0000	0.0000	0.0000	2.9530	0.0000	0.0000	0.9510	0.0000	-0.4100	0.0000	0.0000
A3	-0.3590	0.8010	0.0000	-1.9840	0.0060	-0.0040	-0.0240	-0.0070	0.0010	-1.9490	0.0000	0.0000	-0.0020	0.0090	-0.0280	0.0000	-0.2340	0.0770	-0.2270	0.0200	0.0020
A2	-0.4960	1.6300	0.0000	-2.4840	0.0000	0.0000	0.0080	0.0000	0.0000	-1.5970	0.0000	0.0000	0.0000	0.0120	0.0000	0.0000	-0.0570	0.0000	-0.2080	0.0000	0.0000
A5	-0.5690	3.5290	0.0000	-1.8560	0.0000	0.0000	-0.0110	0.0000	0.0000	0.9200	0.0000	0.0000	0.0000	0.0040	0.0000	0.0000	0.0410	0.0000	-0.2170	0.0000	0.0000
A4	-0.0840	1.6040	0.0000	-3.9010	0.0000	0.0000	0.0470	0.0000	0.0000	-0.1800	0.0000	0.0000	0.0000	1.5560	0.0000	0.0000	0.3280	0.0000	0.2690	0.0000	0.0000
A7	-0.9480	5.2500	0.0000	-3.2470	0.0000	0.0000	-0.0130	0.0000	0.0000	1.7480	0.0000	0.0000	0.0000	-0.0540	0.0000	0.0000	0.5600	0.0000	0.1960	0.0000	0.0000
A6	-0.4120	1.6360	0.0000	-2.4700	-0.0010	-0.0010	0.0040	-0.0070	0.0100	-1.5750	0.0000	0.0000	-0.0030	0.0110	-0.0030	-0.0020	-0.0380	-0.0650	-0.2160	-0.0160	-0.0050
A9	-0.2170	1.4640	0.0000	-5.2070	0.0000	0.0000	-0.0250	0.0000	0.0000	-2.5730	0.0000	0.0000	0.0000	1.5170	0.0000	0.0000	-0.2210	0.0000	0.1170	0.0000	0.0000
A8	0.1310	-0.1580	0.0000	-2.7520	0.0000	0.0000	0.0210	0.0000	0.0000	-2.7220	0.0000	0.0000	0.0000	0.0200	0.0000	0.0000	-0.2490	0.0000	0.2660	0.0000	0.0000
D8	-0.0260	0.7350	0.0000	-3.5620	0.0000	0.0000	0.0160	0.0000	0.0000	-1.3680	0.0000	0.0000	0.0000	0.9940	0.0000	0.0000	1.1890	0.0000	-0.7130	0.0000	0.0000
D9	-0.4910	1.3080	0.0000	-2.4370	0.0000	0.0000	0.0290	0.0000	0.0000	-0.1540	0.0000	0.0000	0.0000	0.9630	0.0000	0.0000	1.0510	0.0000	-0.5760	0.0000	0.0000
D6	-1.9230	2.2770	0.0000	-1.7820	0.0000	0.0000	0.0040	0.0000	0.0000	-0.5160	0.0000	0.0000	0.0000	1.1670	0.0000	0.0000	0.5710	0.0000	-0.8300	0.0000	0.0000
D7	0.3470	0.7500	0.0000	-2.6750	-0.0010	0.0000	0.0080	-0.0300	0.0100	-0.1250	0.0000	0.0000	-0.0180	1.1460	-0.0060	-0.0020	0.8730	-0.0420	-0.4630	-0.0170	-0.0090
D4	-3.3800	2.5160	0.0000	-1.1770	0.0000	0.0000	0.1030	0.0000	0.0000	-1.8890	0.0000	0.0000	0.0000	1.1950	0.0000	0.0000	0.4220	0.0000	-1.5700	0.0000	0.0000
D5	-3.0630	3.1560	0.0000	-1.1840	0.0000	0.0000	0.0300	0.0000	0.0000	-0.8340	0.0000	0.0000	0.0000	1.2260	0.0000	0.0000	0.5690	0.0000	-1.5660	0.0000	0.0000
D2	0.0760	1.0050	0.0000	-3.8830	0.0000	0.0000	0.0040	0.0000	0.0000	-2.0550	0.0000	0.0000	0.0000	1.1260	0.0000	0.0000	-0.2030	0.0000	-0.1800	0.0000	0.0000
D3	-2.4780	0.7340	0.0000	-0.2500	0.0000	0.0000	0.0600	0.0000	0.0000	-0.7240	0.0000	0.0000	0.0000	1.0800	0.0000	0.0000	0.6860	0.0000	-0.5570	0.0000	0.0000
D1	0.3900	0.8070	0.0000	-6.0040	0.0000	0.0000	0.0360	0.0000	0.0000	-3.1930	0.0000	0.0000	0.0000	1.2250	0.0000	0.0000	0.7800	0.0000	-0.4260	0.0000	0.0000
