  G7 -11.45 -14.30  -2.86  -9.21  -5.09
  G6 -15.52 -18.42  -2.90 -12.41  -6.00
  G5  -7.27  -9.56  -2.29  -4.55  -5.01
  G4 -14.06 -16.41  -2.35   7.10 -23.51
  G3   3.29   4.34   1.05   4.95  -0.61
  G2   1.43   0.66  -0.78   2.71  -2.06
  G1  -7.47  -9.40  -1.93  -6.89  -2.50
  G9  -8.49 -10.34  -1.85  -7.22  -3.12
  G8 -18.71 -22.71  -4.00 -17.03  -5.69
  N6  -8.63 -13.36  -4.73 -10.75  -2.61
  N7 -11.31 -14.68  -3.37  -7.88  -6.80
  B4  -6.32  -8.43  -2.10  -4.08  -4.34
  B5  -4.65  -6.88  -2.24  -2.20  -4.68
  B6  -9.84 -10.48  -0.65  -7.44  -3.05
  B7 -10.34 -10.15   0.19  -6.50  -3.65
  B2 -24.13 -22.25   1.88 -15.39  -6.86
  B3  -4.34  -5.58  -1.24  -2.28  -3.30
  B8 -13.04 -14.55  -1.51  -0.67 -13.88
  B9  -4.11  -4.97  -0.87  -1.72  -3.26
  N5 -12.44 -14.47  -2.04 -12.32  -2.15
 P10  -6.02  -6.82  -0.80  -3.74  -3.09
 P11  -5.45  -6.77  -1.32  -2.78  -3.98
 P12 -13.04 -15.06  -2.02 -10.54  -4.52
  E9  -9.23 -10.99  -1.77  -8.55  -2.44
  E8  -9.94 -12.81  -2.87  -8.55  -4.26
  E5  -8.90 -11.21  -2.31 -10.10  -1.11
  E4  -9.06 -11.51  -2.45  -7.81  -3.70
  E7 -11.08 -13.78  -2.70  -8.67  -5.11
  E6 -10.13 -11.64  -1.51  -6.59  -5.05
  E1  -4.11  -5.66  -1.55  -2.73  -2.93
  P8  -7.04 -11.49  -4.45  -4.73  -6.76
  E3 -14.41 -15.61  -1.20  -0.25 -15.35
  E2 -14.39 -15.99  -1.59   2.00 -17.98
  P2   1.16   0.13  -1.03   3.57  -3.45
  P3  -4.99  -7.12  -2.13   2.77  -9.89
  P1  -5.81  -6.87  -1.06   0.27  -7.14
  P6   2.17   0.57  -1.60   5.81  -5.24
  P7  -7.07  -9.98  -2.91  -2.35  -7.63
  P4  -0.45  -1.82  -1.37   2.13  -3.95
  P5 -23.66 -26.32  -2.66 -21.79  -4.53
 H10  -1.34   0.33   1.66   1.44  -1.11
 H11 -30.94 -29.73   1.21 -24.92  -4.81
 H12  -3.62  -2.51   1.12  -1.41  -1.10
  P9  -6.10  -7.57  -1.47  -3.86  -3.72
 F12   0.19  -1.61  -1.80   4.84  -6.45
 F10   3.73   4.22   0.49   6.30  -2.08
 F11   2.51   3.27   0.76   3.83  -0.56
 N12 -13.81 -18.62  -4.81  -9.36  -9.27
  H8 -33.19 -38.73  -5.54 -31.92  -6.81
  H9 -26.44 -30.41  -3.97 -26.66  -3.75
  H6 -14.81 -19.38  -4.57  -8.19 -11.19
  H7 -32.06 -37.19  -5.13 -29.34  -7.85
  H4   1.08   0.21  -0.88   1.15  -0.95
  H5 -10.86 -15.80  -4.95  -7.71  -8.10
 D10  -8.64 -10.38  -1.73  -8.78  -1.59
 D11  -2.87  -4.06  -1.19  -1.97  -2.09
 D12  -4.88  -6.87  -1.99  -2.09  -4.77
 B12 -20.55 -23.03  -2.49  -5.18 -17.85
 B10 -11.14 -12.65  -1.51   0.30 -12.95
 B11 -20.64 -22.57  -1.93  -5.38 -17.18
  Q8 -10.87 -12.86  -1.99  -7.91  -4.95
  Q9  -6.62  -8.75  -2.13  -4.69  -4.06
  C9  -7.58  -9.92  -2.33  -6.41  -3.51
  C8   3.86   5.32   1.47  -2.81   8.13
 Q11   2.95   2.51  -0.44   4.27  -1.76
 Q10   0.74  -0.74  -1.47   3.32  -4.06
 Q12  -1.06  -2.55  -1.49   1.55  -4.09
  C3 -11.14 -13.19  -2.05  -1.80 -11.39
  C2  -4.34  -4.81  -0.47  -1.22  -3.59
  C1 -23.94 -27.10  -3.15 -11.18 -15.91
  C7 -10.03 -13.26  -3.23  -8.71  -4.55
  C6 -11.92 -14.75  -2.83 -10.36  -4.40
  C5  -7.62  -9.94  -2.32  -6.37  -3.57
  C4  -6.33  -8.13  -1.80  -4.75  -3.38
 N10 -11.25 -15.87  -4.62  -9.37  -6.50
  N8  -8.62 -10.17  -1.55  -9.81  -0.35
  N9 -14.10 -14.07   0.02  -9.51  -4.57
 N11 -16.53 -17.53  -1.00 -11.60  -5.93
 G12  -9.80 -11.54  -1.74  -6.25  -5.29
 G11  -2.29  -4.04  -1.75   2.63  -6.68
 G10 -14.66 -17.87  -3.20 -15.12  -2.74
  F1  -8.05 -10.54  -2.49  -6.62  -3.93
  F2 -10.24 -13.01  -2.77  -4.78  -8.24
  F3  -6.26  -7.75  -1.49  -5.25  -2.50
  F4 -14.33 -17.36  -3.04  -2.25 -15.11
  F5  -4.73  -5.80  -1.07  -3.56  -2.24
  F6  -4.74  -6.16  -1.41  -5.45  -0.71
  F7  -6.62  -8.72  -2.10  -1.94  -6.78
  F8  -4.45  -5.90  -1.45   3.54  -9.44
  F9 -12.57 -15.08  -2.51  -0.20 -14.88
  Q1  -8.62 -13.26  -4.63  -4.54  -8.72
  Q3   2.54  -0.06  -2.60   4.84  -4.90
  Q2  -6.13  -9.13  -3.00  -1.83  -7.30
  Q5   1.16   0.14  -1.02   3.33  -3.19
  Q4  -5.41  -7.54  -2.13  -2.91  -4.63
  Q7  -1.37   0.49   1.86   5.39  -4.90
  Q6  -4.25  -1.32   2.92   5.33  -6.66
 E11  -7.23  -9.41  -2.18  -5.95  -3.46
 E10 -14.66 -17.48  -2.82  -2.14 -15.34
 E12  -8.14 -10.76  -2.62  -6.75  -4.01
 C12  -7.89 -10.36  -2.47  -4.91  -5.45
 C11  -8.13  -9.57  -1.44  -4.56  -5.01
 C10  -7.66  -9.77  -2.11  -7.32  -2.45
 A11  -9.10 -11.94  -2.84  -4.78  -7.16
 A10  -7.93 -10.75  -2.83   7.69 -18.44
 A12 -13.81 -17.89  -4.07 -11.71  -6.18
  A1   2.84   2.57  -0.27   6.70  -4.13
  A3  -6.17  -9.99  -3.82  -3.99  -6.00
  A2  -6.52  -6.46   0.06  -5.75  -0.71
  A5   2.77   1.35  -1.42   4.47  -3.12
  A4 -14.63 -19.49  -4.86 -12.59  -6.90
  A7   1.12  -0.56  -1.68   5.11  -5.67
  A6  -6.55  -6.49   0.07  -3.73  -2.75
  A9 -21.90 -28.64  -6.73 -20.22  -8.42
  A8 -11.14 -16.16  -5.02  -6.84  -9.33
  D8  -9.65 -12.11  -2.45  -8.29  -3.82
  D9  -7.80  -8.97  -1.17  -6.80  -2.16
  D6 -11.24 -13.56  -2.33  -5.87  -7.70
  D7   2.86   4.35   1.50  -6.41  10.77
  D4 -14.13 -16.91  -2.78  -3.20 -13.71
  D5 -14.14 -16.90  -2.77  -3.54 -13.36
  D2  -6.48  -8.14  -1.65  -5.59  -2.55
  D3 -11.16 -13.33  -2.17  -1.81 -11.52
  D1  -8.44 -11.18  -2.74  -7.09  -4.09
