MUT	fa_rep:	ref:	fa_atr:	hbond_sc:	fa_sol:	yhh_planarity:	dslf_fa13:	fa_intra_sol_xover4:	omega:	p_aa_pp:	TOT	sugar_bb:	fa_intra_rep:	hbond_lr_bb:	hbond_sr_bb:	hbond_bb_sc:	fa_elec:	cart_bonded:	lk_ball_wtd:	fa_dun:	rama_prepro:
G7	-0.6930	-2.0900	0.0000	-1.3580	0.0000	0.0000	0.0410	0.0000	0.0000	-2.8570	0.0000	0.0000	0.0000	0.8550	0.0000	0.0000	1.0550	0.0000	-0.6670	0.0000	0.0000
G6	-0.3320	-3.0390	0.0000	-0.4260	0.0000	0.0000	0.0170	0.0000	0.0000	-2.9000	0.0000	0.0000	0.0000	0.9070	0.0000	0.0000	0.6030	0.0000	-0.6300	0.0000	0.0000
G5	-0.7180	-2.0790	0.0000	-0.8290	0.0000	0.0000	0.0410	0.0000	0.0000	-2.2930	0.0000	0.0000	0.0000	0.8170	0.0000	0.0000	1.0400	0.0000	-0.5650	0.0000	0.0000
G4	-5.4550	4.0230	0.0000	-1.7710	-0.0020	0.0010	0.0300	0.0070	-0.0050	-2.3530	0.0000	0.0000	-0.0100	1.1390	0.0020	0.0080	0.4830	-0.1310	-0.7440	0.0760	-0.0030
G3	-1.5930	2.7820	0.0000	-0.9600	0.0010	-0.0030	0.0700	0.0200	0.0630	1.0470	0.0000	0.0000	-0.0050	0.8420	0.0020	0.0080	1.0180	-0.0370	-1.1390	0.0030	-0.0240
G2	-1.6530	2.5120	0.0000	-2.5890	0.0000	-0.0010	0.0260	0.0010	-0.0070	-0.7770	0.0000	0.0000	-0.0030	0.8830	-0.0010	0.0060	1.0110	-0.0390	-0.9660	0.0430	0.0050
G1	-0.5040	0.0790	0.0000	-2.6510	0.0000	0.0000	0.0410	0.0000	0.0000	-1.9300	0.0000	0.0000	0.0000	0.8620	0.0000	0.0000	1.1160	0.0000	-0.8740	0.0000	0.0000
G9	-0.6600	-1.3470	0.0000	-1.2420	0.0000	0.0000	0.0310	0.0000	0.0000	-1.8510	0.0000	0.0000	0.0000	0.9280	0.0000	0.0000	1.0100	0.0000	-0.5710	0.0000	0.0000
G8	-0.3720	-2.6800	0.0000	-1.9650	0.0000	0.0000	0.0230	0.0000	0.0000	-4.0020	0.0000	0.0000	0.0000	0.9650	0.0000	0.0000	0.7830	0.0000	-0.7550	0.0000	0.0000
N6	-0.1930	-1.2940	0.0000	-2.2040	0.0000	0.0000	0.0280	0.0000	0.0000	-4.7310	0.0000	0.0000	0.0000	-0.0170	0.0000	0.0000	-0.3240	0.0000	-0.7270	0.0000	0.0000
N7	-0.4520	-0.8120	0.0000	-1.3510	0.0000	0.0000	0.0050	0.0000	0.0000	-3.3750	0.0000	0.0000	0.0000	0.0020	0.0000	0.0000	-0.2710	0.0000	-0.4960	0.0000	0.0000
B4	-2.0430	2.8080	0.0000	-2.9390	0.0000	0.0000	0.0350	0.0000	0.0000	-2.1040	0.0000	0.0000	0.0000	1.1940	0.0000	0.0000	0.3090	0.0000	-1.4670	0.0000	0.0000
B5	-1.5540	1.1890	0.0000	-0.5060	-0.0270	0.0000	-0.0670	-0.0070	0.0090	-2.2380	0.0000	0.0000	-0.0020	0.0450	-0.0070	-0.0110	-0.5760	-0.0970	-0.6570	0.0200	0.0100
B6	-2.0890	1.6040	0.0000	-1.2370	0.0000	0.0000	0.0450	0.0000	0.0000	-0.6480	0.0000	0.0000	0.0000	1.1220	0.0000	0.0000	0.6920	0.0000	-0.7830	0.0000	0.0000
B7	-1.3870	1.9010	0.0000	-1.4880	0.0000	0.0000	0.0730	0.0000	0.0000	0.1860	0.0000	0.0000	0.0000	1.3000	0.0000	0.0000	0.8690	0.0000	-1.0830	0.0000	0.0000
B2	-2.3500	2.5280	0.0000	2.4540	0.0000	0.0000	0.0150	0.0000	0.0000	1.8810	0.0000	0.0000	0.0000	-0.0210	0.0000	0.0000	-0.3600	0.0000	-0.3860	0.0000	0.0000
B3	-1.9770	3.2480	0.0000	-2.6510	-0.0010	0.0010	0.0420	0.0450	-0.0070	-1.2390	0.0000	0.0000	-0.0010	1.1940	-0.0030	0.0010	0.2850	0.0050	-1.3740	-0.0520	0.0040
B8	-4.8090	3.1940	0.0000	-0.3840	0.0000	0.0000	0.1870	0.0000	0.0000	-1.5080	0.0000	0.0000	0.0000	1.3870	0.0000	0.0000	0.2460	0.0000	-1.3270	0.0000	0.0000
B9	-1.9480	1.2510	0.0000	-0.5210	0.0000	0.0000	0.0250	0.0000	0.0000	-0.8670	0.0000	0.0000	0.0000	1.1970	0.0000	0.0000	0.3030	0.0000	-1.1740	0.0000	0.0000
N5	-0.6090	-2.6540	0.0000	1.5170	0.0000	0.0020	-0.0190	-0.1000	0.1280	-2.0360	0.0000	0.0000	0.0580	0.0280	0.0040	-0.0600	-1.2040	0.4520	-0.6140	0.9830	0.0550
P10	-1.7090	2.2310	0.0000	-2.4880	-0.0050	-0.0020	-0.0550	0.0160	0.0070	-0.8030	0.0000	0.0000	-0.0050	1.2300	0.0000	-0.0020	0.5770	0.0760	-0.6460	-0.0310	0.0000
P11	-1.7000	2.4150	0.0000	-0.5970	0.0000	0.0000	-0.0440	0.0000	0.0000	-1.3160	0.0000	0.0000	0.0000	0.0470	0.0000	0.0000	-0.6250	0.0000	-0.8110	0.0000	0.0000
P12	-1.6130	2.1130	0.0000	-1.2770	0.0000	0.0000	-0.0520	0.0000	0.0000	-2.0230	0.0000	0.0000	0.0000	0.0480	0.0000	0.0000	-0.5160	0.0000	-0.7240	0.0000	0.0000
E9	-0.7160	-0.2970	0.0000	-1.8070	0.0000	0.0000	0.0580	0.0000	0.0000	-1.7660	0.0000	0.0000	0.0000	0.8740	0.0000	0.0000	1.1210	0.0000	-0.9960	0.0000	0.0000
E8	-0.6220	-0.4420	0.0000	-3.2190	0.0000	0.0000	0.0500	0.0000	0.0000	-2.8690	0.0000	0.0000	0.0000	0.8400	0.0000	0.0000	1.2340	0.0000	-0.7060	0.0000	0.0000
E5	-0.1680	-0.4150	0.0000	-2.6460	-0.0010	0.0000	0.0380	0.0210	0.0140	-2.3100	0.0000	0.0000	0.0010	0.8700	0.0080	-0.0010	1.0270	-0.0370	-0.9430	-0.0790	0.0040
E4	-0.4660	-0.9920	0.0000	-2.4220	0.0000	0.0000	0.0380	0.0000	0.0000	-2.4540	0.0000	0.0000	0.0000	0.8660	0.0000	0.0000	1.2020	0.0000	-0.6790	0.0000	0.0000
E7	-0.4370	-0.8660	0.0000	-2.8850	0.0000	0.0000	0.0390	0.0000	0.0000	-2.6990	0.0000	0.0000	0.0000	0.9820	0.0000	0.0000	1.2410	0.0000	-0.7730	0.0000	0.0000
E6	-2.0180	0.5960	0.0000	-1.0040	0.0000	0.0000	0.0740	0.0000	0.0000	-1.5140	0.0000	0.0000	0.0000	1.2790	0.0000	0.0000	0.8510	0.0000	-1.2910	0.0000	0.0000
E1	-0.8000	0.4740	0.0000	-2.6240	0.0000	0.0000	0.0450	0.0000	0.0000	-1.5490	0.0000	0.0000	0.0000	0.8530	0.0000	0.0000	1.2020	0.0000	-0.7020	0.0000	0.0000
P8	-1.2300	0.1560	0.0000	-2.7610	0.0000	0.0000	0.0490	0.0000	0.0000	-4.4450	0.0000	0.0000	0.0000	-0.0550	0.0000	0.0000	0.1000	0.0000	-0.7040	0.0000	0.0000
E3	-4.3790	4.1290	0.0000	-1.0910	0.0000	0.0000	0.0540	0.0000	0.0000	-1.1950	0.0000	0.0000	0.0000	1.1230	0.0000	0.0000	0.1280	0.0000	-1.1590	0.0000	0.0000
E2	-4.4550	3.7810	0.0000	-1.0860	-0.0100	-0.0040	0.0610	-0.0150	-0.0430	-1.5920	0.0000	0.0000	-0.0040	1.1060	-0.0010	0.0030	0.1080	-0.0450	-1.0990	0.1080	0.0040
P2	-0.8320	2.8150	0.0000	-2.6870	0.0000	0.0000	0.0240	0.0000	0.0000	-1.0310	0.0000	0.0000	0.0000	-0.0380	0.0000	0.0000	-0.0280	0.0000	-0.2860	0.0000	0.0000
P3	-2.7910	1.5500	0.0000	-0.4240	0.0000	0.0000	0.0380	0.0000	0.0000	-2.1320	0.0000	0.0000	0.0000	-0.0390	0.0000	0.0000	-0.1400	0.0000	-0.3230	0.0000	0.0000
P1	-2.0120	1.9490	0.0000	-0.7420	0.0000	0.0000	0.0270	0.0000	0.0000	-1.0650	0.0000	0.0000	0.0000	-0.0090	0.0000	0.0000	-0.2740	0.0000	-0.0040	0.0000	0.0000
P6	-1.8560	2.8750	0.0000	-1.3850	0.0000	0.0000	-0.0530	0.0000	0.0000	-1.6010	0.0000	0.0000	0.0000	0.0460	0.0000	0.0000	-0.5670	0.0000	-0.6630	0.0000	0.0000
P7	-1.9490	1.7040	0.0000	-2.0150	0.0010	-0.0020	0.0830	-0.0150	-0.0010	-2.9090	0.0000	0.0000	0.0000	-0.1150	-0.0060	0.0010	-0.2250	0.0930	-0.4560	0.0010	-0.0080
P4	-1.3020	2.5550	0.0000	-2.3190	-0.0040	0.0000	0.0400	0.0460	-0.0220	-1.3740	0.0000	0.0000	0.0010	-0.0500	-0.0100	-0.0030	0.2160	0.0110	-0.5310	0.0060	-0.0100
P5	-2.1720	1.6090	0.0000	-2.5710	0.0000	0.0000	-0.0590	0.0000	0.0000	-2.6570	0.0000	0.0000	0.0000	1.1890	0.0000	0.0000	0.0880	0.0000	-0.7410	0.0000	0.0000
H10	-1.6960	5.2730	0.0000	-2.8600	0.0000	0.0000	0.0130	0.0000	0.0000	1.6650	0.0000	0.0000	0.0000	-0.0110	0.0000	0.0000	0.6620	0.0000	0.2860	0.0000	0.0000
H11	-1.3030	3.4400	0.0000	-1.4320	0.0000	0.0000	-0.0330	0.0000	0.0000	1.2070	0.0000	0.0000	0.0000	-0.0010	0.0000	0.0000	0.3120	0.0000	0.2230	0.0000	0.0000
H12	-1.4440	5.6760	0.0000	-4.0860	0.0000	0.0000	0.0220	0.0000	0.0000	1.1150	0.0000	0.0000	0.0000	-0.0110	0.0000	0.0000	0.6770	0.0000	0.2820	0.0000	0.0000
P9	-1.3460	1.8240	0.0000	-3.0180	0.0000	0.0000	-0.0600	0.0000	0.0000	-1.4710	0.0000	0.0000	0.0000	1.2330	0.0000	0.0000	0.4600	0.0000	-0.5630	0.0000	0.0000
F12	-4.3030	2.5650	0.0000	-0.7510	0.0020	0.0010	0.0420	0.0270	0.0000	-1.7960	0.0000	0.0000	0.0110	1.2460	-0.0120	0.0020	0.5800	-0.0340	-1.2200	0.0390	0.0080
F10	-1.3370	2.1530	0.0000	-1.2110	0.0000	0.0000	0.0390	0.0000	0.0000	0.4920	0.0000	0.0000	0.0000	0.7940	0.0000	0.0000	1.1030	0.0000	-1.0500	0.0000	0.0000
F11	-1.3400	3.0140	0.0000	-1.7680	0.0000	0.0000	0.0530	0.0000	0.0000	0.7560	0.0000	0.0000	0.0000	0.7970	0.0000	0.0000	1.0950	0.0000	-1.0940	0.0000	0.0000
N12	-1.3740	-0.7990	0.0000	-1.3880	0.0000	0.0000	-0.0530	0.0000	0.0000	-4.8130	0.0000	0.0000	0.0000	0.0470	0.0000	0.0000	-0.5930	0.0000	-0.6510	0.0000	0.0000
H8	-1.0070	-1.6570	0.0000	-1.1330	0.0000	0.0000	-0.0380	0.0000	0.0000	-5.5380	0.0000	0.0000	0.0000	0.0290	0.0000	0.0000	-0.8320	0.0000	-0.8990	0.0000	0.0000
H9	-1.2720	-0.9300	0.0000	-0.5510	-0.0240	0.0000	0.0140	-0.0260	0.0030	-3.9690	0.0000	0.0000	0.0090	0.0120	-0.0110	0.0850	-0.5270	-0.0790	-0.6070	-0.0850	0.0190
H6	-1.2630	-0.0330	0.0000	-1.8730	0.0000	0.0000	-0.0510	0.0000	0.0000	-4.5680	0.0000	0.0000	0.0000	0.0450	0.0000	0.0000	-0.6380	0.0000	-0.7570	0.0000	0.0000
H7	-1.0360	-0.9030	0.0000	-1.6270	0.0000	0.0000	-0.0400	0.0000	0.0000	-5.1290	0.0000	0.0000	0.0000	0.0400	0.0000	0.0000	-0.7720	0.0000	-0.7940	0.0000	0.0000
H4	0.0870	-1.0650	0.0000	0.1070	-0.0010	-0.0010	-0.0010	0.0000	0.0090	-0.8770	0.0000	0.0000	0.0000	-0.0280	-0.0030	-0.0130	-0.0610	0.0820	-0.0250	0.0380	-0.0020
H5	-1.3260	-0.5130	0.0000	-1.6170	0.0000	0.0000	-0.0410	0.0000	0.0000	-4.9480	0.0000	0.0000	0.0000	0.0380	0.0000	0.0000	-0.6430	0.0000	-0.8460	0.0000	0.0000
D10	-0.3860	0.0680	0.0000	-2.5860	0.0000	0.0000	0.0450	0.0000	0.0000	-1.7340	0.0000	0.0000	0.0000	0.8880	0.0000	0.0000	1.1680	0.0000	-0.9300	0.0000	0.0000
D11	-0.5910	-0.0420	0.0000	-1.9490	0.0000	0.0000	0.0430	0.0000	0.0000	-1.1920	0.0000	0.0000	0.0000	0.8670	0.0000	0.0000	1.1320	0.0000	-0.6520	0.0000	0.0000
D12	-0.4240	0.2030	0.0000	-3.2630	0.0000	0.0000	0.0460	0.0000	0.0000	-1.9910	0.0000	0.0000	0.0000	1.1440	0.0000	0.0000	0.8760	0.0000	-0.5730	0.0000	0.0000
B12	-4.0530	1.8080	0.0000	-0.6400	0.0000	0.0000	0.0470	0.0000	0.0000	-2.4860	0.0000	0.0000	0.0000	1.1690	0.0000	0.0000	0.3380	0.0000	-1.1550	0.0000	0.0000
B10	-4.7780	3.4320	0.0000	-1.1190	0.0000	0.0000	0.2090	0.0000	0.0000	-1.5140	0.0000	0.0000	0.0000	1.3910	0.0000	0.0000	0.6930	0.0000	-1.3410	0.0000	0.0000
B11	-4.0620	3.1150	0.0000	-1.5080	0.0000	0.0000	0.0900	0.0000	0.0000	-1.9290	0.0000	0.0000	0.0000	1.0860	0.0000	0.0000	0.5260	0.0000	-1.1750	0.0000	0.0000
Q8	-1.6870	3.0820	0.0000	-3.1260	0.0040	0.0320	-0.0110	-0.0010	-0.0110	-1.9880	0.0000	0.0000	0.0010	-0.0280	-0.0020	0.0050	0.5140	-0.0070	-0.9860	0.2310	0.0020
Q9	-1.5700	2.0150	0.0000	-1.9470	0.0000	0.0000	0.0520	0.0000	0.0000	-2.1270	0.0000	0.0000	0.0000	-0.0350	0.0000	0.0000	-0.1260	0.0000	-0.5160	0.0000	0.0000
C9	-0.4300	-1.0100	0.0000	-2.2630	0.0000	0.0000	0.0390	0.0000	0.0000	-2.3340	0.0000	0.0000	0.0000	0.8700	0.0000	0.0000	1.1860	0.0000	-0.7290	0.0000	0.0000
C8	0.6410	-0.0720	0.0000	-1.4190	0.0000	0.0000	0.0460	0.0000	0.0000	1.4660	0.0000	0.0000	0.0000	0.9100	0.0000	0.0000	1.7390	0.0000	-0.3790	0.0000	0.0000
Q11	-2.3420	3.2400	0.0000	-0.3190	0.0450	-0.0080	0.0830	-0.0620	-0.2990	-0.4430	0.0000	0.0000	0.0240	-0.0850	0.0610	-0.2690	0.1940	0.3580	-0.9120	0.0510	-0.2010
Q10	-1.2370	2.3850	0.0000	-2.3870	0.0000	0.0000	0.0180	0.0000	0.0000	-1.4740	0.0000	0.0000	0.0000	-0.0090	0.0000	0.0000	0.1310	0.0000	-0.3760	0.0000	0.0000
Q12	-1.2450	2.6040	0.0000	-2.4880	0.0020	0.0060	0.0210	-0.0050	-0.0110	-1.4880	0.0000	0.0000	0.0000	-0.0160	0.0110	-0.0020	0.0880	0.0410	-0.4380	-0.0610	0.0060
C3	-3.1040	1.2590	0.0000	-0.6320	0.0000	0.0000	0.0500	0.0090	-0.0080	-2.0540	0.0000	0.0000	0.0180	1.1910	0.0030	0.0060	0.4270	-0.1370	-1.1520	-0.0020	0.0180
C2	-2.1660	1.9160	0.0000	-1.3550	0.0000	0.0010	0.0560	-0.0050	0.0190	-0.4680	0.0000	0.0000	-0.0050	1.1180	-0.0010	0.0010	0.7240	-0.0250	-0.7340	-0.0060	-0.0090
C1	-4.1640	1.5440	0.0000	-0.6110	0.0000	0.0000	0.0760	0.0000	0.0000	-3.1540	0.0000	0.0000	0.0000	1.1060	0.0000	0.0000	0.3400	0.0000	-1.4440	0.0000	0.0000
C7	-0.3720	-1.9680	0.0000	-2.2240	0.0000	0.0000	0.0360	0.0000	0.0000	-3.2290	0.0000	0.0000	0.0000	0.8490	0.0000	0.0000	1.0600	0.0000	-0.6080	0.0000	0.0000
C6	-0.3650	-1.6950	0.0000	-2.1190	0.0000	0.0000	0.0330	0.0000	0.0000	-2.8300	0.0000	0.0000	0.0000	0.8540	0.0000	0.0000	1.0900	0.0000	-0.6290	0.0000	0.0000
C5	-0.4620	-1.0080	0.0000	-2.2250	0.0000	0.0000	0.0380	0.0000	0.0000	-2.3230	0.0000	0.0000	0.0000	0.8690	0.0000	0.0000	1.1920	0.0000	-0.7290	0.0000	0.0000
C4	-0.5110	-0.9900	0.0000	-1.6700	0.0000	0.0000	0.0310	0.0000	0.0000	-1.7970	0.0000	0.0000	0.0000	0.8580	0.0000	0.0000	1.0570	0.0000	-0.5750	0.0000	0.0000
N10	-0.7250	-0.8610	0.0000	-2.2700	0.0000	0.0000	0.0190	0.0000	0.0000	-4.6240	0.0000	0.0000	0.0000	-0.0150	0.0000	0.0000	-0.2960	0.0000	-0.4770	0.0000	0.0000
N8	-0.3510	-0.5980	0.0000	-0.8820	0.0000	-0.0010	0.0200	-0.0110	-0.1390	-1.5490	0.0000	0.0000	0.0460	-0.0390	0.0130	0.1030	0.3130	0.3460	-0.2890	-0.0790	0.0000
N9	-1.1550	2.3410	0.0000	-2.7660	0.0000	0.0000	-0.0480	0.0000	0.0000	0.0230	0.0000	0.0000	0.0000	1.0230	0.0000	0.0000	0.6140	0.0000	0.0130	0.0000	0.0000
N11	-1.3850	0.3780	0.0000	-1.3800	0.0000	0.0000	0.0180	0.0000	0.0000	-0.9990	0.0000	0.0000	0.0000	1.6890	0.0000	0.0000	0.4840	0.0000	-0.8030	0.0000	0.0000
G12	-1.5080	0.4510	0.0000	-1.3200	0.0020	0.0010	0.0550	0.0220	-0.0330	-1.7410	0.0000	0.0000	0.0070	0.8390	0.0010	0.0000	0.6800	0.0240	-0.9640	-0.0150	0.0160
G11	-2.6560	1.1390	0.0000	-0.7540	0.0000	0.0000	0.0580	0.0000	0.0000	-1.7480	0.0000	0.0000	0.0000	0.7590	0.0000	0.0000	0.8380	0.0000	-1.1350	0.0000	0.0000
G10	-0.4310	-3.2320	0.0000	2.5550	0.0480	0.0130	-0.0290	0.1120	0.4290	-3.2030	0.0000	0.0000	0.0650	0.0840	-0.2600	0.3710	-3.8890	-0.2580	-0.0490	1.0390	0.2280
F1	-0.4770	-0.7180	0.0000	-2.8970	0.0030	0.0020	0.0410	0.0190	0.0150	-2.4940	0.0000	0.0000	0.0000	0.9770	-0.0070	0.0020	1.2010	0.1040	-0.7510	0.0100	-0.0190
F2	-2.7000	-0.1000	0.0000	-0.3520	0.0000	0.0000	0.0430	0.0000	0.0000	-2.7710	0.0000	0.0000	0.0000	1.3140	0.0000	0.0000	0.4520	0.0000	-1.4270	0.0000	0.0000
F3	-0.2340	-0.2520	0.0000	-2.1030	-0.0020	-0.0090	-0.0030	-0.2410	-0.4630	-1.4880	0.0000	0.0000	0.0190	0.7930	-0.0960	-0.1590	1.8340	0.2940	-0.9570	0.2660	-0.1730
F4	-4.2030	1.6760	0.0000	-0.6080	0.0000	0.0000	0.0770	0.0000	0.0000	-3.0360	0.0000	0.0000	0.0000	1.1050	0.0000	0.0000	0.3320	0.0000	-1.4180	0.0000	0.0000
F5	-0.5580	-0.1210	0.0000	-1.9520	0.0000	0.0000	0.0360	0.0000	0.0000	-1.0710	0.0000	0.0000	0.0000	0.9040	0.0000	0.0000	1.2370	0.0000	-0.6170	0.0000	0.0000
F6	-0.3870	0.0140	0.0000	-2.2500	0.0000	0.0000	0.0380	0.0000	0.0000	-1.4130	0.0000	0.0000	0.0000	0.9040	0.0000	0.0000	1.1860	0.0000	-0.9200	0.0000	0.0000
F7	-2.8760	0.4300	0.0000	-0.1020	0.0000	0.0000	0.0320	0.0000	0.0000	-2.1030	0.0000	0.0000	0.0000	1.3270	0.0000	0.0000	0.4280	0.0000	-1.3430	0.0000	0.0000
F8	-0.4740	0.0030	0.0000	-2.5930	-0.0010	0.0000	0.0260	0.0000	0.0120	-1.4480	0.0000	0.0000	-0.0060	0.9470	-0.0040	0.0000	1.2500	-0.0330	-0.6040	0.0280	0.0020
F9	-4.0090	2.4590	0.0000	-2.5320	0.0540	0.0030	0.1350	0.1470	0.4410	-2.5130	0.0000	0.0000	-0.0140	1.2540	0.1130	-0.1170	0.7920	0.1510	-0.5240	-0.9320	0.0650
Q1	-1.4740	-0.3180	0.0000	-1.6680	0.0000	0.0000	0.0310	0.0000	0.0000	-4.6350	0.0000	0.0000	0.0000	-0.0140	0.0000	0.0000	-0.2440	0.0000	-0.9470	0.0000	0.0000
Q3	-1.5860	1.7620	0.0000	-1.7820	0.0000	0.0010	-0.0590	0.0170	-0.0140	-2.5970	0.0000	0.0000	0.0100	0.0300	-0.0010	-0.0010	-0.4860	0.0250	-0.4820	-0.0230	-0.0070
Q2	-1.5630	1.2120	0.0000	-1.8580	0.0000	0.0000	0.0290	0.0000	0.0000	-3.0050	0.0000	0.0000	0.0000	-0.0180	0.0000	0.0000	-0.1530	0.0000	-0.6530	0.0000	0.0000
Q5	-0.8540	2.8860	0.0000	-2.6530	-0.0010	0.0020	0.0230	0.0150	0.0380	-1.0230	0.0000	0.0000	-0.0160	-0.0430	-0.0030	-0.0060	-0.1120	-0.1560	-0.2390	0.0910	0.0010
Q4	-1.5980	2.0060	0.0000	-1.3200	0.0000	0.0000	-0.0500	0.0000	0.0000	-2.1340	0.0000	0.0000	0.0000	0.0460	0.0000	0.0000	-0.5240	0.0000	-0.6930	0.0000	0.0000
Q7	-2.3570	4.6190	0.0000	-1.3910	0.0000	0.0000	0.0600	0.0000	0.0000	1.8590	0.0000	0.0000	0.0000	1.4200	0.0000	0.0000	0.3810	0.0000	-0.8690	0.0000	0.0000
Q6	-2.3420	4.2630	0.0000	-0.4910	0.0000	0.0000	0.0190	0.0000	0.0000	2.9240	0.0000	0.0000	0.0000	1.6000	0.0000	0.0000	0.4680	0.0000	-0.5930	0.0000	0.0000
E11	-0.4410	-0.7880	0.0000	-2.4250	0.0000	0.0000	0.0380	0.0000	0.0000	-2.1810	0.0000	0.0000	0.0000	0.8740	0.0000	0.0000	1.2110	0.0000	-0.6500	0.0000	0.0000
E10	-3.5200	1.2730	0.0000	-0.0050	0.0000	0.0000	0.0430	0.0000	0.0000	-2.8190	0.0000	0.0000	0.0000	1.2110	0.0000	0.0000	-0.0480	0.0000	-1.7740	0.0000	0.0000
E12	-0.6280	-0.1650	0.0000	-3.2470	0.0010	0.0000	0.0470	0.0110	-0.0070	-2.6180	0.0000	0.0000	-0.0120	0.8450	0.0040	0.0010	1.2610	-0.0260	-0.6860	-0.0250	0.0080
C12	-0.4650	-0.8070	0.0000	-2.7550	0.0000	0.0000	0.0310	0.0000	0.0000	-2.4740	0.0000	0.0000	0.0000	0.9640	0.0000	0.0000	1.2330	0.0000	-0.6740	0.0000	0.0000
C11	-2.2900	0.9460	0.0000	-1.0360	0.0000	0.0000	0.0560	0.0000	0.0000	-1.4400	0.0000	0.0000	0.0000	1.3020	0.0000	0.0000	0.7360	0.0000	-1.1540	0.0000	0.0000
C10	-0.3930	-0.4150	0.0000	-2.3590	-0.0010	-0.0210	0.0420	0.0080	0.0320	-2.1100	0.0000	0.0000	0.0040	0.8760	0.0160	0.0000	1.0460	0.0770	-0.8850	-0.1210	-0.0150
A11	-1.2620	0.3030	0.0000	-2.4570	0.0000	0.0000	-0.0620	0.0000	0.0000	-2.8400	0.0000	0.0000	0.0000	1.2340	0.0000	0.0000	0.3180	0.0000	-0.9160	0.0000	0.0000
A10	-7.0240	4.8120	0.0000	-0.3410	0.0000	0.0000	0.0420	0.0000	0.0000	-2.8260	0.0000	0.0000	0.0000	0.8560	0.0000	0.0000	-0.1040	0.0000	-1.0660	0.0000	0.0000
A12	-1.6790	-0.0390	0.0000	-1.2960	0.0000	0.0000	0.0600	0.0000	0.0000	-4.0750	0.0000	0.0000	0.0000	-0.0510	0.0000	0.0000	-0.2590	0.0000	-0.8100	0.0000	0.0000
A1	-1.7230	3.7540	0.0000	-2.9950	0.0000	0.0000	-0.0320	0.0000	0.0000	-0.2720	0.0000	0.0000	0.0000	1.2170	0.0000	0.0000	0.2230	0.0000	-0.7150	0.0000	0.0000
A3	-2.2390	-0.4460	0.0000	-0.5380	0.0280	0.0510	0.0500	0.0870	0.0680	-3.8200	0.0000	0.0000	-0.0060	-0.1770	-0.0270	-0.0630	-0.1980	0.1540	-0.9090	0.2440	0.1010
A2	-0.3640	2.0300	0.0000	-3.3370	0.0000	0.0000	-0.0090	0.0000	0.0000	0.0610	0.0000	0.0000	0.0000	1.5940	0.0000	0.0000	0.2510	0.0000	-0.1080	0.0000	0.0000
A5	-2.0850	2.7630	0.0000	-1.0150	0.0000	0.0000	-0.0450	0.0000	0.0000	-1.4240	0.0000	0.0000	0.0000	0.0440	0.0000	0.0000	-0.5280	0.0000	-0.5570	0.0000	0.0000
A4	-2.0470	0.4190	0.0000	-2.3110	0.0000	0.0000	-0.0350	0.0000	0.0000	-4.8580	0.0000	0.0000	0.0000	0.0270	0.0000	0.0000	-0.1110	0.0000	-0.7980	0.0000	0.0000
A7	-2.7270	5.3330	0.0000	-3.8570	0.0000	0.0000	-0.0040	0.0230	-0.0060	-1.6820	0.0000	0.0000	0.0040	0.0040	0.0000	0.0080	0.0490	-0.0520	-0.4850	0.0130	0.0130
A6	-0.3670	2.0320	0.0000	-3.3400	0.0000	0.0000	-0.0080	0.0000	0.0000	0.0660	0.0000	0.0000	0.0000	1.6000	0.0000	0.0000	0.2580	0.0000	-0.1120	0.0000	0.0000
A9	-0.7910	0.1140	0.0000	-4.0010	0.0000	0.0000	-0.0440	0.0000	0.0000	-6.7310	0.0000	0.0000	0.0000	0.0180	0.0000	0.0000	-0.9450	0.0000	-1.0790	0.0000	0.0000
A8	-2.0030	0.1950	0.0000	-2.2680	0.0000	0.0000	-0.0350	0.0000	0.0000	-5.0180	0.0000	0.0000	0.0000	0.0390	0.0000	0.0000	-0.1460	0.0000	-0.7990	0.0000	0.0000
D8	-0.5860	-0.1420	0.0000	-3.1300	0.0000	0.0000	0.0480	0.0000	0.0000	-2.4540	0.0000	0.0000	0.0000	0.8520	0.0000	0.0000	1.2470	0.0000	-0.7420	0.0000	0.0000
D9	-0.7100	0.0080	0.0000	-1.7660	0.0000	0.0000	0.0590	0.0000	0.0000	-1.1660	0.0000	0.0000	0.0000	0.9150	0.0000	0.0000	1.2840	0.0000	-0.9570	0.0000	0.0000
D6	-2.6110	0.3300	0.0000	-0.9450	0.0000	0.0000	0.0680	0.0000	0.0000	-2.3290	0.0000	0.0000	0.0000	1.3000	0.0000	0.0000	0.7160	0.0000	-1.1880	0.0000	0.0000
D7	0.8500	1.9770	0.0000	-2.8170	0.0010	0.0000	0.0080	0.0190	0.0000	1.4980	0.0000	0.0000	0.0030	1.1570	-0.0040	0.0010	0.8200	0.0110	-0.5040	-0.0360	0.0110
D4	-3.7910	1.5690	0.0000	-0.6860	-0.0010	-0.0020	0.0730	-0.0030	0.0130	-2.7810	0.0000	0.0000	-0.0040	1.1230	0.0110	-0.0100	0.3680	-0.0320	-1.4220	-0.0200	0.0380
D5	-3.7700	1.6170	0.0000	-0.6820	-0.0010	0.0000	0.0720	-0.0060	0.0090	-2.7680	0.0000	0.0000	0.0120	1.1270	0.0000	-0.0040	0.3750	-0.0670	-1.4260	-0.0340	0.0080
D2	-1.3610	-0.0940	0.0000	-1.3450	-0.0070	-0.0100	0.1170	0.2800	0.5200	-1.6540	0.0000	0.0000	-0.0490	1.0030	0.1080	0.1780	0.3080	-0.4370	-0.7740	-0.2550	0.1640
D3	-3.2250	1.3470	0.0000	-0.7450	-0.0050	0.0020	0.0570	-0.0070	0.0020	-2.1690	0.0000	0.0000	-0.0020	1.1430	-0.0040	0.1060	0.4120	-0.0120	-1.3060	0.0910	-0.0210
D1	-0.9390	-0.2450	0.0000	-3.0650	-0.0060	-0.0260	0.0560	-0.0070	0.0380	-2.7390	0.0000	0.0000	-0.0090	0.8610	0.0310	-0.0040	1.2230	0.0830	-0.6710	-0.0700	0.0080
