MUT	fa_rep:	ref:	fa_atr:	hbond_sc:	fa_sol:	yhh_planarity:	dslf_fa13:	fa_intra_sol_xover4:	omega:	p_aa_pp:	TOT	sugar_bb:	fa_intra_rep:	hbond_lr_bb:	hbond_sr_bb:	hbond_bb_sc:	fa_elec:	cart_bonded:	lk_ball_wtd:	fa_dun:	rama_prepro:
G7	-0.1360	-1.6890	0.0000	-0.8690	0.0000	0.0000	0.0100	0.0000	0.0000	-2.1860	0.0000	0.0000	0.0000	0.0060	0.0000	0.0000	0.5520	0.0000	-0.0590	0.0000	0.0000
G6	0.6140	-2.5090	0.0000	-0.3220	0.0000	0.0000	0.0100	0.0000	0.0000	-1.4290	0.0000	0.0000	0.0000	-0.0060	0.0000	0.0000	0.8450	0.0000	-0.0600	0.0000	0.0000
G5	-0.1110	-2.7500	0.0000	-0.7930	0.0000	0.0000	0.0170	0.0000	0.0000	-2.7810	0.0000	0.0000	0.0000	0.0000	0.0000	0.0000	0.7210	0.0000	0.1340	0.0000	0.0000
G4	-5.3800	5.4160	0.0000	-3.1280	0.0000	0.0000	0.1730	0.0000	0.0000	-1.9120	0.0000	0.0000	0.0000	-0.0910	0.0000	0.0000	1.2450	0.0000	-0.1470	0.0000	0.0000
G3	-4.2670	4.7640	0.0000	-1.7520	0.0000	0.0010	0.1010	-0.0150	-0.0220	-0.6170	0.0000	0.0000	0.0100	-0.0390	0.0010	-0.0100	0.8470	0.0030	-0.2220	-0.0120	-0.0040
G2	-3.8040	4.2260	0.0000	-2.5460	0.0000	0.0000	0.0810	0.0000	0.0000	-1.4560	0.0000	0.0000	0.0000	-0.0310	0.0000	0.0000	0.9670	0.0000	-0.3520	0.0000	0.0000
G1	-0.7090	-0.4930	0.0000	-1.7310	0.0750	-0.0040	0.0600	0.1640	-0.0070	-2.0260	0.0000	0.0000	-0.0160	-0.0070	-0.0120	-0.0600	1.0050	-0.1320	-0.1210	-0.0250	-0.0130
G9	-0.0140	-1.1070	0.0000	-1.1020	0.0000	0.0000	-0.0230	0.0000	0.0000	-1.6370	0.0000	0.0000	0.0000	0.0440	0.0000	0.0000	0.4410	0.0000	0.1240	0.0000	0.0000
G8	0.2120	-2.2520	0.0000	-0.9070	0.0000	0.0000	0.0230	0.0000	0.0000	-2.4890	0.0000	0.0000	0.0000	0.0020	0.0000	0.0000	0.4290	0.0000	0.0020	0.0000	0.0000
N6	-0.4090	0.0770	0.0000	-3.2020	0.0000	0.0000	-0.0150	0.0000	0.0000	-1.7260	0.0000	0.0000	0.0000	1.6380	0.0000	0.0000	0.4470	0.0000	-0.2630	0.0000	0.0000
N7	-0.1640	-0.9530	0.0000	-2.9380	0.0050	-0.0010	-0.0010	0.0260	-0.0110	-2.2500	0.0000	0.0000	0.0070	1.7250	0.0000	0.0100	0.2930	-0.0080	-0.2310	-0.0250	0.0120
B4	-4.0350	4.9460	0.0000	-5.0740	0.0000	0.0000	0.0590	-0.0370	0.0000	-1.0270	0.0000	0.0000	0.0000	1.6820	0.0050	-0.0140	1.7440	-0.0600	-0.2470	0.0020	0.0020
B5	-1.0860	1.9140	0.0000	-1.0600	0.0000	0.0000	0.0040	0.0000	0.0000	1.1110	0.0000	0.0000	0.0000	1.7010	0.0000	0.0000	-0.4380	0.0000	0.0770	0.0000	0.0000
B6	-1.2560	2.9840	0.0000	-2.7940	0.0030	0.0000	0.0460	0.0370	0.0060	-0.3610	0.0000	0.0000	-0.0090	0.0030	-0.0050	0.0020	0.4880	0.0360	0.1340	-0.0310	-0.0050
B7	-4.6690	2.3290	0.0000	-2.0240	0.0000	0.0000	0.1090	0.0000	0.0000	-3.9070	0.0000	0.0000	0.0000	-0.0400	0.0000	0.0000	0.9150	0.0000	-0.5290	0.0000	0.0000
B2	-3.8190	4.5720	0.0000	2.4390	-0.0010	-0.0010	-0.0380	-0.0120	0.0010	1.9200	0.0000	0.0000	-0.0290	-0.0440	-0.0200	0.0100	-0.9770	-0.0590	-0.1790	0.0560	0.0250
B3	-2.3390	2.8710	0.0000	-3.9800	0.0000	0.0000	0.0620	0.0000	0.0000	-1.0190	0.0000	0.0000	0.0000	1.6130	0.0000	0.0000	1.0890	0.0000	-0.3350	0.0000	0.0000
B8	-1.3580	3.0060	0.0000	-1.6430	-0.0020	0.0000	0.0250	-0.0140	-0.0070	0.4740	0.0000	0.0000	0.0120	0.0010	0.0010	-0.0020	0.4670	0.0310	0.0180	-0.0500	-0.0120
B9	-2.0660	1.7350	0.0000	-2.9380	0.0000	0.0030	0.1300	-0.0140	0.0080	-2.8470	0.0000	0.0000	0.0040	-0.0480	-0.0040	-0.0030	0.6390	0.0370	-0.3060	-0.0160	-0.0090
N5	-0.5760	-0.7030	0.0000	-2.9620	0.0000	0.0000	0.0220	0.0000	0.0000	-2.1490	0.0000	0.0000	0.0000	1.0510	0.0000	0.0000	1.0350	0.0000	-0.0190	0.0000	0.0000
P10	-1.8880	3.1880	0.0000	-2.8370	0.0000	0.0000	-0.0020	0.0000	0.0000	1.9800	0.0000	0.0000	0.0000	2.9220	0.0000	0.0000	1.0790	0.0000	-0.4820	0.0000	0.0000
P11	-1.8510	3.0120	0.0000	-1.5770	0.0010	0.0030	0.0060	0.0130	0.0070	1.0920	0.0000	0.0000	0.0060	1.6420	0.0040	0.0060	0.1470	-0.0310	-0.2570	-0.0340	0.0000
P12	-1.5320	2.8450	0.0000	-2.1660	0.0000	0.0000	-0.0160	0.0000	0.0000	0.7650	0.0000	0.0000	0.0000	1.6350	0.0000	0.0000	0.1860	0.0000	-0.1880	0.0000	0.0000
E9	-0.5770	-0.7110	0.0000	-1.5560	0.0040	-0.0020	0.0430	-0.0440	0.0150	-1.9890	0.0000	0.0000	0.0030	0.0290	-0.0110	-0.0050	0.9850	-0.2480	0.0810	0.0150	-0.0110
E8	-0.6470	-1.1990	0.0000	-1.6870	0.0000	0.0000	0.0540	0.0000	0.0000	-2.6980	0.0000	0.0000	0.0000	-0.0200	0.0000	0.0000	1.0740	0.0000	-0.2730	0.0000	0.0000
E5	-0.5110	-1.0840	0.0000	-1.4540	0.0000	0.0000	0.0590	0.0000	0.0000	-2.2770	0.0000	0.0000	0.0000	-0.0220	0.0000	0.0000	0.9430	0.0000	-0.2060	0.0000	0.0000
E4	-0.2070	-1.7300	0.0000	-1.0020	0.0000	0.0000	0.0490	0.0000	0.0000	-2.1120	0.0000	0.0000	0.0000	-0.0120	0.0000	0.0000	0.9090	0.0000	-0.1170	0.0000	0.0000
E7	-0.4290	-1.6130	0.0000	-1.5360	0.0000	0.0000	0.0450	0.0000	0.0000	-2.9750	0.0000	0.0000	0.0000	-0.0170	0.0000	0.0000	0.7000	0.0000	-0.1240	0.0000	0.0000
E6	-3.4260	0.5120	0.0000	-1.5060	0.0000	0.0000	0.0960	0.0000	0.0000	-3.8850	0.0000	0.0000	0.0000	-0.0330	0.0000	0.0000	0.8580	0.0000	-0.3850	0.0000	0.0000
E1	-0.9940	0.2460	0.0000	-1.3830	0.0370	-0.0020	0.0710	-0.0500	0.0560	-1.2590	0.0000	0.0000	-0.0470	-0.0190	0.0050	0.0110	0.7280	0.1760	-0.2200	0.1100	0.0170
P8	-0.8960	1.8000	0.0000	-4.2370	0.0000	-0.0010	-0.0190	-0.0840	-0.0140	0.6560	0.0000	0.0000	0.0060	2.9170	-0.0040	0.0010	1.3150	0.0790	-0.2390	0.0110	0.0210
E3	-3.4290	1.1860	0.0000	-1.6190	0.0000	0.0000	0.1070	0.0000	0.0000	-3.3020	0.0000	0.0000	0.0000	-0.0460	0.0000	0.0000	0.6880	0.0000	-0.1900	0.0000	0.0000
E2	-3.4940	1.4060	0.0000	-1.7840	0.0000	0.0000	0.1010	0.0000	0.0000	-3.2170	0.0000	0.0000	0.0000	-0.0450	0.0000	0.0000	0.7310	0.0000	-0.1310	0.0000	0.0000
P2	-3.8150	3.0470	0.0000	-1.7860	0.0090	-0.0150	-0.0230	0.0280	-0.0010	-3.2000	0.0000	0.0000	0.0180	0.0190	-0.0110	-0.0010	0.3350	-0.0290	-0.7960	-0.1760	-0.0030
P3	-3.9540	4.3200	0.0000	-3.0370	0.0000	0.0000	0.0060	0.0000	0.0000	1.0760	0.0000	0.0000	0.0000	2.9560	0.0000	0.0000	1.3610	0.0000	-0.5730	0.0000	0.0000
P1	-2.9930	1.8200	0.0000	-0.8790	0.0000	0.0000	0.0760	0.0000	0.0000	-3.2970	0.0000	0.0000	0.0000	-0.0730	0.0000	0.0000	-0.2970	0.0000	-0.9500	0.0000	0.0000
P6	-1.5490	3.2840	0.0000	-2.7850	0.0000	0.0000	-0.0170	0.0000	0.0000	0.7320	0.0000	0.0000	0.0000	1.6320	0.0000	0.0000	0.4270	0.0000	-0.2590	0.0000	0.0000
P7	-1.0140	4.6620	0.0000	-3.9310	0.0000	0.0000	0.0110	0.0000	0.0000	3.4390	0.0000	0.0000	0.0000	2.9420	0.0000	0.0000	1.1820	0.0000	-0.4130	0.0000	0.0000
P4	-2.7790	4.3460	0.0000	-3.3380	0.0780	-0.0370	-0.0090	-0.0140	-0.0860	1.2980	0.0000	0.0000	-0.0040	2.9850	0.0780	0.0200	1.2780	-0.2630	-0.6250	-0.0370	-0.2970
P5	-1.6480	2.5140	0.0000	-4.3700	0.0000	0.0000	-0.0370	0.0000	0.0000	0.3820	0.0000	0.0000	0.0000	2.9730	0.0000	0.0000	1.1340	0.0000	-0.1830	0.0000	0.0000
H10	-1.8020	5.8910	0.0000	-4.3090	0.0000	0.0000	-0.0030	0.0000	0.0000	2.3610	0.0000	0.0000	0.0000	1.1400	0.0000	0.0000	0.9090	0.0000	0.5340	0.0000	0.0000
H11	-0.5070	3.0930	0.0000	-2.8570	0.0000	0.0000	-0.0180	0.0000	0.0000	1.1000	0.0000	0.0000	0.0000	1.0230	0.0000	0.0000	0.1710	0.0000	0.1940	0.0000	0.0000
H12	-1.5740	5.7780	0.0000	-4.9370	0.0000	0.0000	-0.0160	0.0000	0.0000	2.4020	0.0000	0.0000	0.0000	1.0510	0.0000	0.0000	1.4560	0.0000	0.6420	0.0000	0.0000
P9	-1.4820	3.0550	0.0000	-3.5900	0.0000	0.0000	-0.0150	0.0000	0.0000	1.6850	0.0000	0.0000	0.0000	2.9280	0.0000	0.0000	1.1370	0.0000	-0.3490	0.0000	0.0000
F12	-2.8700	6.6180	0.0000	-2.1900	-0.0020	0.0000	0.0520	-0.0220	0.0010	2.5170	0.0000	0.0000	0.0030	-0.0150	0.0130	0.0080	0.9910	0.0040	-0.1220	0.0640	-0.0130
F10	-3.3120	3.6020	0.0000	-1.3520	0.0000	0.0010	0.0320	-0.0040	-0.0050	-0.7270	0.0000	0.0000	-0.0230	-0.0180	0.0100	0.0020	0.7020	-0.0350	-0.3440	0.0140	0.0040
F11	-4.2180	4.7240	0.0000	-2.1580	0.0000	0.0000	0.0820	0.0000	0.0000	-1.0680	0.0000	0.0000	0.0000	-0.0330	0.0000	0.0000	0.8920	0.0000	-0.3600	0.0000	0.0000
N12	-0.1900	-0.2010	0.0000	-0.8050	0.0010	-0.0010	-0.0210	-0.0080	-0.0040	0.0260	0.0000	0.0000	-0.0060	1.6510	-0.0040	0.0030	-0.1950	0.0450	-0.2690	0.0420	-0.0120
H8	-0.1380	-0.0770	0.0000	-1.4330	0.0000	0.0000	0.0020	0.0000	0.0000	-0.5530	0.0000	0.0000	0.0000	1.6540	0.0000	0.0000	-0.0840	0.0000	-0.4780	0.0000	0.0000
H9	-0.2380	0.3550	0.0000	-1.4220	0.0000	0.0000	0.0040	0.0000	0.0000	-0.2200	0.0000	0.0000	0.0000	1.6510	0.0000	0.0000	-0.1170	0.0000	-0.4540	0.0000	0.0000
H6	-0.1430	0.3350	0.0000	-1.2280	0.0000	0.0000	-0.0250	0.0000	0.0000	0.1740	0.0000	0.0000	0.0000	1.6670	0.0000	0.0000	-0.0520	0.0000	-0.3810	0.0000	0.0000
H7	-0.2020	0.1310	0.0000	-1.5090	0.0000	0.0000	0.0060	0.0000	0.0000	-0.4510	0.0000	0.0000	0.0000	1.6560	0.0000	0.0000	-0.0670	0.0000	-0.4690	0.0000	0.0000
H4	-0.0040	-1.1310	0.0000	0.4140	0.0000	0.0000	-0.0120	0.0000	0.0000	-0.9790	0.0000	0.0000	0.0000	0.0060	0.0000	0.0000	-0.0600	0.0000	-0.1920	0.0000	0.0000
H5	-0.1620	0.5010	0.0000	-1.2860	0.0000	0.0000	-0.0200	0.0000	0.0000	0.2780	0.0000	0.0000	0.0000	1.6650	0.0000	0.0000	-0.0450	0.0000	-0.3750	0.0000	0.0000
D10	-0.4370	-0.7040	0.0000	-1.2720	0.0000	0.0000	0.0580	0.0000	0.0000	-1.7350	0.0000	0.0000	0.0000	-0.0210	0.0000	0.0000	0.9150	0.0000	-0.2760	0.0000	0.0000
D11	-0.2780	-0.0160	0.0000	-2.0780	0.0220	0.1920	-0.0390	0.0670	0.0050	-0.8970	0.0000	0.0000	-0.0210	-0.0120	0.0150	-0.0720	0.8720	0.6260	-0.0330	-0.2140	0.0630
D12	-0.6110	-0.0280	0.0000	-1.9380	0.0000	0.0000	0.0400	0.0000	0.0000	-1.9650	0.0000	0.0000	0.0000	-0.0230	0.0000	0.0000	0.6040	0.0000	-0.0120	0.0000	0.0000
B12	-4.0450	3.4120	0.0000	-1.2610	0.0050	0.0030	0.1340	-0.0810	-0.0450	-2.1540	0.0000	0.0000	0.0530	-0.0470	-0.0290	0.0220	0.3630	-0.1200	-0.6220	0.1970	-0.0930
B10	-3.6420	3.4640	0.0000	-1.1080	0.0000	0.0000	0.1160	0.0000	0.0000	-1.2690	0.0000	0.0000	0.0000	-0.0290	0.0000	0.0000	0.5580	0.0000	-0.6270	0.0000	0.0000
B11	-3.5570	1.1880	0.0000	-2.6820	0.0020	0.0010	0.1000	-0.0110	0.0330	-4.2920	0.0000	0.0000	0.0000	-0.0490	0.0010	-0.0110	0.8690	0.0110	-0.2060	0.0230	-0.0050
Q8	-1.5890	4.0590	0.0000	-5.0580	0.0000	0.0000	-0.0390	0.0000	0.0000	1.7270	0.0000	0.0000	0.0000	2.9260	0.0000	0.0000	1.8350	0.0000	-0.4080	0.0000	0.0000
Q9	-1.7170	1.9010	0.0000	-2.3020	0.0010	0.0000	-0.0120	-0.0440	0.0380	-0.5970	0.0000	0.0000	0.0000	1.6050	-0.0030	0.0140	0.2120	-0.0100	-0.2890	0.0020	0.0070
C9	0.0190	-2.1700	0.0000	-0.4740	0.0000	0.0000	0.0350	0.0000	0.0000	-2.0240	0.0000	0.0000	0.0000	-0.0080	0.0000	0.0000	0.7570	0.0000	-0.1820	0.0000	0.0000
C8	-0.5450	-0.3270	0.0000	-0.7830	0.0000	0.0000	0.0390	0.0000	0.0000	-1.1170	0.0000	0.0000	0.0000	0.0120	0.0000	0.0000	0.6750	0.0000	-0.1870	0.0000	0.0000
Q11	-3.2930	3.4280	0.0000	-2.0190	0.0000	0.0000	0.0160	0.0000	0.0000	-0.1110	0.0000	0.0000	0.0000	1.6660	0.0000	0.0000	0.4840	0.0000	-0.3910	0.0000	0.0000
Q10	-4.0520	3.2380	0.0000	-1.8690	0.0000	0.0000	-0.0120	0.0000	0.0000	-3.1990	0.0000	0.0000	0.0000	0.0300	0.0000	0.0000	0.3680	0.0000	-0.9010	0.0000	0.0000
Q12	-3.1210	3.7910	0.0000	-3.1680	0.0000	0.0000	0.0290	0.0000	0.0000	-0.4330	0.0000	0.0000	0.0000	1.6580	0.0000	0.0000	0.7120	0.0000	-0.3330	0.0000	0.0000
C3	-6.0870	4.1210	0.0000	-2.3140	0.0000	0.0000	0.0090	0.0070	0.0130	-3.6870	0.0000	0.0000	-0.0030	0.0230	0.0010	0.0010	0.7720	-0.0400	-0.2110	0.0340	-0.0100
C2	-1.1850	3.0970	0.0000	-2.6660	0.0000	0.0000	0.0430	0.0000	0.0000	-0.1500	0.0000	0.0000	0.0000	0.0030	0.0000	0.0000	0.4160	0.0000	0.1410	0.0000	0.0000
C1	-3.9590	2.7600	0.0000	-0.9310	0.0000	0.0000	0.1100	0.0000	0.0000	-2.1760	0.0000	0.0000	0.0000	-0.0270	0.0000	0.0000	0.5220	0.0000	-0.6490	0.0000	0.0000
C7	-0.0630	-2.7800	0.0000	-1.1200	0.0000	0.0000	0.0370	0.0000	0.0000	-3.0510	0.0000	0.0000	0.0000	-0.0140	0.0000	0.0000	0.8390	0.0000	0.0520	0.0000	0.0000
C6	-0.0290	-2.2590	0.0000	-1.0200	0.0000	0.0000	0.0300	0.0000	0.0000	-2.4620	0.0000	0.0000	0.0000	-0.0150	0.0000	0.0000	0.8110	0.0000	0.0170	0.0000	0.0000
C5	-0.1950	-1.7520	0.0000	-0.7010	0.0000	0.0000	0.0410	0.0000	0.0000	-1.9410	0.0000	0.0000	0.0000	-0.0110	0.0000	0.0000	0.8550	0.0000	-0.1760	0.0000	0.0000
C4	-0.2450	-1.1010	0.0000	-1.3600	0.0000	0.0000	0.0310	0.0000	0.0000	-1.8660	0.0000	0.0000	0.0000	-0.0210	0.0000	0.0000	0.7450	0.0000	0.0860	0.0000	0.0000
N10	-0.0470	-0.2930	0.0000	-1.9530	0.0000	0.0000	-0.0180	0.0000	0.0000	-0.8950	0.0000	0.0000	0.0000	1.6320	0.0000	0.0000	0.0230	0.0000	-0.2400	0.0000	0.0000
N8	-0.9040	0.2290	0.0000	-2.9080	0.0000	0.0000	0.0290	0.0000	0.0000	-1.8540	0.0000	0.0000	0.0000	1.0860	0.0000	0.0000	0.7930	0.0000	-0.1780	0.0000	0.0000
N9	-2.0720	0.7410	0.0000	-3.0050	0.0000	0.0000	-0.0350	0.0000	0.0000	-2.1210	0.0000	0.0000	0.0000	0.8360	0.0000	0.0000	1.1450	0.0000	0.2700	0.0000	0.0000
N11	-1.3080	0.1450	0.0000	0.8980	0.0020	-0.0010	-0.0130	-0.1520	0.0370	1.3650	0.0000	0.0000	-0.0010	1.7240	-0.0040	0.0100	0.4280	0.0590	-0.5430	0.0600	0.0240
G12	-1.3510	2.8520	0.0000	-2.0320	0.0070	0.0040	0.0250	0.0450	-0.0470	0.2150	0.0000	0.0000	-0.0120	0.0340	-0.0120	0.0530	0.7740	0.0830	-0.1000	-0.0970	-0.0100
G11	-3.7290	3.2360	0.0000	-1.5310	0.0000	0.0000	0.0290	0.0000	0.0000	-1.3650	0.0000	0.0000	0.0000	0.0030	0.0000	0.0000	0.9150	0.0000	-0.2890	0.0000	0.0000
G10	0.0010	-2.1970	0.0000	-0.9070	0.0000	0.0000	0.0080	0.0000	0.0000	-2.6110	0.0000	0.0000	0.0000	0.0040	0.0000	0.0000	0.4980	0.0000	-0.0170	0.0000	0.0000
F1	-0.3890	-1.2750	0.0000	-1.6550	-0.0020	0.0000	0.0440	-0.0150	-0.0190	-2.7130	0.0000	0.0000	0.0030	-0.0230	-0.0050	0.0050	0.6670	0.0220	-0.0780	-0.0010	0.0030
F2	-0.9260	1.1370	0.0000	-3.2720	0.0000	0.0000	0.0630	0.0000	0.0000	-1.7430	0.0000	0.0000	0.0000	-0.0280	0.0000	0.0000	0.9760	0.0000	0.3060	0.0000	0.0000
F3	-0.4400	-0.8370	0.0000	-1.2300	-0.0010	0.0010	0.0430	0.0190	-0.0140	-1.9190	0.0000	0.0000	0.0040	0.0150	0.0010	0.0010	0.6820	0.0200	-0.1300	-0.0540	0.0030
F4	-3.7170	3.2050	0.0000	-1.2490	0.0000	0.0000	0.1210	0.0000	0.0000	-1.7410	0.0000	0.0000	0.0000	-0.0280	0.0000	0.0000	0.5200	0.0000	-0.5910	0.0000	0.0000
F5	-0.3600	-0.7870	0.0000	-0.7570	0.0000	0.0000	0.0510	0.0000	0.0000	-1.0990	0.0000	0.0000	0.0000	-0.0170	0.0000	0.0000	0.9390	0.0000	-0.1670	0.0000	0.0000
F6	-0.2830	-0.5900	0.0000	-1.1860	-0.0030	0.0010	0.0180	0.0150	0.0100	-1.3700	0.0000	0.0000	-0.0020	0.0120	0.0110	-0.0010	0.8330	-0.0630	-0.1070	-0.0170	-0.0180
F7	-3.3500	0.5040	0.0000	-1.2670	0.0000	0.0000	0.0930	0.0000	0.0000	-3.6540	0.0000	0.0000	0.0000	-0.0290	0.0000	0.0000	0.7680	0.0000	-0.3720	0.0000	0.0000
F8	-0.5220	-0.3810	0.0000	-1.3800	0.0000	0.0000	0.0390	0.0000	0.0000	-1.6840	0.0000	0.0000	0.0000	-0.0190	0.0000	0.0000	0.6550	0.0000	-0.0740	0.0000	0.0000
F9	-3.8250	3.2810	0.0000	-1.0310	0.0000	0.0000	0.1120	0.0000	0.0000	-1.5690	0.0000	0.0000	0.0000	-0.0260	0.0000	0.0000	0.5390	0.0000	-0.6200	0.0000	0.0000
Q1	-0.6980	-0.0820	0.0000	-1.4990	0.0000	0.0000	0.0130	0.0000	0.0000	-0.7660	0.0000	0.0000	0.0000	1.6830	0.0000	0.0000	-0.0830	0.0000	-0.0980	0.0000	0.0000
Q3	-0.9080	2.6580	0.0000	-2.8750	0.0000	0.0000	-0.0220	0.0000	0.0000	0.6990	0.0000	0.0000	0.0000	1.6300	0.0000	0.0000	0.2670	0.0000	-0.0520	0.0000	0.0000
Q2	-1.2520	2.6030	0.0000	-2.6700	0.0000	0.0000	-0.0060	0.0000	0.0000	0.5160	0.0000	0.0000	0.0000	1.6320	0.0000	0.0000	0.3530	0.0000	-0.1430	0.0000	0.0000
Q5	-3.9380	2.8730	0.0000	-2.0050	0.0000	0.0000	-0.0140	0.0000	0.0000	-3.6690	0.0000	0.0000	0.0000	0.0290	0.0000	0.0000	0.3250	0.0000	-0.9390	0.0000	0.0000
Q4	-1.5320	2.8450	0.0000	-2.1510	0.0000	0.0000	-0.0150	0.0000	0.0000	0.7870	0.0000	0.0000	0.0000	1.6330	0.0000	0.0000	0.1970	0.0000	-0.1890	0.0000	0.0000
Q7	-2.5100	4.4370	0.0000	-1.7790	0.0000	0.0000	0.0170	0.0000	0.0000	3.5870	0.0000	0.0000	0.0000	2.6730	0.0000	0.0000	1.3860	0.0000	-0.6350	0.0000	0.0000
Q6	-3.0290	4.2760	0.0000	-1.8790	0.0000	0.0000	0.0060	0.0000	0.0000	1.0710	0.0000	0.0000	0.0000	1.6890	0.0000	0.0000	0.3170	0.0000	-0.3090	0.0000	0.0000
E11	-0.1910	-1.4490	0.0000	-1.0600	0.0000	0.0000	0.0420	0.0000	0.0000	-1.8720	0.0000	0.0000	0.0000	-0.0140	0.0000	0.0000	0.8920	0.0000	-0.0910	0.0000	0.0000
E10	-3.0690	2.6870	0.0000	-1.4260	0.0000	0.0000	0.1340	0.0010	-0.0160	-1.6410	0.0000	0.0000	-0.0010	-0.0270	-0.0120	-0.0020	0.6520	-0.0070	-0.5920	0.0400	0.0010
E12	-0.5370	-0.6720	0.0000	-1.6600	0.0000	0.0000	0.0350	0.0000	0.0000	-2.0570	0.0000	0.0000	0.0000	-0.0010	0.0000	0.0000	0.8440	0.0000	-0.0640	0.0000	0.0000
C12	-0.4960	-1.6200	0.0000	-1.1190	0.0000	0.0000	0.0460	0.0000	0.0000	-2.7980	0.0000	0.0000	0.0000	-0.0160	0.0000	0.0000	0.6200	0.0000	-0.2110	0.0000	0.0000
C11	-5.7950	1.3170	0.0000	-1.4980	-0.0020	0.0000	0.1020	0.1020	-0.0120	-5.7220	0.0000	0.0000	0.0040	-0.0520	0.0000	-0.0080	0.9430	-0.0090	-0.7770	-0.0130	-0.0210
C10	-0.5120	-1.1320	0.0000	-1.1370	0.0000	0.0000	0.0580	0.0000	0.0000	-2.1360	0.0000	0.0000	0.0000	-0.0240	0.0000	0.0000	0.8910	0.0000	-0.2790	0.0000	0.0000
A11	-0.1890	1.0330	0.0000	-2.6340	-0.0010	0.0010	-0.0200	0.0250	-0.0290	1.5970	0.0000	0.0000	0.0100	2.9550	-0.0020	0.0320	0.8380	0.0480	-0.4570	-0.0170	0.0050
A10	-5.3820	5.4140	0.0000	-3.1320	0.0000	0.0000	0.1710	0.0000	0.0000	-1.9180	0.0000	0.0000	0.0000	-0.0920	0.0000	0.0000	1.2490	0.0000	-0.1470	0.0000	0.0000
A12	-1.8190	0.8030	0.0000	-1.2720	0.0000	0.0000	-0.0090	0.0000	0.0000	-0.5400	0.0000	0.0000	0.0000	1.7260	0.0000	0.0000	0.2680	0.0000	-0.2370	0.0000	0.0000
A1	-1.6830	3.9020	0.0000	-3.3620	0.0000	0.0000	-0.0110	0.0000	0.0000	2.5460	0.0000	0.0000	0.0000	2.9190	0.0000	0.0000	1.1460	0.0000	-0.3670	0.0000	0.0000
A3	-0.2320	0.7760	0.0000	-1.1140	0.0000	0.0000	-0.0200	0.0000	0.0000	0.5980	0.0000	0.0000	0.0000	1.6580	0.0000	0.0000	-0.1120	0.0000	-0.3580	0.0000	0.0000
A2	-0.8760	1.6460	0.0000	-2.8320	0.0000	0.0000	-0.0140	0.0000	0.0000	-0.2610	0.0000	0.0000	0.0000	1.6270	0.0000	0.0000	0.2950	0.0000	-0.1080	0.0000	0.0000
A5	-1.6270	3.8790	0.0000	-2.2430	0.0000	0.0000	-0.0200	0.0000	0.0000	1.6650	0.0000	0.0000	0.0000	1.6340	0.0000	0.0000	0.1770	0.0000	-0.1320	0.0000	0.0000
A4	-1.7390	1.0280	0.0000	-2.6410	0.0000	0.0000	-0.0230	0.0000	0.0000	0.5040	0.0000	0.0000	0.0000	2.9460	0.0000	0.0000	1.1340	0.0000	-0.2000	0.0000	0.0000
A7	-1.6930	5.1190	0.0000	-2.9110	0.0020	0.0010	0.1070	0.0140	-0.0050	3.9760	0.0000	0.0000	0.0090	2.5800	0.0000	0.0010	1.2440	0.0330	-0.5100	-0.0150	0.0030
A6	-0.8760	1.6460	0.0000	-2.8320	0.0000	0.0000	-0.0140	0.0000	0.0000	-0.2610	0.0000	0.0000	0.0000	1.6270	0.0000	0.0000	0.2950	0.0000	-0.1080	0.0000	0.0000
A9	-0.7240	0.1570	0.0000	-3.6780	0.0000	0.0000	0.0050	0.0000	0.0000	-3.3500	0.0000	0.0000	0.0000	1.5090	0.0000	0.0000	-0.0870	0.0000	-0.5310	0.0000	0.0000
A8	-0.9480	1.4800	0.0000	-2.1850	0.0000	0.0000	-0.0170	0.0000	0.0000	2.0370	0.0000	0.0000	0.0000	2.9030	0.0000	0.0000	0.9780	0.0000	-0.1720	0.0000	0.0000
D8	-0.6120	-0.8430	0.0000	-1.6150	0.0000	0.0000	0.0490	0.0000	0.0000	-2.2770	0.0000	0.0000	0.0000	-0.0160	0.0000	0.0000	1.0410	0.0000	-0.2800	0.0000	0.0000
D9	-0.6060	-0.3730	0.0000	-1.0640	0.0110	0.0010	0.0210	0.0630	-0.0270	-1.2960	0.0000	0.0000	-0.0030	0.0330	-0.0120	0.0020	0.7130	-0.0700	-0.0640	0.0900	-0.0100
D6	-3.5690	0.8590	0.0000	-1.3890	0.0000	0.0000	0.0940	0.0000	0.0000	-3.6150	0.0000	0.0000	0.0000	-0.0310	0.0000	0.0000	0.8080	0.0000	-0.3860	0.0000	0.0000
D7	0.6190	1.4740	0.0000	-0.9930	0.0000	0.0000	-0.0100	0.0000	0.0000	1.6300	0.0000	0.0000	0.0000	0.0000	0.0000	0.0000	0.7250	0.0000	-0.1850	0.0000	0.0000
D4	-3.5010	2.9310	0.0000	-1.4560	0.0000	0.0000	0.1390	0.0000	0.0000	-1.9810	0.0000	0.0000	0.0000	-0.0270	0.0000	0.0000	0.5780	0.0000	-0.6440	0.0000	0.0000
D5	-3.4970	2.9720	0.0000	-1.4860	0.0000	0.0000	0.1420	0.0000	0.0000	-1.9660	0.0000	0.0000	0.0000	-0.0280	0.0000	0.0000	0.5730	0.0000	-0.6420	0.0000	0.0000
D2	-0.5840	-1.1090	0.0000	-0.8120	0.0000	0.0000	0.0410	0.0000	0.0000	-2.0040	0.0000	0.0000	0.0000	0.0130	0.0000	0.0000	0.6630	0.0000	-0.2160	0.0000	0.0000
D3	-6.1450	4.1520	0.0000	-2.3050	0.0000	0.0000	0.0110	0.0090	0.0000	-3.6770	0.0000	0.0000	0.0020	0.0250	0.0050	0.0010	0.7910	-0.0600	-0.2030	0.0380	0.0020
D1	-0.6790	-1.2270	0.0000	-1.3870	0.0000	0.0000	0.0520	0.0000	0.0000	-2.5780	0.0000	0.0000	0.0000	-0.0190	0.0000	0.0000	1.0110	0.0000	-0.3310	0.0000	0.0000
