  G7  -8.12 -10.31  -2.19  -9.49  -0.82
  G6 -13.82 -15.25  -1.43 -13.37  -1.89
  G5  -7.01  -9.79  -2.78  -8.63  -1.17
  G4  -9.96 -11.87  -1.91  10.80 -22.67
  G3   2.06   1.44  -0.62   7.21  -5.77
  G2   1.13  -0.33  -1.46   4.72  -5.05
  G1  -5.88  -7.91  -2.03  -5.06  -2.85
  G9  -7.69  -9.32  -1.64  -4.83  -4.49
  G8 -15.07 -17.56  -2.49 -19.55   1.99
  N6 -10.23 -11.95  -1.73  -5.97  -5.99
  N7 -10.11 -12.36  -2.25  -6.61  -5.75
  B4  -8.99 -10.02  -1.03  -2.74  -7.27
  B5  -5.76  -4.65   1.11   1.54  -6.19
  B6  -4.90  -5.26  -0.36  -3.56  -1.70
  B7 -11.48 -15.38  -3.91  -2.66 -12.72
  B2 -16.49 -14.57   1.92  -8.68  -5.89
  B3  -7.40  -8.42  -1.02  -0.69  -7.72
  B8  -0.24   0.24   0.47   2.55  -2.31
  B9 -12.25 -15.10  -2.85 -16.30   1.20
  N5  -5.25  -7.40  -2.15  -4.15  -3.25
 P10  -8.12  -6.14   1.98   1.38  -7.52
 P11  -8.36  -7.27   1.09  -0.81  -6.46
 P12 -14.57 -13.81   0.76 -11.20  -2.60
  E9  -8.27 -10.26  -1.99  -5.67  -4.60
  E8  -7.29  -9.99  -2.70  -6.20  -3.79
  E5  -7.61  -9.88  -2.28  -6.85  -3.04
  E4  -6.67  -8.78  -2.11  -6.18  -2.60
  E7  -6.96  -9.94  -2.98  -6.40  -3.53
  E6 -14.55 -18.43  -3.88  -4.28 -14.15
  E1  -2.15  -3.41  -1.26  -0.96  -2.44
  P8  -6.73  -6.07   0.66  -1.96  -4.11
  E3 -22.47 -25.77  -3.30  -7.82 -17.95
  E2 -22.26 -25.47  -3.22   3.57 -29.04
  P2  -2.14  -5.34  -3.20   2.98  -8.32
  P3  -6.02  -4.95   1.08   5.33 -10.27
  P1  -5.36  -8.65  -3.30   1.08  -9.73
  P6   4.32   5.06   0.73   8.38  -3.32
  P7  -8.73  -5.29   3.44   3.89  -9.18
  P4  -3.29  -1.99   1.30   6.91  -8.90
  P5 -24.05 -23.67   0.38 -18.67  -5.00
 H10   2.32   4.68   2.36   6.69  -2.01
 H11 -22.39 -21.29   1.10 -20.04  -1.25
 H12   2.13   4.53   2.40   8.09  -3.56
  P9  -5.59  -3.90   1.68   1.37  -5.27
 F12  -1.52   1.00   2.52   7.87  -6.87
 F10   0.52  -0.21  -0.73   5.00  -5.21
 F11   2.53   1.46  -1.07   3.75  -2.29
 N12 -12.27 -12.25   0.03  -8.88  -3.37
  H8 -31.49 -32.04  -0.55 -28.35  -3.70
  H9 -29.39 -29.61  -0.22 -25.31  -4.30
  H6 -12.92 -12.75   0.17 -12.14  -0.61
  H7 -28.38 -28.83  -0.45 -29.24   0.41
  H4  -0.40  -1.38  -0.98   0.95  -2.33
  H5 -13.10 -12.82   0.28  -8.22  -4.60
 D10  -7.26  -8.99  -1.74  -6.46  -2.53
 D11  -1.55  -2.44  -0.90  -0.94  -1.50
 D12  -0.68  -2.64  -1.97   0.19  -2.84
 B12 -12.94 -15.09  -2.15  -5.47  -9.63
 B10  -5.67  -6.94  -1.27   3.37 -10.30
 B11 -26.23 -30.52  -4.29  -3.34 -27.18
  Q8  -9.61  -7.88   1.73  -4.42  -3.46
  Q9  -4.46  -5.06  -0.60  -3.86  -1.19
  C9  -6.09  -8.12  -2.02  -4.78  -3.34
  C8   1.08  -0.04  -1.12   2.24  -2.28
 Q11   1.79   1.68  -0.11   5.42  -3.74
 Q10  -1.09  -4.29  -3.20   5.67  -9.96
 Q12  -2.79  -3.22  -0.43   3.93  -7.15
  C3 -12.03 -15.72  -3.69  -0.51 -15.20
  C2   2.11   1.96  -0.15  -0.46   2.41
  C1 -20.79 -22.97  -2.18  -9.91 -13.06
  C7  -9.95 -13.00  -3.05  -9.09  -3.91
  C6  -7.05  -9.51  -2.46  -8.79  -0.72
  C5  -5.30  -7.24  -1.94  -6.39  -0.85
  C4  -4.73  -6.59  -1.87  -2.01  -4.59
 N10 -11.34 -12.24  -0.89 -10.22  -2.01
  N8  -4.65  -6.50  -1.85  -4.36  -2.14
  N9  -9.44 -11.56  -2.12  -7.26  -4.31
 N11 -13.81 -12.45   1.36 -11.46  -0.99
 G12  -7.50  -7.28   0.22  -8.00   0.72
 G11  -2.11  -3.47  -1.36  -0.62  -2.85
 G10 -17.65 -20.26  -2.61 -14.99  -5.27
  F1  -2.31  -5.02  -2.71  -4.47  -0.55
  F2  -5.94  -7.69  -1.74  -3.90  -3.79
  F3  -4.86  -6.77  -1.92  -2.80  -3.97
  F4  -6.61  -8.35  -1.74   1.02  -9.37
  F5  -0.31  -1.41  -1.10  -1.27  -0.14
  F6  -3.61  -4.98  -1.37  -2.71  -2.26
  F7 -11.47 -15.12  -3.65  -0.02 -15.10
  F8  -3.33  -5.01  -1.68   0.04  -5.05
  F9  -7.09  -8.66  -1.57   2.64 -11.31
  Q1  -7.86  -8.62  -0.77  -6.12  -2.50
  Q3   2.46   3.15   0.70   7.09  -3.93
  Q2  -4.89  -4.37   0.52  -1.11  -3.26
  Q5  -1.60  -5.26  -3.67   5.09 -10.35
  Q4  -5.87  -5.08   0.79  -0.79  -4.28
  Q7  -3.93  -0.34   3.59   6.91  -7.25
  Q6  -4.20  -3.13   1.07   5.73  -8.86
 E11  -5.14  -7.02  -1.87  -4.63  -2.39
 E10 -10.14 -11.78  -1.64  -3.61  -8.17
 E12  -5.77  -7.82  -2.06  -5.92  -1.90
 C12  -5.41  -8.20  -2.80  -4.63  -3.57
 C11 -10.07 -15.79  -5.72  -4.45 -11.34
 C10  -6.06  -8.19  -2.14  -5.28  -2.91
 A11  -3.57  -1.97   1.60  -2.61   0.64
 A10  -9.93 -11.85  -1.92  10.78 -22.64
 A12 -13.86 -14.40  -0.54  -8.83  -5.56
  A1   1.98   4.53   2.55  10.80  -6.27
  A3  -1.12  -0.52   0.60  -0.39  -0.14
  A2  -5.69  -5.95  -0.26   0.02  -5.96
  A5   3.66   5.32   1.66   8.53  -3.21
  A4 -16.48 -15.98   0.50 -10.85  -5.12
  A7   3.78   7.75   3.98   9.02  -1.27
  A6  -5.69  -5.95  -0.26  -2.89  -3.05
  A9 -18.97 -22.32  -3.35 -17.38  -4.94
  A8  -5.95  -3.92   2.04  -6.93   3.02
  D8  -7.06  -9.33  -2.28  -7.65  -1.68
  D9  -6.32  -7.61  -1.30  -4.01  -3.61
  D6 -14.34 -17.96  -3.61  -2.85 -15.11
  D7   4.98   6.61   1.63  -4.03  10.64
  D4  -8.67 -10.65  -1.98  -1.54  -9.10
  D5  -8.70 -10.67  -1.97   1.66 -12.33
  D2  -2.53  -4.53  -2.00  -1.44  -3.10
  D3 -12.04 -15.72  -3.68  -0.33 -15.39
  D1  -5.87  -8.44  -2.58  -4.93  -3.51
