MUT	fa_rep:	ref:	fa_atr:	hbond_sc:	fa_sol:	yhh_planarity:	dslf_fa13:	fa_intra_sol_xover4:	omega:	p_aa_pp:	TOT	sugar_bb:	fa_intra_rep:	hbond_lr_bb:	hbond_sr_bb:	hbond_bb_sc:	fa_elec:	cart_bonded:	lk_ball_wtd:	fa_dun:	rama_prepro:
G7	-0.1470	-1.8560	0.0000	-0.8920	0.0000	0.0000	-0.0210	0.0000	0.0000	-0.3690	0.0000	0.0000	0.0000	0.9190	0.0000	0.0000	2.0150	0.0000	-0.3860	0.0000	0.0000
G6	0.7470	-3.6150	0.0000	-0.3540	0.0000	0.0000	0.0420	0.0000	0.0000	-1.5120	0.0000	0.0000	0.0000	1.0170	0.0000	0.0000	1.2320	0.0000	-0.5790	0.0000	0.0000
G5	-0.6620	-1.2250	0.0000	-0.8430	-0.0010	0.0000	0.0050	0.0050	-0.0060	-1.5590	0.0000	0.0000	0.0030	-0.0120	0.0040	0.0100	1.8320	-0.0460	-0.6250	0.0020	-0.0020
G4	-3.3910	3.0920	0.0000	-1.8730	0.0010	0.0010	0.0620	0.0080	0.0110	-0.2000	0.0000	0.0000	0.0090	1.3260	0.0050	0.0040	1.0390	-0.0270	-0.4540	-0.0100	0.0000
G3	-3.7960	3.3030	0.0000	-0.0320	0.0000	0.0000	0.0060	0.0000	0.0000	0.7620	0.0000	0.0000	0.0000	0.0240	0.0000	0.0000	1.5890	0.0000	-0.3330	0.0000	0.0000
G2	-2.8770	2.7870	0.0000	-1.5670	0.0000	0.0000	0.0130	0.0000	0.0000	-0.0200	0.0000	0.0000	0.0000	0.0190	0.0000	0.0000	1.9070	0.0000	-0.3010	0.0000	0.0000
G1	-1.1000	0.1020	0.0000	-1.2020	0.0000	0.0000	0.0260	0.0000	0.0000	-0.2620	0.0000	0.0000	0.0000	0.0070	0.0000	0.0000	2.2960	0.0000	-0.3900	0.0000	0.0000
G9	-0.6660	-1.8380	0.0000	-0.3270	0.0000	0.0000	-0.0030	0.0000	0.0000	-1.5860	0.0000	0.0000	0.0000	0.0290	0.0000	0.0000	1.6040	0.0000	-0.3830	0.0000	0.0000
G8	0.6800	-3.1060	0.0000	-0.6280	-0.0070	-0.0010	0.0220	0.0040	0.0270	-1.3490	0.0000	0.0000	0.0030	0.9940	0.0070	0.0020	1.4430	0.0650	-0.8300	-0.0170	-0.0070
N6	0.5350	0.2810	0.0000	-1.4640	0.0000	0.0000	-0.1050	0.0000	0.0000	-1.1570	0.0000	0.0000	0.0000	0.0300	0.0000	0.0000	0.0710	0.0000	-0.5040	0.0000	0.0000
N7	-0.9550	-0.7000	0.0000	-1.7360	-0.0020	-0.0010	-0.0080	0.0140	-0.0550	-2.6750	0.0000	0.0000	-0.0020	0.0520	-0.0120	0.0020	0.4070	-0.0850	0.3640	0.0480	-0.0090
B4	-3.3120	3.0440	0.0000	-3.0410	0.0030	0.0000	-0.0150	-0.0130	0.0370	0.5930	0.0000	0.0000	0.0070	2.0840	-0.0070	0.0080	2.2780	0.0020	-0.5940	0.1300	-0.0210
B5	1.2890	2.2500	0.0000	-1.7820	0.0000	0.0000	-0.0680	0.0000	0.0000	2.5160	0.0000	0.0000	0.0000	0.0210	0.0000	0.0000	0.2540	0.0000	0.5510	0.0000	0.0000
B6	-5.4140	2.0990	0.0000	-0.4230	0.0000	0.0000	-0.0790	0.0000	0.0000	-2.6170	0.0000	0.0000	0.0000	-0.0760	0.0000	0.0000	2.0360	0.0000	-0.7590	0.0000	0.0000
B7	-5.9220	2.5310	0.0000	-1.0830	0.0060	0.0000	-0.0160	0.0080	0.0170	-2.6740	0.0000	0.0000	-0.0030	1.0850	-0.0040	-0.0070	1.6230	0.0020	-0.9180	0.0200	-0.0140
B2	-3.0360	2.0820	0.0000	1.9870	0.0000	0.0000	0.0320	0.0000	0.0000	0.9950	0.0000	0.0000	0.0000	-0.0410	0.0000	0.0000	0.2170	0.0000	-0.2500	0.0000	0.0000
B3	-2.4520	4.2870	0.0000	-4.0010	0.0060	-0.0030	0.0820	0.0010	-0.0750	-0.3460	0.0000	0.0000	0.0080	0.1000	-0.0090	-0.3110	1.4470	0.0890	0.2990	0.4070	-0.2190
B8	-4.3660	6.3240	0.0000	-1.9190	-0.0010	-0.0010	0.0720	0.0130	0.0050	0.7390	0.0000	0.0000	-0.0060	1.3600	0.0050	-0.0030	0.2370	0.0180	-0.9960	-0.0210	0.0170
B9	-4.1170	1.2030	0.0000	-1.5290	0.0000	0.0000	-0.0550	0.0000	0.0000	-3.7010	0.0000	0.0000	0.0000	0.0760	0.0000	0.0000	1.1510	0.0000	-0.4310	0.0000	0.0000
N5	0.1190	2.8000	0.0000	-2.9380	0.0000	0.0000	-0.0100	0.0000	0.0000	1.6730	0.0000	0.0000	0.0000	-0.0260	0.0000	0.0000	1.0250	0.0000	0.7010	0.0000	0.0000
P10	-2.0090	2.3830	0.0000	-1.1020	0.0040	-0.0100	-0.0030	-0.0560	-0.0980	-1.1740	0.0000	0.0000	-0.0100	0.0350	0.0300	-0.2930	-0.1090	0.0450	-0.2730	0.5070	-0.2150
P11	-0.1570	3.5190	0.0000	-2.0720	0.0000	0.0000	0.0260	0.0000	0.0000	2.1500	0.0000	0.0000	0.0000	0.0090	0.0000	0.0000	0.4500	0.0000	0.3740	0.0000	0.0000
P12	-0.4190	2.6950	0.0000	-2.1970	0.0030	0.0020	0.2200	0.0570	0.0030	1.3530	0.0000	0.0000	-0.0070	0.2540	0.0080	0.0450	0.8290	-0.4470	0.3550	-0.0560	0.0070
E9	-1.5210	-0.3510	0.0000	-0.6770	0.0000	0.0000	0.0310	0.0000	0.0000	-1.0120	0.0000	0.0000	0.0000	0.0000	0.0000	0.0000	1.9530	0.0000	-0.4500	0.0000	0.0000
E8	-1.0630	-0.4780	0.0000	-2.1050	0.0000	0.0000	0.0100	0.0000	0.0000	-2.1680	0.0000	0.0000	0.0000	0.0200	0.0000	0.0000	1.7440	0.0000	-0.2960	0.0000	0.0000
E5	-1.3110	-0.4060	0.0000	-0.9790	0.0000	-0.0010	0.0070	-0.0130	-0.0060	-1.3190	0.0000	0.0000	0.0030	0.0190	0.0040	-0.0040	1.7170	-0.0340	-0.3150	0.0020	-0.0040
E4	0.0360	-1.2940	0.0000	-1.4460	0.0000	0.0000	0.0330	0.0000	0.0000	-0.8490	0.0000	0.0000	0.0000	0.9830	0.0000	0.0000	1.3840	0.0000	-0.5450	0.0000	0.0000
E7	-2.3520	-1.0430	0.0000	0.0780	0.0000	0.0000	-0.0290	0.0000	0.0000	-1.2700	0.0000	0.0000	0.0000	1.1080	0.0000	0.0000	1.6560	0.0000	-0.6840	0.0000	0.0000
E6	-2.6140	-0.3470	0.0000	-0.2640	0.0000	0.0000	-0.0380	0.0000	0.0000	-1.4760	0.0000	0.0000	0.0000	1.2160	0.0000	0.0000	1.1530	0.0000	-0.5820	0.0000	0.0000
E1	-0.1900	1.5740	0.0000	-2.8460	-0.0560	-0.0070	-0.0120	0.0220	-0.3010	1.5920	0.0000	0.0000	-0.0270	2.1420	-0.0820	-0.0740	2.0520	-0.3680	-1.2270	0.8420	0.1480
P8	1.1660	2.8690	0.0000	-5.4370	0.0050	0.0000	-0.0340	-0.0010	-0.0180	1.7000	0.0000	0.0000	0.0070	1.3450	-0.0010	0.0030	1.3900	-0.0090	0.3920	0.0200	0.0010
E3	-1.0170	1.7510	0.0000	-0.7370	0.0000	0.0050	0.0040	-0.0080	-0.0240	1.7060	0.0000	0.0000	-0.0160	0.9870	-0.0060	-0.0020	1.5260	-0.0570	-0.8220	0.0930	0.0290
E2	-0.7800	2.0610	0.0000	-1.0940	0.0000	0.0000	-0.0160	0.0000	0.0000	1.6940	0.0000	0.0000	0.0000	1.2200	0.0000	0.0000	0.7610	0.0000	-0.4560	0.0000	0.0000
P2	-4.3800	3.6830	0.0000	-4.5790	0.0020	0.0000	0.1130	-0.0200	0.0040	-4.1660	0.0000	0.0000	-0.0020	0.0320	-0.0030	-0.0370	0.2200	0.1040	0.7470	-0.0440	-0.0070
P3	-2.7940	4.6550	0.0000	-3.7650	0.0000	0.0000	0.0690	-0.0110	0.0080	1.5370	0.0000	0.0000	-0.0050	1.7090	0.0140	-0.0120	1.2890	0.0120	0.4080	-0.0450	0.0060
P1	-2.5130	2.4070	0.0000	-2.3660	0.0020	0.0010	0.1570	-0.0030	0.0120	-0.5850	0.0000	0.0000	0.0070	1.5150	0.0070	0.0590	0.9490	0.0420	-0.8600	0.0070	-0.0110
P6	0.5130	4.3940	0.0000	-3.0830	0.0000	0.0000	0.0010	0.0000	0.0000	2.7150	0.0000	0.0000	0.0000	0.0180	0.0000	0.0000	0.4090	0.0000	0.4660	0.0000	0.0000
P7	-1.6430	2.7820	0.0000	-2.2320	0.0030	0.0000	0.0760	0.0200	0.0120	-0.8730	0.0000	0.0000	0.0150	-0.1670	-0.0120	0.0010	0.7880	0.0090	-0.5210	-0.0030	-0.0010
P4	-4.7750	1.7100	0.0000	-1.8020	0.0000	0.0000	0.0350	0.0000	0.0000	-4.9400	0.0000	0.0000	0.0000	0.0300	0.0000	0.0000	-0.0660	0.0000	-0.0720	0.0000	0.0000
P5	1.0040	3.1310	0.0000	-4.8130	0.0020	0.0000	-0.0170	0.0110	0.0290	2.3950	0.0000	0.0000	0.0100	1.3610	0.0150	0.0040	1.3700	-0.0730	0.4350	-0.0760	0.0000
H10	-2.1250	5.5750	0.0000	-4.4820	0.0000	0.0000	-0.1650	0.0000	0.0000	1.3830	0.0000	0.0000	0.0000	1.2580	0.0000	0.0000	0.3060	0.0000	1.0160	0.0000	0.0000
H11	0.1980	5.9390	0.0000	-5.5620	0.0000	0.0000	-0.1270	0.0000	0.0000	4.2660	0.0000	0.0000	0.0000	1.4150	0.0000	0.0000	1.4560	0.0000	0.9470	0.0000	0.0000
H12	-0.3970	7.3810	0.0000	-6.1250	0.0000	0.0000	-0.0930	-0.0340	0.0090	4.7520	0.0000	0.0000	-0.0070	1.4110	0.0050	-0.0010	1.7030	-0.0310	0.9380	-0.0010	-0.0060
P9	-0.0070	3.0400	0.0000	-4.3150	0.0000	0.0000	-0.0240	0.0000	0.0000	-0.2070	0.0000	0.0000	0.0000	-0.0070	0.0000	0.0000	0.4010	0.0000	0.7060	0.0000	0.0000
F12	-4.4820	2.6330	0.0000	-0.1950	0.0020	0.0080	0.0020	0.0030	0.0220	-0.7300	0.0000	0.0000	-0.0290	0.0110	-0.0140	-0.0330	1.5940	-0.0510	-0.2270	0.0330	-0.0090
F10	-1.9840	2.0870	0.0000	0.1940	0.0060	-0.0040	-0.0060	-0.0010	0.0140	1.4580	0.0000	0.0000	-0.0060	0.0530	0.0030	0.0140	1.8300	-0.0770	-0.7010	0.0320	0.0050
F11	-3.3170	2.9030	0.0000	-0.8580	0.0000	0.0000	-0.0040	0.0000	0.0000	0.2160	0.0000	0.0000	0.0000	0.0250	0.0000	0.0000	1.8220	0.0000	-0.3550	0.0000	0.0000
N12	1.4810	-1.3230	0.0000	-0.9920	0.0000	0.0000	-0.0280	0.0000	0.0000	-0.0220	0.0000	0.0000	0.0000	0.0090	0.0000	0.0000	0.4010	0.0000	0.4280	0.0000	0.0000
H8	1.5110	-0.8750	0.0000	-2.2130	0.0000	0.0000	-0.0020	0.0000	0.0000	-0.8830	0.0000	0.0000	0.0000	0.0130	0.0000	0.0000	0.3480	0.0000	0.3360	0.0000	0.0000
H9	0.7390	-2.9650	0.0000	-0.2010	0.0000	0.0000	0.0940	0.0000	0.0000	-1.8500	0.0000	0.0000	0.0000	-0.0490	0.0000	0.0000	0.6850	0.0000	-0.1530	0.0000	0.0000
H6	1.5690	0.1750	0.0000	-1.9820	0.0000	0.0000	0.0820	0.0000	0.0000	0.5330	0.0000	0.0000	0.0000	-0.0160	0.0000	0.0000	0.4860	0.0000	0.2170	0.0000	0.0000
H7	1.3310	-0.7010	0.0000	-2.0710	0.0010	0.0000	-0.0050	0.0280	-0.0020	-0.8260	0.0000	0.0000	0.0000	0.0100	0.0020	0.0050	0.2990	-0.0860	0.3340	0.0240	0.0010
H4	0.2520	-1.7080	0.0000	0.7490	0.0000	0.0000	-0.0030	0.0000	0.0000	-0.8340	0.0000	0.0000	0.0000	-0.0000	0.0000	0.0000	-0.1390	0.0000	0.0140	0.0000	0.0000
H5	0.0050	-1.3210	0.0000	0.8820	0.0000	0.0000	-0.0490	0.0000	0.0000	-2.6670	0.0000	0.0000	0.0000	0.0330	0.0000	0.0000	-1.3550	0.0000	-0.8610	0.0000	0.0000
D10	-1.2020	0.1360	0.0000	-0.7460	0.0000	0.0000	0.0300	0.0000	0.0000	-0.0220	0.0000	0.0000	0.0000	0.0030	0.0000	0.0000	2.2460	0.0000	-0.4910	0.0000	0.0000
D11	-1.3650	0.5210	0.0000	0.2640	0.0220	-0.0030	0.0260	0.0290	0.0170	1.3830	0.0000	0.0000	0.0000	1.1100	-0.0390	-0.0170	2.1880	-0.1690	-1.0330	-0.1150	-0.0550
D12	-2.3630	-0.1020	0.0000	0.6850	0.0030	0.0000	-0.0650	-0.0080	0.0080	0.2920	0.0000	0.0000	0.0110	1.1890	0.0060	0.0080	1.8930	0.0810	-1.0560	0.0140	-0.0110
B12	-6.3310	4.7150	0.0000	-1.2190	0.0000	0.0000	-0.0310	0.0000	0.0000	-1.2360	0.0000	0.0000	0.0000	1.3380	0.0000	0.0000	0.7420	0.0000	-0.4520	0.0000	0.0000
B10	-2.8650	2.7410	0.0000	-1.4970	0.0040	0.0000	0.0170	0.0050	-0.0040	-0.8430	0.0000	0.0000	0.0020	1.2980	-0.0010	-0.0050	0.0360	-0.0420	-0.5820	0.0430	0.0080
B11	0.9350	0.9560	0.0000	-3.7680	0.0000	0.0000	-0.0120	0.0000	0.0000	-1.6820	0.0000	0.0000	0.0000	1.0370	0.0000	0.0000	0.2700	0.0000	-1.1010	0.0000	0.0000
Q8	0.5120	5.3800	0.0000	-5.8620	0.0000	0.0000	0.0190	0.0000	0.0000	1.9500	0.0000	0.0000	0.0000	0.0150	0.0000	0.0000	1.1580	0.0000	0.7250	0.0000	0.0000
Q9	0.0600	2.2050	0.0000	-1.7070	0.0010	0.0010	-0.1030	0.0000	0.0010	1.3940	0.0000	0.0000	0.0190	0.0070	0.0000	-0.0160	0.0520	0.1860	0.6960	-0.0070	0.0000
C9	0.2000	-1.0320	0.0000	-0.8430	0.0030	-0.0130	0.0310	-0.0770	-0.0880	1.3590	0.0000	0.0000	0.0040	0.9910	-0.0010	-0.0080	2.2980	0.3420	-0.5640	0.3140	-0.2030
C8	0.0930	1.0650	0.0000	-1.7550	0.0000	0.0000	0.0420	0.0000	0.0000	1.2190	0.0000	0.0000	0.0000	0.9850	0.0000	0.0000	1.5090	0.0000	-0.7210	0.0000	0.0000
Q11	-4.3920	4.2400	0.0000	-2.2780	0.0020	0.0010	0.0440	-0.0100	0.0000	-1.2980	0.0000	0.0000	-0.0040	-0.0060	0.0010	0.0000	0.4230	-0.0580	0.6170	0.0870	0.0330
Q10	-4.4350	3.7080	0.0000	-4.6120	-0.0010	0.0010	0.1140	0.0000	-0.0080	-4.1580	0.0000	0.0000	-0.0110	0.0340	0.0080	-0.0120	0.1920	0.0420	0.8340	-0.0100	-0.0060
Q12	-4.0330	4.6990	0.0000	-4.2170	0.0310	-0.0290	0.0480	0.0020	0.0530	-2.7680	0.0000	0.0000	-0.0240	0.0440	0.0080	0.0220	0.7270	-0.7680	0.6280	-0.0600	0.1010
C3	-4.6700	3.6260	0.0000	-0.9280	-0.0090	-0.0010	-0.0410	-0.0120	0.0060	-0.6270	0.0000	0.0000	-0.0250	1.3470	-0.0160	0.0030	0.6770	-0.1280	-0.5120	0.0460	0.0140
C2	-6.6010	4.3200	0.0000	-1.0390	-0.0250	-0.0020	-0.0130	-0.0150	-0.0200	-1.6780	0.0000	0.0000	-0.0030	1.3320	0.0180	0.0040	0.7620	0.0540	-0.5070	0.0390	0.0140
C1	-8.5090	5.1740	0.0000	-2.0330	0.0120	0.0010	-0.0070	0.1010	0.0090	-2.8760	0.0000	0.0000	0.0150	1.5000	-0.0090	-0.0440	1.1770	0.0720	-0.1620	-0.1760	0.0020
C7	-0.4380	-2.8790	0.0000	-0.3520	0.0000	0.0000	0.0020	0.0000	0.0000	-2.4120	0.0000	0.0000	0.0000	0.0210	0.0000	0.0000	1.6820	0.0000	-0.4490	0.0000	0.0000
C6	0.2150	-1.5460	0.0000	-1.0560	-0.0130	0.0030	0.0150	0.0760	-0.2490	-0.9830	0.0000	0.0000	-0.0110	1.0730	-0.0460	-0.0530	1.5610	-0.5710	-1.0680	0.3470	0.3410
C5	0.2460	-1.4080	0.0000	-0.7610	0.0330	0.0010	-0.0080	-0.0330	-0.0220	0.5930	0.0000	0.0000	-0.0010	0.9710	0.0120	0.0100	2.4900	-0.1330	-0.7480	-0.0720	0.0130
C4	-0.8100	-1.1820	0.0000	-0.1240	0.0000	0.0000	0.0330	0.0000	0.0000	-0.4470	0.0000	0.0000	0.0000	-0.0160	0.0000	0.0000	2.2360	0.0000	-0.5860	0.0000	0.0000
N10	1.5440	-1.1050	0.0000	-2.3840	-0.0010	-0.0010	-0.0170	-0.0140	0.0040	-1.0140	0.0000	0.0000	-0.0110	0.0020	0.0000	-0.0030	0.4480	0.0600	0.4620	0.0060	-0.0050
N8	0.1010	2.7280	0.0000	-4.0570	0.0000	0.0010	-0.1310	-0.0230	0.0080	0.6260	0.0000	0.0000	0.0070	0.0150	-0.0060	0.0040	1.0840	0.0030	0.9240	-0.0210	-0.0090
N9	0.8200	3.3360	0.0000	-3.1230	-0.0180	0.0080	-0.1920	-0.1040	0.0300	0.8080	0.0000	0.0000	0.0200	-0.0200	-0.0150	-0.0430	0.4560	-0.5100	0.8230	-0.6420	-0.0170
N11	0.1270	3.3160	0.0000	-0.8480	0.0000	0.0000	0.1660	0.0000	0.0000	2.4360	0.0000	0.0000	0.0000	-0.0670	0.0000	0.0000	-0.0830	0.0000	-0.1730	0.0000	0.0000
G12	-1.7890	1.4790	0.0000	-1.2720	0.1980	0.0280	0.0890	0.1280	0.0110	0.3140	0.0000	0.0000	-0.0510	1.1950	-0.0150	0.2200	1.0150	-0.1340	-0.5340	-0.1280	-0.1240
G11	-2.6890	1.3850	0.0000	-1.2920	0.0310	0.0010	0.0520	-0.0040	0.0030	-0.6880	0.0000	0.0000	-0.0040	0.7800	-0.0180	0.0070	1.7140	0.0330	-0.7050	0.0040	0.0160
G10	1.3110	-2.9150	0.0000	-1.7510	0.0000	0.0000	0.0000	0.0000	0.0000	-1.4910	0.0000	0.0000	0.0000	1.0160	0.0000	0.0000	1.4270	0.0000	-0.5790	0.0000	0.0000
F1	1.0280	0.8000	0.0000	-4.0410	0.0030	-0.0010	-0.0370	-0.0280	-0.0330	-0.2540	0.0000	0.0000	-0.0050	0.0200	0.0100	0.0020	1.7320	0.0560	0.1700	0.0400	0.0320
F2	-2.3780	-2.0620	0.0000	0.2600	0.0000	0.0000	0.0060	0.0000	0.0000	-2.5650	0.0000	0.0000	0.0000	0.0320	0.0000	0.0000	2.3520	0.0000	-0.7760	0.0000	0.0000
F3	-1.2860	0.1560	0.0000	-0.6580	0.0000	0.0000	0.0260	0.0000	0.0000	-0.2140	0.0000	0.0000	0.0000	0.0070	0.0000	0.0000	2.0790	0.0000	-0.5380	0.0000	0.0000
F4	0.4330	-0.8930	0.0000	-2.6900	-0.0050	0.0010	-0.0030	-0.0350	0.0400	-1.6760	0.0000	0.0000	0.0080	1.1020	-0.0100	0.0030	0.8320	0.0030	-0.4190	-0.0300	-0.0150
F5	-0.1840	0.3140	0.0000	-0.6200	0.0000	0.0000	0.0330	0.0000	0.0000	1.3990	0.0000	0.0000	0.0000	0.9650	0.0000	0.0000	1.4910	0.0000	-0.5980	0.0000	0.0000
F6	-1.3620	1.1480	0.0000	-2.9110	-0.0030	-0.0020	0.0270	0.0090	0.0200	0.7810	0.0000	0.0000	0.0040	0.0190	0.0050	-0.1730	5.4650	0.0320	-0.8930	-0.5980	-0.0080
F7	-0.3710	0.2750	0.0000	-1.2360	-0.0010	0.0000	-0.0310	-0.0180	-0.0010	-0.7950	0.0000	0.0000	0.0040	0.4860	0.0050	-0.0030	0.2360	-0.0790	-0.1170	0.0500	0.0050
F8	-1.9790	0.0930	0.0000	0.5560	-0.0020	0.0000	0.0240	0.0240	-0.0010	0.2500	0.0000	0.0000	-0.0050	0.0140	-0.0060	-0.0070	2.0000	0.0630	-0.4630	-0.0480	-0.0100
F9	-4.1820	2.1460	0.0000	-1.8920	0.0010	0.0000	-0.0080	0.0260	-0.0330	-3.0650	0.0000	0.0000	-0.0030	1.2940	0.0030	0.0120	0.0530	-0.0660	-0.4080	-0.0070	0.0030
Q1	-0.5000	-1.1230	0.0000	-0.0290	-0.0010	-0.0040	-0.0470	-0.0010	-0.0120	-2.7210	0.0000	0.0000	0.0180	-0.0410	0.0060	0.0050	-0.6160	0.0040	-0.3790	-0.0120	0.0130
Q3	0.9850	3.3350	0.0000	-3.1760	0.0000	0.0000	0.0010	0.0000	0.0000	2.1640	0.0000	0.0000	0.0000	0.0160	0.0000	0.0000	0.4640	0.0000	0.5390	0.0000	0.0000
Q2	-0.1560	3.2980	0.0000	-3.2790	-0.0760	-0.0030	-0.0970	0.0630	0.0440	1.3860	0.0000	0.0000	-0.0190	0.0260	-0.0010	-0.0640	0.6350	0.4160	0.5200	0.2740	-0.1990
Q5	-4.4030	3.7840	0.0000	-4.5610	0.0010	0.0000	0.1050	0.0320	-0.0010	-4.1460	0.0000	0.0000	0.0050	0.0490	0.0020	-0.0020	0.3460	-0.0590	0.6280	-0.0670	-0.0020
Q4	-0.2530	2.6800	0.0000	-2.0350	0.0000	0.0000	-0.0520	0.0000	0.0000	1.3240	0.0000	0.0000	0.0000	0.0200	0.0000	0.0000	0.4190	0.0000	0.5440	0.0000	0.0000
Q7	-4.2170	7.6630	0.0000	-4.0390	0.0000	0.0000	0.1000	0.0000	0.0000	1.0750	0.0000	0.0000	0.0000	-0.0330	0.0000	0.0000	0.8090	0.0000	0.7880	0.0000	0.0000
Q6	-3.1830	5.2850	0.0000	-1.7820	0.0000	0.0000	0.0130	0.0000	0.0000	1.2010	0.0000	0.0000	0.0000	-0.0060	0.0000	0.0000	0.3100	0.0000	0.5640	0.0000	0.0000
E11	-0.5480	-0.4930	0.0000	-0.5160	0.0000	0.0000	-0.0020	0.0000	0.0000	-0.0920	0.0000	0.0000	0.0000	0.0340	0.0000	0.0000	1.8100	0.0000	-0.3750	0.0000	0.0000
E10	-5.7140	6.1760	0.0000	-2.5090	0.0000	0.0000	0.0010	0.0100	0.0040	-1.1910	0.0000	0.0000	0.0120	1.3290	0.0070	-0.0040	0.0010	-0.0660	-0.4330	-0.0090	0.0040
E12	-0.8570	0.2230	0.0000	-2.0600	0.0000	0.0000	0.0060	0.0000	0.0000	-1.2200	0.0000	0.0000	0.0000	0.0310	0.0000	0.0000	1.8510	0.0000	-0.4150	0.0000	0.0000
C12	-1.3030	-0.7160	0.0000	0.9220	0.0000	0.0000	-0.0970	0.0000	0.0000	0.8460	0.0000	0.0000	0.0000	1.1960	0.0000	0.0000	1.4110	0.0000	-0.5680	0.0000	0.0000
C11	0.6270	-0.7030	0.0000	-3.0360	-0.0110	0.0090	-0.0110	0.0900	0.0740	-1.5710	0.0000	0.0000	-0.0040	1.1500	0.0700	-0.0150	0.5010	0.2420	-0.1870	-0.3430	-0.0260
C10	-0.2170	-1.3550	0.0000	-0.2240	0.0000	0.0000	-0.0580	0.0000	0.0000	-0.5690	0.0000	0.0000	0.0000	0.0000	0.0000	0.0000	1.7310	0.0000	-0.4440	0.0000	0.0000
A11	1.1790	1.6370	0.0000	-3.7200	0.0000	0.0000	0.0800	0.0000	0.0000	1.9630	0.0000	0.0000	0.0000	1.4670	0.0000	0.0000	1.0840	0.0000	0.2370	0.0000	0.0000
A10	-3.3840	3.0510	0.0000	-1.8220	0.0000	0.0000	0.0630	0.0000	0.0000	-0.1690	0.0000	0.0000	0.0000	1.3310	0.0000	0.0000	1.0560	0.0000	-0.4680	0.0000	0.0000
A12	-0.2160	1.3780	0.0000	-1.2890	0.0000	0.0000	0.0250	0.0000	0.0000	0.4130	0.0000	0.0000	0.0000	-0.0050	0.0000	0.0000	0.3570	0.0000	0.1640	0.0000	0.0000
A1	-0.8370	5.1940	0.0000	-4.9340	-0.0740	-0.0020	0.1590	0.0680	0.0630	3.4930	0.0000	0.0000	-0.0120	1.8000	0.0040	0.0010	1.7990	-0.0220	0.2460	0.2430	-0.2020
A3	-0.3670	3.2140	0.0000	1.9770	0.0000	0.0000	2.9030	0.0000	0.0000	8.3400	0.0000	0.0000	0.0000	-0.4420	0.0000	0.0000	1.5410	0.0000	-0.4850	0.0000	0.0000
A2	2.2050	0.0750	0.0000	-1.7460	-0.0120	-0.0030	-0.0780	-0.0060	0.0170	0.8530	0.0000	0.0000	0.0030	0.0360	0.0010	-0.0140	0.1950	0.0260	0.1060	0.0440	0.0020
A5	-0.0520	4.5520	0.0000	-2.2750	0.0000	0.0000	-0.0570	0.0000	0.0000	3.0000	0.0000	0.0000	0.0000	0.0230	0.0000	0.0000	0.2870	0.0000	0.5220	0.0000	0.0000
A4	-0.2020	1.7810	0.0000	-3.8290	-0.0160	-0.0010	0.0460	-0.0020	-0.0180	0.7010	0.0000	0.0000	0.0030	1.5450	0.0080	-0.0050	1.4090	0.1120	-0.1490	0.0090	0.0110
A7	-1.8340	6.3210	0.0000	-4.6180	0.0000	0.0000	0.1060	0.0000	0.0000	1.4550	0.0000	0.0000	0.0000	-0.0350	0.0000	0.0000	0.8500	0.0000	0.6650	0.0000	0.0000
A6	2.3600	-0.1090	0.0000	-1.6910	0.0320	-0.0050	-0.1000	-0.0030	-0.0100	0.6510	0.0000	0.0000	-0.0090	0.0290	0.0020	-0.0030	0.2860	-0.0160	-0.0910	-0.0060	-0.0150
A9	-0.6400	5.2230	0.0000	-7.4840	0.0000	0.0000	0.0600	0.0000	0.0000	-0.1200	0.0000	0.0000	0.0000	1.6610	0.0000	0.0000	0.8470	0.0000	0.2120	0.0000	0.0000
A8	0.6050	2.1620	0.0000	-3.6020	-0.0010	-0.0020	0.0920	-0.0070	-0.0040	2.3170	0.0000	0.0000	-0.0030	1.3280	0.0010	-0.0110	1.4910	-0.0160	0.3040	-0.0200	-0.0020
D8	-0.5460	0.5540	0.0000	-2.5420	0.0000	0.0000	0.0490	0.0000	0.0000	-0.4160	0.0000	0.0000	0.0000	1.0040	0.0000	0.0000	1.7330	0.0000	-0.6700	0.0000	0.0000
D9	-1.4270	0.5120	0.0000	0.1690	0.0010	0.0020	-0.0090	-0.0250	0.0260	0.0280	0.0000	0.0000	0.0040	0.0400	-0.0020	0.0000	1.3340	0.0520	-0.6850	0.0350	0.0010
D6	-2.4190	-0.9830	0.0000	0.1320	0.0000	0.0000	-0.0300	0.0000	0.0000	-1.9500	0.0000	0.0000	0.0000	0.0500	0.0000	0.0000	2.2750	0.0000	-0.9760	0.0000	0.0000
D7	-1.4990	-1.4090	0.0000	1.2390	-0.0160	-0.0010	-0.0840	0.0870	-0.0570	-1.2840	0.0000	0.0000	-0.0290	0.1240	0.0090	-0.0080	1.2340	-0.0720	-0.7190	-0.0860	0.0040
D4	-6.5760	3.5390	0.0000	-0.8650	0.0000	0.0000	-0.0470	0.0000	0.0000	-2.8730	0.0000	0.0000	0.0000	-0.0740	0.0000	0.0000	1.3830	0.0000	-0.2310	0.0000	0.0000
D5	-5.5070	2.6920	0.0000	-0.9080	0.0000	0.0000	-0.0460	0.0000	0.0000	-2.7510	0.0000	0.0000	0.0000	-0.0510	0.0000	0.0000	1.5580	0.0000	-0.4900	0.0000	0.0000
D2	0.1700	-0.1100	0.0000	-1.9230	-0.0030	0.0010	0.0440	-0.0070	0.0270	-0.0490	0.0000	0.0000	-0.0120	0.9810	-0.0050	-0.0010	1.4970	0.0190	-0.7500	0.0210	0.0020
D3	-4.9930	3.9220	0.0000	-1.2270	0.0390	-0.0010	0.0080	-0.0040	-0.0410	-1.1640	0.0000	0.0000	-0.0110	1.3490	0.0200	-0.0410	0.3780	0.1040	-0.6680	-0.0080	0.0120
D1	-0.2810	-0.0620	0.0000	-2.0270	-0.0200	-0.0010	-0.0100	-0.0780	-0.0380	-0.5850	0.0000	0.0000	0.0110	1.0080	-0.0090	-0.0040	1.6970	-0.0270	-0.8740	0.1020	0.0270
