  G7  -8.59  -8.96  -0.37 -11.70   2.74
  G6 -12.18 -13.69  -1.51 -14.39   0.70
  G5  -6.85  -8.40  -1.56  -7.74  -0.67
  G4  -9.83 -10.03  -0.20   5.20 -15.23
  G3  -1.39  -0.63   0.76   1.84  -2.47
  G2  -1.10  -1.12  -0.02   0.31  -1.44
  G1  -6.54  -6.80  -0.26  -7.78   0.98
  G9  -7.33  -8.91  -1.59  -9.82   0.90
  G8 -18.25 -19.60  -1.35 -19.32  -0.28
  N6  -4.41  -5.57  -1.16  -5.33  -0.24
  N7  -8.03 -10.70  -2.67  -9.51  -1.20
  B4 -10.99 -10.40   0.59  -5.06  -5.34
  B5  -0.63   1.89   2.52  -2.68   4.57
  B6 -27.65 -30.27  -2.62  -6.68 -23.59
  B7 -15.56 -18.24  -2.67  -5.25 -12.99
  B2 -17.55 -16.56   1.00  -6.38 -10.18
  B3  -4.58  -4.93  -0.35  -2.81  -2.12
  B8 -12.83 -12.09   0.74   5.66 -17.75
  B9 -22.45 -26.15  -3.70  -5.85 -20.29
  N5  -6.62  -4.94   1.67  -3.97  -0.97
 P10  -3.99  -5.16  -1.17  -3.00  -2.15
 P11  -4.51  -2.36   2.15  -4.61   2.26
 P12  -8.48  -7.13   1.35  -9.38   2.25
  E9  -7.04  -8.05  -1.01  -7.48  -0.58
  E8  -8.31 -10.48  -2.17  -8.75  -1.73
  E5  -8.00  -9.32  -1.32  -7.73  -1.59
  E4  -6.14  -6.99  -0.85  -8.94   1.94
  E7 -12.68 -13.95  -1.27  -6.61  -7.34
  E6 -12.98 -14.45  -1.48   0.24 -14.69
  E1  -5.62  -4.03   1.59  -5.43   1.40
  P8  -2.57  -0.87   1.70  -4.56   3.70
  E3 -10.16  -8.45   1.71   0.67  -9.12
  E2  -9.80  -8.11   1.69   3.91 -12.02
  P2  -4.16  -8.33  -4.17   2.06 -10.39
  P3  -5.49  -3.96   1.54  -0.25  -3.70
  P1  -7.95  -8.54  -0.59  -0.99  -7.55
  P6   5.07   7.78   2.71   3.73   4.06
  P7  -4.68  -5.55  -0.87  -1.02  -4.54
  P4  -5.16 -10.10  -4.94   2.16 -12.27
  P5 -17.12 -14.73   2.39 -20.02   5.29
 H10   7.50   8.89   1.38   8.26   0.62
 H11 -24.65 -20.38   4.27 -21.69   1.31
 H12   5.04   9.79   4.75   7.54   2.25
  P9  -2.39  -2.60  -0.21  -4.04   1.44
 F12  -5.80  -6.53  -0.73   4.76 -11.29
 F10   1.24   2.70   1.46   1.48   1.22
 F11   1.46   1.68   0.22   1.16   0.51
 N12  -7.64  -7.67  -0.02 -10.66   2.99
  H8 -25.07 -25.96  -0.88 -27.82   1.86
  H9 -18.04 -19.89  -1.85 -20.71   0.82
  H6  -8.13  -7.60   0.53 -11.27   3.67
  H7 -24.14 -24.96  -0.83 -26.86   1.90
  H4   1.59   0.75  -0.83  -0.45   1.21
  H5  -7.77 -10.44  -2.67  -9.77  -0.68
 D10  -7.26  -7.28  -0.02  -8.38   1.09
 D11  -0.73   0.65   1.38  -2.56   3.21
 D12  -5.36  -5.07   0.29  -2.50  -2.56
 B12 -27.33 -28.57  -1.24  -7.78 -20.79
 B10  -8.41  -9.25  -0.84  -1.67  -7.58
 B11 -11.91 -13.59  -1.68 -17.79   4.20
  Q8  -7.91  -5.96   1.95  -9.66   3.69
  Q9  -5.76  -4.37   1.39  -6.45   2.08
  C9  -6.43  -5.07   1.36  -8.02   2.95
  C8  -2.78  -1.56   1.22  -5.03   3.47
 Q11  -3.94  -5.24  -1.30   2.52  -7.75
 Q10  -4.17  -8.33  -4.16   2.07 -10.40
 Q12  -6.02  -8.78  -2.77   0.22  -9.01
  C3 -17.14 -17.76  -0.63  -4.06 -13.70
  C2 -19.30 -20.98  -1.68  -0.84 -20.14
  C1 -34.82 -37.70  -2.88 -13.76 -23.94
  C7  -9.96 -12.38  -2.41 -10.81  -1.57
  C6  -7.62  -8.60  -0.98 -10.19   1.59
  C5  -5.66  -5.07   0.59  -7.97   2.90
  C4  -4.27  -4.72  -0.45  -5.68   0.96
 N10  -9.53 -10.54  -1.01 -12.32   1.77
  N8  -2.28  -1.66   0.63  -3.45   1.79
  N9  -8.30  -7.49   0.81  -8.25   0.75
 N11  -9.63  -7.19   2.44  -9.65   2.46
 G12  -8.25  -7.93   0.31 -10.60   2.67
 G11  -4.40  -5.08  -0.69  -3.61  -1.48
 G10 -14.72 -16.21  -1.49 -17.50   1.29
  F1   8.84   8.58  -0.25  -4.10  12.69
  F2 -16.99 -19.56  -2.57  -3.49 -16.06
  F3  -5.98  -6.19  -0.21  -6.32   0.13
  F4 -16.45 -18.12  -1.68   1.49 -19.62
  F5  -3.97  -2.57   1.40  -5.10   2.53
  F6  -4.38  -3.60   0.78  -4.93   1.32
  F7   2.61   1.81  -0.79   3.57  -1.76
  F8  -7.96  -7.71   0.25  -6.36  -1.35
  F9  -8.89 -11.96  -3.07  -0.90 -11.06
  Q1  -9.45 -12.17  -2.72  -5.25  -6.92
  Q3   5.35   7.52   2.16   3.62   3.90
  Q2  -3.59  -2.21   1.39  -5.21   3.00
  Q5  -4.18  -8.32  -4.15   2.06 -10.39
  Q4  -2.78  -1.45   1.32  -3.61   2.16
  Q7  -2.07  -0.99   1.07   8.26  -9.25
  Q6  -5.03  -3.83   1.20   6.85 -10.68
 E11  -5.27  -5.36  -0.09  -6.36   1.00
 E10 -23.20 -24.39  -1.19  -4.39 -19.99
 E12  -7.45  -8.67  -1.22  -7.99  -0.68
 C12 -11.34 -10.49   0.85  -5.10  -5.39
 C11  -2.74  -4.32  -1.57   0.77  -5.09
 C10  -6.63  -7.20  -0.57  -8.35   1.15
 A11  -2.14  -0.18   1.96  -4.76   4.59
 A10  -9.92 -10.09  -0.17   5.13 -15.22
 A12 -10.12  -9.70   0.41 -10.75   1.04
  A1   4.83   8.32   3.49   4.54   3.78
  A3  -3.72   4.62   8.34  -2.63   7.25
  A2  -1.50  -0.65   0.85  -2.37   1.72
  A5   5.54   8.54   3.00   5.12   3.41
  A4 -10.47  -9.77   0.70 -11.26   1.49
  A7   6.93   8.38   1.45   6.52   1.86
  A6  -1.16  -0.51   0.65  -2.37   1.86
  A9 -23.83 -23.95  -0.12 -18.39  -5.55
  A8  -4.91  -2.59   2.32  -6.62   4.03
  D8  -7.11  -7.53  -0.42  -9.20   1.67
  D9   2.82   2.85   0.03  -6.94   9.79
  D6 -14.37 -16.32  -1.95  -7.72  -8.61
  D7  -4.46  -5.75  -1.28  -7.40   1.66
  D4 -22.69 -25.56  -2.87  -3.27 -22.29
  D5 -22.52 -25.28  -2.75  -3.88 -21.39
  D2  -5.12  -5.17  -0.05  -7.35   2.18
  D3 -17.12 -18.28  -1.16  -4.09 -14.19
  D1  -7.97  -8.56  -0.59  -8.83   0.28
