MUT	fa_rep:	ref:	fa_atr:	hbond_sc:	fa_sol:	yhh_planarity:	dslf_fa13:	fa_intra_sol_xover4:	omega:	p_aa_pp:	TOT	sugar_bb:	fa_intra_rep:	hbond_lr_bb:	hbond_sr_bb:	hbond_bb_sc:	fa_elec:	cart_bonded:	lk_ball_wtd:	fa_dun:	rama_prepro:
G7	-1.0200	-3.7730	0.0000	-1.9280	0.0130	-0.0080	0.1300	0.1030	0.1140	-5.5640	0.0000	0.0000	0.0480	1.1590	-0.0790	-0.0180	0.9870	0.1170	-1.2710	-0.0340	-0.1010
G6	-0.1140	-4.4780	0.0000	0.0610	0.0000	0.0000	0.0140	0.0000	0.0000	-2.6260	0.0000	0.0000	0.0000	1.2060	0.0000	0.0000	1.6410	0.0000	-0.9570	0.0000	0.0000
G5	-0.8820	-4.1960	0.0000	-3.2610	0.0790	-0.0300	0.1810	0.0500	-0.0170	-4.7780	0.0000	0.0000	0.0030	1.0880	-0.0040	-0.4780	4.6210	0.8610	-1.7590	-0.9840	-0.0520
G4	-3.6890	2.1040	0.0000	0.4410	-0.0040	-0.0030	0.0650	0.0130	-0.0140	1.5130	0.0000	0.0000	0.0070	1.0680	-0.0130	0.0960	1.5000	0.0310	-0.1310	0.0400	0.0020
G3	-2.0200	1.9250	0.0000	0.2780	0.0500	0.0050	0.0320	-0.0010	-0.0830	2.5510	0.0000	0.0000	-0.0220	1.1180	0.0420	-0.2180	1.7410	0.9720	-0.2960	-0.9910	0.0190
G2	-4.1350	1.6740	0.0000	-1.0430	0.0000	0.0000	0.0430	0.0000	0.0000	-1.1800	0.0000	0.0000	0.0000	1.0670	0.0000	0.0000	1.9270	0.0000	-0.7120	0.0000	0.0000
G1	0.1150	-1.3570	0.0000	-2.6350	0.0490	0.0070	0.0500	0.0350	-0.0610	-0.1740	0.0000	0.0000	-0.0440	1.1400	0.0140	-0.1910	2.0210	1.1240	-0.3260	-0.1030	-0.0090
G9	1.1930	-1.3020	0.0000	-1.8550	0.0010	-0.0260	0.0750	0.1220	0.1010	-1.6420	0.0000	0.0000	0.0110	1.2320	-0.1110	0.2130	-1.6430	-0.6990	-0.6950	1.8350	-0.0900
G8	-0.3830	-3.3640	0.0000	-2.6250	0.0000	0.0000	0.0430	0.0000	0.0000	-5.8030	0.0000	0.0000	0.0000	0.6980	0.0000	0.0000	0.7210	0.0000	-0.8920	0.0000	0.0000
N6	-0.3740	0.6510	0.0000	-4.1730	0.0000	0.0000	0.0350	0.0000	0.0000	-2.5520	0.0000	0.0000	0.0000	1.5750	0.0000	0.0000	0.2860	0.0000	-0.5510	0.0000	0.0000
N7	-0.3960	-0.8060	0.0000	-2.5770	0.0000	0.0010	0.0360	-0.0120	0.0110	-3.4130	0.0000	0.0000	-0.0040	-0.0280	-0.0130	0.0040	0.6170	0.0210	-0.2520	-0.0070	-0.0100
B4	-3.7240	6.7180	0.0000	-5.3200	0.0000	0.0000	0.0330	0.0000	0.0000	-0.1450	0.0000	0.0000	0.0000	0.0140	0.0000	0.0000	2.0230	0.0000	0.1100	0.0000	0.0000
B5	-1.2810	1.7780	0.0000	-1.5900	0.0000	0.0000	0.0600	0.0000	0.0000	0.3410	0.0000	0.0000	0.0000	1.3250	0.0000	0.0000	0.4030	0.0000	-0.3550	0.0000	0.0000
B6	-4.1850	2.6980	0.0000	-3.4000	-0.0010	0.0010	0.1260	0.0110	-0.0170	-2.2780	0.0000	0.0000	0.0020	0.9510	0.0140	0.0020	2.1770	-0.0260	-0.6010	-0.0390	0.0080
B7	-1.3960	3.4860	0.0000	-1.1560	0.0000	0.0000	0.0080	0.0000	0.0000	1.8790	0.0000	0.0000	0.0000	0.7750	0.0000	0.0000	1.1500	0.0000	-0.9880	0.0000	0.0000
B2	-4.5280	6.1250	0.0000	4.7620	0.0010	-0.0090	-0.0730	0.0040	0.0150	5.6760	0.0000	0.0000	-0.0030	-0.0650	-0.0180	0.0050	-0.5560	-0.0110	0.0060	0.0250	-0.0030
B3	-2.9890	4.9510	0.0000	-3.3220	0.0000	0.0000	0.0130	0.0000	0.0000	0.3740	0.0000	0.0000	0.0000	0.0240	0.0000	0.0000	1.7960	0.0000	-0.0970	0.0000	0.0000
B8	-5.5010	4.0910	0.0000	2.6250	0.0000	0.0000	0.0910	0.0000	0.0000	1.9850	0.0000	0.0000	0.0000	0.4570	0.0000	0.0000	0.4100	0.0000	-0.1880	0.0000	0.0000
B9	-3.5120	5.7170	0.0000	0.9400	-0.0230	0.0010	0.0620	0.0400	-0.0390	3.5420	0.0000	0.0000	-0.0240	1.0060	0.0020	0.1270	-1.3200	-0.6210	0.7240	0.5460	-0.0840
N5	-0.4980	2.9150	0.0000	-2.3890	0.0000	0.0000	0.0320	0.0000	0.0000	0.1720	0.0000	0.0000	0.0000	0.0040	0.0000	0.0000	-0.0360	0.0000	0.1460	0.0000	0.0000
P10	-2.4440	3.2180	0.0000	-1.3400	-0.0020	-0.0020	0.0370	-0.0040	-0.0040	1.0890	0.0000	0.0000	0.0070	1.5510	0.0020	0.0030	0.5600	-0.1200	-0.3890	0.0110	0.0010
P11	-1.9970	1.5350	0.0000	0.1530	0.0000	0.0000	0.1070	0.0000	0.0000	1.0060	0.0000	0.0000	0.0000	1.5050	0.0000	0.0000	0.2480	0.0000	-0.5460	0.0000	0.0000
P12	-1.4870	3.4330	0.0000	-1.3770	0.0000	0.0000	0.0920	0.0000	0.0000	2.1480	0.0000	0.0000	0.0000	1.3910	0.0000	0.0000	0.4980	0.0000	-0.4030	0.0000	0.0000
E9	0.4330	-1.7410	0.0000	-0.6460	0.0000	0.0000	0.0570	0.0000	0.0000	0.0810	0.0000	0.0000	0.0000	1.2030	0.0000	0.0000	1.6570	0.0000	-0.8840	0.0000	0.0000
E8	0.1280	-1.3780	0.0000	-3.2190	0.0000	0.0000	0.0620	0.0000	0.0000	-2.5080	0.0000	0.0000	0.0000	1.1510	0.0000	0.0000	1.2240	0.0000	-0.4770	0.0000	0.0000
E5	0.1270	-1.3940	0.0000	-1.9630	0.0000	0.0000	0.0130	0.0000	0.0000	-0.7460	0.0000	0.0000	0.0000	1.1850	0.0000	0.0000	1.5700	0.0000	-0.2830	0.0000	0.0000
E4	0.3670	-3.1720	0.0000	-1.8030	-0.0020	0.0020	0.0320	0.0270	-0.0350	-2.3650	0.0000	0.0000	0.0000	1.1650	-0.0090	0.0190	1.5580	-0.0100	-0.5530	0.0390	0.0120
E7	0.1370	-1.3280	0.0000	-1.3140	0.0000	0.0000	0.0150	0.0000	0.0000	-0.5030	0.0000	0.0000	0.0000	1.1620	0.0000	0.0000	1.3820	0.0000	-0.5570	0.0000	0.0000
E6	-0.1850	-0.0090	0.0000	-2.2860	0.0000	0.0000	0.1150	0.0000	0.0000	-0.7980	0.0000	0.0000	0.0000	1.1910	0.0000	0.0000	1.5310	0.0000	-1.1550	0.0000	0.0000
E1	-1.4060	-2.3110	0.0000	-3.4810	0.0940	-0.0170	0.0660	0.0410	0.0370	-3.0270	0.0000	0.0000	-0.0160	1.1170	0.0260	-0.4220	4.7620	0.8220	-1.3180	-0.9990	-0.0230
P8	-0.9020	1.3140	0.0000	-3.8450	0.0000	0.0000	0.0590	0.0000	0.0000	-1.5740	0.0000	0.0000	0.0000	1.4590	0.0000	0.0000	0.5670	0.0000	-0.2240	0.0000	0.0000
E3	-0.9180	2.9700	0.0000	-1.3730	0.0000	0.0000	0.1230	0.0000	0.0000	2.6790	0.0000	0.0000	0.0000	1.1530	0.0000	0.0000	1.7880	0.0000	-1.0660	0.0000	0.0000
E2	-3.4370	3.8530	0.0000	-0.4670	0.0000	0.0000	0.0860	0.0000	0.0000	1.9020	0.0000	0.0000	0.0000	2.0490	0.0000	0.0000	1.3310	0.0000	-1.5130	0.0000	0.0000
P2	-4.2600	2.0670	0.0000	-2.1480	0.0000	0.0000	0.0890	0.0000	0.0000	-3.8090	0.0000	0.0000	0.0000	-0.0450	0.0000	0.0000	0.7130	0.0000	-0.2250	0.0000	0.0000
P3	-2.4140	4.7180	0.0000	-0.5030	0.0000	0.0000	-0.0570	0.0000	0.0000	3.4860	0.0000	0.0000	0.0000	1.6770	0.0000	0.0000	0.6710	0.0000	-0.6060	0.0000	0.0000
P1	-3.3560	2.2490	0.0000	1.6650	-0.0020	-0.0010	0.1130	-0.0270	0.0010	-0.3610	0.0000	0.0000	-0.0200	1.6110	-0.0090	0.1590	-2.6090	-0.2030	-0.4980	0.5710	-0.0050
P6	-2.1400	3.5040	0.0000	-1.5480	0.0000	0.0000	0.0980	0.0000	0.0000	1.1980	0.0000	0.0000	0.0000	1.3240	0.0000	0.0000	0.3700	0.0000	-0.4090	0.0000	0.0000
P7	-2.9890	3.0220	0.0000	-0.9940	0.0000	0.0000	0.0550	0.0000	0.0000	0.5930	0.0000	0.0000	0.0000	1.5170	0.0000	0.0000	0.4670	0.0000	-0.4830	0.0000	0.0000
P4	-2.0900	6.1310	0.0000	-2.4530	0.0000	0.0000	-0.0020	0.0000	0.0000	5.9760	0.0000	0.0000	0.0000	3.1020	0.0000	0.0000	1.3460	0.0000	-0.0570	0.0000	0.0000
P5	-0.8800	1.9870	0.0000	-1.7860	0.0000	0.0000	0.0740	0.0000	0.0000	0.7230	0.0000	0.0000	0.0000	1.4650	0.0000	0.0000	0.4400	0.0000	-0.5780	0.0000	0.0000
H10	-1.7900	6.9120	0.0000	-5.1890	0.0000	0.0000	0.0280	0.0000	0.0000	2.0680	0.0000	0.0000	0.0000	1.1220	0.0000	0.0000	0.6890	0.0000	0.2940	0.0000	0.0000
H11	-1.6950	5.1750	0.0000	-2.4760	0.0000	0.0000	0.0130	0.0000	0.0000	1.0590	0.0000	0.0000	0.0000	0.0590	0.0000	0.0000	-0.4240	0.0000	0.4080	0.0000	0.0000
H12	-2.7540	6.1410	0.0000	-3.5930	0.0000	0.0000	0.0340	0.0000	0.0000	3.4250	0.0000	0.0000	0.0000	2.3710	0.0000	0.0000	1.1800	0.0000	0.0460	0.0000	0.0000
P9	-1.7900	3.8160	0.0000	-2.1230	0.0000	0.0000	0.0420	0.0000	0.0000	2.0640	0.0000	0.0000	0.0000	1.4810	0.0000	0.0000	1.1770	0.0000	-0.5350	0.0000	0.0000
F12	-5.1660	3.0590	0.0000	2.0430	0.0000	0.0000	0.0900	0.0000	0.0000	2.4430	0.0000	0.0000	0.0000	1.0860	0.0000	0.0000	1.7470	0.0000	-0.4140	0.0000	0.0000
F10	-1.9330	2.0140	0.0000	-0.2070	0.0000	0.0000	0.0320	0.0000	0.0000	2.2260	0.0000	0.0000	0.0000	1.1400	0.0000	0.0000	1.7130	0.0000	-0.5330	0.0000	0.0000
F11	-2.1070	3.2330	0.0000	-0.5080	0.0030	0.0010	-0.0220	-0.0320	0.0300	2.9600	0.0000	0.0000	0.0010	1.1770	-0.0080	-0.0180	1.7490	-0.0710	-0.5370	0.0840	-0.0130
N12	0.0100	-0.2550	0.0000	-0.8380	0.0000	0.0000	0.0230	0.0000	0.0000	0.0340	0.0000	0.0000	0.0000	1.3640	0.0000	0.0000	0.2230	0.0000	-0.4930	0.0000	0.0000
H8	0.1230	-0.3970	0.0000	-2.0670	0.0000	0.0000	0.0400	0.0000	0.0000	-1.3380	0.0000	0.0000	0.0000	1.3970	0.0000	0.0000	0.2090	0.0000	-0.6420	0.0000	0.0000
H9	-0.0320	0.0170	0.0000	-1.4900	0.0000	0.0000	0.0400	0.0000	0.0000	-0.5370	0.0000	0.0000	0.0000	1.3630	0.0000	0.0000	0.2000	0.0000	-0.6350	0.0000	0.0000
H6	0.2330	1.2710	0.0000	-1.4950	0.0000	0.0000	-0.0010	0.0000	0.0000	0.0820	0.0000	0.0000	0.0000	-0.0420	0.0000	0.0000	0.8330	0.0000	-0.7160	0.0000	0.0000
H7	0.1310	-0.4640	0.0000	-1.9210	0.0000	-0.0060	0.0230	0.0130	0.0110	-2.3110	0.0000	0.0000	0.0190	-0.0190	-0.0040	0.0050	0.4480	-0.0110	-0.6040	0.0500	0.0140
H4	0.0810	-1.1810	0.0000	0.7280	0.0000	-0.0010	0.0240	0.0170	0.0130	-0.7150	0.0000	0.0000	0.0000	-0.0370	0.0090	-0.0010	0.1610	0.0390	-0.4960	-0.0610	-0.0100
H5	0.0600	1.0570	0.0000	-1.2360	0.0000	0.0000	0.0110	0.0000	0.0000	-0.1510	0.0000	0.0000	0.0000	-0.0220	0.0000	0.0000	0.5880	0.0000	-0.6090	0.0000	0.0000
D10	0.1560	-0.2250	0.0000	-1.8350	0.0000	0.0000	0.0190	0.0000	0.0000	0.8130	0.0000	0.0000	0.0000	1.2160	0.0000	0.0000	1.5760	0.0000	-0.0930	0.0000	0.0000
D11	-0.3190	-1.9530	0.0000	0.8340	-0.0020	-0.0020	-0.0800	0.0240	0.0150	0.6610	0.0000	0.0000	-0.0140	1.2860	0.0020	-0.0080	1.5920	-0.0480	-0.8030	0.1330	0.0030
D12	-1.0400	-0.1530	0.0000	1.8440	0.0330	-0.0010	-0.0000	-0.0090	-0.0380	1.7070	0.0000	0.0000	0.0060	1.1760	0.0210	0.1910	-1.4910	0.1510	0.1530	0.8580	0.0080
B12	-3.2060	4.6760	0.0000	-5.5780	0.0370	-0.0010	0.1210	0.0250	-0.0750	2.8250	0.0000	0.0000	0.0060	0.9780	0.0360	-0.1120	5.7730	0.8900	-0.0940	-0.6550	0.0000
B10	-3.0850	2.0590	0.0000	-0.6690	0.0000	0.0000	0.0730	0.0000	0.0000	-0.2490	0.0000	0.0000	0.0000	0.9510	0.0000	0.0000	1.0800	0.0000	-0.6590	0.0000	0.0000
B11	-3.4520	5.6780	0.0000	-1.8130	0.0000	0.0000	0.1360	0.0000	0.0000	2.2990	0.0000	0.0000	0.0000	1.1430	0.0000	0.0000	0.5840	0.0000	0.0240	0.0000	0.0000
Q8	-1.9650	4.7300	0.0000	-4.7290	0.0000	0.0000	0.1000	0.0000	0.0000	0.8620	0.0000	0.0000	0.0000	1.3950	0.0000	0.0000	1.5460	0.0000	-0.2140	0.0000	0.0000
Q9	-1.3490	2.3770	0.0000	-1.4340	0.0000	0.0000	0.0640	0.0000	0.0000	0.5530	0.0000	0.0000	0.0000	1.5440	0.0000	0.0000	0.2430	0.0000	-0.8940	0.0000	0.0000
C9	0.3230	-2.9820	0.0000	-0.3770	0.0000	0.0000	0.0050	0.0000	0.0000	-0.5820	0.0000	0.0000	0.0000	1.1950	0.0000	0.0000	1.5750	0.0000	-0.3210	0.0000	0.0000
C8	-0.3280	0.9110	0.0000	-4.0610	0.0040	0.0080	0.0600	0.0850	0.0720	2.2070	0.0000	0.0000	-0.0360	1.2070	-0.0460	-0.1900	5.8070	-0.1480	-1.1620	0.0670	-0.0450
Q11	-1.7620	3.8850	0.0000	-0.2030	0.0030	0.0020	-0.0520	0.0130	-0.0190	3.3990	0.0000	0.0000	-0.0030	1.5800	-0.0030	0.0220	0.2970	-0.0180	-0.3610	0.0190	-0.0030
Q10	-3.6390	2.2280	0.0000	-2.4280	0.0000	0.0000	0.0980	0.0000	0.0000	-2.9090	0.0000	0.0000	0.0000	-0.0520	0.0000	0.0000	1.3540	0.0000	-0.4680	0.0000	0.0000
Q12	-2.5490	5.5390	0.0000	-2.8340	0.0000	0.0000	0.0030	0.0000	0.0000	4.6800	0.0000	0.0000	0.0000	3.1120	0.0000	0.0000	1.4150	0.0000	-0.0070	0.0000	0.0000
C3	-1.8040	3.2770	0.0000	-1.0000	0.0000	0.0000	0.0530	0.0000	0.0000	1.8710	0.0000	0.0000	0.0000	0.7030	0.0000	0.0000	1.1160	0.0000	-0.4730	0.0000	0.0000
C2	-3.5390	2.2240	0.0000	-1.2430	0.0000	0.0000	0.1510	0.0000	0.0000	-1.4970	0.0000	0.0000	0.0000	0.4320	0.0000	0.0000	1.3910	0.0000	-0.9120	0.0000	0.0000
C1	-5.1490	6.6950	0.0000	-2.0530	0.0000	0.0000	0.0440	0.0000	0.0000	0.8350	0.0000	0.0000	0.0000	0.7140	0.0000	0.0000	0.6780	0.0000	-0.0940	0.0000	0.0000
C7	0.4270	-3.2330	0.0000	-1.7150	0.0000	0.0000	0.0300	0.0000	0.0000	-2.6710	0.0000	0.0000	0.0000	1.1860	0.0000	0.0000	1.3770	0.0000	-0.7400	0.0000	0.0000
C6	0.8360	-1.9210	0.0000	-0.0460	0.0000	0.0000	0.0350	0.0000	0.0000	0.8840	0.0000	0.0000	0.0000	1.2010	0.0000	0.0000	1.3760	0.0000	-0.5990	0.0000	0.0000
C5	0.1990	-2.4580	0.0000	-0.9760	0.0000	0.0000	0.0470	0.0000	0.0000	-0.6520	0.0000	0.0000	0.0000	1.1610	0.0000	0.0000	1.7140	0.0000	-0.3410	0.0000	0.0000
C4	-0.8560	-1.3120	0.0000	-0.7130	0.0000	0.0000	0.0270	0.0000	0.0000	-0.4040	0.0000	0.0000	0.0000	1.1850	0.0000	0.0000	1.7720	0.0000	-0.5070	0.0000	0.0000
N10	0.2470	-0.6390	0.0000	-1.7250	0.0000	-0.0070	0.0150	-0.0280	0.0140	-0.9220	0.0000	0.0000	0.0090	1.4730	-0.0200	0.0020	0.0220	-0.0170	-0.2870	0.0580	-0.0380
N8	-1.0930	0.5940	0.0000	-0.9280	0.0000	0.0000	0.0240	0.0000	0.0000	0.9010	0.0000	0.0000	0.0000	0.8140	0.0000	0.0000	0.8670	0.0000	0.6220	0.0000	0.0000
N9	-1.8440	0.8530	0.0000	-2.1180	0.0000	0.0000	0.0860	0.0000	0.0000	-1.7000	0.0000	0.0000	0.0000	1.1600	0.0000	0.0000	0.1390	0.0000	0.0220	0.0000	0.0000
N11	-0.8510	0.3100	0.0000	1.3340	-0.0040	-0.0010	0.1120	-0.0370	-0.0070	1.6130	0.0000	0.0000	-0.0010	1.5840	-0.0040	0.0030	0.1320	-0.0090	-0.9820	0.0210	0.0160
G12	-0.8450	2.1550	0.0000	-0.2890	0.0000	0.0000	0.0430	0.0000	0.0000	1.1400	0.0000	0.0000	0.0000	0.0180	0.0000	0.0000	0.7220	0.0000	-0.6630	0.0000	0.0000
G11	-2.3200	0.9150	0.0000	-1.6030	0.0000	0.0000	0.1080	0.0000	0.0000	-1.0830	0.0000	0.0000	0.0000	1.1310	0.0000	0.0000	1.6580	0.0000	-0.9680	0.0000	0.0000
G10	0.7160	-4.1010	0.0000	-1.6070	0.0000	0.0000	0.0400	0.0000	0.0000	-2.5130	0.0000	0.0000	0.0000	1.1740	0.0000	0.0000	1.7910	0.0000	-0.5240	0.0000	0.0000
F1	-0.9970	0.8880	0.0000	-2.4740	0.0000	0.0000	0.0130	0.0000	0.0000	-0.6360	0.0000	0.0000	0.0000	0.7180	0.0000	0.0000	1.2370	0.0000	-0.0190	0.0000	0.0000
F2	0.9630	-2.0570	0.0000	-2.5150	0.0060	0.0000	0.1000	0.0220	0.0200	-0.8600	0.0000	0.0000	-0.0040	1.2280	0.0320	-0.0680	2.0460	0.1810	-0.7650	-0.0280	-0.0200
F3	0.1830	-0.9900	0.0000	-0.3420	0.0000	0.0000	0.0270	0.0000	0.0000	0.9300	0.0000	0.0000	0.0000	1.2220	0.0000	0.0000	1.4310	0.0000	-0.6000	0.0000	0.0000
F4	-5.3280	4.1810	0.0000	0.9240	0.0140	0.0080	0.0920	0.0250	0.0330	-1.4360	0.0000	0.0000	-0.0150	0.7410	-0.0770	0.1940	-3.2340	-0.5580	0.1010	1.4250	0.0400
F5	-0.0740	-1.2890	0.0000	0.0610	0.0000	0.0000	0.0290	0.0000	0.0000	1.2870	0.0000	0.0000	0.0000	1.2050	0.0000	0.0000	1.6050	0.0000	-0.2510	0.0000	0.0000
F6	-0.0480	-0.3560	0.0000	-0.5040	0.0000	0.0000	0.0310	0.0000	0.0000	1.8060	0.0000	0.0000	0.0000	1.2070	0.0000	0.0000	1.7140	0.0000	-0.2370	0.0000	0.0000
F7	-0.5420	0.3840	0.0000	-3.0560	-0.0040	0.0050	0.0770	0.0990	0.0750	2.2180	0.0000	0.0000	0.0230	1.2220	-0.0630	-0.0290	5.6160	-0.4070	-1.4350	0.3350	-0.0790
F8	-1.6320	-0.1940	0.0000	0.1240	0.0000	0.0000	0.0750	0.0000	0.0000	0.1160	0.0000	0.0000	0.0000	0.9920	0.0000	0.0000	1.5000	0.0000	-0.7500	0.0000	0.0000
F9	-3.1600	1.2790	0.0000	0.0440	0.0000	0.0000	0.1150	0.0000	0.0000	-0.7480	0.0000	0.0000	0.0000	0.7290	0.0000	0.0000	1.2820	0.0000	-1.0370	0.0000	0.0000
Q1	-1.5790	1.0530	0.0000	-3.1700	0.0000	0.0000	-0.0050	0.0000	0.0000	-3.3300	0.0000	0.0000	0.0000	-0.0240	0.0000	0.0000	1.1160	0.0000	-0.7190	0.0000	0.0000
Q3	-1.5390	2.0780	0.0000	0.9780	0.0020	0.0070	0.0190	0.0200	0.0110	-0.6190	0.0000	0.0000	0.0040	-0.0090	0.0070	0.1800	-3.0280	-0.1200	0.1060	0.6780	-0.0110
Q2	-2.1490	2.1390	0.0000	-0.9930	0.0000	0.0010	0.0380	-0.0300	0.0070	-0.7360	0.0000	0.0000	0.0100	0.0030	0.0020	-0.0010	0.5940	0.0140	-0.3820	0.0120	-0.0040
Q5	-4.2020	2.0000	0.0000	-1.8970	0.0000	0.0000	0.1170	0.0000	0.0000	-3.7970	0.0000	0.0000	0.0000	-0.0460	0.0000	0.0000	0.8140	0.0000	-0.5860	0.0000	0.0000
Q4	-1.4450	3.2400	0.0000	-2.0520	0.0000	0.0000	0.0700	0.0000	0.0000	1.3340	0.0000	0.0000	0.0000	1.3570	0.0000	0.0000	0.5670	0.0000	-0.4010	0.0000	0.0000
Q7	-3.6580	7.5290	0.0000	0.4650	0.0000	0.0000	0.0270	0.0000	0.0000	6.0420	0.0000	0.0000	0.0000	1.6810	0.0000	0.0000	0.2930	0.0000	-0.2960	0.0000	0.0000
Q6	-3.0450	5.3200	0.0000	-1.9170	0.0410	-0.0010	0.0030	0.0390	-0.0330	5.5130	0.0000	0.0000	0.0190	1.6820	0.0140	-0.1660	3.8580	1.0780	-0.6370	-0.7390	-0.0060
E11	-1.3990	-1.2570	0.0000	-2.5060	0.0000	0.0000	0.0260	0.0000	0.0000	-4.1870	0.0000	0.0000	0.0000	-0.0140	0.0000	0.0000	1.2780	0.0000	-0.3150	0.0000	0.0000
E10	-2.0890	2.4060	0.0000	-0.8170	0.0000	0.0000	0.1530	0.0000	0.0000	0.7610	0.0000	0.0000	0.0000	0.7700	0.0000	0.0000	1.2550	0.0000	-0.9200	0.0000	0.0000
E12	-0.0700	-1.3650	0.0000	-2.2410	0.0000	0.0000	0.0540	0.0000	0.0000	-1.9090	0.0000	0.0000	0.0000	1.1620	0.0000	0.0000	1.2300	0.0000	-0.6790	0.0000	0.0000
C12	-0.7230	0.0970	0.0000	-2.2790	0.0050	0.0010	-0.0010	-0.0390	0.0200	-0.5690	0.0000	0.0000	-0.0020	0.7370	0.0020	-0.0070	1.4380	0.0100	0.1770	0.0050	-0.0080
C11	0.1380	-0.8550	0.0000	-1.0120	0.0010	0.0020	0.0790	0.1520	0.0930	0.7610	0.0000	0.0000	-0.0120	1.2090	-0.0670	0.0140	1.5390	-0.1570	-1.1750	0.8650	-0.0520
C10	-0.5590	-1.2000	0.0000	-3.6090	-0.0470	0.0040	0.0340	-0.0480	-0.1150	-3.2340	0.0000	0.0000	-0.0490	0.6980	-0.0020	-0.3340	1.4090	0.8570	-0.4510	0.1640	0.0140
A11	0.3430	2.2910	0.0000	-3.1340	0.0000	0.0000	0.0270	0.0000	0.0000	1.9220	0.0000	0.0000	0.0000	1.3100	0.0000	0.0000	1.2580	0.0000	-0.1710	0.0000	0.0000
A10	-3.6340	2.1920	0.0000	0.5580	0.0000	0.0000	0.0750	0.0000	0.0000	1.6300	0.0000	0.0000	0.0000	1.0600	0.0000	0.0000	1.5010	0.0000	-0.1250	0.0000	0.0000
A12	-0.2990	-0.9980	0.0000	-0.5830	0.0110	0.0020	0.0420	0.1500	-0.0920	-2.7780	0.0000	0.0000	0.0230	1.2330	0.2620	0.2260	-3.2690	0.4910	-0.4580	0.5880	-0.1100
A1	-1.4610	3.9450	0.0000	-2.7150	0.0000	0.0000	0.0570	0.0000	0.0000	2.5560	0.0000	0.0000	0.0000	1.4250	0.0000	0.0000	1.4160	0.0000	-0.1110	0.0000	0.0000
A3	-0.1710	1.4170	0.0000	-0.4020	0.0000	0.0000	0.0020	0.0000	0.0000	0.5780	0.0000	0.0000	0.0000	-0.0270	0.0000	0.0000	0.4660	0.0000	-0.7060	0.0000	0.0000
A2	-1.1570	1.8190	0.0000	-3.2790	0.0000	0.0000	0.0820	0.0000	0.0000	-0.9480	0.0000	0.0000	0.0000	1.3730	0.0000	0.0000	0.5180	0.0000	-0.3040	0.0000	0.0000
A5	-2.2400	3.1750	0.0000	-0.0230	0.0000	0.0000	0.0380	0.0000	0.0000	1.0360	0.0000	0.0000	0.0000	-0.0010	0.0000	0.0000	0.4330	0.0000	-0.3460	0.0000	0.0000
A4	-1.0180	-0.5250	0.0000	-2.8490	0.0000	0.0000	0.0520	0.0000	0.0000	-2.9900	0.0000	0.0000	0.0000	1.4520	0.0000	0.0000	0.4470	0.0000	-0.5480	0.0000	0.0000
A7	-1.8070	5.7810	0.0000	-1.1640	0.0000	0.0000	0.1050	0.0000	0.0000	4.5770	0.0000	0.0000	0.0000	1.1520	0.0000	0.0000	0.7090	0.0000	-0.1980	0.0000	0.0000
A6	-1.1720	1.8150	0.0000	-3.2430	0.0000	0.0000	0.0780	0.0000	0.0000	-0.9370	0.0000	0.0000	0.0000	1.3710	0.0000	0.0000	0.5200	0.0000	-0.3050	0.0000	0.0000
A9	-0.5340	3.6550	0.0000	-5.3990	0.0000	0.0000	0.0100	0.0000	0.0000	0.1890	0.0000	0.0000	0.0000	1.6200	0.0000	0.0000	0.4520	0.0000	0.3870	0.0000	0.0000
A8	-0.2860	0.2290	0.0000	-1.5100	0.0000	0.0000	0.0450	0.0000	0.0000	-0.2580	0.0000	0.0000	0.0000	1.4070	0.0000	0.0000	0.2020	0.0000	-0.3460	0.0000	0.0000
D8	0.1510	-0.7030	0.0000	-2.5830	0.0000	0.0000	0.0540	0.0000	0.0000	-0.8450	0.0000	0.0000	0.0000	1.1830	0.0000	0.0000	1.5780	0.0000	-0.5240	0.0000	0.0000
D9	0.1660	-1.1210	0.0000	0.3220	0.0000	0.0000	0.0570	0.0000	0.0000	1.5370	0.0000	0.0000	0.0000	1.2060	0.0000	0.0000	1.6990	0.0000	-0.7920	0.0000	0.0000
D6	-0.3930	-1.5120	0.0000	-1.6070	0.0480	0.0060	0.0650	-0.0020	-0.0740	2.0140	0.0000	0.0000	-0.0450	1.1770	0.0150	-0.2970	5.4940	1.0840	-1.2220	-0.7230	0.0000
D7	1.1250	-2.4020	0.0000	-3.1820	0.0090	0.0010	0.0900	-0.0680	0.0190	-1.3920	0.0000	0.0000	-0.0090	1.1850	0.0190	-0.0630	2.1740	0.2100	-0.5410	0.0260	0.0130
D4	-2.9820	3.6140	0.0000	-0.6260	0.0000	0.0000	0.1010	0.0000	0.0000	1.1130	0.0000	0.0000	0.0000	0.7250	0.0000	0.0000	1.0240	0.0000	-0.7470	0.0000	0.0000
D5	-3.0470	3.7150	0.0000	-0.6190	-0.0070	0.0000	0.1020	0.0010	-0.0030	1.1400	0.0000	0.0000	0.0200	0.7260	0.0080	-0.0290	0.9870	-0.0520	-0.7130	0.0630	-0.0110
D2	0.6730	-1.8660	0.0000	0.1920	0.0000	0.0000	0.0540	0.0000	0.0000	1.2100	0.0000	0.0000	0.0000	1.2060	0.0000	0.0000	1.7060	0.0000	-0.7550	0.0000	0.0000
D3	-1.7720	3.2990	0.0000	-1.0180	0.0000	0.0000	0.0470	0.0000	0.0000	1.9190	0.0000	0.0000	0.0000	0.7030	0.0000	0.0000	1.1300	0.0000	-0.4690	0.0000	0.0000
D1	0.5160	-2.1310	0.0000	-2.0420	0.0000	0.0000	0.0160	0.0000	0.0000	-1.6530	0.0000	0.0000	0.0000	1.1990	0.0000	0.0000	1.2440	0.0000	-0.4550	0.0000	0.0000
