  G7 -11.03 -16.59  -5.56 -11.03  -5.56
  G6 -19.57 -22.19  -2.63 -13.66  -8.53
  G5  -9.58 -14.35  -4.78  -5.76  -8.60
  G4  -6.17  -4.66   1.51  11.65 -16.31
  G3   1.83   4.38   2.55   9.60  -5.21
  G2   5.30   4.12  -1.18   6.22  -2.10
  G1  -4.21  -4.38  -0.17  -3.38  -1.00
  G9  -8.46 -10.10  -1.64  -7.92  -2.18
  G8 -21.20 -27.00  -5.80 -18.67  -8.33
  N6 -10.85 -13.40  -2.55  -6.00  -7.40
  N7 -11.60 -15.01  -3.41  -6.30  -8.71
  B4  -6.11  -6.26  -0.14  -1.33  -4.93
  B5  -5.34  -5.00   0.34  -0.37  -4.63
  B6  -6.64  -8.91  -2.28  -4.29  -4.62
  B7  -6.26  -4.38   1.88  -3.42  -0.96
  B2 -14.50  -8.83   5.68  -6.13  -2.70
  B3  -4.57  -4.19   0.37  -0.48  -3.72
  B8 -11.78  -9.80   1.99  -0.43  -9.36
  B9 -10.72  -7.18   3.54   1.79  -8.97
  N5  -6.41  -6.23   0.17  -0.62  -5.61
 P10  -0.46   0.63   1.09   2.58  -1.95
 P11  -3.34  -2.34   1.01   2.88  -5.22
 P12 -13.41 -11.26   2.15  -7.85  -3.41
  E9  -3.47  -3.39   0.08  -3.29  -0.10
  E8  -5.28  -7.79  -2.51  -4.75  -3.04
  E5  -5.82  -6.57  -0.75  -5.14  -1.43
  E4  -4.98  -7.34  -2.37  -5.55  -1.79
  E7  -6.39  -6.89  -0.50  -5.48  -1.41
  E6 -10.27 -11.07  -0.80  -3.73  -7.33
  E1  -3.19  -6.22  -3.03   0.23  -6.44
  P8  -6.96  -8.53  -1.57  -1.91  -6.62
  E3 -20.27 -17.59   2.68   1.38 -18.98
  E2 -15.95 -14.05   1.90   3.42 -17.47
  P2   0.44  -3.37  -3.81   7.17 -10.54
  P3  -4.64  -1.16   3.49   6.46  -7.61
  P1  -6.61  -6.97  -0.36   2.09  -9.06
  P6   3.31   4.51   1.20   9.07  -4.57
  P7  -8.66  -8.07   0.59   3.25 -11.31
  P4   4.40  10.38   5.98   6.33   4.05
  P5 -19.64 -18.92   0.72 -18.08  -0.84
 H10  -0.17   1.90   2.07   9.05  -7.15
 H11 -30.12 -29.06   1.06 -21.18  -7.88
 H12   3.74   7.16   3.42   9.81  -2.65
  P9  -6.74  -4.67   2.06  -1.85  -2.82
 F12  -3.51  -1.07   2.44   9.07 -10.14
 F10  -2.47  -0.25   2.23   6.23  -6.48
 F11   1.35   4.31   2.96   7.37  -3.06
 N12 -13.40 -13.36   0.03  -9.69  -3.67
  H8 -29.70 -31.04  -1.34 -25.24  -5.80
  H9 -24.43 -24.97  -0.54 -19.63  -5.34
  H6 -11.02 -10.94   0.08 -10.57  -0.37
  H7 -26.31 -28.62  -2.31 -25.56  -3.06
  H4   0.16  -0.56  -0.72   1.46  -2.02
  H5 -10.15 -10.30  -0.15  -7.41  -2.88
 D10  -3.73  -2.92   0.81  -4.05   1.14
 D11  -6.45  -5.79   0.66  -0.57  -5.22
 D12  -4.61  -2.90   1.71  -2.81  -0.09
 B12 -16.54 -13.72   2.82  -2.55 -11.16
 B10 -12.41 -12.65  -0.25  -8.79  -3.86
 B11 -14.34 -12.04   2.30  -2.54  -9.50
  Q8  -9.65  -8.79   0.86  -5.47  -3.33
  Q9  -6.32  -5.76   0.55  -2.22  -3.54
  C9  -4.33  -4.91  -0.58  -4.76  -0.15
  C8   0.74   2.94   2.21   1.07   1.87
 Q11   2.40   5.80   3.40   7.75  -1.95
 Q10   1.36  -1.55  -2.91   6.68  -8.23
 Q12   1.12   5.81   4.68   7.23  -1.42
  C3 -10.03  -8.16   1.87   0.37  -8.53
  C2  -0.71  -2.21  -1.50   1.41  -3.62
  C1 -24.19 -23.36   0.84  -8.51 -14.84
  C7  -9.49 -12.16  -2.67  -9.47  -2.68
  C6  -6.36  -5.48   0.88  -7.50   2.02
  C5  -4.24  -4.89  -0.65  -5.08   0.19
  C4  -9.87 -10.27  -0.40  -3.03  -7.24
 N10 -13.86 -14.78  -0.92  -9.14  -5.64
  N8  -1.87  -0.97   0.90  -0.27  -0.70
  N9  -5.76  -7.47  -1.70  -4.84  -2.63
 N11 -14.70 -13.09   1.61  -9.12  -3.97
 G12 -10.47  -9.33   1.14  -5.40  -3.93
 G11  -4.23  -5.31  -1.08   3.72  -9.04
 G10 -16.55 -19.06  -2.51 -16.06  -3.00
  F1  -7.55  -8.19  -0.64  -6.60  -1.59
  F2   2.99   2.13  -0.86  -2.28   4.41
  F3  -1.29  -0.36   0.93  -0.90   0.54
  F4 -15.77 -17.21  -1.44   0.55 -17.76
  F5  -1.85  -0.56   1.29  -1.40   0.84
  F6  -1.18   0.62   1.81  -0.98   1.60
  F7  -7.58  -5.37   2.22   0.98  -6.35
  F8  -2.82  -2.71   0.12  -0.27  -2.43
  F9  -0.60  -1.35  -0.75   2.70  -4.05
  Q1  -4.64  -7.97  -3.33  -6.53  -1.44
  Q3  -2.09  -2.71  -0.62   6.76  -9.47
  Q2  -5.49  -6.23  -0.74  -1.12  -5.12
  Q5   0.05  -3.75  -3.80   6.51 -10.26
  Q4  -5.21  -3.88   1.33  -0.35  -3.53
  Q7   1.08   7.13   6.04   7.89  -0.77
  Q6   1.38   6.89   5.51   7.87  -0.98
 E11  -5.93 -10.11  -4.19  -3.97  -6.14
 E10 -11.26 -10.50   0.76  -0.64  -9.87
 E12  -3.13  -5.04  -1.91  -3.22  -1.81
 C12  -7.60  -8.17  -0.57  -7.17  -1.00
 C11  -9.58  -8.82   0.76  -1.66  -7.16
 C10  -5.04  -8.27  -3.23  -3.88  -4.39
 A11  -4.73  -2.81   1.92  -1.10  -1.70
 A10  -6.64  -5.01   1.63  11.55 -16.56
 A12 -13.17 -15.95  -2.78 -10.54  -5.41
  A1   3.83   6.38   2.56   9.17  -2.79
  A3  -3.89  -3.32   0.58  -2.49  -0.83
  A2  -7.05  -8.00  -0.95  -1.34  -6.66
  A5   4.74   5.77   1.04   9.69  -3.91
  A4 -13.41 -16.40  -2.99 -10.94  -5.46
  A7   3.30   7.87   4.58   9.64  -1.77
  A6  -6.99  -7.93  -0.94  -1.50  -6.43
  A9 -21.09 -20.90   0.19 -17.84  -3.06
  A8 -10.11 -10.37  -0.26  -4.49  -5.88
  D8  -4.18  -5.03  -0.85  -4.10  -0.92
  D9  -2.79  -1.25   1.54  -2.60   1.35
  D6 -10.04  -8.02   2.01  -2.55  -5.47
  D7   4.41   3.02  -1.39  -6.56   9.58
  D4 -13.68 -12.57   1.11  -0.71 -11.86
  D5 -13.52 -12.38   1.14  -0.88 -11.50
  D2  -1.61  -0.39   1.21  -1.76   1.36
  D3 -10.13  -8.21   1.92  -0.30  -7.91
  D1  -4.48  -6.13  -1.65  -4.29  -1.84
