  G7 -14.99 -19.88  -4.88  -7.24 -12.64
  G6 -11.71 -16.53  -4.82 -11.04  -5.49
  G5 -14.62 -17.04  -2.42  -3.44 -13.60
  G4  -2.69  -5.71  -3.02  10.38 -16.09
  G3  -2.11   0.77   2.88   8.57  -7.80
  G2  -2.41  -2.10   0.31   5.72  -7.82
  G1  -2.24  -6.13  -3.89  -5.37  -0.76
  G9 -13.26 -15.96  -2.69  -5.78 -10.17
  G8 -14.33 -21.30  -6.97 -14.95  -6.35
  N6  -1.13  -1.27  -0.14  -3.52   2.25
  N7 -14.45 -18.94  -4.49  -3.16 -15.78
  B4 -13.90 -14.68  -0.78  -1.62 -13.06
  B5   2.10   3.97   1.87   0.23   3.75
  B6 -13.31 -15.15  -1.83  -5.12 -10.03
  B7  -9.88  -9.23   0.64  -2.56  -6.67
  B2 -17.77 -13.89   3.88  -4.57  -9.31
  B3 -10.24 -10.21   0.03   0.07 -10.28
  B8 -12.60 -13.89  -1.29   3.99 -17.88
  B9 -16.03 -18.27  -2.24  -0.08 -18.19
  N5  -1.75  -5.64  -3.89  -0.72  -4.91
 P10   0.14   1.92   1.78   0.57   1.35
 P11  -1.86   1.23   3.09   1.32  -0.09
 P12  -6.88  -4.56   2.32  -9.05   4.49
  E9  -1.72  -4.58  -2.86  -3.39  -1.19
  E8  -3.70  -9.93  -6.23  -5.41  -4.52
  E5  -7.50  -9.43  -1.93  -6.16  -3.27
  E4 -10.96 -12.70  -1.74  -5.37  -7.33
  E7  -7.95  -8.25  -0.31  -3.72  -4.53
  E6 -11.92 -12.20  -0.28  -4.27  -7.93
  E1  -7.08  -7.55  -0.47  -0.47  -7.08
  P8  -0.28  -1.06  -0.78  -1.30   0.24
  E3 -20.81 -21.71  -0.90   6.81 -28.52
  E2 -11.46 -13.76  -2.30   6.63 -20.39
  P2   4.05   4.53   0.48   5.17  -0.64
  P3  -0.32  -1.12  -0.79   3.91  -5.03
  P1  -5.60  -2.15   3.46   0.75  -2.89
  P6   2.63   4.35   1.72   8.64  -4.28
  P7   1.84   4.72   2.88   2.63   2.09
  P4   0.69   3.71   3.03   4.60  -0.88
  P5 -17.21 -19.19  -1.99 -16.95  -2.24
 H10   1.84   5.07   3.24   7.97  -2.89
 H11 -27.85 -24.15   3.70 -19.23  -4.92
 H12  -3.12   1.34   4.45   7.87  -6.53
  P9  -0.22   0.89   1.11  -1.12   2.01
 F12  -4.27  -0.58   3.69   5.78  -6.37
 F10  -6.74  -4.82   1.93   5.87 -10.68
 F11  -4.65  -2.21   2.44   6.01  -8.22
 N12 -14.79 -16.70  -1.91  -7.76  -8.94
  H8 -33.23 -37.37  -4.14 -25.81 -11.55
  H9 -28.24 -31.65  -3.41 -20.65 -11.00
  H6 -15.94 -16.58  -0.64  -7.12  -9.46
  H7 -31.10 -35.01  -3.90 -24.77 -10.23
  H4  -6.67  -6.33   0.34   0.34  -6.66
  H5 -14.98 -16.15  -1.18  -7.29  -8.86
 D10  -5.45  -7.45  -1.99  -5.83  -1.61
 D11  -9.91  -9.70   0.20   0.60 -10.31
 D12  -6.53  -7.34  -0.81   2.63  -9.97
 B12 -15.01 -17.91  -2.90  -3.20 -14.70
 B10 -10.66 -12.40  -1.73   5.54 -17.94
 B11 -15.68 -18.75  -3.06   1.23 -19.97
  Q8 -14.69 -15.69  -1.00  -4.32 -11.37
  Q9   2.77   2.14  -0.63  -0.92   3.06
  C9  -4.44  -4.84  -0.40  -4.02  -0.82
  C8   0.08   1.03   0.95  -0.25   1.28
 Q11   5.42   7.67   2.25   7.15   0.52
 Q10   4.00   4.50   0.49   6.66  -2.16
 Q12   2.20   2.68   0.48   4.85  -2.17
  C3 -10.37 -10.29   0.07   0.37 -10.66
  C2  -9.62  -9.59   0.03   2.08 -11.66
  C1 -25.48 -24.95   0.53  -9.65 -15.31
  C7 -12.69 -16.27  -3.58  -8.29  -7.98
  C6 -16.97 -18.29  -1.31  -8.13 -10.16
  C5  -4.74  -5.91  -1.17  -4.04  -1.88
  C4 -11.64 -11.61   0.03  -3.49  -8.12
 N10 -17.60 -18.44  -0.85  -8.62  -9.82
  N8   2.78   2.59  -0.19  -1.91   4.50
  N9  -9.04  -7.98   1.06  -8.34   0.36
 N11  -8.68 -11.70  -3.02  -6.76  -4.95
 G12 -15.85 -17.75  -1.90  -4.63 -13.12
 G11 -10.55 -10.16   0.39   3.15 -13.31
 G10 -13.33 -18.18  -4.85 -11.89  -6.29
  F1  -8.59  -8.51   0.08  -1.65  -6.86
  F2  -5.38  -5.14   0.24   4.39  -9.53
  F3  -1.16  -2.14  -0.98  -1.64  -0.50
  F4  -8.88 -11.43  -2.54   0.53 -11.95
  F5  -7.93  -6.61   1.32  -1.45  -5.16
  F6  -9.73  -9.53   0.19  -1.98  -7.56
  F7  -9.90  -8.11   1.78   0.26  -8.38
  F8  -8.10  -5.67   2.43   0.81  -6.48
  F9  -7.29  -6.50   0.79   2.70  -9.19
  Q1   1.51  -1.12  -2.63  -4.02   2.90
  Q3  -1.07  -0.58   0.49   7.48  -8.05
  Q2   3.25   2.37  -0.88  -0.85   3.22
  Q5   4.74   5.88   1.15   6.65  -0.77
  Q4   0.51   2.76   2.26  -0.61   3.37
  Q7   1.68   7.01   5.33  11.84  -4.82
  Q6   2.50   5.67   3.17   8.79  -3.12
 E11 -10.19 -11.14  -0.95  -3.79  -7.35
 E10  -8.37 -11.54  -3.17  -1.45 -10.09
 E12 -10.05 -12.42  -2.37  -3.91  -8.51
 C12  -6.12  -5.42   0.70  -2.09  -3.33
 C11  -8.32  -9.00  -0.68  -1.17  -7.82
 C10  -5.06  -5.78  -0.71  -4.87  -0.91
 A11 -10.35 -12.79  -2.44  -1.09 -11.70
 A10 -18.90 -18.53   0.37  10.29 -28.83
 A12  -9.87  -7.42   2.45 -10.23   2.80
  A1   0.90   1.14   0.24   7.03  -5.88
  A3 -11.55  -9.58   1.97  -0.79  -8.79
  A2   1.42  -0.15  -1.57   0.27  -0.42
  A5   2.57   5.48   2.91   8.96  -3.48
  A4 -12.05 -11.53   0.52  -9.68  -1.84
  A7  -0.25   2.25   2.50   8.79  -6.54
  A6   4.05   2.47  -1.58  -0.80   3.27
  A9 -21.53 -22.64  -1.11 -16.55  -6.09
  A8  -4.75  -6.17  -1.43  -3.34  -2.83
  D8 -13.15 -15.13  -1.98  -5.33  -9.81
  D9  -0.82  -2.36  -1.54  -3.09   0.73
  D6 -10.88  -9.44   1.44  -3.60  -5.84
  D7  -4.07  -6.75  -2.68  -3.23  -3.52
  D4 -10.01 -10.57  -0.57  -0.05 -10.52
  D5  -8.99  -9.52  -0.53  -0.07  -9.46
  D2  -2.36  -3.00  -0.64  -1.79  -1.21
  D3 -10.36 -10.30   0.05   0.36 -10.66
  D1  -2.84  -6.27  -3.42  -4.05  -2.22
