MUT	fa_rep:	ref:	fa_atr:	hbond_sc:	fa_sol:	yhh_planarity:	dslf_fa13:	fa_intra_sol_xover4:	omega:	p_aa_pp:	TOT	sugar_bb:	fa_intra_rep:	hbond_lr_bb:	hbond_sr_bb:	hbond_bb_sc:	fa_elec:	cart_bonded:	lk_ball_wtd:	fa_dun:	rama_prepro:
G7	-0.4090	-2.7660	0.0000	-2.0900	0.0000	0.0000	0.0300	0.0000	0.0000	-4.8850	0.0000	0.0000	0.0000	-0.0500	0.0000	0.0000	1.0920	0.0000	-0.6940	0.0000	0.0000
G6	1.5020	-4.3180	0.0000	-2.7280	0.0000	-0.0020	0.0510	-0.0150	0.0100	-4.8240	0.0000	0.0000	-0.0200	-0.0210	-0.0110	-0.0100	0.8700	-0.0560	-0.1270	0.0400	0.0070
G5	-1.0470	-1.0710	0.0000	-1.3900	0.0000	0.0000	0.0860	0.0000	0.0000	-2.4240	0.0000	0.0000	0.0000	-0.0710	0.0000	0.0000	1.2570	0.0000	-0.1890	0.0000	0.0000
G4	-1.6680	0.9860	0.0000	-2.4190	0.0000	0.0000	0.1550	0.0000	0.0000	-3.0240	0.0000	0.0000	0.0000	-0.5180	0.0000	0.0000	0.7790	0.0000	-0.3410	0.0000	0.0000
G3	-2.3980	4.4680	0.0000	-0.4250	0.0000	0.0000	0.0500	0.0000	0.0000	2.8840	0.0000	0.0000	0.0000	-0.0360	0.0000	0.0000	1.4750	0.0000	-0.2510	0.0000	0.0000
G2	-3.1200	4.7890	0.0000	-2.6450	0.0000	0.0000	0.0450	0.0000	0.0000	0.3070	0.0000	0.0000	0.0000	0.0030	0.0000	0.0000	1.2810	0.0000	-0.0480	0.0000	0.0000
G1	0.2990	-0.7520	0.0000	-4.0610	0.0000	0.0000	0.0160	0.0000	0.0000	-3.8860	0.0000	0.0000	0.0000	-0.0330	0.0000	0.0000	1.0450	0.0000	-0.3990	0.0000	0.0000
G9	-0.6610	-1.6880	0.0000	-1.1810	0.0000	0.0000	0.0300	0.0000	0.0000	-2.6950	0.0000	0.0000	0.0000	-0.0430	0.0000	0.0000	1.2600	0.0000	-0.4120	0.0000	0.0000
G8	1.5020	-3.5850	0.0000	-5.5440	0.0000	0.0000	0.0150	0.0000	0.0000	-6.9680	0.0000	0.0000	0.0000	-0.0240	0.0000	0.0000	1.2010	0.0000	-0.5330	0.0000	0.0000
N6	1.6850	1.0710	0.0000	-2.6140	0.0000	-0.0010	-0.0140	0.0160	-0.0230	-0.1430	0.0000	0.0000	0.0040	-0.0130	-0.0050	0.0010	0.1590	-0.1230	-0.3540	0.0780	-0.0090
N7	0.0890	-2.3320	0.0000	-1.5140	0.0000	-0.0010	0.1090	0.0140	0.0030	-4.4870	0.0000	0.0000	0.0010	-0.1470	-0.0040	-0.0080	0.5550	0.0010	-1.2210	-0.0350	0.0020
B4	-1.9610	3.8100	0.0000	-2.0930	0.0000	-0.0010	-0.0200	0.0320	-0.0050	-0.7850	0.0000	0.0000	0.0010	0.0450	0.0000	0.0000	0.0790	-0.0460	-0.6010	-0.0380	0.0090
B5	0.9160	1.5810	0.0000	-0.3220	0.0000	0.0000	-0.0130	0.0000	0.0000	1.8740	0.0000	0.0000	0.0000	-0.0140	0.0000	0.0000	0.0670	0.0000	-0.3400	0.0000	0.0000
B6	-3.3510	4.2730	0.0000	-2.9870	0.0000	0.0000	0.0340	-0.0140	0.0170	-1.8330	0.0000	0.0000	0.0050	-0.0310	0.0050	0.0040	1.4170	0.0690	-1.3150	0.0280	0.0090
B7	-0.8600	3.0190	0.0000	-1.8170	0.0000	0.0000	0.0410	-0.0100	0.0150	0.6420	0.0000	0.0000	-0.0030	-0.0350	0.0030	0.0020	0.7430	-0.0200	-0.3800	-0.0430	-0.0130
B2	-4.4160	4.6020	0.0000	4.1140	0.0000	0.0000	-0.0150	0.0000	0.0000	3.8850	0.0000	0.0000	0.0000	-0.0220	0.0000	0.0000	-0.2100	0.0000	-0.1700	0.0000	0.0000
B3	-1.2720	3.9550	0.0000	-2.1650	0.0000	0.0000	0.0950	0.0000	0.0000	0.0270	0.0000	0.0000	0.0000	-0.0820	0.0000	0.0000	-0.0620	0.0000	-0.4410	0.0000	0.0000
B8	-4.4450	3.2190	0.0000	-0.0500	0.0000	0.0000	0.0730	0.0000	0.0000	-1.2940	0.0000	0.0000	0.0000	-0.1920	0.0000	0.0000	0.7770	0.0000	-0.6750	0.0000	0.0000
B9	-0.6500	1.6840	0.0000	-4.0020	0.0010	0.0000	0.0520	0.0230	-0.0170	-2.2380	0.0000	0.0000	-0.0040	-0.0620	-0.0010	-0.0020	0.9380	-0.0050	-0.2020	0.0040	0.0030
N5	-0.6460	-0.2620	0.0000	-4.4880	0.0000	0.0000	0.0970	0.0000	0.0000	-3.8900	0.0000	0.0000	0.0000	1.0340	0.0000	0.0000	0.9740	0.0000	-0.5980	0.0000	0.0000
P10	-1.1280	3.8200	0.0000	-0.3810	0.0000	0.0000	0.0530	0.0000	0.0000	1.7810	0.0000	0.0000	0.0000	-0.0890	0.0000	0.0000	0.0650	0.0000	-0.5610	0.0000	0.0000
P11	-1.1620	3.5510	0.0000	1.1470	0.0000	0.0000	0.0300	0.0000	0.0000	3.0930	0.0000	0.0000	0.0000	-0.0800	0.0000	0.0000	0.1600	0.0000	-0.5510	0.0000	0.0000
P12	-0.9940	2.9170	0.0000	-0.7250	0.0000	0.0000	0.0330	0.0000	0.0000	2.3200	0.0000	0.0000	0.0000	1.3580	0.0000	0.0000	0.3020	0.0000	-0.5680	0.0000	0.0000
E9	-0.3640	-1.1120	0.0000	-2.9260	0.0000	0.0000	0.0580	0.0210	0.0100	-2.8630	0.0000	0.0000	0.0070	-0.0220	0.0000	0.0100	1.6080	0.0040	-0.1220	-0.0260	-0.0050
E8	0.5280	-2.1500	0.0000	-5.1070	0.0000	0.0000	0.0230	0.0000	0.0000	-6.2310	0.0000	0.0000	0.0000	-0.0330	0.0000	0.0000	1.0310	0.0000	-0.5260	0.0000	0.0000
E5	0.0420	-1.7020	0.0000	-1.5410	-0.0030	-0.0010	-0.0350	0.0170	-0.0260	-1.9280	0.0000	0.0000	-0.0040	-0.0080	-0.0110	0.0270	1.4040	0.1300	-0.1850	-0.0380	0.0050
E4	1.2170	-1.1690	0.0000	-2.9740	0.0000	-0.0010	-0.0080	-0.0200	0.0000	-1.7420	0.0000	0.0000	-0.0040	-0.0070	0.0130	0.0050	1.2790	0.0640	-0.1140	-0.0430	0.0170
E7	0.2690	0.7510	0.0000	-2.0610	0.0000	0.0000	-0.0450	0.0250	0.0010	-0.3080	0.0000	0.0000	0.0060	0.0550	-0.0070	0.0000	0.7250	0.0360	-0.0110	-0.0540	0.0020
E6	-0.3570	1.2270	0.0000	-1.5110	0.0000	0.0000	0.0310	-0.0140	0.0480	-0.2830	0.0000	0.0000	-0.0060	-0.0220	0.0000	0.0030	0.9430	0.0380	-0.5670	-0.0990	0.0040
E1	-0.5660	0.9780	0.0000	-1.5260	0.0000	0.0000	0.0290	0.0000	0.0000	-0.4680	0.0000	0.0000	0.0000	-0.0440	0.0000	0.0000	1.1350	0.0000	-0.4730	0.0000	0.0000
P8	0.0550	1.4650	0.0000	-3.6260	0.0000	0.0000	0.0230	0.0270	-0.0140	-0.7790	0.0000	0.0000	-0.0090	1.3550	-0.0020	0.0060	0.4820	0.0090	-0.5640	0.0090	0.0050
E3	-0.8700	0.0260	0.0000	0.1670	0.0000	0.0000	0.1280	0.0000	0.0000	-0.9010	0.0000	0.0000	0.0000	-0.2330	0.0000	0.0000	0.3200	0.0000	-0.4370	0.0000	0.0000
E2	-3.1310	1.5400	0.0000	-1.1070	0.0000	0.0000	0.0400	0.0000	0.0000	-2.2990	0.0000	0.0000	0.0000	-0.1380	0.0000	0.0000	1.4300	0.0000	-0.9310	0.0000	0.0000
P2	-1.6900	4.0320	0.0000	-1.5680	0.0000	0.0000	0.0180	0.0000	0.0000	0.4800	0.0000	0.0000	0.0000	-0.0360	0.0000	0.0000	-0.0540	0.0000	-0.2220	0.0000	0.0000
P3	-3.1890	3.2250	0.0000	-0.1720	0.0000	0.0000	0.0520	0.0000	0.0000	-0.7930	0.0000	0.0000	0.0000	-0.0670	0.0000	0.0000	0.2720	0.0000	-0.9150	0.0000	0.0000
P1	-1.3110	3.6160	0.0000	-0.5040	-0.0020	0.0000	0.0260	-0.0020	0.0170	3.4560	0.0000	0.0000	0.0070	1.4600	0.0030	0.0050	0.8790	0.0940	-0.7460	-0.0520	-0.0340
P6	-0.6010	3.9040	0.0000	-1.1740	0.0000	0.0000	0.0180	0.0000	0.0000	1.7190	0.0000	0.0000	0.0000	-0.0470	0.0000	0.0000	0.2620	0.0000	-0.6430	0.0000	0.0000
P7	-0.7660	4.5010	0.0000	-0.5410	-0.0010	-0.0010	0.0210	0.0210	-0.0100	2.8850	0.0000	0.0000	0.0020	-0.0520	0.0180	-0.0050	0.2010	-0.0830	-0.4300	0.0040	0.0060
P4	-1.4760	5.5870	0.0000	-0.4910	-0.0030	-0.0070	0.0020	-0.0070	-0.0060	3.0280	0.0000	0.0000	-0.0090	-0.0240	0.0050	0.0080	-0.0240	-0.0330	-0.4860	-0.0280	0.0160
P5	-1.5870	3.5490	0.0000	-1.6830	0.0010	0.0000	0.0160	0.0020	-0.0190	-1.9860	0.0000	0.0000	0.0000	-0.0310	0.0150	-0.0060	-1.4210	0.0070	-0.8160	-0.0020	-0.0110
H10	-0.2560	4.8500	0.0000	-4.4160	0.0040	0.0000	-0.0250	-0.0010	-0.0010	3.2360	0.0000	0.0000	-0.0030	0.9990	0.0070	0.0340	1.6820	-0.0030	0.4660	-0.1080	0.0050
H11	0.3800	4.5640	0.0000	-2.6010	0.0000	0.0000	-0.0160	0.0000	0.0000	3.6980	0.0000	0.0000	0.0000	1.1210	0.0000	0.0000	0.6770	0.0000	-0.4250	0.0000	0.0000
H12	-1.7340	7.4320	0.0000	-4.7190	0.0000	0.0000	0.0350	0.0000	0.0000	4.4540	0.0000	0.0000	0.0000	1.0770	0.0000	0.0000	1.9320	0.0000	0.4330	0.0000	0.0000
P9	-0.8100	2.8170	0.0000	-1.9960	-0.0010	0.0000	0.0320	-0.0180	-0.0010	1.1070	0.0000	0.0000	-0.0120	1.3540	-0.0030	-0.0100	0.1710	0.0670	-0.4980	0.0070	0.0100
F12	-2.1500	4.8960	0.0000	0.1600	0.0000	0.0000	0.0350	0.0580	0.0080	3.6890	0.0000	0.0000	0.0000	-0.0310	0.0030	-0.0010	1.2120	-0.0940	-0.4040	-0.0080	0.0000
F10	-0.4180	2.1950	0.0000	-1.0820	0.0000	-0.0010	0.0230	0.0090	-0.0020	1.9260	0.0000	0.0000	-0.0070	-0.0250	0.0070	0.0090	1.4950	-0.0980	-0.2150	0.0350	-0.0020
F11	-1.5920	4.1100	0.0000	-1.4200	0.0000	0.0000	0.0340	0.0000	0.0000	2.4410	0.0000	0.0000	0.0000	-0.0200	0.0000	0.0000	1.4960	0.0000	-0.1670	0.0000	0.0000
N12	0.9220	-1.0360	0.0000	-1.0320	-0.0120	0.0000	0.0250	0.0040	-0.0060	-1.9100	0.0000	0.0000	0.0050	-0.0200	0.0060	-0.0010	0.2580	0.0880	-0.9770	-0.1320	-0.0020
H8	0.6070	-0.9090	0.0000	-2.9510	0.0000	0.0000	0.0600	0.0000	0.0000	-4.1390	0.0000	0.0000	0.0000	-0.0310	0.0000	0.0000	-0.2380	0.0000	-0.6820	0.0000	0.0000
H9	0.4840	-0.6430	0.0000	-2.3530	0.0000	0.0000	0.0680	0.0000	0.0000	-3.4120	0.0000	0.0000	0.0000	-0.0380	0.0000	0.0000	-0.2830	0.0000	-0.6470	0.0000	0.0000
H6	-0.3020	1.2910	0.0000	-1.2540	0.0000	0.0000	0.0560	0.0000	0.0000	-0.6400	0.0000	0.0000	0.0000	-0.0740	0.0000	0.0000	0.4940	0.0000	-0.8500	0.0000	0.0000
H7	0.3380	-0.5030	0.0000	-3.0150	0.0020	0.0000	0.0700	0.0130	0.0080	-3.9050	0.0000	0.0000	-0.0050	-0.0330	0.0030	0.0030	-0.1950	0.0590	-0.6660	0.0150	0.0000
H4	0.7410	-1.4430	0.0000	1.1630	0.0000	0.0000	-0.0170	0.0000	0.0000	0.3420	0.0000	0.0000	0.0000	0.0230	0.0000	0.0000	0.0620	0.0000	-0.1870	0.0000	0.0000
H5	-0.3020	0.6490	0.0000	-1.0450	0.0000	0.0000	0.0490	0.0000	0.0000	-1.1780	0.0000	0.0000	0.0000	-0.0650	0.0000	0.0000	0.3960	0.0000	-0.8580	0.0000	0.0000
D10	1.1630	-1.3060	0.0000	-4.0850	0.0090	0.0030	-0.0830	0.0520	-0.0640	-1.9940	0.0000	0.0000	-0.0310	-0.2720	0.0990	0.0050	1.8300	0.9980	-0.2870	0.0670	-0.0900
D11	0.0320	-0.3280	0.0000	-0.7560	0.0000	0.0000	0.0160	0.0000	0.0000	0.2030	0.0000	0.0000	0.0000	-0.0160	0.0000	0.0000	1.4900	0.0000	-0.2340	0.0000	0.0000
D12	-1.6700	0.3610	0.0000	-0.0200	0.0010	0.0000	0.0420	-0.0230	0.0050	-0.8070	0.0000	0.0000	-0.0050	-0.0380	-0.0030	0.0020	1.0490	0.0180	-0.5340	0.0060	-0.0010
B12	-2.6160	2.3120	0.0000	-1.7800	0.0000	0.0010	0.0040	-0.0270	0.0150	-2.9000	0.0000	0.0000	0.0050	-0.1260	0.0150	0.0460	0.3450	0.0530	-1.0390	-0.1090	0.0000
B10	-4.9890	4.4170	0.0000	-0.6460	0.0190	0.0020	0.1120	0.0150	0.0370	-1.7330	0.0000	0.0000	0.0110	-0.1830	-0.0200	0.0220	-0.2610	-0.3960	-0.6970	0.7480	0.0750
B11	-2.1170	-5.2930	0.0000	5.7360	-0.0020	0.0010	-0.0980	0.0450	-0.0150	-3.0650	0.0000	0.0000	-0.0070	-0.2210	0.0050	-0.0150	-0.7490	-0.0230	-0.2700	-0.0360	-0.0060
Q8	-0.4560	2.9690	0.0000	-2.6120	-0.0010	-0.0010	0.0440	-0.0110	0.0080	-0.9980	0.0000	0.0000	0.0220	0.1540	-0.0070	0.0040	-0.4150	-0.0660	-0.6550	0.0020	0.0250
Q9	-1.1630	1.6120	0.0000	-0.4950	0.0000	0.0000	-0.0100	0.0000	0.0000	-0.6330	0.0000	0.0000	0.0000	-0.0080	0.0000	0.0000	-0.0990	0.0000	-0.4700	0.0000	0.0000
C9	0.9520	-2.6420	0.0000	-1.3090	0.0410	0.0010	0.0120	0.0220	-0.0270	-0.4020	0.0000	0.0000	0.0190	0.0250	0.0470	0.0310	1.6860	0.8360	-0.1800	0.0920	-0.0070
C8	-0.6940	0.5380	0.0000	-0.3430	0.0000	-0.0010	0.0520	0.0130	0.0270	0.9530	0.0000	0.0000	0.0000	-0.0230	-0.0120	-0.0120	1.5360	-0.1470	0.0400	-0.0110	-0.0090
Q11	-1.8410	3.8880	0.0000	0.2230	0.0000	0.0000	-0.0080	0.0000	0.0000	2.2510	0.0000	0.0000	0.0000	-0.0230	0.0000	0.0000	-0.0230	0.0000	0.0340	0.0000	0.0000
Q10	-1.6570	4.0550	0.0000	-1.6530	-0.0010	0.0000	0.0180	-0.0070	0.0140	0.4920	0.0000	0.0000	-0.0010	-0.0390	0.0010	0.0020	-0.0530	0.0410	-0.2130	-0.0090	-0.0070
Q12	-1.7370	3.9700	0.0000	-1.4490	0.0000	0.0000	0.0190	0.0000	0.0000	0.4790	0.0000	0.0000	0.0000	-0.0280	0.0000	0.0000	-0.1710	0.0000	-0.1260	0.0000	0.0000
C3	-2.6860	3.5640	0.0000	-1.0050	0.0020	0.0000	0.0660	-0.0170	-0.0140	0.0730	0.0000	0.0000	-0.0030	-0.1200	0.0020	0.0050	0.5100	-0.0050	-0.2580	0.0180	0.0130
C2	0.2810	3.9740	0.0000	-4.4000	0.0000	0.0000	-0.0390	0.0000	0.0000	0.0340	0.0000	0.0000	0.0000	-0.0080	0.0000	0.0000	0.3630	0.0000	-0.1350	0.0000	0.0000
C1	-4.4600	5.7530	0.0000	-1.1850	0.0010	-0.0010	0.0580	0.0130	0.0000	0.5260	0.0000	0.0000	0.0060	-0.1120	-0.0010	0.0020	0.7180	-0.0500	-0.2370	-0.0010	0.0210
C7	0.1420	-0.9480	0.0000	-3.7270	0.0000	0.0000	0.0130	0.0000	0.0000	-3.5840	0.0000	0.0000	0.0000	-0.0330	0.0000	0.0000	1.0950	0.0000	-0.1250	0.0000	0.0000
C6	0.6230	-2.3140	0.0000	-1.0350	0.0000	0.0000	0.0000	0.0000	0.0000	-1.3140	0.0000	0.0000	0.0000	0.0080	0.0000	0.0000	1.5860	0.0000	-0.1810	0.0000	0.0000
C5	0.4760	-2.8010	0.0000	-0.3260	-0.0010	0.0000	0.0440	-0.0270	0.0440	-1.1750	0.0000	0.0000	0.0300	0.0150	0.0090	-0.0120	1.5260	0.0130	-0.1180	-0.0450	-0.0020
C4	-0.4000	-0.0640	0.0000	-1.1120	0.0010	0.0000	0.0180	0.0010	0.0100	0.0310	0.0000	0.0000	-0.0060	-0.0190	-0.0130	0.0010	1.4590	0.1160	0.0540	-0.0090	-0.0070
N10	1.2810	-0.8100	0.0000	-2.7190	0.0000	0.0000	0.0220	0.0000	0.0000	-0.8460	0.0000	0.0000	0.0000	1.3530	0.0000	0.0000	0.7710	0.0000	-0.7440	0.0000	0.0000
N8	-1.9260	3.0010	0.0000	-2.8230	0.0020	-0.0010	0.0600	0.0060	0.0130	-0.1890	0.0000	0.0000	-0.0030	1.0020	0.0080	0.0080	0.5520	0.0630	-0.0720	-0.0730	-0.0040
N9	-1.2660	2.9350	0.0000	-2.5910	0.0000	0.0000	0.0620	0.0000	0.0000	1.0600	0.0000	0.0000	0.0000	0.9750	0.0000	0.0000	0.9550	0.0000	-0.0080	0.0000	0.0000
N11	-0.4400	-1.5290	0.0000	-0.3620	-0.0010	0.0000	0.0990	0.0280	0.0140	-3.0210	0.0000	0.0000	0.0260	-0.1180	0.0080	-0.0420	0.3410	-0.0610	-1.0530	0.1000	-0.0280
G12	-0.0540	-0.4650	0.0000	-2.2060	0.0010	0.0000	0.0400	0.0220	0.0240	-1.8990	0.0000	0.0000	-0.0020	-0.0150	0.0080	-0.0030	1.2760	0.0760	-0.5500	-0.0680	0.0140
G11	-0.9850	1.6820	0.0000	-0.8340	-0.0010	0.0000	0.0220	0.0000	-0.0110	0.3900	0.0000	0.0000	0.0100	-0.0240	0.0020	0.0060	1.1800	-0.0230	-0.6480	-0.0020	0.0160
G10	0.8790	-4.4280	0.0000	-2.6940	0.0000	0.0000	0.0050	0.0000	0.0000	-4.8530	0.0000	0.0000	0.0000	-0.0200	0.0000	0.0000	1.6000	0.0000	-0.1930	0.0000	0.0000
F1	-0.9120	1.4530	0.0000	-1.4780	0.0000	0.0000	-0.0470	0.0000	0.0000	0.0810	0.0000	0.0000	0.0000	0.0500	0.0000	0.0000	1.0330	0.0000	-0.0170	0.0000	0.0000
F2	0.4720	-0.3800	0.0000	-0.4770	0.0000	0.0000	-0.0430	0.0000	0.0000	0.2370	0.0000	0.0000	0.0000	0.0230	0.0000	0.0000	1.1470	0.0000	-0.5060	0.0000	0.0000
F3	0.4590	-0.5720	0.0000	-3.2370	0.0460	0.0010	0.0650	-0.0810	-0.0460	-0.9830	0.0000	0.0000	0.0070	0.0190	0.0670	0.0590	1.7660	0.6040	-0.3190	0.1520	0.0250
F4	-3.3650	3.5720	0.0000	-1.3870	-0.0500	0.0020	0.1310	-0.3670	-0.0120	-2.5440	0.0000	0.0000	0.2150	-0.0860	-0.1020	-0.1250	-0.9930	0.3130	-0.6890	0.1580	0.2420
F5	0.5070	0.3160	0.0000	-0.8990	0.0000	0.0000	0.0190	0.0000	0.0000	1.3220	0.0000	0.0000	0.0000	-0.0060	0.0000	0.0000	1.4850	0.0000	-0.1010	0.0000	0.0000
F6	-0.2700	0.5760	0.0000	-1.0850	0.0000	0.0000	0.0340	0.0000	0.0000	0.1910	0.0000	0.0000	0.0000	-0.0170	0.0000	0.0000	1.2650	0.0000	-0.3150	0.0000	0.0000
F7	-0.6580	1.8590	0.0000	0.0250	-0.0020	-0.0010	0.0330	0.0090	-0.0090	1.7840	0.0000	0.0000	0.0030	-0.0210	0.0020	-0.0090	1.1410	0.0810	-0.5310	-0.1310	-0.0040
F8	-1.4670	3.0290	0.0000	-0.0710	0.0020	0.0000	0.0090	0.0340	-0.0030	2.4310	0.0000	0.0000	0.0000	0.0050	0.0020	-0.0030	0.9420	0.0130	-0.0980	0.0370	0.0020
F9	-0.2420	4.1290	0.0000	-3.9090	0.0000	0.0000	-0.0080	0.0000	0.0000	0.7920	0.0000	0.0000	0.0000	-0.0300	0.0000	0.0000	0.8210	0.0000	0.0300	0.0000	0.0000
Q1	-0.8410	-0.0960	0.0000	-0.8180	0.0000	0.0000	0.0490	0.0000	0.0000	-2.6280	0.0000	0.0000	0.0000	-0.1040	0.0000	0.0000	-0.2110	0.0000	-0.6050	0.0000	0.0000
Q3	0.0810	2.6110	0.0000	-1.8240	0.0000	-0.0010	0.0090	-0.0320	0.0080	0.4930	0.0000	0.0000	-0.0050	-0.0500	-0.0050	-0.0030	0.3800	0.0500	-0.7090	-0.0180	0.0020
Q2	-1.7270	2.4800	0.0000	-1.1870	0.0000	0.0000	-0.0060	0.0000	0.0000	-0.8830	0.0000	0.0000	0.0000	-0.0130	0.0000	0.0000	-0.1330	0.0000	-0.2950	0.0000	0.0000
Q5	-1.6900	3.9980	0.0000	-1.2330	0.0000	0.0000	0.0080	0.0000	0.0000	1.1490	0.0000	0.0000	0.0000	-0.0380	0.0000	0.0000	0.0380	0.0000	0.0680	0.0000	0.0000
Q4	-1.0540	2.9720	0.0000	-0.7350	-0.0010	0.0000	0.0350	-0.0010	0.0090	2.2570	0.0000	0.0000	-0.0050	1.3570	0.0000	0.0020	0.2820	-0.0400	-0.5620	-0.0010	-0.0010
Q7	-2.7560	7.9490	0.0000	0.2330	-0.0020	0.0000	0.0940	-0.0030	-0.0040	5.3330	0.0000	0.0000	-0.0010	-0.0850	-0.0040	0.0050	0.0670	0.1360	-0.2830	-0.0100	-0.0010
Q6	-2.3540	4.8430	0.0000	1.0330	-0.0150	0.0000	-0.0250	-0.0220	0.0160	3.1690	0.0000	0.0000	0.0410	-0.0250	0.0030	-0.0070	-0.0340	-0.0180	-0.2780	0.0040	0.0080
E11	0.9490	-0.5610	0.0000	-2.6260	0.0000	0.0000	0.0110	0.0000	0.0000	-0.9510	0.0000	0.0000	0.0000	0.0040	0.0000	0.0000	1.3360	0.0000	-0.0640	0.0000	0.0000
E10	-2.4230	2.9960	0.0000	-3.8060	0.0000	0.0000	0.0810	0.0000	0.0000	-3.1710	0.0000	0.0000	0.0000	-0.0220	0.0000	0.0000	0.4510	0.0000	-0.4450	0.0000	0.0000
E12	0.2980	0.0760	0.0000	-3.7980	-0.0010	0.0000	0.0320	0.0170	-0.0150	-2.3720	0.0000	0.0000	0.0010	-0.0090	0.0020	0.0020	1.3150	-0.0580	-0.2710	0.0450	-0.0110
C12	0.4600	0.2630	0.0000	-0.8120	0.0000	0.0000	-0.0520	0.0000	0.0000	0.7010	0.0000	0.0000	0.0000	0.0570	0.0000	0.0000	0.6960	0.0000	0.0860	0.0000	0.0000
C11	-0.5740	0.3280	0.0000	-0.8000	0.0000	0.0000	0.0410	0.0000	0.0000	-0.6760	0.0000	0.0000	0.0000	-0.0330	0.0000	0.0000	0.9540	0.0000	-0.5900	0.0000	0.0000
C10	-0.0820	-1.1180	0.0000	-1.0190	0.0000	-0.0020	0.0950	0.0070	0.0900	-0.7100	0.0000	0.0000	0.0470	-0.0050	-0.0140	-0.0140	1.4470	0.0370	-0.0760	-0.0940	-0.0110
A11	-0.1780	0.0840	0.0000	-0.4840	0.0000	0.0000	0.0660	0.0000	0.0000	-2.4410	0.0000	0.0000	0.0000	-0.0210	0.0000	0.0000	-0.9880	0.0000	-0.9200	0.0000	0.0000
A10	-2.2940	2.9100	0.0000	-1.5980	0.0310	-0.0020	0.1240	-0.0230	-0.0060	0.3700	0.0000	0.0000	-0.0090	-0.1320	0.0350	0.0250	0.9200	1.0270	-0.6610	0.0540	-0.0260
A12	1.4900	0.4220	0.0000	-0.6700	0.0000	0.0000	0.0150	0.0000	0.0000	2.4500	0.0000	0.0000	0.0000	1.3650	0.0000	0.0000	0.5300	0.0000	-0.7030	0.0000	0.0000
A1	-0.3220	4.0400	0.0000	-1.3490	0.0000	0.0000	0.0310	0.0000	0.0000	0.2440	0.0000	0.0000	0.0000	-0.0360	0.0000	0.0000	-1.4200	0.0000	-0.7010	0.0000	0.0000
A3	0.0670	0.9420	0.0000	-0.6500	0.0020	-0.0010	0.0650	-0.0010	-0.0060	1.9690	0.0000	0.0000	-0.0150	1.3220	-0.0140	-0.0040	0.9260	0.0950	-0.7710	0.0180	-0.0040
A2	-0.5360	1.5470	0.0000	-2.2330	0.0000	0.0000	-0.0050	-0.0070	0.0020	-1.5750	0.0000	0.0000	-0.0080	-0.0120	-0.0110	0.0020	0.1810	0.0260	-0.5120	-0.0100	0.0000
A5	-0.4380	4.1570	0.0000	-0.2800	0.0000	0.0000	0.0000	0.0000	0.0000	2.9080	0.0000	0.0000	0.0000	-0.0250	0.0000	0.0000	-0.0390	0.0000	-0.4660	0.0000	0.0000
A4	1.0980	-0.3790	0.0000	-0.2210	0.0000	0.0000	0.0060	0.0000	0.0000	0.5230	0.0000	0.0000	0.0000	0.0370	0.0000	0.0000	0.3180	0.0000	-0.3330	0.0000	0.0000
A7	-0.7750	5.8150	0.0000	-0.4260	-0.0020	-0.0010	0.1020	0.0020	-0.0120	2.4960	0.0000	0.0000	0.0000	-0.0800	0.0000	-0.0350	-1.3410	-0.1230	-0.6780	0.0410	0.0080
A6	-0.5970	1.6110	0.0000	-2.2200	0.0000	0.0000	-0.0100	0.0000	0.0000	-1.5810	0.0000	0.0000	0.0000	-0.0200	0.0000	0.0000	0.1470	0.0000	-0.4920	0.0000	0.0000
A9	0.3400	1.1020	0.0000	-3.3860	0.0000	0.0000	0.0870	0.0000	0.0000	-1.1110	0.0000	0.0000	0.0000	1.3710	0.0000	0.0000	0.3000	0.0000	-0.9240	0.0000	0.0000
A8	-0.5580	-0.5010	0.0000	-0.8860	0.0030	0.0000	0.0520	-0.0370	-0.0010	-1.4270	0.0000	0.0000	0.0000	0.0010	0.0050	-0.0750	0.8400	0.0400	-0.3890	0.0710	0.0040
D8	0.1930	-0.5270	0.0000	-2.6830	0.0000	0.0000	0.0200	0.0000	0.0000	-1.9840	0.0000	0.0000	0.0000	-0.0120	0.0000	0.0000	1.4280	0.0000	-0.4020	0.0000	0.0000
D9	-0.6790	-0.7190	0.0000	-1.6820	0.0000	0.0010	0.0600	0.0330	0.0090	-1.5430	0.0000	0.0000	0.0100	-0.0300	-0.0030	0.0020	1.6930	0.0360	-0.2270	-0.0500	0.0010
D6	-0.4520	1.9300	0.0000	-0.6170	0.0000	0.0000	0.0350	-0.0030	-0.0090	1.4420	0.0000	0.0000	-0.0010	-0.0300	0.0020	-0.0010	1.1440	-0.0380	-0.5270	0.0010	0.0050
D7	-1.5460	0.3880	0.0000	-2.4400	-0.0040	0.0000	0.0880	-0.0710	0.0380	-2.6840	0.0000	0.0000	0.0340	-0.0340	0.0060	0.0200	1.4430	0.1150	-0.6520	-0.0680	-0.0030
D4	-2.8630	4.1390	0.0000	-1.8450	0.0000	0.0000	0.1050	0.0000	0.0000	-0.5680	0.0000	0.0000	0.0000	-0.0390	0.0000	0.0000	0.4460	0.0000	-0.5120	0.0000	0.0000
D5	-2.8080	3.9830	0.0000	-1.7530	-0.0040	0.0010	0.1030	0.0300	0.0160	-0.5290	0.0000	0.0000	0.0120	-0.0440	0.0160	-0.0080	0.3860	0.0400	-0.5260	0.0200	0.0050
D2	0.1710	-1.2990	0.0000	-0.9060	0.0000	0.0000	0.0440	0.0000	0.0000	-0.6360	0.0000	0.0000	0.0000	-0.0220	0.0000	0.0000	1.4710	0.0000	-0.0960	0.0000	0.0000
D3	-2.8030	3.6740	0.0000	-1.0460	0.0020	0.0000	0.0720	0.0130	0.0450	0.0500	0.0000	0.0000	0.0000	-0.1260	-0.0110	-0.0050	0.6030	0.0320	-0.2770	-0.0920	-0.0330
D1	0.4880	-3.2400	0.0000	-1.9030	0.0000	0.0000	-0.0040	0.0000	0.0000	-3.4230	0.0000	0.0000	0.0000	0.0030	0.0000	0.0000	1.4980	0.0000	-0.2650	0.0000	0.0000
