MUT	fa_rep:	ref:	fa_atr:	hbond_sc:	fa_sol:	yhh_planarity:	dslf_fa13:	fa_intra_sol_xover4:	omega:	p_aa_pp:	TOT	sugar_bb:	fa_intra_rep:	hbond_lr_bb:	hbond_sr_bb:	hbond_bb_sc:	fa_elec:	cart_bonded:	lk_ball_wtd:	fa_dun:	rama_prepro:
G7	-0.7490	-1.8460	0.0000	-2.2730	0.0000	0.0000	0.0330	0.0000	0.0000	-2.2020	0.0000	0.0000	0.0000	1.1890	0.0000	0.0000	1.4810	0.0000	-0.0380	0.0000	0.0000
G6	-0.5930	-4.1740	0.0000	-0.2400	-0.0030	0.0020	-0.0080	0.0730	-0.0060	-3.2080	0.0000	0.0000	-0.0030	0.9190	-0.0050	0.0140	1.3180	-0.0950	-0.4110	0.0230	-0.0170
G5	-0.9800	-1.4350	0.0000	-1.0360	-0.0320	0.0010	0.0440	-0.0330	0.0220	-0.9340	0.0000	0.0000	0.0030	1.2340	-0.0330	0.0280	1.4940	0.0200	-0.2540	-0.0080	0.0300
G4	-5.5430	4.0240	0.0000	-1.7080	0.0000	0.0000	-0.0080	0.0000	0.0000	-0.3220	0.0000	0.0000	0.0000	1.2250	0.0000	0.0000	2.0230	0.0000	-0.3400	0.0000	0.0000
G3	-3.5680	3.0430	0.0000	-1.6730	0.0000	0.0000	0.0530	0.0000	0.0000	0.9650	0.0000	0.0000	0.0000	1.3390	0.0000	0.0000	1.5960	0.0000	0.1750	0.0000	0.0000
G2	-3.3040	3.1440	0.0000	-2.6100	0.0000	0.0000	0.0190	0.0000	0.0000	-0.2090	0.0000	0.0000	0.0000	1.1170	0.0000	0.0000	1.6720	0.0000	-0.2460	0.0000	0.0000
G1	-1.1790	-0.7370	0.0000	-2.3520	0.0000	0.0000	0.0250	0.0000	0.0000	-1.7520	0.0000	0.0000	0.0000	1.3040	0.0000	0.0000	1.6140	0.0000	-0.4290	0.0000	0.0000
G9	-0.1820	-1.4420	0.0000	-2.8650	0.0000	0.0000	-0.0040	0.0000	0.0000	-2.3930	0.0000	0.0000	0.0000	1.3380	0.0000	0.0000	0.8950	0.0000	-0.1360	0.0000	0.0000
G8	-0.1490	-4.3420	0.0000	-2.1040	0.0040	0.0010	0.0090	0.0190	0.0140	-4.8320	0.0000	0.0000	0.0030	1.0440	-0.0110	0.0060	1.3160	-0.0720	-0.5220	-0.0600	0.0130
N6	-1.2860	-2.8800	0.0000	-0.1140	-0.0020	-0.0010	0.0160	-0.0080	0.0150	-4.1830	0.0000	0.0000	0.0040	0.2660	0.0030	0.0040	0.0430	-0.0270	-0.2570	0.0290	0.0100
N7	0.0740	-5.4310	0.0000	0.4360	0.0000	0.0000	0.0110	0.0000	0.0000	-4.2160	0.0000	0.0000	0.0000	0.0780	0.0000	0.0000	0.2480	0.0000	0.3680	0.0000	0.0000
B4	-1.8880	2.2650	0.0000	-3.5610	0.0000	0.0000	-0.0050	0.0000	0.0000	-0.3280	0.0000	0.0000	0.0000	1.0570	0.0000	0.0000	1.5670	0.0000	0.2390	0.0000	0.0000
B5	-1.0120	0.1170	0.0000	0.5680	-0.0460	-0.0010	0.0000	0.0430	0.0180	-0.0490	0.0000	0.0000	0.0000	-0.0070	0.0070	-0.0380	-0.0790	-0.0540	0.4370	0.0100	-0.0140
B6	-2.1580	4.4870	0.0000	-4.8810	0.0000	0.0000	-0.0380	0.0000	0.0000	0.4360	0.0000	0.0000	0.0000	1.4550	0.0000	0.0000	1.1450	0.0000	0.4250	0.0000	0.0000
B7	-0.9180	2.4710	0.0000	-3.1650	0.0030	0.0000	0.0110	0.0180	0.0170	1.5250	0.0000	0.0000	-0.0060	1.5040	0.0130	0.0070	2.0130	-0.0140	-0.3920	-0.0360	0.0040
B2	-1.2680	1.0210	0.0000	-0.0960	-0.0030	-0.0030	0.0020	0.0070	-0.0150	-0.1060	0.0000	0.0000	-0.0060	-0.0840	0.0020	-0.0210	0.4150	-0.0380	-0.0210	0.0000	0.0020
B3	-2.0250	1.5310	0.0000	-2.2570	0.0000	0.0000	-0.0080	0.0000	0.0000	0.2410	0.0000	0.0000	0.0000	1.2880	0.0000	0.0000	1.7140	0.0000	-0.0050	0.0000	0.0000
B8	-1.0560	5.6600	0.0000	-2.2280	0.0000	0.0000	-0.0520	0.0000	0.0000	4.2390	0.0000	0.0000	0.0000	0.7330	0.0000	0.0000	0.8510	0.0000	0.3300	0.0000	0.0000
B9	-2.7810	3.8850	0.0000	-4.1270	0.0000	0.0000	-0.0020	0.0000	0.0000	0.0580	0.0000	0.0000	0.0000	1.2160	0.0000	0.0000	2.0590	0.0000	-0.1920	0.0000	0.0000
N5	-1.1790	-0.4980	0.0000	-1.4530	0.0000	0.0000	0.0610	0.0000	0.0000	-2.2820	0.0000	0.0000	0.0000	-0.0170	0.0000	0.0000	0.3120	0.0000	0.4920	0.0000	0.0000
P10	-0.9720	-1.6900	0.0000	2.1770	0.0000	0.0000	0.0260	0.0000	0.0000	0.1900	0.0000	0.0000	0.0000	0.0350	0.0000	0.0000	-0.1190	0.0000	0.7320	0.0000	0.0000
P11	-2.2400	-0.2240	0.0000	2.0600	0.0000	0.0000	-0.0090	0.0000	0.0000	-1.2790	0.0000	0.0000	0.0000	0.0800	0.0000	0.0000	-0.5900	0.0000	-0.3560	0.0000	0.0000
P12	-1.4020	1.9380	0.0000	-0.2440	0.0000	0.0000	-0.0020	0.0000	0.0000	0.6610	0.0000	0.0000	0.0000	-0.0400	0.0000	0.0000	-0.3430	0.0000	0.7550	0.0000	0.0000
E9	-0.2980	-1.5620	0.0000	-1.7300	0.0000	0.0000	-0.0110	0.0000	0.0000	-1.6570	0.0000	0.0000	0.0000	1.2930	0.0000	0.0000	1.0770	0.0000	-0.4270	0.0000	0.0000
E8	-0.5760	-1.0130	0.0000	-4.3670	0.0000	0.0000	0.0270	0.0000	0.0000	-3.4540	0.0000	0.0000	0.0000	1.2970	0.0000	0.0000	1.5800	0.0000	-0.4010	0.0000	0.0000
E5	-0.3230	-2.3300	0.0000	-3.0250	0.0000	0.0000	-0.0150	0.0000	0.0000	-3.5970	0.0000	0.0000	0.0000	1.3220	0.0000	0.0000	1.0250	0.0000	-0.2510	0.0000	0.0000
E4	-0.4540	-2.0170	0.0000	-2.8140	0.0000	0.0000	0.0250	0.0000	0.0000	-2.8330	0.0000	0.0000	0.0000	1.3030	0.0000	0.0000	1.5050	0.0000	-0.3810	0.0000	0.0000
E7	0.0460	5.0800	0.0000	-6.6650	0.0000	0.0000	-0.0450	0.0000	0.0000	1.9970	0.0000	0.0000	0.0000	0.7440	0.0000	0.0000	2.6590	0.0000	0.1800	0.0000	0.0000
E6	-0.6640	1.1610	0.0000	-2.6480	0.0000	0.0000	0.0100	0.0000	0.0000	0.6550	0.0000	0.0000	0.0000	1.4760	0.0000	0.0000	1.3700	0.0000	-0.0490	0.0000	0.0000
E1	-2.2720	1.0150	0.0000	-2.3300	0.0000	0.0000	0.0430	0.0000	0.0000	-0.9610	0.0000	0.0000	0.0000	1.1730	0.0000	0.0000	1.5550	0.0000	-0.1460	0.0000	0.0000
P8	-0.9570	1.8380	0.0000	-4.5860	-0.0860	0.0100	0.0120	-0.0380	-0.1430	-2.7360	0.0000	0.0000	0.0160	-0.0400	0.0420	0.3520	-0.1720	0.0260	0.6800	0.3410	-0.0340
E3	-4.4880	3.4190	0.0000	-2.1170	0.0000	0.0000	0.0330	0.0000	0.0000	-0.0990	0.0000	0.0000	0.0000	1.1500	0.0000	0.0000	2.3740	0.0000	-0.4720	0.0000	0.0000
E2	-4.6380	3.6270	0.0000	-2.1600	0.0000	0.0000	0.0310	0.0000	0.0000	-0.0510	0.0000	0.0000	0.0000	1.1450	0.0000	0.0000	2.4060	0.0000	-0.4660	0.0000	0.0000
P2	-3.5830	2.6420	0.0000	-2.2430	0.0000	0.0000	0.0680	0.0000	0.0000	0.6080	0.0000	0.0000	0.0000	1.7270	0.0000	0.0000	1.4310	0.0000	0.5670	0.0000	0.0000
P3	-2.4470	-1.6820	0.0000	1.8720	0.0000	0.0000	0.0540	0.0000	0.0000	-1.5550	0.0000	0.0000	0.0000	0.0430	0.0000	0.0000	0.8160	0.0000	-0.2090	0.0000	0.0000
P1	-1.8980	-0.4460	0.0000	0.0520	0.0000	0.0000	0.0260	0.0000	0.0000	0.3360	0.0000	0.0000	0.0000	1.3130	0.0000	0.0000	1.1080	0.0000	0.1800	0.0000	0.0000
P6	-0.6740	-1.6560	0.0000	1.5560	0.0000	0.0000	-0.0120	0.0000	0.0000	-0.0140	0.0000	0.0000	0.0000	0.1830	0.0000	0.0000	0.5710	0.0000	0.0180	0.0000	0.0000
P7	-2.2600	3.2300	0.0000	-0.4150	0.0000	0.0000	0.0220	0.0000	0.0000	0.8930	0.0000	0.0000	0.0000	-0.0040	0.0000	0.0000	0.0840	0.0000	0.2360	0.0000	0.0000
P4	-6.1130	5.3910	0.0000	-2.8440	0.0000	0.0000	-0.0050	0.0000	0.0000	-3.0740	0.0000	0.0000	0.0000	-0.0760	0.0000	0.0000	0.2300	0.0000	0.3410	0.0000	0.0000
P5	-2.0300	2.2190	0.0000	-2.5520	0.0040	0.0010	0.0130	-0.0030	0.0150	-2.0420	0.0000	0.0000	0.0010	-0.1770	0.0020	0.0140	-0.1640	-0.0510	0.7120	-0.0460	-0.0030
H10	-1.7960	3.6050	0.0000	-1.5450	0.0000	0.0000	0.0540	0.0000	0.0000	0.4570	0.0000	0.0000	0.0000	-0.0870	0.0000	0.0000	-0.7130	0.0000	0.9400	0.0000	0.0000
H11	-1.9940	2.6490	0.0000	-1.4340	0.0000	0.0000	0.0580	0.0000	0.0000	-0.5360	0.0000	0.0000	0.0000	-0.1270	0.0000	0.0000	-0.0520	0.0000	0.3640	0.0000	0.0000
H12	-2.6850	4.8780	0.0000	-3.4730	0.0000	0.0000	-0.0090	0.0000	0.0000	-1.2490	0.0000	0.0000	0.0000	0.1550	0.0000	0.0000	-0.7680	0.0000	0.6540	0.0000	0.0000
P9	-1.8190	2.9600	0.0000	-2.7030	0.0000	0.0000	0.0030	0.0000	0.0000	-0.6090	0.0000	0.0000	0.0000	-0.0620	0.0000	0.0000	-0.1190	0.0000	1.1350	0.0000	0.0000
F12	-4.5950	2.6910	0.0000	-0.6030	-0.4480	-0.0010	-0.0870	-0.1040	0.3420	0.1910	0.0000	0.0000	0.0750	0.7810	0.0300	-0.0180	0.4260	0.3510	-0.2240	1.3930	0.1790
F10	-2.7050	1.9630	0.0000	-1.1150	0.0000	0.0000	-0.0010	0.0000	0.0000	0.5800	0.0000	0.0000	0.0000	1.0610	0.0000	0.0000	1.6200	0.0000	-0.2410	0.0000	0.0000
F11	-2.4920	2.0010	0.0000	-1.4960	0.0050	-0.0020	-0.0050	0.0290	-0.0390	0.6370	0.0000	0.0000	-0.0110	1.2560	0.0010	0.0050	1.5460	-0.0320	-0.1890	0.0640	-0.0040
N12	0.1260	-5.5440	0.0000	3.1230	0.0020	0.0000	-0.0490	0.0290	-0.0290	-2.0560	0.0000	0.0000	-0.0080	0.1570	0.0110	-0.0110	0.2040	0.0410	-0.0480	-0.0530	-0.0090
H8	0.1360	-6.4990	0.0000	2.9780	0.0000	0.0000	0.0210	0.0000	0.0000	-3.3740	0.0000	0.0000	0.0000	0.0000	0.0000	0.0000	-0.1490	0.0000	0.1350	0.0000	0.0000
H9	-1.0110	-3.3990	0.0000	0.9520	-0.0020	0.0000	0.0600	0.0340	-0.0260	-2.8600	0.0000	0.0000	-0.0010	0.1140	0.0050	-0.0030	0.3610	-0.0340	0.0840	0.0200	-0.0140
H6	-0.0800	-5.0900	0.0000	2.6340	0.0000	0.0000	-0.0100	0.0000	0.0000	-2.0460	0.0000	0.0000	0.0000	0.1720	0.0000	0.0000	0.5670	0.0000	-0.2340	0.0000	0.0000
H7	0.0750	-6.2940	0.0000	3.1550	-0.0010	0.0030	0.0000	0.0140	0.0010	-3.2490	0.0000	0.0000	-0.0150	0.0130	0.0020	0.0050	-0.1470	0.0360	-0.0630	-0.0470	0.0130
H4	0.5230	-1.0760	0.0000	-0.5970	0.0000	0.0000	0.0260	0.0000	0.0000	-1.1480	0.0000	0.0000	0.0000	-0.0650	0.0000	0.0000	-0.0160	0.0000	0.0600	0.0000	0.0000
H5	-0.1410	-5.1090	0.0000	2.8850	0.0000	0.0000	-0.0390	0.0000	0.0000	-1.8790	0.0000	0.0000	0.0000	0.1770	0.0000	0.0000	0.5300	0.0000	-0.1830	0.0000	0.0000
D10	-1.4410	-1.1300	0.0000	-1.5670	0.0000	0.0000	0.0120	0.0000	0.0000	-1.7530	0.0000	0.0000	0.0000	1.3340	0.0000	0.0000	1.4640	0.0000	-0.4260	0.0000	0.0000
D11	-1.5700	0.2320	0.0000	-1.8200	0.0000	0.0000	0.0300	0.0000	0.0000	-0.8840	0.0000	0.0000	0.0000	1.2920	0.0000	0.0000	1.4660	0.0000	-0.5160	0.0000	0.0000
D12	-5.0710	6.6290	0.0000	-2.0680	-0.0050	0.0040	-0.0120	-0.0060	0.0020	1.5140	0.0000	0.0000	-0.0010	0.9780	0.0120	-0.0330	1.4920	0.0350	-0.4450	-0.0020	0.0040
B12	-1.2790	2.7980	0.0000	-6.0210	0.0000	0.0000	0.0220	0.0000	0.0000	-1.0820	0.0000	0.0000	0.0000	1.5890	0.0000	0.0000	1.8210	0.0000	-0.0110	0.0000	0.0000
B10	-2.1360	4.1650	0.0000	-4.0470	-0.0040	-0.0010	0.0880	0.0130	0.0020	0.6660	0.0000	0.0000	0.0030	1.3180	0.0020	-0.0040	1.2660	0.1030	-0.0400	-0.0500	-0.0100
B11	-4.2270	1.1590	0.0000	-2.9020	0.0000	0.0000	-0.0300	0.0000	0.0000	-3.3280	0.0000	0.0000	0.0000	1.2700	0.0000	0.0000	1.4700	0.0000	-0.0670	0.0000	0.0000
Q8	-1.4300	4.4000	0.0000	-6.8240	0.0000	0.0000	0.0970	0.0000	0.0000	0.0760	0.0000	0.0000	0.0000	0.0870	0.0000	0.0000	3.1640	0.0000	0.5840	0.0000	0.0000
Q9	-1.1630	1.2690	0.0000	-2.1780	0.0000	0.0000	-0.0590	0.0000	0.0000	-2.0940	0.0000	0.0000	0.0000	-0.1910	0.0000	0.0000	-0.3610	0.0000	0.5890	0.0000	0.0000
C9	0.4070	-2.4530	0.0000	-1.2510	-0.0020	0.0000	-0.0040	-0.0070	0.0070	-0.8220	0.0000	0.0000	-0.0080	1.1370	0.0060	-0.0020	1.1950	0.0220	0.1560	-0.0140	-0.0090
C8	-2.7250	-0.3630	0.0000	-0.3990	0.0020	-0.0010	0.0010	0.0450	0.0870	-1.1680	0.0000	0.0000	-0.0260	1.1310	-0.0110	0.0010	1.9700	-0.1130	-0.4700	-0.2990	0.0030
Q11	-3.2320	2.6110	0.0000	-1.7140	0.0000	0.0000	0.0880	0.0000	0.0000	-0.5320	0.0000	0.0000	0.0000	0.0900	0.0000	0.0000	1.0440	0.0000	0.5820	0.0000	0.0000
Q10	-3.5490	2.6080	0.0000	-2.2220	0.0000	0.0000	0.0810	0.0000	0.0000	0.6050	0.0000	0.0000	0.0000	1.7250	0.0000	0.0000	1.3730	0.0000	0.5870	0.0000	0.0000
Q12	-3.5900	2.5620	0.0000	-2.1570	0.0000	0.0000	0.0470	0.0000	0.0000	0.5940	0.0000	0.0000	0.0000	1.7210	0.0000	0.0000	1.4430	0.0000	0.5690	0.0000	0.0000
C3	0.9990	4.3560	0.0000	-6.3040	-0.0370	0.0010	0.0470	0.0390	-0.0150	1.2960	0.0000	0.0000	0.0470	1.2490	0.0490	-0.0060	0.1080	-0.1190	0.9350	-0.0730	0.0200
C2	1.5950	5.3660	0.0000	-6.8780	0.0000	0.0000	0.0120	0.0000	0.0000	2.3350	0.0000	0.0000	0.0000	1.2890	0.0000	0.0000	-0.0390	0.0000	0.9910	0.0000	0.0000
C1	-0.4130	0.8210	0.0000	-2.9170	0.0000	0.0000	0.0000	0.0000	0.0000	-0.5710	0.0000	0.0000	0.0000	1.5380	0.0000	0.0000	1.0270	0.0000	-0.6260	0.0000	0.0000
C7	0.1180	-3.2610	0.0000	-2.0950	-0.0010	-0.0010	-0.0030	-0.0040	0.0120	-2.7800	0.0000	0.0000	0.0010	1.3150	0.0050	-0.0030	1.3760	-0.0400	-0.2090	0.0050	0.0010
C6	-0.2870	-2.3350	0.0000	-1.3930	-0.0010	-0.0040	-0.0030	-0.0040	0.0070	-1.3770	0.0000	0.0000	0.0000	1.3330	0.0060	0.0190	1.5870	0.0670	-0.3000	-0.0830	0.0120
C5	0.4180	-2.4530	0.0000	-1.2600	0.0000	0.0000	-0.0030	0.0000	0.0000	-0.8200	0.0000	0.0000	0.0000	1.1430	0.0000	0.0000	1.1860	0.0000	0.1480	0.0000	0.0000
C4	-0.9550	-0.5390	0.0000	-2.3120	0.0000	0.0000	0.0000	0.0000	0.0000	-1.2670	0.0000	0.0000	0.0000	1.2050	0.0000	0.0000	1.1690	0.0000	0.1650	0.0000	0.0000
N10	-0.0470	-4.9270	0.0000	1.4610	0.0000	0.0000	-0.0110	0.0000	0.0000	-2.8540	0.0000	0.0000	0.0000	0.1400	0.0000	0.0000	0.2760	0.0000	0.2560	0.0000	0.0000
N8	-2.9310	1.7200	0.0000	-3.3620	0.0000	0.0000	0.1280	0.0000	0.0000	-4.1620	0.0000	0.0000	0.0000	0.1130	0.0000	0.0000	0.4260	0.0000	-0.2580	0.0000	0.0000
N9	-1.8280	5.9520	0.0000	-1.8620	-0.2290	0.0440	-0.0060	0.1230	0.2390	2.9030	0.0000	0.0000	-0.0140	0.0610	0.1180	0.0160	0.3500	-0.7840	0.1890	0.3510	0.1800
N11	0.0660	-1.1040	0.0000	2.4300	0.0000	-0.0020	0.0660	0.0020	0.0080	0.6830	0.0000	0.0000	0.0020	0.0390	0.0080	0.0000	-0.4480	0.0480	-0.4100	-0.0260	0.0040
G12	-1.1300	-0.5400	0.0000	-2.3790	-0.0010	-0.0010	0.0300	-0.0060	-0.0030	-2.0960	0.0000	0.0000	0.0120	0.7950	-0.0020	0.0250	1.5760	0.0050	-0.5440	0.0420	0.0270
G11	-2.3300	1.6010	0.0000	-3.1620	0.0010	-0.0020	0.0190	-0.0020	0.0050	-1.1320	0.0000	0.0000	0.0090	1.2980	-0.0030	-0.0030	1.6130	0.0130	-0.1870	0.0010	-0.0060
G10	-0.1940	-4.0410	0.0000	-2.2300	0.0000	0.0000	0.0280	0.0000	0.0000	-4.5510	0.0000	0.0000	0.0000	1.1130	0.0000	0.0000	1.3580	0.0000	-0.5850	0.0000	0.0000
F1	-1.1860	1.3450	0.0000	-1.2070	0.4820	0.0150	-0.0600	0.3210	-0.2530	3.5770	0.0000	0.0000	-0.2000	0.8530	0.1410	0.0910	1.9360	0.1280	0.4130	0.7830	-0.0240
F2	1.4920	4.0300	0.0000	-4.9420	0.0000	0.0000	0.0500	0.0000	0.0000	2.8330	0.0000	0.0000	0.0000	0.9340	0.0000	0.0000	1.0510	0.0000	0.2180	0.0000	0.0000
F3	2.3450	-0.0240	0.0000	-1.8240	0.0030	-0.0010	0.0630	-0.0220	0.0230	2.1420	0.0000	0.0000	0.0130	1.0910	-0.0080	-0.0030	0.6150	0.0660	-0.0770	-0.1060	-0.0100
F4	0.2610	4.6460	0.0000	-7.4820	0.0000	0.0000	0.0620	0.0000	0.0000	0.4980	0.0000	0.0000	0.0000	0.7120	0.0000	0.0000	1.9410	0.0000	0.3600	0.0000	0.0000
F5	-0.9910	-0.7230	0.0000	-1.4780	0.0000	0.0000	0.0210	0.0000	0.0000	-0.7150	0.0000	0.0000	0.0000	1.2990	0.0000	0.0000	1.4910	0.0000	-0.3330	0.0000	0.0000
F6	1.2850	6.5880	0.0000	-5.0010	-0.0010	-0.0010	-0.0490	0.0740	-0.1240	7.3440	0.0000	0.0000	-0.0220	1.0480	0.0050	0.0040	2.5520	0.0320	0.8070	0.2060	-0.0590
F7	-1.1360	2.3690	0.0000	-1.3420	0.0000	0.0000	0.0330	0.0000	0.0000	2.2590	0.0000	0.0000	0.0000	1.4780	0.0000	0.0000	1.3870	0.0000	-0.5290	0.0000	0.0000
F8	-0.3540	0.3640	0.0000	-2.1430	0.0000	-0.0010	-0.0120	-0.0290	0.0030	-0.1180	0.0000	0.0000	-0.0060	1.2190	-0.0020	-0.0010	1.3220	0.0470	-0.5400	-0.0010	0.0150
F9	-0.8100	3.4500	0.0000	-4.3250	0.0070	0.0010	0.0680	-0.0300	0.0150	1.3770	0.0000	0.0000	0.0010	1.5070	-0.0010	0.0210	1.7360	-0.1070	-0.1570	-0.0260	0.0270
Q1	-0.4220	-4.6710	0.0000	1.8010	0.0010	0.0000	-0.0220	-0.0240	-0.0200	-2.6400	0.0000	0.0000	0.0010	0.1730	0.0070	-0.0110	0.4680	0.0170	0.0350	0.0380	-0.0100
Q3	-0.4520	-2.0920	0.0000	1.2960	0.0000	0.0000	-0.0050	0.0000	0.0000	-0.3770	0.0000	0.0000	0.0000	0.1310	0.0000	0.0000	0.5630	0.0000	0.1800	0.0000	0.0000
Q2	-1.3340	0.8080	0.0000	-1.4260	0.0000	0.0000	-0.0070	0.0000	0.0000	-2.1600	0.0000	0.0000	0.0000	-0.1010	0.0000	0.0000	-0.1650	0.0000	0.0630	0.0000	0.0000
Q5	-3.5710	2.6250	0.0000	-2.2190	0.0000	0.0000	0.0770	0.0000	0.0000	0.6080	0.0000	0.0000	0.0000	1.7200	0.0000	0.0000	1.3800	0.0000	0.5920	0.0000	0.0000
Q4	-1.9220	1.9410	0.0000	-1.4850	-0.0060	-0.0040	-0.0160	-0.0180	0.0230	-0.7090	0.0000	0.0000	0.0080	-0.0930	0.0020	0.0080	0.1160	0.0060	0.6580	0.0710	0.0050
Q7	-4.8290	4.9520	0.0000	-3.2300	0.0000	0.0000	0.0740	0.0000	0.0000	-1.1040	0.0000	0.0000	0.0000	-0.0000	0.0000	0.0000	1.2720	0.0000	0.6530	0.0000	0.0000
Q6	-5.8700	3.0000	0.0000	-0.1130	0.0000	0.0000	0.0300	0.0000	0.0000	-2.8280	0.0000	0.0000	0.0000	0.0630	0.0000	0.0000	-0.0030	0.0000	0.0660	0.0000	0.0000
E11	-0.6920	-1.1160	0.0000	-2.7230	0.0000	0.0000	0.0270	-0.0140	-0.0100	-1.9480	0.0000	0.0000	-0.0050	1.2970	0.0020	0.0000	1.6730	-0.0020	-0.3940	0.0070	0.0010
E10	0.3120	8.9900	0.0000	-7.8150	-0.0070	0.0010	0.0180	0.0150	-0.0090	4.0600	0.0000	0.0000	0.0060	1.3860	0.0040	-0.0010	0.1350	-0.0730	1.0970	-0.0110	0.0150
E12	-1.0210	-0.5720	0.0000	-1.7890	0.0000	0.0000	0.0170	0.0000	0.0000	-0.9710	0.0000	0.0000	0.0000	1.2800	0.0000	0.0000	1.6000	0.0000	-0.4850	0.0000	0.0000
C12	0.6970	1.9600	0.0000	-3.0080	0.0000	0.0000	-0.0850	0.0000	0.0000	1.7790	0.0000	0.0000	0.0000	0.9780	0.0000	0.0000	1.6770	0.0000	-0.4370	0.0000	0.0000
C11	1.3050	-0.4470	0.0000	0.2320	0.1460	0.0110	-0.0610	-0.1400	-0.0560	0.4450	0.0000	0.0000	-0.0250	1.1290	0.2630	0.1830	-1.8990	0.0850	-0.0880	-0.1780	-0.0140
C10	-0.2110	-2.3150	0.0000	-1.9340	-0.0090	-0.0040	-0.0150	-0.0500	-0.0020	-2.2640	0.0000	0.0000	0.0060	1.2500	0.0080	-0.0110	1.1050	0.0620	-0.0540	-0.0780	-0.0120
A11	-0.3030	-3.9800	0.0000	1.3320	0.0000	0.0000	0.0120	0.0000	0.0000	-2.4220	0.0000	0.0000	0.0000	0.0510	0.0000	0.0000	0.2840	0.0000	0.1810	0.0000	0.0000
A10	-5.4800	3.8280	0.0000	-1.6080	-0.0040	0.0010	-0.0070	-0.0150	0.0070	-0.3150	0.0000	0.0000	-0.0060	1.2180	0.0050	-0.0080	1.9770	-0.0030	-0.2090	-0.0130	0.0010
A12	0.3030	-2.8910	0.0000	2.2820	0.0000	0.0000	-0.0190	0.0000	0.0000	0.0060	0.0000	0.0000	0.0000	0.0710	0.0000	0.0000	0.1620	0.0000	0.0980	0.0000	0.0000
A1	-0.5110	-1.7210	0.0000	1.3160	0.0000	0.0000	-0.0050	0.0000	0.0000	-0.2530	0.0000	0.0000	0.0000	0.0690	0.0000	0.0000	0.2750	0.0000	0.3250	0.0000	0.0000
A3	-0.2650	-3.3820	0.0000	2.2330	0.0000	0.0000	-0.0100	0.0000	0.0000	-0.9380	0.0000	0.0000	0.0000	0.1210	0.0000	0.0000	0.1910	0.0000	0.1740	0.0000	0.0000
A2	0.0230	-2.9720	0.0000	0.8030	0.0000	0.0000	-0.0410	0.0000	0.0000	-2.0120	0.0000	0.0000	0.0000	0.0500	0.0000	0.0000	-0.4070	0.0000	0.5300	0.0000	0.0000
A5	-0.4680	-2.1230	0.0000	2.5930	0.0000	0.0000	-0.0020	0.0000	0.0000	0.6770	0.0000	0.0000	0.0000	0.1050	0.0000	0.0000	0.5620	0.0000	0.0090	0.0000	0.0000
A4	0.4100	-3.0260	0.0000	1.3140	0.0000	-0.0020	0.0390	-0.0160	-0.0070	-0.4050	0.0000	0.0000	0.0080	0.0400	0.0060	-0.0060	0.5250	0.1030	0.2300	-0.0110	-0.0110
A7	-1.5160	-0.0630	0.0000	0.4130	0.0000	0.0000	0.0200	0.0000	0.0000	-0.4570	0.0000	0.0000	0.0000	0.0390	0.0000	0.0000	0.4220	0.0000	0.2250	0.0000	0.0000
A6	0.0230	-2.9720	0.0000	0.8030	0.0000	0.0000	-0.0410	0.0000	0.0000	-2.0120	0.0000	0.0000	0.0000	0.0500	0.0000	0.0000	-0.4070	0.0000	0.5300	0.0000	0.0000
A9	-0.4030	-2.3390	0.0000	-1.0820	-0.0480	-0.0020	0.0550	0.1560	-0.0110	-2.4120	0.0000	0.0000	-0.0200	-0.0430	-0.0370	-0.1780	-0.2280	0.5260	0.5250	0.7670	-0.0500
A8	-0.5050	-0.5830	0.0000	0.1330	0.0000	0.0000	-0.0090	0.0000	0.0000	0.1290	0.0000	0.0000	0.0000	-0.3090	0.0000	0.0000	0.5030	0.0000	0.9030	0.0000	0.0000
D8	-0.2540	1.6680	0.0000	-1.2630	-0.0590	0.0000	-0.0040	-0.0240	0.0100	2.1300	0.0000	0.0000	-0.0130	1.2010	-0.0030	0.0250	1.1640	0.0790	-0.3770	-0.0110	-0.0070
D9	-1.1310	0.2400	0.0000	-0.4990	0.0000	0.0000	0.0250	0.0000	0.0000	0.9520	0.0000	0.0000	0.0000	1.2590	0.0000	0.0000	1.6410	0.0000	-0.5840	0.0000	0.0000
D6	-1.0480	2.2960	0.0000	-1.8880	0.0080	0.0000	0.0160	0.0010	-0.0060	2.2000	0.0000	0.0000	0.0170	1.4830	0.0030	0.0130	1.3240	0.0370	-0.0080	-0.0550	0.0040
D7	-1.0520	0.8680	0.0000	0.7290	0.0000	0.0000	-0.0750	0.0000	0.0000	2.9940	0.0000	0.0000	0.0000	0.7960	0.0000	0.0000	1.6340	0.0000	0.0960	0.0000	0.0000
D4	-3.0460	2.8330	0.0000	-2.9610	0.0000	0.0000	-0.0090	0.0000	0.0000	-0.6370	0.0000	0.0000	0.0000	1.1480	0.0000	0.0000	1.8800	0.0000	-0.4830	0.0000	0.0000
D5	-2.9560	2.7360	0.0000	-2.8440	0.0000	0.0000	-0.0110	0.0000	0.0000	-0.5030	0.0000	0.0000	0.0000	1.1510	0.0000	0.0000	1.8980	0.0000	-0.4780	0.0000	0.0000
D2	-0.3530	-1.8150	0.0000	-0.4650	-0.0020	0.0000	-0.0200	0.0140	0.0020	-0.4960	0.0000	0.0000	0.0080	1.2720	0.0070	0.0030	0.9990	-0.0510	-0.0370	-0.0470	-0.0100
D3	0.9450	4.5820	0.0000	-6.6820	0.0000	0.0000	0.0580	0.0000	0.0000	1.2410	0.0000	0.0000	0.0000	1.2800	0.0000	0.0000	0.1320	0.0000	0.9260	0.0000	0.0000
D1	-0.6670	-1.3250	0.0000	-0.9780	0.0000	0.0000	0.0200	0.0000	0.0000	-0.7230	0.0000	0.0000	0.0000	1.1970	0.0000	0.0000	1.4020	0.0000	-0.3730	0.0000	0.0000
