  G7 -10.90 -13.11  -2.20 -10.73  -2.38
  G6 -16.12 -19.33  -3.21 -15.84  -3.49
  G5  -4.08  -5.02  -0.93  -7.03   2.01
  G4  -8.20  -8.52  -0.32  12.90 -21.42
  G3  -1.78  -0.81   0.97   5.90  -6.71
  G2   4.12   3.91  -0.21   6.95  -3.04
  G1  -7.37  -9.12  -1.75  -6.49  -2.64
  G9  -8.83 -11.23  -2.39  -8.96  -2.27
  G8 -16.89 -21.72  -4.83 -21.33  -0.40
  N6  -4.75  -8.93  -4.18  -7.20  -1.74
  N7  -9.32 -13.54  -4.22  -6.86  -6.68
  B4  -7.20  -7.53  -0.33  -0.30  -7.23
  B5  -2.61  -2.66  -0.05   0.08  -2.74
  B6   0.27   0.71   0.44  -6.56   7.26
  B7 -13.97 -12.44   1.52  -6.06  -6.38
  B2 -18.24 -18.34  -0.11 -15.67  -2.67
  B3  -6.66  -6.42   0.24   0.00  -6.42
  B8  11.17  15.41   4.24  -5.17  20.58
  B9 -11.93 -11.87   0.06  -3.94  -7.93
  N5  -4.66  -6.94  -2.28  -5.81  -1.13
 P10  -7.21  -7.02   0.19   0.63  -7.66
 P11  -2.58  -3.86  -1.28   0.71  -4.57
 P12 -11.56 -10.90   0.66  -8.06  -2.84
  E9  -5.59  -7.25  -1.66  -6.01  -1.24
  E8  -5.30  -8.76  -3.45  -6.35  -2.40
  E5  -7.60 -11.20  -3.60  -7.11  -4.08
  E4  -5.28  -8.11  -2.83  -6.60  -1.51
  E7  -1.38   0.61   2.00  -8.33   8.95
  E6  -8.85  -8.19   0.65  -4.60  -3.59
  E1   0.02  -0.94  -0.96   1.84  -2.78
  P8  -3.61  -6.35  -2.74  -1.31  -5.04
  E3  -9.48  -9.58  -0.10  -6.03  -3.55
  E2  -9.44  -9.49  -0.05  -5.99  -3.50
  P2  -3.21  -2.60   0.61   7.58 -10.17
  P3  -6.04  -7.60  -1.56   7.50 -15.09
  P1  -7.15  -6.82   0.34   2.45  -9.27
  P6   3.16   3.15  -0.01   8.68  -5.53
  P7  -4.68  -3.79   0.89   3.15  -6.94
  P4  -4.11  -7.18  -3.07   5.76 -12.94
  P5 -21.95 -23.99  -2.04 -17.23  -6.76
 H10   7.76   8.22   0.46  10.82  -2.60
 H11 -20.47 -21.01  -0.54 -17.19  -3.82
 H12   5.96   4.71  -1.25   9.67  -4.96
  P9  -4.27  -4.88  -0.61   2.18  -7.07
 F12  -5.13  -4.94   0.19   4.40  -9.33
 F10   1.81   2.39   0.58   4.21  -1.82
 F11   0.88   1.51   0.64   7.06  -5.55
 N12 -12.68 -14.74  -2.06  -8.25  -6.49
  H8 -30.82 -34.19  -3.37 -29.01  -5.18
  H9 -25.13 -27.99  -2.86 -22.10  -5.89
  H6 -13.84 -15.89  -2.05  -8.07  -7.82
  H7 -32.86 -36.11  -3.25 -24.62 -11.49
  H4   1.20   0.05  -1.15   1.04  -0.99
  H5  -9.88 -11.76  -1.88 -10.07  -1.69
 D10  -5.10  -6.86  -1.75  -7.11   0.26
 D11  -2.06  -2.94  -0.88   1.55  -4.49
 D12  -0.67   0.84   1.51   1.20  -0.36
 B12 -14.54 -15.62  -1.08  -6.53  -9.08
 B10 -18.30 -17.64   0.67  -9.48  -8.16
 B11 -22.62 -25.95  -3.33   0.41 -26.36
  Q8  -7.81  -7.73   0.08  -4.60  -3.13
  Q9  -7.95 -10.04  -2.09  -2.46  -7.58
  C9  -4.77  -5.59  -0.82  -5.30  -0.29
  C8  -2.62  -3.79  -1.17  -2.05  -1.74
 Q11  -4.77  -5.30  -0.53   7.50 -12.79
 Q10  -0.28   0.33   0.61   7.32  -6.99
 Q12  -3.58  -2.98   0.59   7.02 -10.01
  C3   0.03   1.33   1.30  -1.68   3.01
  C2  -8.78  -6.45   2.34   0.49  -6.93
  C1 -20.19 -20.76  -0.57 -10.10 -10.66
  C7  -8.67 -11.45  -2.78  -9.63  -1.81
  C6  -7.62  -8.99  -1.38  -8.45  -0.55
  C5  -4.78  -5.60  -0.82  -5.30  -0.30
  C4  -3.59  -4.85  -1.27  -4.49  -0.36
 N10 -13.45 -16.30  -2.85 -11.56  -4.74
  N8  -1.79  -5.95  -4.16  -2.65  -3.30
  N9  -4.31  -1.41   2.90  -8.00   6.59
 N11  -9.07  -8.39   0.68  -8.03  -0.36
 G12  -8.89 -10.98  -2.10  -8.79  -2.20
 G11  -2.58  -3.71  -1.13   3.41  -7.12
 G10 -18.57 -23.12  -4.55 -19.87  -3.25
  F1  -2.18   1.40   3.58  -7.40   8.79
  F2   2.83   5.66   2.83  -7.28  12.95
  F3  10.22  12.37   2.14  -5.10  17.47
  F4  -4.15  -3.65   0.50  -5.18   1.53
  F5  -2.40  -3.12  -0.72  -5.82   2.71
  F6  12.86  20.20   7.34  -3.70  23.90
  F7  -6.92  -4.66   2.26   0.51  -5.17
  F8  -4.15  -4.27  -0.12  -5.28   1.00
  F9 -11.49 -10.11   1.38  -0.61  -9.51
  Q1 -10.44 -13.08  -2.64  -4.85  -8.23
  Q3   2.48   2.10  -0.38   7.19  -5.09
  Q2  -3.12  -5.28  -2.16  -0.81  -4.48
  Q5  -3.21  -2.60   0.61   7.35  -9.95
  Q4  -3.20  -3.91  -0.71  -0.72  -3.19
  Q7  -4.98  -6.09  -1.10  13.03 -19.12
  Q6  -6.00  -8.83  -2.83   9.41 -18.24
 E11  -4.76  -6.70  -1.95  -5.46  -1.25
 E10 -10.01  -5.95   4.06  -5.73  -0.21
 E12  -7.43  -8.40  -0.97  -8.12  -0.28
 C12  -7.61  -5.83   1.78  -7.83   2.00
 C11 -10.95 -10.50   0.44  -5.43  -5.08
 C10  -6.03  -8.29  -2.26  -5.70  -2.60
 A11 -10.11 -12.53  -2.42  -3.99  -8.54
 A10  -8.22  -8.53  -0.31   9.86 -18.40
 A12 -18.33 -18.32   0.01 -10.24  -8.08
  A1   2.80   2.55  -0.25   8.61  -6.07
  A3  -3.40  -4.34  -0.94   2.01  -6.35
  A2  -2.94  -4.95  -2.01  -1.16  -3.79
  A5   3.36   4.03   0.68  11.95  -7.92
  A4 -16.10 -16.51  -0.41 -10.46  -6.04
  A7   2.93   2.48  -0.46  10.00  -7.53
  A6  -2.94  -4.95  -2.01  -1.13  -3.82
  A9 -21.27 -23.68  -2.41 -16.86  -6.83
  A8 -10.10  -9.97   0.13  -3.70  -6.27
  D8   3.95   6.08   2.13  -7.69  13.77
  D9  -4.61  -3.66   0.95  -8.11   4.45
  D6  -9.13  -6.93   2.20  -4.41  -2.52
  D7  -0.60   2.40   2.99  -6.05   8.44
  D4 -18.25 -18.89  -0.64  -3.50 -15.39
  D5 -15.27 -15.77  -0.50  -0.37 -15.41
  D2  -3.99  -4.48  -0.50  -7.72   3.24
  D3   0.23   1.47   1.24  -4.98   6.45
  D1  -6.83  -7.56  -0.72  -5.02  -2.54
