  G7 -10.33 -13.93  -3.61 -10.61  -3.33
  G6 -14.93 -18.38  -3.45 -13.70  -4.68
  G5  -6.33 -10.15  -3.82  -5.28  -4.87
  G4  -7.69  -7.54   0.15  10.05 -17.58
  G3   4.13   5.55   1.42   3.98   1.56
  G2   0.76   0.91   0.14   6.37  -5.46
  G1  -4.59  -8.64  -4.05  -4.16  -4.48
  G9 -12.00 -14.09  -2.09  -6.00  -8.09
  G8 -19.49 -23.01  -3.52 -20.12  -2.89
  N6 -11.94 -13.20  -1.26  -6.52  -6.68
  N7 -13.14 -15.93  -2.78  -9.30  -6.63
  B4  -9.93  -9.12   0.81  -7.22  -1.90
  B5  -1.50  -1.10   0.40  -0.70  -0.40
  B6  -4.75  -5.29  -0.54  -2.69  -2.60
  B7  -1.82   1.45   3.27  -2.44   3.89
  B2  -9.81 -11.68  -1.87  -7.97  -3.71
  B3  -4.14  -4.99  -0.85   0.49  -5.48
  B8  -6.38  -7.36  -0.98  -4.86  -2.51
  B9 -17.00 -20.25  -3.24  -5.45 -14.80
  N5  -9.42 -12.97  -3.55  -5.73  -7.24
 P10  -4.22  -5.35  -1.13   0.79  -6.13
 P11  -7.82  -8.82  -1.00   1.34 -10.17
 P12 -14.99 -15.28  -0.29  -7.48  -7.80
  E9  -4.25  -5.82  -1.56  -3.48  -2.34
  E8  -7.05  -8.93  -1.88  -8.42  -0.51
  E5  -9.56 -12.93  -3.37  -6.07  -6.86
  E4  -6.48 -11.12  -4.64  -5.71  -5.41
  E7  -6.92 -11.50  -4.59  -3.82  -7.68
  E6  -5.46  -9.34  -3.88  -3.20  -6.14
  E1  -5.74  -9.88  -4.14  -0.32  -9.56
  P8  -7.03  -7.28  -0.25  -1.28  -6.00
  E3  -9.61 -11.62  -2.01   2.99 -14.61
  E2  -7.91 -11.37  -3.45  -6.80  -4.56
  P2   1.16  -0.81  -1.97   3.60  -4.41
  P3 -10.84 -12.51  -1.67   2.81 -15.32
  P1 -12.64 -15.64  -3.00   1.26 -16.90
  P6   2.40  -0.31  -2.71   8.96  -9.27
  P7 -14.29 -17.64  -3.36   3.05 -20.70
  P4  -1.05  -4.37  -3.33   4.10  -8.47
  P5 -26.25 -30.16  -3.90 -19.63 -10.53
 H10   2.73   3.99   1.26   7.24  -3.25
 H11 -23.53 -22.53   1.00 -20.14  -2.39
 H12   1.44  -1.08  -2.52   4.13  -5.21
  P9  -6.36  -6.38  -0.02  -0.61  -5.77
 F12   0.25   0.60   0.35   8.64  -8.05
 F10   1.11   1.92   0.81   3.73  -1.81
 F11  -0.30  -0.98  -0.68   5.59  -6.57
 N12 -11.44  -9.71   1.73 -10.27   0.56
  H8 -28.57 -32.87  -4.30 -26.21  -6.66
  H9 -16.83  -7.97   8.86 -22.39  14.42
  H6  -1.40  -0.91   0.48  -9.21   8.29
  H7 -23.90 -25.21  -1.31 -25.29   0.07
  H4   0.64   0.46  -0.18   1.25  -0.78
  H5  -6.56  -3.98   2.58  -9.45   5.47
 D10 -11.74 -15.61  -3.86  -7.23  -8.37
 D11  -4.45  -5.54  -1.09  -0.42  -5.12
 D12  -1.82  -4.23  -2.41   2.81  -7.04
 B12 -13.86 -12.36   1.50  -5.96  -6.39
 B10  -0.49  -1.39  -0.90   4.35  -5.74
 B11 -12.50 -12.50   0.00  -1.46 -11.04
  Q8  -9.93 -12.08  -2.15  -4.05  -8.03
  Q9 -10.00 -11.56  -1.56  -2.16  -9.40
  C9  -5.25  -7.19  -1.94  -3.09  -4.10
  C8  -0.70  -3.08  -2.38   1.10  -4.17
 Q11   3.10   1.86  -1.24   4.61  -2.75
 Q10  -0.04  -1.98  -1.94   4.82  -6.80
 Q12  -3.85  -7.70  -3.85   5.10 -12.80
  C3  -4.62  -4.67  -0.04  -0.94  -3.73
  C2  -1.82  -5.81  -3.99   2.62  -8.43
  C1 -16.04 -17.21  -1.17  -8.90  -8.31
  C7 -10.40 -12.01  -1.61  -8.47  -3.53
  C6 -11.40 -11.95  -0.55  -7.26  -4.69
  C5  -6.50  -8.44  -1.94  -4.30  -4.14
  C4  -7.42  -8.57  -1.15  -3.18  -5.39
 N10 -11.37  -9.79   1.57  -9.67  -0.12
  N8  -7.65  -7.72  -0.07  -5.19  -2.53
  N9  -9.51 -11.00  -1.49  -8.45  -2.54
 N11  -1.64   0.15   1.80  -7.78   7.93
 G12 -11.62 -10.04   1.58  -7.23  -2.81
 G11   4.51   6.44   1.93  -0.53   6.97
 G10 -16.09 -20.05  -3.96 -16.34  -3.71
  F1  -6.98 -10.88  -3.90  -1.76  -9.13
  F2 -12.32 -18.74  -6.42  -4.27 -14.47
  F3  -2.64  -6.43  -3.78  -1.26  -5.17
  F4  -5.19  -6.57  -1.38   1.38  -7.95
  F5  -3.70  -3.76  -0.06  -2.06  -1.70
  F6  -8.71 -11.17  -2.46  -3.68  -7.49
  F7 -12.12 -15.56  -3.44  -1.27 -14.30
  F8 -10.05 -14.43  -4.38  -1.19 -13.24
  F9  -7.11  -7.65  -0.54   3.21 -10.85
  Q1  -8.40  -8.24   0.16  -4.13  -4.11
  Q3   1.42   1.13  -0.28   7.65  -6.52
  Q2  -7.52  -9.16  -1.64  -0.41  -8.75
  Q5  -0.05  -1.96  -1.91   4.81  -6.77
  Q4  -7.57  -7.83  -0.27  -1.42  -6.41
  Q7  -4.72  -8.71  -3.98   8.66 -17.37
  Q6  -2.13  -7.53  -5.40  10.17 -17.70
 E11  -6.01  -6.64  -0.62  -3.98  -2.66
 E10  -5.18  -3.40   1.78  -1.90  -1.50
 E12  -4.35  -5.82  -1.47  -5.30  -0.53
 C12  -6.52 -10.60  -4.07  -2.06  -8.54
 C11  -3.61  -5.39  -1.78  -2.03  -3.36
 C10  -5.16  -8.57  -3.41  -5.80  -2.77
 A11  -2.91  -0.19   2.72  -1.29   1.10
 A10  -3.01  -3.24  -0.22  12.33 -15.56
 A12 -17.30 -18.83  -1.52 -10.97  -7.85
  A1   3.48   1.05  -2.42   7.29  -6.23
  A3  28.87  27.89  -0.98  -1.97  29.86
  A2  -8.05  -8.57  -0.52   0.54  -9.11
  A5   1.52  -0.59  -2.11   9.37  -9.97
  A4 -17.71 -18.75  -1.04  -9.13  -9.62
  A7   1.62   0.61  -1.01  10.34  -9.73
  A6  -8.05  -8.57  -0.52  -0.69  -7.88
  A9  -9.45 -15.76  -6.31 -16.51   0.75
  A8  10.31  12.72   2.40  -3.11  15.82
  D8  -6.67 -10.12  -3.46  -5.36  -4.77
  D9  -4.73  -7.22  -2.49  -2.83  -4.39
  D6  -6.25  -6.20   0.05  -2.82  -3.39
  D7   1.84   0.81  -1.03  -2.70   3.51
  D4  -9.80  -9.76   0.03  -0.66  -9.10
  D5  -8.61  -8.51   0.10  -0.66  -7.86
  D2  -3.01  -6.11  -3.10  -1.45  -4.65
  D3  -1.16  -0.05   1.11  -0.03  -0.03
  D1  -6.34  -9.94  -3.60  -3.98  -5.96
