MUT	fa_rep:	ref:	fa_atr:	hbond_sc:	fa_sol:	yhh_planarity:	dslf_fa13:	fa_intra_sol_xover4:	omega:	p_aa_pp:	TOT	sugar_bb:	fa_intra_rep:	hbond_lr_bb:	hbond_sr_bb:	hbond_bb_sc:	fa_elec:	cart_bonded:	lk_ball_wtd:	fa_dun:	rama_prepro:
G7	0.2880	-1.1320	0.0000	-2.5150	0.0000	0.0000	0.0280	0.0000	0.0000	-3.6080	0.0000	0.0000	0.0000	-0.1440	0.0000	0.0000	-0.4810	0.0000	0.3460	0.0000	0.0000
G6	0.2540	-3.1590	0.0000	-2.7210	0.0150	-0.0060	0.0380	-0.0360	0.0210	-3.4470	0.0000	0.0000	0.0110	-0.0540	-0.0020	0.0050	1.5300	0.1090	0.5630	-0.0090	-0.0070
G5	-1.1040	-1.7510	0.0000	-2.6560	0.0010	-0.0010	-0.0310	-0.0110	0.0010	-3.8200	0.0000	0.0000	0.0100	-0.2050	0.0000	-0.0010	0.8990	0.0580	0.9560	0.0150	-0.0010
G4	-0.9550	2.7100	0.0000	-2.2120	0.0000	0.0000	-0.0620	0.0000	0.0000	0.1510	0.0000	0.0000	0.0000	-0.0160	0.0000	0.0000	0.7520	0.0000	-0.0660	0.0000	0.0000
G3	-3.3390	4.5050	0.0000	-0.8390	0.0010	0.0010	0.0510	0.0020	0.0000	1.4160	0.0000	0.0000	-0.0030	0.3230	0.0030	-0.0090	0.9870	-0.1070	-0.1850	0.0520	-0.0320
G2	-4.4300	3.4350	0.0000	-0.4550	0.0000	0.0000	0.0050	0.0310	0.0010	0.1440	0.0000	0.0000	0.0020	0.0850	-0.0030	-0.0030	1.8470	-0.0280	-0.3380	-0.0020	-0.0050
G1	-1.8720	-1.4220	0.0000	-2.1790	-0.0140	0.0000	0.0130	0.0070	-0.0210	-4.0520	0.0000	0.0000	-0.0010	0.1160	0.0020	0.0240	1.7060	0.0140	-0.4780	0.0390	0.0140
G9	-0.8810	-0.1830	0.0000	-1.9660	0.0000	0.0000	0.0070	0.0000	0.0000	-2.0860	0.0000	0.0000	0.0000	-0.1000	0.0000	0.0000	0.6800	0.0000	0.3560	0.0000	0.0000
G8	-0.0430	-2.8750	0.0000	-2.8500	0.0000	0.0000	0.0250	0.0000	0.0000	-3.5220	0.0000	0.0000	0.0000	-0.1270	0.0000	0.0000	1.4090	0.0000	0.9380	0.0000	0.0000
N6	-1.3660	0.1950	0.0000	-1.0650	0.0000	0.0000	0.1080	0.0000	0.0000	-1.2590	0.0000	0.0000	0.0000	0.6050	0.0000	0.0000	0.7090	0.0000	-0.4450	0.0000	0.0000
N7	-1.5050	-3.7230	0.0000	1.8780	0.0530	-0.0020	0.0050	-0.0770	-0.0560	-2.7830	0.0000	0.0000	0.0140	0.7330	0.0180	0.2010	0.2190	0.2230	-0.8670	0.0880	0.0150
B4	-1.6860	2.1430	0.0000	-0.4790	0.0000	0.0000	0.0180	0.0000	0.0000	0.8070	0.0000	0.0000	0.0000	0.0420	0.0000	0.0000	1.0750	0.0000	-0.3040	0.0000	0.0000
B5	-2.1770	-0.0900	0.0000	2.5640	0.0000	0.0000	0.0830	0.0000	0.0000	0.3950	0.0000	0.0000	0.0000	0.1810	0.0000	0.0000	0.6260	0.0000	-0.7970	0.0000	0.0000
B6	-1.7790	2.5420	0.0000	-3.4340	-0.0010	-0.0010	-0.0160	-0.0170	-0.0200	-0.5390	0.0000	0.0000	-0.0010	-0.0860	-0.0010	0.0340	0.7260	-0.1270	1.5960	0.0440	0.0020
B7	-0.7980	6.5420	0.0000	-4.5000	0.0000	0.0000	-0.0420	0.0000	0.0000	3.2700	0.0000	0.0000	0.0000	-0.2630	0.0000	0.0000	1.7200	0.0000	0.6130	0.0000	0.0000
B2	-2.4970	4.5590	0.0000	-2.9970	0.0000	0.0000	0.0050	0.0000	0.0000	-1.8690	0.0000	0.0000	0.0000	-0.1090	0.0000	0.0000	-0.4740	0.0000	-0.3570	0.0000	0.0000
B3	-3.1390	2.3770	0.0000	-1.2410	0.0000	0.0000	0.0340	0.0000	0.0000	-0.8500	0.0000	0.0000	0.0000	0.1640	0.0000	0.0000	1.7400	0.0000	-0.7850	0.0000	0.0000
B8	-2.3120	2.3900	0.0000	-1.7320	-0.0030	0.0000	-0.0510	-0.0150	0.0210	-0.9800	0.0000	0.0000	0.0030	-0.0580	-0.0050	-0.0240	0.2230	0.1130	0.4690	-0.0020	0.0010
B9	0.6140	0.2410	0.0000	-5.9620	0.0000	0.0000	-0.0540	0.0000	0.0000	-3.2440	0.0000	0.0000	0.0000	-0.1310	0.0000	0.0000	0.9210	0.0000	1.1270	0.0000	0.0000
N5	-3.2690	0.6700	0.0000	-3.2370	0.0000	0.0000	0.0430	0.0000	0.0000	-3.5520	0.0000	0.0000	0.0000	1.1010	0.0000	0.0000	1.1750	0.0000	-0.0320	0.0000	0.0000
P10	-2.4310	-0.6890	0.0000	1.8850	0.0000	0.0000	-0.0450	0.0000	0.0000	-1.1320	0.0000	0.0000	0.0000	0.0010	0.0000	0.0000	-0.1080	0.0000	0.2550	0.0000	0.0000
P11	-4.5090	1.5940	0.0000	1.3690	-0.2420	0.0110	0.1280	0.1380	0.0210	-0.9990	0.0000	0.0000	-0.0200	0.1250	-0.0020	-0.0100	0.6230	-0.0320	0.2580	-0.4690	0.0190
P12	-3.3730	1.8650	0.0000	0.1260	0.0260	0.0010	0.0930	-0.0750	0.0250	-0.2920	0.0000	0.0000	0.0100	0.1480	0.0090	-0.0360	0.8380	0.0260	0.0170	-0.0280	0.0380
E9	-1.0890	-0.0590	0.0000	-1.3430	0.0000	0.0000	0.0550	0.0040	-0.0010	-1.5640	0.0000	0.0000	-0.0020	1.0790	0.0020	-0.0130	0.6700	-0.0410	-0.8780	0.0560	-0.0060
E8	0.6310	-2.3070	0.0000	-1.8820	0.0000	0.0000	0.0620	0.0000	0.0000	-1.8850	0.0000	0.0000	0.0000	0.9880	0.0000	0.0000	1.5180	0.0000	-0.8930	0.0000	0.0000
E5	-1.9100	-1.9180	0.0000	-2.1950	0.0030	0.0000	-0.0160	0.0130	0.0060	-3.3730	0.0000	0.0000	0.0160	1.0030	0.0110	-0.0020	2.2400	0.0200	-0.6300	-0.0270	0.0130
E4	-1.0830	0.1360	0.0000	-3.8170	0.0000	0.0000	-0.0140	0.0000	0.0000	-4.6410	0.0000	0.0000	0.0000	-0.2070	0.0000	0.0000	0.1070	0.0000	0.2380	0.0000	0.0000
E7	-2.4160	-3.1390	0.0000	-0.5990	0.0000	0.0000	0.0780	0.0000	0.0000	-4.5860	0.0000	0.0000	0.0000	0.2660	0.0000	0.0000	1.5470	0.0000	-0.3250	0.0000	0.0000
E6	-2.7800	-0.5390	0.0000	0.2030	0.0000	0.0000	0.0060	0.0000	0.0000	-3.8790	0.0000	0.0000	0.0000	0.0850	0.0000	0.0000	-0.3070	0.0000	-0.5480	0.0000	0.0000
E1	-2.7380	1.9420	0.0000	-4.2500	0.0000	0.0000	0.0680	0.0180	0.0200	-4.1420	0.0000	0.0000	-0.0120	0.2350	0.0060	0.0040	1.1600	-0.0460	-0.5400	-0.0100	0.0030
P8	-1.9510	2.0250	0.0000	-2.6540	0.0000	0.0000	0.0300	0.0000	0.0000	-0.2490	0.0000	0.0000	0.0000	0.7260	0.0000	0.0000	0.9390	0.0000	0.6350	0.0000	0.0000
E3	-3.2650	2.2680	0.0000	-2.2830	0.0000	0.0000	-0.0130	0.0000	0.0000	-2.0090	0.0000	0.0000	0.0000	0.0060	0.0000	0.0000	1.6840	0.0000	-0.4040	0.0000	0.0000
E2	-3.2120	3.3070	0.0000	-4.3300	0.0000	0.0000	-0.0320	0.0000	0.0000	-3.4520	0.0000	0.0000	0.0000	-0.0890	0.0000	0.0000	1.6580	0.0000	-0.7540	0.0000	0.0000
P2	-3.2920	1.2670	0.0000	-2.0680	-0.4960	-0.0110	0.0450	-0.2150	-0.1740	-1.9680	0.0000	0.0000	0.0410	-0.1990	0.1090	0.3640	1.5930	-0.3110	1.2800	0.4150	-0.3140
P3	-4.5090	3.0220	0.0000	-0.4280	0.0000	0.0000	0.0280	0.0000	0.0000	-1.6720	0.0000	0.0000	0.0000	0.1450	0.0000	0.0000	0.3930	0.0000	-0.3230	0.0000	0.0000
P1	-4.8570	1.3610	0.0000	-0.0440	-0.0010	0.0020	0.0480	-0.0210	0.0080	-3.0030	0.0000	0.0000	0.0080	0.1510	0.0040	-0.0120	0.1220	-0.0710	0.2710	0.0140	0.0150
P6	-3.7790	-1.5090	0.0000	1.9690	0.0360	0.0000	0.0060	0.0270	-0.0120	-2.7070	0.0000	0.0000	-0.0080	0.2730	-0.0030	0.0300	0.9720	0.1390	-0.9470	0.0920	0.0060
P7	-3.6490	-1.9420	0.0000	1.4750	0.0000	0.0000	-0.0180	0.0000	0.0000	-3.3570	0.0000	0.0000	0.0000	0.1060	0.0000	0.0000	0.6970	0.0000	-0.0240	0.0000	0.0000
P4	-4.4660	2.2250	0.0000	-2.3380	0.0000	0.0000	0.0380	0.0000	0.0000	-3.3270	0.0000	0.0000	0.0000	-0.0380	0.0000	0.0000	1.1330	0.0000	0.1200	0.0000	0.0000
P5	-2.2540	2.0350	0.0000	-1.9440	0.0000	0.0000	0.0120	0.0000	0.0000	-3.9030	0.0000	0.0000	0.0000	-0.0320	0.0000	0.0000	-0.8020	0.0000	-0.9180	0.0000	0.0000
H10	-3.1830	5.1290	0.0000	-4.2020	0.0000	0.0000	0.0190	0.0000	0.0000	1.2580	0.0000	0.0000	0.0000	1.1200	0.0000	0.0000	1.5620	0.0000	0.8120	0.0000	0.0000
H11	-3.1850	4.4330	0.0000	-3.4530	0.0000	0.0000	0.0160	0.0000	0.0000	1.0040	0.0000	0.0000	0.0000	1.1990	0.0000	0.0000	1.3250	0.0000	0.6690	0.0000	0.0000
H12	-5.0480	5.3210	0.0000	-5.6970	0.0000	0.0000	0.0500	0.0000	0.0000	-2.5200	0.0000	0.0000	0.0000	1.3830	0.0000	0.0000	2.2080	0.0000	-0.7310	0.0000	0.0000
P9	-2.3340	3.5420	0.0000	-2.6480	0.0000	0.0000	0.0280	0.0000	0.0000	-0.0220	0.0000	0.0000	0.0000	0.0260	0.0000	0.0000	0.7820	0.0000	0.5840	0.0000	0.0000
F12	-5.0060	6.1600	0.0000	-2.1810	0.0000	0.0000	-0.0580	0.0000	0.0000	0.3490	0.0000	0.0000	0.0000	0.0420	0.0000	0.0000	0.2230	0.0000	1.1700	0.0000	0.0000
F10	-2.7980	2.3420	0.0000	-0.5700	-0.0040	0.0000	0.0440	-0.0730	0.0030	0.8110	0.0000	0.0000	0.0150	0.0820	0.0060	-0.0090	1.5990	0.0310	0.1390	0.0270	-0.0240
F11	-1.9170	1.2250	0.0000	-0.1020	0.0000	0.0010	0.0280	-0.0160	-0.0010	-0.6810	0.0000	0.0000	0.0010	0.1550	-0.0030	0.0000	0.9200	-0.0170	-0.9500	-0.0020	-0.0010
N12	0.1440	-2.1720	0.0000	2.0040	0.0000	0.0000	1.1510	0.0000	0.0000	1.7330	0.0000	0.0000	0.0000	0.1050	0.0000	0.0000	0.1200	0.0000	0.3800	0.0000	0.0000
H8	-0.9830	-3.3150	0.0000	0.5980	0.0130	0.0000	0.0310	0.0440	0.0030	-4.3000	0.0000	0.0000	0.0020	0.1700	-0.0080	0.0010	0.1220	-0.1380	-0.8770	0.0470	-0.0110
H9	0.3620	2.1650	0.0000	1.0910	0.0000	0.0000	2.6870	0.0000	0.0000	8.8600	0.0000	0.0000	0.0000	-0.3850	0.0000	0.0000	2.6580	0.0000	0.2830	0.0000	0.0000
H6	1.5950	0.2950	0.0000	-1.0970	0.0070	0.0010	0.0310	-0.0030	0.0190	0.4810	0.0000	0.0000	0.0080	0.1050	0.0090	-0.1420	-0.3840	0.0850	-0.0170	-0.0270	-0.0040
H7	-0.1030	-1.6690	0.0000	0.4370	0.0000	-0.0010	0.0170	-0.0060	-0.0090	-1.3090	0.0000	0.0000	-0.0080	0.0830	0.0100	-0.0040	0.5600	-0.0050	-0.5760	-0.0190	-0.0200
H4	-0.4210	-0.5860	0.0000	0.7440	0.0000	0.0000	0.0070	0.0000	0.0000	-0.1800	0.0000	0.0000	0.0000	0.0160	0.0000	0.0000	0.2490	0.0000	-0.1910	0.0000	0.0000
H5	-0.6460	1.3640	0.0000	0.4420	0.0170	0.0010	1.1810	-0.0500	-0.1090	2.5790	0.0000	0.0000	-0.0090	-0.1010	-0.0220	-0.2890	1.4490	-0.3880	-0.1430	-0.0800	-0.0390
D10	-1.7560	0.1450	0.0000	-2.0000	0.0000	0.0000	0.0560	0.0000	0.0000	-3.8610	0.0000	0.0000	0.0000	0.0920	0.0000	0.0000	0.7590	0.0000	-1.1560	0.0000	0.0000
D11	-2.0790	1.5340	0.0000	-1.6550	0.0000	0.0000	0.0580	0.0000	0.0000	-1.0870	0.0000	0.0000	0.0000	0.3160	0.0000	0.0000	1.6960	0.0000	-0.9570	0.0000	0.0000
D12	-1.5990	-2.8870	0.0000	1.2760	0.0000	0.0000	0.0560	0.0000	0.0000	-2.4110	0.0000	0.0000	0.0000	0.1520	0.0000	0.0000	1.0960	0.0000	-0.5040	0.0000	0.0000
B12	-3.5340	5.3680	0.0000	-3.3950	0.0000	0.0000	0.0760	0.0000	0.0000	1.4990	0.0000	0.0000	0.0000	1.5490	0.0000	0.0000	1.8850	0.0000	-0.4520	0.0000	0.0000
B10	-2.3150	3.4970	0.0000	-1.6780	0.0000	0.0000	-0.0200	0.0000	0.0000	-0.9000	0.0000	0.0000	0.0000	-0.1380	0.0000	0.0000	0.8040	0.0000	-1.0510	0.0000	0.0000
B11	-3.6810	6.5020	0.0000	-3.7830	-0.0010	0.0010	0.0000	0.0340	0.0000	0.0050	0.0000	0.0000	0.0070	1.0540	0.0030	-0.0020	0.3810	0.0440	-0.5290	-0.0190	-0.0070
Q8	-3.8480	1.2520	0.0000	-3.6070	0.0000	0.0000	0.1100	0.0000	0.0000	-2.1480	0.0000	0.0000	0.0000	0.2860	0.0000	0.0000	4.4760	0.0000	-0.8190	0.0000	0.0000
Q9	-2.8380	1.5030	0.0000	-0.3300	0.0000	0.0000	0.1100	0.0000	0.0000	-1.5600	0.0000	0.0000	0.0000	0.1810	0.0000	0.0000	0.5140	0.0000	-0.6990	0.0000	0.0000
C9	-0.3390	-0.6160	0.0000	-1.0310	0.0000	0.0000	-0.0200	0.0000	0.0000	-1.9440	0.0000	0.0000	0.0000	-0.1410	0.0000	0.0000	-0.0640	0.0000	0.2690	0.0000	0.0000
C8	-2.7360	-0.6130	0.0000	-0.6850	0.0000	0.0000	0.0110	0.0000	0.0000	-2.3790	0.0000	0.0000	0.0000	0.1410	0.0000	0.0000	1.9720	0.0000	-0.4700	0.0000	0.0000
Q11	-2.2810	1.4880	0.0000	-1.7510	0.0000	0.0000	-0.0100	0.0000	0.0000	-1.2360	0.0000	0.0000	0.0000	-0.0250	0.0000	0.0000	0.2740	0.0000	1.0720	0.0000	0.0000
Q10	-1.6750	-2.3020	0.0000	0.7660	0.0030	0.0000	-0.0430	-0.0010	-0.0100	-1.9380	0.0000	0.0000	-0.0030	-0.3140	0.0230	0.0110	-0.1710	-0.0310	1.7440	0.0670	0.0010
Q12	-3.6700	1.6430	0.0000	-2.7150	0.0000	0.0000	0.0480	0.0000	0.0000	-3.8500	0.0000	0.0000	0.0000	-0.0600	0.0000	0.0000	0.4090	0.0000	0.4970	0.0000	0.0000
C3	-2.8900	2.0890	0.0000	0.0280	-0.0220	0.0020	0.0670	0.0370	0.0100	-0.0440	0.0000	0.0000	-0.0260	1.0780	-0.0530	0.1140	1.1240	-0.4490	-0.8210	-0.3180	-0.0160
C2	-2.3020	0.5520	0.0000	-1.6020	0.0000	0.0000	-0.0670	0.0000	0.0000	-3.9880	0.0000	0.0000	0.0000	0.1990	0.0000	0.0000	-0.8650	0.0000	0.0960	0.0000	0.0000
C1	-1.9100	4.1970	0.0000	-3.2240	0.0000	0.0000	-0.0340	0.0000	0.0000	-1.1670	0.0000	0.0000	0.0000	-0.0220	0.0000	0.0000	-0.0550	0.0000	-0.1190	0.0000	0.0000
C7	-0.7760	-0.2030	0.0000	-2.9400	0.0000	-0.0010	0.0170	0.0180	-0.0050	-1.6100	0.0000	0.0000	0.0200	-0.0920	0.0020	-0.0090	1.3340	0.0300	1.0250	-0.0060	-0.0220
C6	-0.1830	-1.3060	0.0000	-0.7420	0.0150	0.0010	0.0290	-0.0270	-0.0370	-0.5550	0.0000	0.0000	-0.0030	-0.0530	0.0050	0.0000	0.7060	0.0360	0.9270	0.0670	0.0100
C5	-0.3380	-0.6130	0.0000	-1.0340	0.0000	0.0000	-0.0200	0.0000	0.0000	-1.9400	0.0000	0.0000	0.0000	-0.1380	0.0000	0.0000	-0.0630	0.0000	0.2680	0.0000	0.0000
C4	-1.9970	0.2520	0.0000	-0.8900	-0.0980	0.0020	-0.0050	0.0950	0.0170	-1.1540	0.0000	0.0000	0.0140	0.1510	0.0250	-0.0430	1.4040	0.1940	-0.2420	-0.0050	-0.0320
N10	-0.5700	-2.3950	0.0000	1.4680	0.0000	0.0000	1.2140	0.0000	0.0000	1.5710	0.0000	0.0000	0.0000	1.1140	0.0000	0.0000	0.2310	0.0000	0.5090	0.0000	0.0000
N8	-1.7320	2.0370	0.0000	-2.7910	-0.0040	0.0010	0.0460	-0.0310	-0.0100	-0.0690	0.0000	0.0000	0.0110	1.1220	0.0060	0.0080	1.4360	0.0490	-0.1830	-0.0390	0.0040
N9	-2.3270	0.8000	0.0000	-1.4050	0.0030	0.0000	0.0640	-0.0070	0.0080	-1.4870	0.0000	0.0000	-0.0060	1.0880	-0.0010	0.0090	0.3820	0.0310	-0.0720	-0.0470	-0.0040
N11	0.4570	3.4400	0.0000	-1.7580	0.0000	0.0000	0.0250	0.0000	0.0000	1.7990	0.0000	0.0000	0.0000	-0.1030	0.0000	0.0000	0.0380	0.0000	-0.2990	0.0000	0.0000
G12	0.6960	-1.7490	0.0000	0.9220	0.0960	-0.0020	0.0430	-0.0510	0.0510	1.5750	0.0000	0.0000	-0.0340	-0.1940	-0.0520	-0.0330	1.8520	-0.0560	0.2460	-0.1830	0.0200
G11	-0.2680	0.4390	0.0000	-0.8200	-0.0050	-0.0020	0.0190	-0.0160	0.0160	1.9320	0.0000	0.0000	0.0170	0.1190	-0.0030	-0.0090	1.1170	0.1480	1.1820	-0.0030	0.0000
G10	0.2560	-2.8470	0.0000	-3.0200	0.0000	0.0000	0.0370	0.0000	0.0000	-3.9610	0.0000	0.0000	0.0000	-0.1680	0.0000	0.0000	0.7510	0.0000	1.0310	0.0000	0.0000
F1	-3.2170	0.1050	0.0000	-3.4250	0.0390	0.0010	0.0260	-0.0060	-0.0090	-3.9010	0.0000	0.0000	0.0030	0.9340	-0.0030	-0.0140	2.2120	-0.0010	-0.4850	-0.0490	-0.0120
F2	-3.8880	-1.8510	0.0000	-2.0970	0.0000	0.0000	0.0430	0.0000	0.0000	-6.4200	0.0000	0.0000	0.0000	0.1690	0.0000	0.0000	1.5570	0.0000	-0.3550	0.0000	0.0000
F3	-2.6360	-1.4660	0.0000	-1.3610	0.0000	0.0000	0.0190	0.0000	0.0000	-3.7840	0.0000	0.0000	0.0000	0.1500	0.0000	0.0000	1.9610	0.0000	-0.4540	0.0000	0.0000
F4	-1.7620	4.2870	0.0000	-3.4850	0.0000	0.0000	-0.0260	0.0000	0.0000	-1.3830	0.0000	0.0000	0.0000	-0.0030	0.0000	0.0000	-0.1260	0.0000	-0.2660	0.0000	0.0000
F5	0.5520	-0.4290	0.0000	-0.1180	-0.2640	-0.0270	0.0070	-0.0990	-0.1260	-0.0630	0.0000	0.0000	0.0740	-0.1520	0.1400	0.0500	0.2620	-0.0100	-0.2520	0.5310	-0.2020
F6	-1.5880	0.7200	0.0000	-2.6600	0.0020	0.0010	0.0240	0.0790	-0.0060	-2.4620	0.0000	0.0000	0.0090	0.0010	-0.0010	0.0000	1.4620	-0.0110	-0.4470	-0.0380	-0.0100
F7	-3.3840	-0.6240	0.0000	-1.1100	0.0130	0.0000	0.0090	-0.0180	-0.0080	-3.4430	0.0000	0.0000	0.0060	0.1250	-0.0300	-0.0060	2.0050	0.0130	-0.4290	-0.0200	0.0150
F8	-2.9790	-0.9480	0.0000	-2.2330	0.0000	0.0010	0.0210	0.0100	-0.0200	-4.3760	0.0000	0.0000	-0.0060	0.1730	0.0070	-0.0020	1.8290	0.0810	-0.2980	-0.0200	0.0090
F9	-3.7450	2.8890	0.0000	-0.0740	0.0270	-0.0010	0.0500	0.0370	-0.0230	-0.5380	0.0000	0.0000	0.0050	0.2420	-0.0030	-0.0350	0.2460	0.2210	-0.4900	0.0670	0.0460
Q1	-2.8900	1.2460	0.0000	-0.4620	0.0000	0.0000	0.0320	0.0000	0.0000	0.1640	0.0000	0.0000	0.0000	0.6990	0.0000	0.0000	1.4830	0.0000	0.0580	0.0000	0.0000
Q3	-1.6350	0.5230	0.0000	0.1510	0.1670	-0.0180	0.0040	-0.1730	-0.1370	-0.2850	0.0000	0.0000	-0.0170	0.6540	0.0040	-0.1090	0.9840	-0.0240	-0.5440	-0.0920	-0.0220
Q2	-2.7890	1.7190	0.0000	-0.7620	0.0000	0.0000	0.1060	0.0000	0.0000	-1.6390	0.0000	0.0000	0.0000	0.2060	0.0000	0.0000	0.4430	0.0000	-0.5630	0.0000	0.0000
Q5	-1.5900	-2.2360	0.0000	0.7070	0.0000	0.0000	-0.0450	0.0000	0.0000	-1.9090	0.0000	0.0000	0.0000	-0.3210	0.0000	0.0000	-0.1560	0.0000	1.7320	0.0000	0.0000
Q4	-3.3960	1.9390	0.0000	0.1070	-0.0010	0.0010	0.0950	0.0190	0.0370	-0.2660	0.0000	0.0000	0.0090	0.1430	-0.0030	-0.0040	0.7870	-0.0180	0.0160	-0.0060	0.0070
Q7	-4.6300	2.3440	0.0000	-1.7120	-0.0060	0.0010	0.0200	0.0540	-0.0180	-3.9830	0.0000	0.0000	0.0040	0.1880	0.0070	-0.0030	1.0100	-0.0920	-1.1620	0.0190	-0.0070
Q6	-4.1080	-1.3220	0.0000	-0.1740	0.0470	0.0010	-0.0240	0.0100	0.0400	-5.3990	0.0000	0.0000	0.0040	0.0440	0.0080	-0.0830	0.0650	-0.0240	0.0100	0.0970	0.0100
E11	0.0380	0.1620	0.0000	-2.0640	0.0010	0.0000	-0.0130	-0.0080	-0.0170	-0.6230	0.0000	0.0000	-0.0020	-0.1000	0.0020	0.0040	0.8540	0.0200	0.4810	0.0170	0.0010
E10	-1.0730	5.5660	0.0000	-3.3430	0.0000	0.0000	-0.0130	0.0000	0.0000	1.7780	0.0000	0.0000	0.0000	-0.0380	0.0000	0.0000	0.4630	0.0000	0.2170	0.0000	0.0000
E12	0.3780	-1.7110	0.0000	-2.2720	-0.0050	0.0000	0.0150	0.0690	-0.0220	-1.4720	0.0000	0.0000	-0.0070	2.0780	-0.0040	-0.0100	1.2280	-0.0410	-1.2420	0.0760	-0.0030
C12	-2.4150	-3.1360	0.0000	0.0440	0.0000	0.0000	0.0700	0.0000	0.0000	-4.0750	0.0000	0.0000	0.0000	0.2780	0.0000	0.0000	1.3960	0.0000	-0.3130	0.0000	0.0000
C11	-2.8120	3.8340	0.0000	-4.3800	0.0000	0.0000	-0.0180	0.0000	0.0000	-1.7750	0.0000	0.0000	0.0000	0.5820	0.0000	0.0000	1.7650	0.0000	-0.7460	0.0000	0.0000
C10	-1.7000	-2.3280	0.0000	-0.6830	-0.0110	0.0000	-0.0190	0.0210	-0.0180	-3.4100	0.0000	0.0000	0.0140	0.1010	0.0000	0.0190	1.7070	-0.0010	-0.5170	-0.0070	0.0110
A11	-1.3440	6.2850	0.0000	-4.2930	0.0000	0.0000	1.0500	0.0000	0.0000	2.7190	0.0000	0.0000	0.0000	-0.0500	0.0000	0.0000	1.6190	0.0000	-0.5510	0.0000	0.0000
A10	-2.1490	6.5640	0.0000	-4.4180	0.0000	0.0000	-0.0300	0.0000	0.0000	-0.2210	0.0000	0.0000	0.0000	0.0240	0.0000	0.0000	0.5430	0.0000	-0.7560	0.0000	0.0000
A12	-3.1660	-0.8900	0.0000	2.2350	0.0000	0.0000	-0.0250	0.0000	0.0000	-1.5240	0.0000	0.0000	0.0000	0.0840	0.0000	0.0000	0.7060	0.0000	-0.4670	0.0000	0.0000
A1	-1.8650	0.7790	0.0000	-0.4160	0.0000	0.0000	-0.0770	0.0000	0.0000	-2.4230	0.0000	0.0000	0.0000	0.1260	0.0000	0.0000	-0.1080	0.0000	-0.8600	0.0000	0.0000
A3	-1.1570	1.9660	0.0000	-1.2790	0.0000	0.0000	-0.0030	0.0000	0.0000	-0.9760	0.0000	0.0000	0.0000	0.1690	0.0000	0.0000	-0.5500	0.0000	-0.1200	0.0000	0.0000
A2	-2.6520	0.3840	0.0000	0.0450	0.0000	0.0000	0.0890	0.0000	0.0000	-0.5210	0.0000	0.0000	0.0000	0.9030	0.0000	0.0000	0.8990	0.0000	-0.1880	0.0000	0.0000
A5	-3.7470	1.1190	0.0000	0.2500	0.0080	-0.0010	-0.0140	-0.0360	0.0210	-2.1090	0.0000	0.0000	-0.0090	0.0930	-0.0020	-0.0290	0.8920	-0.0290	-0.6390	0.0270	-0.0130
A4	-2.4750	-1.3340	0.0000	1.4470	0.0000	-0.0010	-0.0220	0.0130	-0.0010	-1.0390	0.0000	0.0000	0.0050	-0.0760	-0.0050	0.0060	1.6170	-0.0100	-0.1660	-0.0210	-0.0170
A7	-4.4650	7.2720	0.0000	-5.6970	0.0000	0.0000	0.0770	0.0000	0.0000	-1.0100	0.0000	0.0000	0.0000	0.0340	0.0000	0.0000	1.5870	0.0000	0.1800	0.0000	0.0000
A6	-2.6720	0.4140	0.0000	0.0070	0.0000	0.0000	0.0880	0.0000	0.0000	-0.5240	0.0000	0.0000	0.0000	0.9010	0.0000	0.0000	0.9250	0.0000	-0.1880	0.0000	0.0000
A9	0.5530	1.2420	0.0000	-8.2820	0.0000	0.0000	0.0450	0.0000	0.0000	-6.3070	0.0000	0.0000	0.0000	-0.3600	0.0000	0.0000	-0.0690	0.0000	0.5600	0.0000	0.0000
A8	3.3890	-2.5820	0.0000	-0.9630	0.0000	-0.0010	1.1920	0.0310	-0.0060	2.4040	0.0000	0.0000	-0.0060	0.0930	-0.0030	-0.0030	0.8860	-0.0720	0.4770	-0.0280	0.0020
D8	-2.2460	-1.6130	0.0000	-1.5670	0.0000	0.0000	-0.0030	0.0000	0.0000	-3.4560	0.0000	0.0000	0.0000	0.0440	0.0000	0.0000	2.2800	0.0000	-0.3520	0.0000	0.0000
D9	-2.8450	-0.8340	0.0000	-0.6210	0.0000	0.0000	0.0080	0.0000	0.0000	-2.4910	0.0000	0.0000	0.0000	0.1090	0.0000	0.0000	2.1190	0.0000	-0.4300	0.0000	0.0000
D6	-2.7810	2.2430	0.0000	-0.2770	0.0000	0.0000	0.0350	0.0000	0.0000	0.0480	0.0000	0.0000	0.0000	-0.0990	0.0000	0.0000	1.0390	0.0000	-0.1130	0.0000	0.0000
D7	-1.3270	0.6610	0.0000	-5.6200	0.0000	0.0000	1.1250	0.0000	0.0000	-1.0270	0.0000	0.0000	0.0000	1.2250	0.0000	0.0000	2.3670	0.0000	0.5440	0.0000	0.0000
D4	-3.0160	2.3860	0.0000	0.1240	-0.0100	0.0000	0.0130	0.0190	0.0240	0.0350	0.0000	0.0000	-0.0090	0.1290	0.0060	0.0150	0.8890	0.0010	-0.5010	-0.0330	-0.0050
D5	-2.6710	2.2320	0.0000	0.0200	0.0370	0.0020	0.0120	-0.0110	0.0200	0.1030	0.0000	0.0000	0.0140	0.1100	0.0110	-0.0620	0.7920	0.0110	-0.4760	0.0560	0.0050
D2	-2.6340	-1.9700	0.0000	-0.2070	0.0090	0.0000	0.0060	-0.0410	0.0100	-3.0990	0.0000	0.0000	0.0010	0.1260	-0.0010	-0.0040	2.1190	-0.0310	-0.4990	0.0100	0.0090
D3	-2.3280	1.6160	0.0000	0.6410	-0.0170	0.0020	0.0760	0.0460	0.0160	1.1100	0.0000	0.0000	0.0140	0.3130	0.0050	-0.0260	0.8020	0.0700	-0.2050	0.0680	0.0150
D1	-1.6610	-2.0780	0.0000	-1.7450	0.0000	0.0000	-0.0220	0.0000	0.0000	-3.5950	0.0000	0.0000	0.0000	-0.0250	0.0000	0.0000	2.1260	0.0000	-0.1900	0.0000	0.0000
