P1,-36.1975,  1.8787, 23.8488,  0.127 ,  5.4735, -4.0264, -6.7616,  0.    ,  0.    , -1.888 , -1.4838,  0.    ,  0.    ,  0.    ,  0.    ,  0.    ,  0.    ,  0.    ,  0.    ,  1.1422,-17.8871
G6,-33.913 ,  1.2707, 24.9448,  0.0614,  5.1441, -3.8557, -6.5347,  0.    ,  0.    , -1.8588, -1.2942,  0.    ,  0.    ,  0.    ,  0.    ,  0.    ,  0.    ,  0.    ,  0.    ,  1.3875,-14.6481
G12,-36.4498,  2.1963, 24.8255,  0.1041,  5.1911, -3.9468, -6.6842,  0.    ,  0.    , -1.8688, -1.2765,  0.    ,  0.    ,  0.    ,  0.    ,  0.    ,  0.    ,  0.    ,  0.    ,  1.304 ,-16.6053
G5,-34.0369,  1.326 , 24.2538,  0.0509,  5.413 , -3.8223, -6.7485,  0.    ,  0.    , -1.8817, -1.2577,  0.    ,  0.    ,  0.    ,  0.    ,  0.    ,  0.    ,  0.    ,  0.    ,  1.1854,-15.518 
G7,-34.6662,  1.101 , 24.8848,  0.0477,  5.2756, -3.9385, -6.9646,  0.    ,  0.    , -1.8717, -1.3628,  0.    ,  0.    ,  0.    ,  0.    ,  0.    ,  0.    ,  0.    ,  0.    ,  0.9179,-16.5767
G11,-37.16  ,  2.5469, 24.695 ,  0.0724,  5.2419, -3.9764, -6.8161,  0.    ,  0.    , -1.8761, -1.229 ,  0.    ,  0.    ,  0.    ,  0.    ,  0.    ,  0.    ,  0.    ,  0.    ,  1.2626,-17.2388
G9,-34.7482,  1.3231, 24.5755,  0.0487,  5.2258, -4.0086, -6.4132,  0.    ,  0.    , -1.8702, -1.3046,  0.    ,  0.    ,  0.    ,  0.    ,  0.    ,  0.    ,  0.    ,  0.    ,  1.1346,-16.0372
G8,-34.2958,  1.0296, 25.2777,  0.0474,  5.2492, -3.9405, -7.0332,  0.    ,  0.    , -1.8651, -1.4152,  0.    ,  0.    ,  0.    ,  0.    ,  0.    ,  0.    ,  0.    ,  0.    ,  0.8778,-16.0683
G10,-34.3603,  1.397 , 24.712 ,  0.0529,  5.231 , -3.9888, -6.6857,  0.    ,  0.    , -1.8723, -1.2645,  0.    ,  0.    ,  0.    ,  0.    ,  0.    ,  0.    ,  0.    ,  0.    ,  1.2243,-15.5545
C6,-33.9093,  1.1963, 24.5385,  0.06  ,  5.3655, -3.8581, -6.8508,  0.    ,  0.    , -1.8796, -1.3113,  0.    ,  0.    ,  0.    ,  0.    ,  0.    ,  0.    ,  0.    ,  0.    ,  1.1415,-15.5075
C4,-34.1593,  1.2476, 24.3339,  0.0548,  5.2976, -3.9203, -6.9027,  0.    ,  0.    , -1.8715, -1.2469,  0.    ,  0.    ,  0.    ,  0.    ,  0.    ,  0.    ,  0.    ,  0.    ,  1.2257,-15.941 
C7,-33.6586,  1.2458, 24.4808,  0.0516,  5.3437, -3.8947, -6.719 ,  0.    ,  0.    , -1.8734, -1.3049,  0.    ,  0.    ,  0.    ,  0.    ,  0.    ,  0.    ,  0.    ,  0.    ,  1.2126,-15.1163
B4,-37.214 ,  2.1817, 25.2762,  0.164 ,  5.1399, -4.0379, -7.1304,  0.    ,  0.    , -1.8563, -0.9355,  0.    ,  0.    ,  0.    ,  0.    ,  0.    ,  0.    ,  0.    ,  0.    ,  1.4123,-17.    
B3,-36.7491,  1.9303, 24.9741,  0.1098,  5.216 , -3.8861, -7.0579,  0.    ,  0.    , -1.8625, -0.9291,  0.    ,  0.    ,  0.    ,  0.    ,  0.    ,  0.    ,  0.    ,  0.    ,  1.3601,-16.8944
C5,-34.3078,  1.2909, 24.7675,  0.0534,  5.2943, -3.9449, -6.8418,  0.    ,  0.    , -1.8775, -1.3029,  0.    ,  0.    ,  0.    ,  0.    ,  0.    ,  0.    ,  0.    ,  0.    ,  1.0371,-15.8318
C9,-34.3078,  1.2909, 24.7675,  0.0534,  5.2943, -3.9449, -6.8418,  0.    ,  0.    , -1.8775, -1.3029,  0.    ,  0.    ,  0.    ,  0.    ,  0.    ,  0.    ,  0.    ,  0.    ,  1.0371,-15.8318
D11,-34.852 ,  1.1835, 24.6139,  0.0508,  5.2697, -4.0162, -6.9021,  0.    ,  0.    , -1.872 , -1.3842,  0.    ,  0.    ,  0.    ,  0.    ,  0.    ,  0.    ,  0.    ,  0.    ,  1.0081,-16.9003
E4,-34.3447,  1.2748, 24.7919,  0.051 ,  5.2629, -4.0011, -6.6363,  0.    ,  0.    , -1.8738, -1.3256,  0.    ,  0.    ,  0.    ,  0.    ,  0.    ,  0.    ,  0.    ,  0.    ,  1.0935,-15.7073
E11,-34.4705,  1.268 , 24.78  ,  0.0496,  5.2183, -4.0447, -6.4868,  0.    ,  0.    , -1.869 , -1.3103,  0.    ,  0.    ,  0.    ,  0.    ,  0.    ,  0.    ,  0.    ,  0.    ,  1.1127,-15.7525
F5,-34.4976,  1.2078, 24.6236,  0.0614,  5.3357, -3.9129, -6.8601,  0.    ,  0.    , -1.8836, -1.3079,  0.    ,  0.    ,  0.    ,  0.    ,  0.    ,  0.    ,  0.    ,  0.    ,  1.0304,-16.2031
F10,-37.0735,  2.3126, 24.1419,  0.0649,  5.0641, -4.0459, -6.6388,  0.    ,  0.    , -1.8533, -1.2122,  0.    ,  0.    ,  0.    ,  0.    ,  0.    ,  0.    ,  0.    ,  0.    ,  1.4697,-17.7705
C10,-34.6743,  1.2647, 24.7978,  0.0554,  5.315 , -3.8933, -6.8437,  0.    ,  0.    , -1.8791, -1.3049,  0.    ,  0.    ,  0.    ,  0.    ,  0.    ,  0.    ,  0.    ,  0.    ,  1.0578,-16.1047
D10,-34.8512,  1.241 , 24.783 ,  0.0566,  5.3153, -3.9034, -6.8847,  0.    ,  0.    , -1.8801, -1.3046,  0.    ,  0.    ,  0.    ,  0.    ,  0.    ,  0.    ,  0.    ,  0.    ,  1.0746,-16.3535
E5,-34.7988,  1.2099, 24.9123,  0.0532,  5.2978, -3.9449, -6.898 ,  0.    ,  0.    , -1.8751, -1.3433,  0.    ,  0.    ,  0.    ,  0.    ,  0.    ,  0.    ,  0.    ,  0.    ,  1.0097,-16.3772
G1,-34.7789,  1.2396, 24.8035,  0.0507,  5.2675, -3.9787, -6.6012,  0.    ,  0.    , -1.8729, -1.3306,  0.    ,  0.    ,  0.    ,  0.    ,  0.    ,  0.    ,  0.    ,  0.    ,  1.1035,-16.0977
F6,-35.3181,  1.1113, 24.7753,  0.0496,  5.2591, -4.0455, -7.0734,  0.    ,  0.    , -1.8655, -1.4211,  0.    ,  0.    ,  0.    ,  0.    ,  0.    ,  0.    ,  0.    ,  0.    ,  0.8694,-17.659 
F11,-36.6563,  1.9553, 24.3595,  0.0626,  5.23  , -3.9757, -6.5492,  0.    ,  0.    , -1.8682, -1.2638,  0.    ,  0.    ,  0.    ,  0.    ,  0.    ,  0.    ,  0.    ,  0.    ,  1.2004,-17.5052
C12,-34.699 ,  1.2936, 24.0017,  0.094 ,  5.7583, -3.7609, -6.8309,  0.    ,  0.    , -1.8773, -1.273 ,  0.    ,  0.    ,  0.    ,  0.    ,  0.    ,  0.    ,  0.    ,  0.    ,  0.9676,-16.3259
D7,-34.7951,  1.277 , 23.8332,  0.0963,  5.9111, -3.8049, -6.846 ,  0.    ,  0.    , -1.8727, -1.2624,  0.    ,  0.    ,  0.    ,  0.    ,  0.    ,  0.    ,  0.    ,  0.    ,  0.7796,-16.6839
D12,-35.07  ,  1.3351, 23.5816,  0.0978,  5.9322, -3.7794, -6.8351,  0.    ,  0.    , -1.8751, -1.2688,  0.    ,  0.    ,  0.    ,  0.    ,  0.    ,  0.    ,  0.    ,  0.    ,  0.7811,-17.1005
E7,-34.621 ,  1.2873, 23.9152,  0.1016,  5.9376, -3.8207, -6.814 ,  0.    ,  0.    , -1.8755, -1.2581,  0.    ,  0.    ,  0.    ,  0.    ,  0.    ,  0.    ,  0.    ,  0.    ,  0.7887,-16.3589
F1,-34.6654,  1.3111, 23.8972,  0.103 ,  5.9535, -3.8164, -6.8035,  0.    ,  0.    , -1.8773, -1.2579,  0.    ,  0.    ,  0.    ,  0.    ,  0.    ,  0.    ,  0.    ,  0.    ,  0.7787,-16.3772
F8,-34.7726,  1.3017, 23.7496,  0.0995,  5.936 , -3.7929, -6.8166,  0.    ,  0.    , -1.8751, -1.2684,  0.    ,  0.    ,  0.    ,  0.    ,  0.    ,  0.    ,  0.    ,  0.    ,  0.76  ,-16.6789
C11,-35.2229,  2.2292, 23.7184,  0.0606,  5.6411, -3.7494, -6.792 ,  0.    ,  0.    , -1.8657, -1.2012,  0.    ,  0.    ,  0.    ,  0.    ,  0.    ,  0.    ,  0.    ,  0.    ,  1.3985,-15.7835
D6,-35.5762,  2.2238, 24.0617,  0.056 ,  5.3094, -3.6773, -6.6664,  0.    ,  0.    , -1.875 , -1.3068,  0.    ,  0.    ,  0.    ,  0.    ,  0.    ,  0.    ,  0.    ,  0.    ,  1.9383,-15.5125
E6,-35.471 ,  2.1711, 24.1762,  0.0542,  5.3399, -3.7238, -6.8485,  0.    ,  0.    , -1.8781, -1.3225,  0.    ,  0.    ,  0.    ,  0.    ,  0.    ,  0.    ,  0.    ,  0.    ,  1.7745,-15.728 
F2,-35.2822,  2.283 , 23.7689,  0.0606,  5.4308, -3.7683, -6.7613,  0.    ,  0.    , -1.8604, -1.2298,  0.    ,  0.    ,  0.    ,  0.    ,  0.    ,  0.    ,  0.    ,  0.    ,  1.4538,-15.9048
F7,-35.4727,  2.2133, 23.8015,  0.0598,  5.2707, -3.7195, -6.738 ,  0.    ,  0.    , -1.8574, -1.2712,  0.    ,  0.    ,  0.    ,  0.    ,  0.    ,  0.    ,  0.    ,  0.    ,  1.4504,-16.263 
F12,-36.3535,  3.239 , 23.671 ,  0.124 ,  5.5339, -3.9063, -6.9154,  0.    ,  0.    , -1.8876, -1.1157,  0.    ,  0.    ,  0.    ,  0.    ,  0.    ,  0.    ,  0.    ,  0.    ,  1.4809,-16.1297
D1,-34.8435,  1.1655, 25.1822,  0.0523,  5.3386, -3.898 , -7.0049,  0.    ,  0.    , -1.8773, -1.3814,  0.    ,  0.    ,  0.    ,  0.    ,  0.    ,  0.    ,  0.    ,  0.    ,  0.8796,-16.3869
D8,-34.9613,  1.1468, 25.1711,  0.0508,  5.317 , -3.9279, -6.9303,  0.    ,  0.    , -1.8762, -1.3884,  0.    ,  0.    ,  0.    ,  0.    ,  0.    ,  0.    ,  0.    ,  0.    ,  0.9127,-16.4858
E1,-34.9968,  1.297 , 24.9241,  0.0565,  5.3679, -3.8951, -6.825 ,  0.    ,  0.    , -1.8833, -1.306 ,  0.    ,  0.    ,  0.    ,  0.    ,  0.    ,  0.    ,  0.    ,  0.    ,  0.9784,-16.2824
E8,-34.5946,  1.2392, 25.1236,  0.0529,  5.3394, -3.906 , -6.6527,  0.    ,  0.    , -1.8805, -1.3205,  0.    ,  0.    ,  0.    ,  0.    ,  0.    ,  0.    ,  0.    ,  0.    ,  1.0166,-15.5827
E12,-34.934 ,  1.1561, 25.2345,  0.0502,  5.3179, -3.9569, -6.9153,  0.    ,  0.    , -1.876 , -1.3891,  0.    ,  0.    ,  0.    ,  0.    ,  0.    ,  0.    ,  0.    ,  0.    ,  0.9096,-16.4031
G2,-37.2078,  2.4093, 24.5454,  0.0783,  5.1942, -4.0322, -6.8151,  0.    ,  0.    , -1.8696, -1.2537,  0.    ,  0.    ,  0.    ,  0.    ,  0.    ,  0.    ,  0.    ,  0.    ,  1.3434,-17.6076
C3,-36.2629,  2.5928, 23.984 ,  0.063 ,  5.3585, -3.6052, -6.7801,  0.    ,  0.    , -1.8698, -1.3172,  0.    ,  0.    ,  0.    ,  0.    ,  0.    ,  0.    ,  0.    ,  0.    ,  1.6864,-16.1505
D3,-36.2629,  2.5928, 23.984 ,  0.063 ,  5.3585, -3.6052, -6.7801,  0.    ,  0.    , -1.8698, -1.3172,  0.    ,  0.    ,  0.    ,  0.    ,  0.    ,  0.    ,  0.    ,  0.    ,  1.6864,-16.1505
B9,-34.6834,  1.6646, 24.3747,  0.1267,  5.663 , -3.6799, -6.864 ,  0.    ,  0.    , -1.6865, -1.6249,  0.    ,  0.    ,  0.    ,  0.    ,  0.    ,  0.    ,  0.    ,  0.    ,  1.6257,-15.084 
B12,-34.7481,  2.1892, 24.0221,  0.12  ,  5.659 , -3.5737, -7.0645,  0.    ,  0.    , -1.6766, -1.6075,  0.    ,  0.    ,  0.    ,  0.    ,  0.    ,  0.    ,  0.    ,  0.    ,  1.7185,-14.9615
D4,-35.3125,  2.5752, 23.7611,  0.1339,  5.7706, -3.5168, -6.9764,  0.    ,  0.    , -1.6718, -1.6045,  0.    ,  0.    ,  0.    ,  0.    ,  0.    ,  0.    ,  0.    ,  0.    ,  1.7397,-15.1013
D5,-35.3125,  2.5752, 23.7611,  0.1339,  5.7706, -3.5168, -6.9764,  0.    ,  0.    , -1.6718, -1.6045,  0.    ,  0.    ,  0.    ,  0.    ,  0.    ,  0.    ,  0.    ,  0.    ,  1.7397,-15.1013
C2,-33.183 ,  1.8837, 23.4687,  0.2068,  6.0558, -3.2561, -7.4288,  0.    ,  0.    , -1.2764, -2.1995,  0.    ,  0.    ,  0.    ,  0.    ,  0.    ,  0.    ,  0.    ,  0.    ,  2.1704,-13.5584
B6,-33.1981,  1.9017, 23.4485,  0.2243,  6.0759, -3.3053, -7.4001,  0.    ,  0.    , -1.2752, -2.1994,  0.    ,  0.    ,  0.    ,  0.    ,  0.    ,  0.    ,  0.    ,  0.    ,  2.1845,-13.5431
B7,-36.0183,  2.0651, 24.3534,  0.0532,  5.3624, -3.7843, -6.8844,  0.    ,  0.    , -1.8791, -1.3104,  0.    ,  0.    ,  0.    ,  0.    ,  0.    ,  0.    ,  0.    ,  0.    ,  1.4869,-16.5556
B8,-36.557 ,  3.2124, 23.8959,  0.0785,  5.3279, -3.6408, -6.9299,  0.    ,  0.    , -1.8737, -1.3487,  0.    ,  0.    ,  0.    ,  0.    ,  0.    ,  0.    ,  0.    ,  0.    ,  1.943 ,-15.8925
E2,-34.7447,  1.6786, 24.3494,  0.1206,  5.5703, -3.8068, -7.085 ,  0.    ,  0.    , -1.6714, -1.6315,  0.    ,  0.    ,  0.    ,  0.    ,  0.    ,  0.    ,  0.    ,  0.    ,  1.5065,-15.7139
E3,-34.7447,  1.6786, 24.3494,  0.1206,  5.5703, -3.8068, -7.085 ,  0.    ,  0.    , -1.6714, -1.6315,  0.    ,  0.    ,  0.    ,  0.    ,  0.    ,  0.    ,  0.    ,  0.    ,  1.5065,-15.7139
B11,-33.3502,  2.0081, 23.4722,  0.2426,  6.1303, -3.3477, -7.372 ,  0.    ,  0.    , -1.2787, -2.1986,  0.    ,  0.    ,  0.    ,  0.    ,  0.    ,  0.    ,  0.    ,  0.    ,  2.1796,-13.5145
B10,-35.0277,  2.6051, 23.3208,  0.1122,  5.226 , -3.6711, -6.799 ,  0.    ,  0.    , -1.6782, -1.5754,  0.    ,  0.    ,  0.    ,  0.    ,  0.    ,  0.    ,  0.    ,  0.    ,  1.5666,-15.9207
C1,-35.3517,  2.634 , 23.6146,  0.1171,  5.7873, -3.5972, -6.8291,  0.    ,  0.    , -1.6598, -1.5852,  0.    ,  0.    ,  0.    ,  0.    ,  0.    ,  0.    ,  0.    ,  0.    ,  1.555 ,-15.315 
E10,-35.2347,  2.4868, 23.9012,  0.1048,  5.6223, -3.4712, -7.0708,  0.    ,  0.    , -1.6811, -1.63  ,  0.    ,  0.    ,  0.    ,  0.    ,  0.    ,  0.    ,  0.    ,  0.    ,  1.9433,-15.0293
F4,-35.3439,  2.5444, 23.8362,  0.1254,  5.7427, -3.5628, -7.0532,  0.    ,  0.    , -1.6737, -1.5357,  0.    ,  0.    ,  0.    ,  0.    ,  0.    ,  0.    ,  0.    ,  0.    ,  1.7637,-15.1569
F9,-34.2998,  2.4288, 23.6645,  0.1813,  5.8917, -3.4051, -7.2232,  0.    ,  0.    , -1.4812, -1.9059,  0.    ,  0.    ,  0.    ,  0.    ,  0.    ,  0.    ,  0.    ,  0.    ,  2.1721,-13.9768
A10,-34.8905,  2.8888, 23.786 ,  0.1954,  6.0164, -3.5165, -7.3218,  0.    ,  0.    , -1.4471, -1.8377,  0.    ,  0.    ,  0.    ,  0.    ,  0.    ,  0.    ,  0.    ,  0.    ,  2.2051,-13.922 
G4,-34.8905,  2.8888, 23.786 ,  0.1954,  6.0164, -3.5165, -7.3218,  0.    ,  0.    , -1.4471, -1.8377,  0.    ,  0.    ,  0.    ,  0.    ,  0.    ,  0.    ,  0.    ,  0.    ,  2.2051,-13.922 
D2,-34.8667,  1.3433, 24.4314,  0.0515,  5.302 , -3.9191, -6.4961,  0.    ,  0.    , -1.8759, -1.3017,  0.    ,  0.    ,  0.    ,  0.    ,  0.    ,  0.    ,  0.    ,  0.    ,  1.1247,-16.2065
D9,-35.1575,  1.2792, 24.5282,  0.0515,  5.3264, -3.9573, -6.9002,  0.    ,  0.    , -1.8731, -1.391 ,  0.    ,  0.    ,  0.    ,  0.    ,  0.    ,  0.    ,  0.    ,  0.    ,  0.9251,-17.1688
E9,-34.9271,  1.2971, 24.5913,  0.0532,  5.3357, -3.921 , -6.7985,  0.    ,  0.    , -1.8772, -1.3504,  0.    ,  0.    ,  0.    ,  0.    ,  0.    ,  0.    ,  0.    ,  0.    ,  1.0351,-16.5618
F3,-34.9882,  1.3067, 24.6024,  0.0549,  5.3515, -3.9082, -6.8841,  0.    ,  0.    , -1.8787, -1.3437,  0.    ,  0.    ,  0.    ,  0.    ,  0.    ,  0.    ,  0.    ,  0.    ,  1.0195,-16.6679
C8,-35.1349,  1.3196, 24.3747,  0.0554,  5.3457, -3.9172, -6.9065,  0.    ,  0.    , -1.8782, -1.3434,  0.    ,  0.    ,  0.    ,  0.    ,  0.    ,  0.    ,  0.    ,  0.    ,  0.9996,-17.0853
G3,-37.4263,  2.5742, 24.0585,  0.0826,  5.23  , -3.9733, -6.8219,  0.    ,  0.    , -1.8722, -1.2594,  0.    ,  0.    ,  0.    ,  0.    ,  0.    ,  0.    ,  0.    ,  0.    ,  1.2427,-18.1651
N9,-34.7713,  1.1688, 23.9155,  0.0594,  5.0594, -4.1981, -6.8793,  0.    ,  0.    , -1.8299, -0.7228,  0.    ,  0.    ,  0.    ,  0.    ,  0.    ,  0.    ,  0.    ,  0.    ,  1.2068,-16.9915
B2,-33.9275,  2.0574, 21.8514,  0.1969,  6.023 , -3.829 , -6.4356,  0.    ,  0.    , -1.8481, -0.8195,  0.    ,  0.    ,  0.    ,  0.    ,  0.    ,  0.    ,  0.    ,  0.    ,  1.3961,-15.3348
P3,-36.8077,  1.9284, 24.6303,  0.1073,  5.2873, -4.0065, -7.0332,  0.    ,  0.    , -1.876 , -1.3964,  0.    ,  0.    ,  0.    ,  0.    ,  0.    ,  0.    ,  0.    ,  0.    ,  1.459 ,-17.7073
A11,-35.7175,  1.4961, 25.1845,  0.0947,  5.1192, -3.8611, -6.8083,  0.    ,  0.    , -1.8608, -1.714 ,  0.    ,  0.    ,  0.    ,  0.    ,  0.    ,  0.    ,  0.    ,  0.    ,  1.41  ,-16.6572
A3,-34.5898,  1.6952, 23.53  ,  0.1714,  5.376 , -3.9784, -6.2071,  0.    ,  0.    , -1.8794, -0.6468,  0.    ,  0.    ,  0.    ,  0.    ,  0.    ,  0.    ,  0.    ,  0.    ,  1.2948,-15.2341
A8,-34.5363,  1.9234, 24.1081,  0.1274,  5.4464, -4.0633, -6.4571,  0.    ,  0.    , -1.8864, -1.204 ,  0.    ,  0.    ,  0.    ,  0.    ,  0.    ,  0.    ,  0.    ,  0.    ,  1.2533,-15.2886
N7,-34.3217,  1.4245, 24.6575,  0.097 ,  5.2988, -3.9941, -6.3478,  0.    ,  0.    , -1.8787, -0.9273,  0.    ,  0.    ,  0.    ,  0.    ,  0.    ,  0.    ,  0.    ,  0.    ,  1.3184,-14.6732
N5,-35.3174,  1.6272, 24.6517,  0.1421,  5.2209, -4.1812, -6.0963,  0.    ,  0.    , -1.8763, -0.6419,  0.    ,  0.    ,  0.    ,  0.    ,  0.    ,  0.    ,  0.    ,  0.    ,  1.2488,-15.2223
N12,-34.1405,  1.7915, 23.5158,  0.1612,  5.3819, -4.0255, -6.2399,  0.    ,  0.    , -1.8804, -0.6547,  0.    ,  0.    ,  0.    ,  0.    ,  0.    ,  0.    ,  0.    ,  0.    ,  1.1476,-14.943 
H6,-34.9878,  1.6393, 24.1753,  0.1299,  5.265 , -3.9749, -6.3553,  0.    ,  0.    , -1.8772, -0.8986,  0.    ,  0.    ,  0.    ,  0.    ,  0.    ,  0.    ,  0.    ,  0.    ,  1.2264,-15.6581
H5,-34.6041,  1.7033, 23.7486,  0.1347,  5.3594, -3.9669, -6.3056,  0.    ,  0.    , -1.8833, -0.6374,  0.    ,  0.    ,  0.    ,  0.    ,  0.    ,  0.    ,  0.    ,  0.    ,  1.3917,-15.0596
N11,-34.6152,  2.0318, 22.9235,  0.0721,  5.1061, -3.7796, -6.1877,  0.    ,  0.    , -1.8427, -1.2294,  0.    ,  0.    ,  0.    ,  0.    ,  0.    ,  0.    ,  0.    ,  0.    ,  2.3594,-15.1617
N10,-34.8228,  1.5259, 25.0168,  0.0778,  5.319 , -4.0378, -6.5023,  0.    ,  0.    , -1.8844, -1.216 ,  0.    ,  0.    ,  0.    ,  0.    ,  0.    ,  0.    ,  0.    ,  0.    ,  1.2493,-15.2744
Q1,-34.9035,  1.6109, 24.4109,  0.135 ,  5.3296, -3.9797, -6.3681,  0.    ,  0.    , -1.8807, -0.9332,  0.    ,  0.    ,  0.    ,  0.    ,  0.    ,  0.    ,  0.    ,  0.    ,  1.1869,-15.3919
A4,-35.0042,  1.5519, 24.4206,  0.0908,  5.4228, -4.0961, -6.5063,  0.    ,  0.    , -1.8873, -1.4683,  0.    ,  0.    ,  0.    ,  0.    ,  0.    ,  0.    ,  0.    ,  0.    ,  0.9816,-16.4946
A12,-34.8837,  1.6484, 23.9459,  0.1238,  5.3085, -3.9637, -6.3192,  0.    ,  0.    , -1.8775, -0.9357,  0.    ,  0.    ,  0.    ,  0.    ,  0.    ,  0.    ,  0.    ,  0.    ,  1.2117,-15.7416
P5,-35.9944,  1.7702, 24.8164,  0.0976,  5.3033, -3.9511, -6.6168,  0.    ,  0.    , -1.8778, -1.4749,  0.    ,  0.    ,  0.    ,  0.    ,  0.    ,  0.    ,  0.    ,  0.    ,  1.2335,-16.6939
Q9,-35.3324,  1.8629, 23.7174,  0.1274,  5.4975, -3.8805, -6.3427,  0.    ,  0.    , -1.8941, -0.6546,  0.    ,  0.    ,  0.    ,  0.    ,  0.    ,  0.    ,  0.    ,  0.    ,  1.2945,-15.6047
B5,-34.8903,  1.6421, 23.3217,  0.2007,  5.3253, -3.9609, -6.3416,  0.    ,  0.    , -1.8748, -0.6419,  0.    ,  0.    ,  0.    ,  0.    ,  0.    ,  0.    ,  0.    ,  0.    ,  1.2998,-15.9199
P9,-36.3035,  1.4638, 25.2145,  0.0993,  5.1958, -3.8606, -6.8463,  0.    ,  0.    , -1.8685, -1.9278,  0.    ,  0.    ,  0.    ,  0.    ,  0.    ,  0.    ,  0.    ,  0.    ,  1.4784,-17.3548
P12,-35.8534,  1.7095, 24.1611,  0.0698,  4.7917, -3.8643, -6.382 ,  0.    ,  0.    , -1.8319, -0.7233,  0.    ,  0.    ,  0.    ,  0.    ,  0.    ,  0.    ,  0.    ,  0.    ,  1.6989,-16.2239
Q4,-35.6309,  1.5479, 23.9896,  0.1436,  5.2376, -3.9738, -6.4348,  0.    ,  0.    , -1.8694, -0.9181,  0.    ,  0.    ,  0.    ,  0.    ,  0.    ,  0.    ,  0.    ,  0.    ,  1.3006,-16.6076
P7,-33.7214,  2.2421, 23.6333,  0.1517,  6.5836, -4.0109, -6.7218,  0.    ,  0.    , -1.9479, -1.1557,  0.    ,  0.    ,  0.    ,  0.    ,  0.    ,  0.    ,  0.    ,  0.    ,  1.2663,-13.6805
Q12,-35.9819,  1.751 , 24.1077,  0.1342,  5.4559, -3.8626, -6.6069,  0.    ,  0.    , -1.873 , -1.4577,  0.    ,  0.    ,  0.    ,  0.    ,  0.    ,  0.    ,  0.    ,  0.    ,  1.2229,-17.1103
P2,-35.9028,  1.5191, 24.2507,  0.1054,  5.2285, -4.0006, -6.7778,  0.    ,  0.    , -1.8854, -1.436 ,  0.    ,  0.    ,  0.    ,  0.    ,  0.    ,  0.    ,  0.    ,  0.    ,  1.0884,-17.8105
Q5,-35.9028,  1.5191, 24.2507,  0.1054,  5.2285, -4.0006, -6.7778,  0.    ,  0.    , -1.8854, -1.436 ,  0.    ,  0.    ,  0.    ,  0.    ,  0.    ,  0.    ,  0.    ,  0.    ,  1.0884,-17.8105
Q10,-35.9028,  1.5191, 24.2507,  0.1054,  5.2285, -4.0006, -6.7778,  0.    ,  0.    , -1.8854, -1.436 ,  0.    ,  0.    ,  0.    ,  0.    ,  0.    ,  0.    ,  0.    ,  0.    ,  1.0884,-17.8105
Q11,-35.6519,  1.7613, 23.2765,  0.2043,  5.4592, -3.9436, -6.4215,  0.    ,  0.    , -1.8827, -0.6549,  0.    ,  0.    ,  0.    ,  0.    ,  0.    ,  0.    ,  0.    ,  0.    ,  1.2714,-16.5819
P8,-35.2212,  1.6356, 24.6494,  0.1408,  5.3651, -3.8894, -6.5779,  0.    ,  0.    , -1.8773, -1.4696,  0.    ,  0.    ,  0.    ,  0.    ,  0.    ,  0.    ,  0.    ,  0.    ,  1.1817,-16.0629
N6,-34.5048,  1.4766, 24.1863,  0.179 ,  5.2367, -3.9857, -6.4267,  0.    ,  0.    , -1.8763, -0.6348,  0.    ,  0.    ,  0.    ,  0.    ,  0.    ,  0.    ,  0.    ,  0.    ,  1.2793,-15.0703
A2,-34.8712,  1.6075, 23.7535,  0.2047,  5.391 , -3.9763, -6.3116,  0.    ,  0.    , -1.8786, -0.6486,  0.    ,  0.    ,  0.    ,  0.    ,  0.    ,  0.    ,  0.    ,  0.    ,  1.2641,-15.4657
A6,-34.8712,  1.6075, 23.7535,  0.2047,  5.391 , -3.9763, -6.3116,  0.    ,  0.    , -1.8786, -0.6486,  0.    ,  0.    ,  0.    ,  0.    ,  0.    ,  0.    ,  0.    ,  0.    ,  1.2641,-15.4657
Q2,-35.2201,  1.6635, 23.6116,  0.1788,  5.3925, -3.9627, -6.2906,  0.    ,  0.    , -1.8794, -0.6512,  0.    ,  0.    ,  0.    ,  0.    ,  0.    ,  0.    ,  0.    ,  0.    ,  1.2182,-15.9394
P10,-35.7276,  1.6956, 24.0472,  0.1046,  5.3537, -3.8144, -6.6307,  0.    ,  0.    , -1.8767, -1.4611,  0.    ,  0.    ,  0.    ,  0.    ,  0.    ,  0.    ,  0.    ,  0.    ,  1.1686,-17.1408
P11,-35.4382,  1.6734, 23.2088,  0.1484,  5.3654, -3.9302, -6.3636,  0.    ,  0.    , -1.8795, -0.6519,  0.    ,  0.    ,  0.    ,  0.    ,  0.    ,  0.    ,  0.    ,  0.    ,  1.2021,-16.6652
N8,-35.5273,  1.7239, 24.5776,  0.1339,  5.2869, -4.2173, -6.1524,  0.    ,  0.    , -1.8744, -0.6479,  0.    ,  0.    ,  0.    ,  0.    ,  0.    ,  0.    ,  0.    ,  0.    ,  1.2235,-15.4736
A7,-36.6413,  1.9039, 24.016 ,  0.1961,  5.1414, -4.1451, -6.4957,  0.    ,  0.    , -1.8659, -0.6804,  0.    ,  0.    ,  0.    ,  0.    ,  0.    ,  0.    ,  0.    ,  0.    ,  1.4765,-17.0945
A1,-36.4664,  1.7272, 24.6534,  0.1275,  5.2108, -3.7794, -6.848 ,  0.    ,  0.    , -1.8589, -1.9676,  0.    ,  0.    ,  0.    ,  0.    ,  0.    ,  0.    ,  0.    ,  0.    ,  1.5132,-17.6883
A5,-36.031 ,  1.7326, 23.7204,  0.1412,  5.1137, -3.9348, -6.4493,  0.    ,  0.    , -1.8511, -0.8928,  0.    ,  0.    ,  0.    ,  0.    ,  0.    ,  0.    ,  0.    ,  0.    ,  1.5754,-16.8759
Q7,-36.2859,  2.3488, 23.3767,  0.1462,  5.5643, -4.1199, -6.3132,  0.    ,  0.    , -1.8854, -0.6792,  0.    ,  0.    ,  0.    ,  0.    ,  0.    ,  0.    ,  0.    ,  0.    ,  1.4729,-16.3748
Q6,-36.3371,  2.5059, 23.2981,  0.0894,  5.5109, -3.7958, -6.1444,  0.    ,  0.    , -1.8784, -1.2902,  0.    ,  0.    ,  0.    ,  0.    ,  0.    ,  0.    ,  0.    ,  0.    ,  1.6365,-16.4052
Q3,-35.7689,  1.6719, 24.5088,  0.0978,  5.0866, -4.0059, -6.4204,  0.    ,  0.    , -1.8566, -0.9359,  0.    ,  0.    ,  0.    ,  0.    ,  0.    ,  0.    ,  0.    ,  0.    ,  1.3758,-16.2468
Q8,-36.3043,  1.5765, 24.9093,  0.0929,  5.4705, -4.1061, -7.0752,  0.    ,  0.    , -1.8792, -1.4927,  0.    ,  0.    ,  0.    ,  0.    ,  0.    ,  0.    ,  0.    ,  0.    ,  1.0567,-17.7516
P6,-35.3987,  1.832 , 23.6315,  0.1605,  5.4716, -3.9361, -6.2494,  0.    ,  0.    , -1.8873, -0.6611,  0.    ,  0.    ,  0.    ,  0.    ,  0.    ,  0.    ,  0.    ,  0.    ,  1.1961,-15.8408
H10,-37.4417,  1.8583, 25.4794,  0.0935,  5.0518, -4.1501, -6.9496,  0.    ,  0.    , -1.8849, -1.5181,  0.    ,  0.    ,  0.    ,  0.    ,  0.    ,  0.    ,  0.    ,  0.    ,  1.215 ,-18.2465
H12,-37.7236,  1.8672, 25.8914,  0.1304,  5.5347, -4.4729, -6.1929,  0.    ,  0.    , -1.9022, -1.4587,  0.    ,  0.    ,  0.    ,  0.    ,  0.    ,  0.    ,  0.    ,  0.    ,  1.0419,-17.2847
H4,-33.9051,  1.3049, 23.8939,  0.0696,  5.4028, -4.0487, -6.0589,  0.    ,  0.    , -1.8832, -0.7318,  0.    ,  0.    ,  0.    ,  0.    ,  0.    ,  0.    ,  0.    ,  0.    ,  0.9475,-15.009 
P4,-36.1457,  1.6455, 24.5164,  0.1201,  5.3294, -3.9325, -6.7173,  0.    ,  0.    , -1.8784, -1.4795,  0.    ,  0.    ,  0.    ,  0.    ,  0.    ,  0.    ,  0.    ,  0.    ,  1.317 ,-17.2249
H9,-34.7448,  1.4767, 24.0269,  0.1359,  5.2601, -3.9639, -6.2916,  0.    ,  0.    , -1.865 , -0.9545,  0.    ,  0.    ,  0.    ,  0.    ,  0.    ,  0.    ,  0.    ,  0.    ,  1.1693,-15.751 
H8,-34.6722,  1.5135, 24.0921,  0.1311,  5.281 , -3.9559, -6.301 ,  0.    ,  0.    , -1.8682, -0.9632,  0.    ,  0.    ,  0.    ,  0.    ,  0.    ,  0.    ,  0.    ,  0.    ,  1.1433,-15.5995
H7,-34.3454,  1.5903, 23.6892,  0.1114,  5.4591, -3.9729, -6.2299,  0.    ,  0.    , -1.8811, -0.6817,  0.    ,  0.    ,  0.    ,  0.    ,  0.    ,  0.    ,  0.    ,  0.    ,  1.3306,-14.9303
A9,-34.9203,  1.6881, 25.0631,  0.0982,  5.3002, -4.1707, -6.1876,  0.    ,  0.    , -1.8671, -1.4476,  0.    ,  0.    ,  0.    ,  0.    ,  0.    ,  0.    ,  0.    ,  0.    ,  1.27  ,-15.1736
H11,-37.252 ,  1.7585, 24.9643,  0.2171,  5.3695, -4.5649, -5.928 ,  0.    ,  0.    , -1.8826, -0.6923,  0.    ,  0.    ,  0.    ,  0.    ,  0.    ,  0.    ,  0.    ,  0.    ,  0.9295,-17.0809
B1,-34.9506,  1.3914, 23.8737,  0.0729,  5.3169, -4.182 , -6.1571,  0.    ,  0.    , -1.8609, -0.7282,  0.    ,  0.    ,  0.    ,  0.    ,  0.    ,  0.    ,  0.    ,  0.    ,  1.0337,-16.1903
