P1,-37.9332,  2.5171, 25.0212,  0.1764,  5.7644, -4.1984, -7.1002,  0.    ,  0.    , -1.8571, -0.7137,  0.    ,  0.    ,  0.    ,  0.    ,  0.    ,  0.    ,  0.    ,  0.    ,  1.0916,-17.232 
G6,-36.2246,  1.6647, 25.2528,  0.068 ,  5.3415, -4.144 , -7.545 ,  0.    ,  0.    , -1.8301, -1.3392,  0.    ,  0.    ,  0.    ,  0.    ,  0.    ,  0.    ,  0.    ,  0.    ,  1.2937,-17.4622
G12,-38.0218,  2.4964, 25.6442,  0.058 ,  5.4747, -4.0134, -7.6844,  0.    ,  0.    , -1.844 , -1.1658,  0.    ,  0.    ,  0.    ,  0.    ,  0.    ,  0.    ,  0.    ,  0.    ,  1.4762,-17.5798
G5,-36.6874,  1.8062, 25.3499,  0.0894,  5.5084, -4.1352, -7.657 ,  0.    ,  0.    , -1.8381, -1.3922,  0.    ,  0.    ,  0.    ,  0.    ,  0.    ,  0.    ,  0.    ,  0.    ,  0.9878,-17.9681
G7,-36.7644,  1.9979, 25.7074,  0.0703,  5.4112, -4.1443, -7.8309,  0.    ,  0.    , -1.8377, -1.171 ,  0.    ,  0.    ,  0.    ,  0.    ,  0.    ,  0.    ,  0.    ,  0.    ,  0.9302,-17.6311
G11,-38.3701,  2.9823, 25.3882,  0.0747,  5.6862, -3.9001, -7.7246,  0.    ,  0.    , -1.8493, -1.124 ,  0.    ,  0.    ,  0.    ,  0.    ,  0.    ,  0.    ,  0.    ,  0.    ,  1.2791,-17.5575
G9,-37.1362,  2.0008, 25.6337,  0.1093,  5.4388, -4.1841, -7.8178,  0.    ,  0.    , -1.8387, -1.2038,  0.    ,  0.    ,  0.    ,  0.    ,  0.    ,  0.    ,  0.    ,  0.    ,  0.9776,-18.0203
G8,-36.4528,  1.7949, 25.7745,  0.0791,  5.3658, -4.1509, -7.7283,  0.    ,  0.    , -1.8367, -1.2888,  0.    ,  0.    ,  0.    ,  0.    ,  0.    ,  0.    ,  0.    ,  0.    ,  1.0558,-17.3874
G10,-36.6731,  1.6935, 26.07  ,  0.0956,  5.1993, -4.2416, -7.8231,  0.    ,  0.    , -1.8412, -1.2098,  0.    ,  0.    ,  0.    ,  0.    ,  0.    ,  0.    ,  0.    ,  0.    ,  1.0289,-17.7013
C6,-36.6468,  1.6309, 25.5517,  0.0522,  5.3034, -4.1965, -7.6859,  0.    ,  0.    , -1.8293, -1.2568,  0.    ,  0.    ,  0.    ,  0.    ,  0.    ,  0.    ,  0.    ,  0.    ,  1.0223,-18.055 
C4,-36.9959,  1.5113, 25.3473,  0.0521,  5.3246, -4.2007, -7.576 ,  0.    ,  0.    , -1.8291, -1.4093,  0.    ,  0.    ,  0.    ,  0.    ,  0.    ,  0.    ,  0.    ,  0.    ,  1.0579,-18.7177
C7,-36.4633,  1.4527, 25.5789,  0.0524,  5.3586, -4.1676, -7.5507,  0.    ,  0.    , -1.8294, -1.4046,  0.    ,  0.    ,  0.    ,  0.    ,  0.    ,  0.    ,  0.    ,  0.    ,  1.0618,-17.9113
B4,-38.7164,  2.5996, 25.986 ,  0.0496,  5.3994, -3.7927, -7.3225,  0.    ,  0.    , -1.8288, -1.3488,  0.    ,  0.    ,  0.    ,  0.    ,  0.    ,  0.    ,  0.    ,  0.    ,  1.5017,-17.4729
B3,-38.8031,  2.4783, 25.8168,  0.0495,  5.3989, -3.8272, -7.2916,  0.    ,  0.    , -1.8275, -1.3552,  0.    ,  0.    ,  0.    ,  0.    ,  0.    ,  0.    ,  0.    ,  0.    ,  1.4681,-17.893 
C5,-37.0147,  1.7672, 25.6182,  0.0523,  5.2762, -4.1627, -7.7957,  0.    ,  0.    , -1.8325, -1.1853,  0.    ,  0.    ,  0.    ,  0.    ,  0.    ,  0.    ,  0.    ,  0.    ,  1.0003,-18.2767
C9,-37.0147,  1.7672, 25.6182,  0.0523,  5.2762, -4.1627, -7.7957,  0.    ,  0.    , -1.8325, -1.1853,  0.    ,  0.    ,  0.    ,  0.    ,  0.    ,  0.    ,  0.    ,  0.    ,  1.0003,-18.2767
D11,-37.4897,  1.8545, 25.4352,  0.0527,  5.2835, -4.1957, -7.7914,  0.    ,  0.    , -1.832 , -1.1847,  0.    ,  0.    ,  0.    ,  0.    ,  0.    ,  0.    ,  0.    ,  0.    ,  0.9874,-18.8801
E4,-37.0177,  1.7618, 25.7339,  0.0522,  5.2783, -4.1885, -7.8021,  0.    ,  0.    , -1.8324, -1.1843,  0.    ,  0.    ,  0.    ,  0.    ,  0.    ,  0.    ,  0.    ,  0.    ,  1.0025,-18.1961
E11,-37.1214,  1.7565, 25.7369,  0.0524,  5.2807, -4.2024, -7.815 ,  0.    ,  0.    , -1.8321, -1.19  ,  0.    ,  0.    ,  0.    ,  0.    ,  0.    ,  0.    ,  0.    ,  0.    ,  0.9968,-18.3374
F5,-37.4556,  1.8165, 25.48  ,  0.0518,  5.2945, -4.2191, -7.8177,  0.    ,  0.    , -1.8302, -1.204 ,  0.    ,  0.    ,  0.    ,  0.    ,  0.    ,  0.    ,  0.    ,  0.    ,  0.9391,-18.9446
F10,-38.5078,  2.3286, 25.1746,  0.0487,  5.393 , -4.0441, -7.7194,  0.    ,  0.    , -1.8291, -1.1519,  0.    ,  0.    ,  0.    ,  0.    ,  0.    ,  0.    ,  0.    ,  0.    ,  1.0007,-19.3065
C10,-37.2579,  1.8574, 25.7526,  0.0488,  5.4096, -4.0891, -7.7072,  0.    ,  0.    , -1.8296, -1.1884,  0.    ,  0.    ,  0.    ,  0.    ,  0.    ,  0.    ,  0.    ,  0.    ,  1.0026,-18.001 
D10,-37.4243,  1.8588, 25.7715,  0.0488,  5.4193, -4.1121, -7.754 ,  0.    ,  0.    , -1.8283, -1.1993,  0.    ,  0.    ,  0.    ,  0.    ,  0.    ,  0.    ,  0.    ,  0.    ,  0.9517,-18.268 
E5,-37.2789,  1.8571, 25.841 ,  0.049 ,  5.411 , -4.1067, -7.6995,  0.    ,  0.    , -1.8302, -1.189 ,  0.    ,  0.    ,  0.    ,  0.    ,  0.    ,  0.    ,  0.    ,  0.    ,  1.026 ,-17.9203
G1,-37.3761,  1.8696, 25.8207,  0.0488,  5.4059, -4.1218, -7.7169,  0.    ,  0.    , -1.8283, -1.188 ,  0.    ,  0.    ,  0.    ,  0.    ,  0.    ,  0.    ,  0.    ,  0.    ,  1.0242,-18.0619
F6,-37.4579,  1.8858, 25.6823,  0.049 ,  5.4253, -4.1239, -7.7682,  0.    ,  0.    , -1.8282, -1.2051,  0.    ,  0.    ,  0.    ,  0.    ,  0.    ,  0.    ,  0.    ,  0.    ,  0.9402,-18.4007
F11,-38.9168,  2.3328, 25.384 ,  0.0492,  5.4338, -4.0227, -7.7102,  0.    ,  0.    , -1.8307, -1.1565,  0.    ,  0.    ,  0.    ,  0.    ,  0.    ,  0.    ,  0.    ,  0.    ,  1.0025,-19.4347
C12,-37.0704,  1.7622, 25.8345,  0.2157,  5.231 , -4.1094, -7.8214,  0.    ,  0.    , -1.8312, -1.2416,  0.    ,  0.    ,  0.    ,  0.    ,  0.    ,  0.    ,  0.    ,  0.    ,  0.8995,-18.131 
D7,-37.4053,  1.6632, 26.2016,  0.0634,  5.2438, -4.2611, -7.6832,  0.    ,  0.    , -1.8365, -1.3135,  0.    ,  0.    ,  0.    ,  0.    ,  0.    ,  0.    ,  0.    ,  0.    ,  0.9524,-18.3753
D12,-37.5351,  2.0096, 25.4418,  0.0752,  5.5364, -4.1319, -7.6564,  0.    ,  0.    , -1.8438, -1.3135,  0.    ,  0.    ,  0.    ,  0.    ,  0.    ,  0.    ,  0.    ,  0.    ,  1.1027,-18.3152
E7,-37.0906,  1.7533, 25.9519,  0.213 ,  5.2414, -4.1387, -7.8195,  0.    ,  0.    , -1.8315, -1.2442,  0.    ,  0.    ,  0.    ,  0.    ,  0.    ,  0.    ,  0.    ,  0.    ,  0.8959,-18.069 
F1,-37.2043,  1.7562, 25.9643,  0.2174,  5.2399, -4.1468, -7.8185,  0.    ,  0.    , -1.8328, -1.2428,  0.    ,  0.    ,  0.    ,  0.    ,  0.    ,  0.    ,  0.    ,  0.    ,  0.8961,-18.1714
F8,-37.3825,  1.8407, 25.7621,  0.0629,  5.5539, -4.1808, -7.7317,  0.    ,  0.    , -1.8419, -1.285 ,  0.    ,  0.    ,  0.    ,  0.    ,  0.    ,  0.    ,  0.    ,  0.    ,  1.0097,-18.1926
C11,-37.7965,  2.6772, 25.0514,  0.0564,  5.7513, -3.9157, -7.5859,  0.    ,  0.    , -1.8462, -1.4008,  0.    ,  0.    ,  0.    ,  0.    ,  0.    ,  0.    ,  0.    ,  0.    ,  1.3107,-17.6981
D6,-37.6678,  2.8735, 24.948 ,  0.0592,  5.8256, -3.9302, -7.5655,  0.    ,  0.    , -1.8463, -1.3859,  0.    ,  0.    ,  0.    ,  0.    ,  0.    ,  0.    ,  0.    ,  0.    ,  1.3899,-17.2996
E6,-37.7415,  2.6775, 25.0706,  0.0566,  5.7528, -3.9255, -7.5859,  0.    ,  0.    , -1.8468, -1.3959,  0.    ,  0.    ,  0.    ,  0.    ,  0.    ,  0.    ,  0.    ,  0.    ,  1.3237,-17.6145
F2,-37.4724,  2.886 , 24.6843,  0.0641,  6.0526, -3.8145, -7.4227,  0.    ,  0.    , -1.8332, -1.4098,  0.    ,  0.    ,  0.    ,  0.    ,  0.    ,  0.    ,  0.    ,  0.    ,  1.2454,-17.0202
F7,-37.5327,  2.951 , 24.6344,  0.0629,  6.0197, -3.8078, -7.4473,  0.    ,  0.    , -1.8352, -1.4036,  0.    ,  0.    ,  0.    ,  0.    ,  0.    ,  0.    ,  0.    ,  0.    ,  1.2715,-17.0871
F12,-38.7932,  3.7518, 24.6902,  0.0653,  5.8695, -3.8895, -7.5163,  0.    ,  0.    , -1.835 , -1.371 ,  0.    ,  0.    ,  0.    ,  0.    ,  0.    ,  0.    ,  0.    ,  0.    ,  1.4055,-17.6226
D1,-37.2916,  1.846 , 26.0219,  0.0549,  5.3475, -4.1502, -7.8125,  0.    ,  0.    , -1.8368, -1.1747,  0.    ,  0.    ,  0.    ,  0.    ,  0.    ,  0.    ,  0.    ,  0.    ,  1.0181,-17.9775
D8,-37.4496,  1.8315, 26.0636,  0.0547,  5.3451, -4.1559, -7.8247,  0.    ,  0.    , -1.8354, -1.1773,  0.    ,  0.    ,  0.    ,  0.    ,  0.    ,  0.    ,  0.    ,  0.    ,  1.0049,-18.1432
E1,-37.754 ,  1.9351, 25.8338,  0.0557,  5.3617, -4.1764, -7.8095,  0.    ,  0.    , -1.8361, -1.177 ,  0.    ,  0.    ,  0.    ,  0.    ,  0.    ,  0.    ,  0.    ,  0.    ,  1.    ,-18.5667
E8,-37.2961,  1.8445, 26.1313,  0.0549,  5.3502, -4.175 , -7.8165,  0.    ,  0.    , -1.8371, -1.1735,  0.    ,  0.    ,  0.    ,  0.    ,  0.    ,  0.    ,  0.    ,  0.    ,  1.016 ,-17.9012
E12,-37.4001,  1.8408, 26.1378,  0.0547,  5.3514, -4.1867, -7.8301,  0.    ,  0.    , -1.8362, -1.175 ,  0.    ,  0.    ,  0.    ,  0.    ,  0.    ,  0.    ,  0.    ,  0.    ,  1.0157,-18.0278
G2,-38.8004,  2.4202, 25.7951,  0.0512,  5.3558, -4.0362, -7.7178,  0.    ,  0.    , -1.8277, -1.199 ,  0.    ,  0.    ,  0.    ,  0.    ,  0.    ,  0.    ,  0.    ,  0.    ,  0.9425,-19.0162
C3,-38.2206,  3.1361, 24.8894,  0.0654,  5.8728, -3.8745, -7.4191,  0.    ,  0.    , -1.8478, -1.3259,  0.    ,  0.    ,  0.    ,  0.    ,  0.    ,  0.    ,  0.    ,  0.    ,  1.6253,-17.0989
D3,-38.2206,  3.1361, 24.8894,  0.0654,  5.8728, -3.8745, -7.4191,  0.    ,  0.    , -1.8478, -1.3259,  0.    ,  0.    ,  0.    ,  0.    ,  0.    ,  0.    ,  0.    ,  0.    ,  1.6253,-17.0989
B9,-38.338 ,  3.6816, 24.6214,  0.104 ,  6.1686, -3.6995, -7.2427,  0.    ,  0.    , -1.8442, -1.3324,  0.    ,  0.    ,  0.    ,  0.    ,  0.    ,  0.    ,  0.    ,  0.    ,  1.6749,-16.2063
B12,-38.5141,  3.6021, 24.9077,  0.0674,  5.9358, -3.8674, -7.3951,  0.    ,  0.    , -1.8504, -1.3168,  0.    ,  0.    ,  0.    ,  0.    ,  0.    ,  0.    ,  0.    ,  0.    ,  1.7787,-16.6521
D4,-38.304 ,  3.4354, 24.8409,  0.0719,  5.9393, -3.8177, -7.3762,  0.    ,  0.    , -1.8492, -1.3165,  0.    ,  0.    ,  0.    ,  0.    ,  0.    ,  0.    ,  0.    ,  0.    ,  1.9   ,-16.4763
D5,-38.304 ,  3.4354, 24.8409,  0.0719,  5.9393, -3.8177, -7.3762,  0.    ,  0.    , -1.8492, -1.3165,  0.    ,  0.    ,  0.    ,  0.    ,  0.    ,  0.    ,  0.    ,  0.    ,  1.9   ,-16.4763
C2,-38.5606,  3.7886, 24.8343,  0.0754,  5.9794, -3.8522, -7.3662,  0.    ,  0.    , -1.8512, -1.305 ,  0.    ,  0.    ,  0.    ,  0.    ,  0.    ,  0.    ,  0.    ,  0.    ,  2.0823,-16.1751
B6,-38.4907,  3.7871, 24.8755,  0.076 ,  5.9922, -3.8466, -7.3808,  0.    ,  0.    , -1.853 , -1.3054,  0.    ,  0.    ,  0.    ,  0.    ,  0.    ,  0.    ,  0.    ,  0.    ,  2.0973,-16.0485
B7,-38.376 ,  2.3904, 25.2837,  0.0536,  5.6663, -4.0382, -7.599 ,  0.    ,  0.    , -1.8437, -1.4035,  0.    ,  0.    ,  0.    ,  0.    ,  0.    ,  0.    ,  0.    ,  0.    ,  1.1382,-18.7281
B8,-39.3097,  4.0885, 24.4642,  0.237 ,  5.8959, -3.9706, -7.0981,  0.    ,  0.    , -1.8117, -1.3565,  0.    ,  0.    ,  0.    ,  0.    ,  0.    ,  0.    ,  0.    ,  0.    ,  1.4636,-17.3974
E2,-39.0858,  3.8146, 24.9154,  0.1012,  5.6255, -3.9315, -7.3906,  0.    ,  0.    , -1.8531, -1.3014,  0.    ,  0.    ,  0.    ,  0.    ,  0.    ,  0.    ,  0.    ,  0.    ,  1.9116,-17.1941
E3,-39.0858,  3.8146, 24.9154,  0.1012,  5.6255, -3.9315, -7.3906,  0.    ,  0.    , -1.8531, -1.3014,  0.    ,  0.    ,  0.    ,  0.    ,  0.    ,  0.    ,  0.    ,  0.    ,  1.9116,-17.1941
B11,-38.7478,  3.644 , 25.1341,  0.0701,  5.7235, -3.9668, -7.4272,  0.    ,  0.    , -1.848 , -1.2914,  0.    ,  0.    ,  0.    ,  0.    ,  0.    ,  0.    ,  0.    ,  0.    ,  1.8318,-16.8777
B10,-39.2766,  4.0342, 24.8511,  0.1183,  5.8721, -3.9362, -7.3668,  0.    ,  0.    , -1.8289, -1.3345,  0.    ,  0.    ,  0.    ,  0.    ,  0.    ,  0.    ,  0.    ,  0.    ,  1.5617,-17.3057
C1,-38.2934,  3.6176, 24.8289,  0.0758,  5.9829, -3.8083, -7.3706,  0.    ,  0.    , -1.8516, -1.3076,  0.    ,  0.    ,  0.    ,  0.    ,  0.    ,  0.    ,  0.    ,  0.    ,  2.0653,-16.0609
E10,-38.1671,  3.2798, 24.6241,  0.0959,  6.1087, -3.7163, -7.2447,  0.    ,  0.    , -1.8391, -1.3446,  0.    ,  0.    ,  0.    ,  0.    ,  0.    ,  0.    ,  0.    ,  0.    ,  1.4881,-16.7151
F4,-38.2936,  3.6637, 24.6082,  0.1055,  6.1685, -3.6942, -7.2397,  0.    ,  0.    , -1.8452, -1.329 ,  0.    ,  0.    ,  0.    ,  0.    ,  0.    ,  0.    ,  0.    ,  0.    ,  1.6994,-16.1565
F9,-38.3338,  3.6639, 24.7955,  0.0757,  5.9787, -3.8119, -7.3717,  0.    ,  0.    , -1.8506, -1.3038,  0.    ,  0.    ,  0.    ,  0.    ,  0.    ,  0.    ,  0.    ,  0.    ,  2.0798,-16.0784
A10,-39.5421,  4.2298, 24.8598,  0.1678,  5.7946, -3.8718, -7.4052,  0.    ,  0.    , -1.8461, -1.277 ,  0.    ,  0.    ,  0.    ,  0.    ,  0.    ,  0.    ,  0.    ,  0.    ,  1.8575,-17.0327
G4,-39.5421,  4.2298, 24.8598,  0.1678,  5.7946, -3.8718, -7.4052,  0.    ,  0.    , -1.8461, -1.277 ,  0.    ,  0.    ,  0.    ,  0.    ,  0.    ,  0.    ,  0.    ,  0.    ,  1.8575,-17.0327
D2,-37.2642,  2.0501, 25.3734,  0.0514,  5.5093, -4.0679, -7.7431,  0.    ,  0.    , -1.8376, -1.1942,  0.    ,  0.    ,  0.    ,  0.    ,  0.    ,  0.    ,  0.    ,  0.    ,  1.1947,-17.9282
D9,-37.4443,  2.035 , 25.4275,  0.0512,  5.5039, -4.1049, -7.7927,  0.    ,  0.    , -1.8362, -1.2144,  0.    ,  0.    ,  0.    ,  0.    ,  0.    ,  0.    ,  0.    ,  0.    ,  1.1318,-18.2432
E9,-37.2872,  2.0523, 25.448 ,  0.0514,  5.5104, -4.0825, -7.7362,  0.    ,  0.    , -1.8378, -1.1924,  0.    ,  0.    ,  0.    ,  0.    ,  0.    ,  0.    ,  0.    ,  0.    ,  1.2302,-17.8435
F3,-37.3828,  2.0673, 25.4387,  0.0513,  5.507 , -4.0976, -7.7638,  0.    ,  0.    , -1.8369, -1.198 ,  0.    ,  0.    ,  0.    ,  0.    ,  0.    ,  0.    ,  0.    ,  0.    ,  1.2269,-17.988 
C8,-37.5682,  2.1173, 25.1282,  0.0516,  5.5056, -4.0885, -7.7367,  0.    ,  0.    , -1.8358, -1.202 ,  0.    ,  0.    ,  0.    ,  0.    ,  0.    ,  0.    ,  0.    ,  0.    ,  1.308 ,-18.3204
G3,-38.8883,  2.3425, 25.0155,  0.0507,  5.529 , -3.98  , -7.6065,  0.    ,  0.    , -1.8367, -1.3386,  0.    ,  0.    ,  0.    ,  0.    ,  0.    ,  0.    ,  0.    ,  0.    ,  1.1186,-19.5936
N9,-38.5156,  2.2055, 25.4768,  0.1537,  4.8299, -4.3578, -7.1364,  0.    ,  0.    , -1.8202, -1.2259,  0.    ,  0.    ,  0.    ,  0.    ,  0.    ,  0.    ,  0.    ,  0.    ,  1.1884,-19.2018
B2,-38.5861,  3.0113, 23.2073,  0.0606,  5.2802, -4.4032, -6.884 ,  0.    ,  0.    , -1.8335, -0.718 ,  0.    ,  0.    ,  0.    ,  0.    ,  0.    ,  0.    ,  0.    ,  0.    ,  1.4621,-19.4031
P3,-38.0742,  2.9256, 24.9161,  0.1396,  5.6951, -4.3246, -7.184 ,  0.    ,  0.    , -1.8393, -0.7322,  0.    ,  0.    ,  0.    ,  0.    ,  0.    ,  0.    ,  0.    ,  0.    ,  0.9331,-17.5448
A11,-37.9623,  2.2715, 25.8543,  0.2459,  4.696 , -4.0376, -6.9816,  0.    ,  0.    , -1.8125, -1.3313,  0.    ,  0.    ,  0.    ,  0.    ,  0.    ,  0.    ,  0.    ,  0.    ,  1.3962,-17.6613
A3,-37.3461,  2.2001, 25.2547,  0.0894,  5.2797, -3.9634, -7.1221,  0.    ,  0.    , -1.8537, -0.7246,  0.    ,  0.    ,  0.    ,  0.    ,  0.    ,  0.    ,  0.    ,  0.    ,  0.7798,-17.4061
A8,-37.2812,  2.5601, 25.5747,  0.0706,  4.9078, -3.9878, -6.8751,  0.    ,  0.    , -1.8236, -0.7418,  0.    ,  0.    ,  0.    ,  0.    ,  0.    ,  0.    ,  0.    ,  0.    ,  1.2918,-16.3046
N7,-37.2322,  1.9286, 25.7237,  0.087 ,  5.2285, -4.029 , -7.1782,  0.    ,  0.    , -1.8414, -0.7299,  0.    ,  0.    ,  0.    ,  0.    ,  0.    ,  0.    ,  0.    ,  0.    ,  0.7954,-17.2474
N5,-37.2162,  1.8882, 24.9441,  0.122 ,  5.0076, -4.1995, -7.3721,  0.    ,  0.    , -1.8233, -0.8886,  0.    ,  0.    ,  0.    ,  0.    ,  0.    ,  0.    ,  0.    ,  0.    ,  0.7877,-18.75  
N12,-37.0066,  2.2403, 25.209 ,  0.2468,  4.7916, -4.0588, -6.8441,  0.    ,  0.    , -1.8049, -0.7466,  0.    ,  0.    ,  0.    ,  0.    ,  0.    ,  0.    ,  0.    ,  0.    ,  1.5574,-16.4159
H6,-37.3535,  2.1987, 25.4891,  0.2079,  4.8092, -4.0254, -6.8338,  0.    ,  0.    , -1.8062, -0.7469,  0.    ,  0.    ,  0.    ,  0.    ,  0.    ,  0.    ,  0.    ,  0.    ,  1.5439,-16.5171
H5,-37.3379,  2.1943, 25.5043,  0.2064,  4.8113, -4.0259, -6.8344,  0.    ,  0.    , -1.8062, -0.7469,  0.    ,  0.    ,  0.    ,  0.    ,  0.    ,  0.    ,  0.    ,  0.    ,  1.5325,-16.5024
N11,-37.1627,  2.2261, 24.7886,  0.062 ,  5.1218, -4.0395, -7.1641,  0.    ,  0.    , -1.8134, -1.2849,  0.    ,  0.    ,  0.    ,  0.    ,  0.    ,  0.    ,  0.    ,  0.    ,  1.8143,-17.4518
N10,-37.0348,  2.1138, 26.0298,  0.1042,  5.3454, -3.9994, -7.1759,  0.    ,  0.    , -1.8524, -0.7257,  0.    ,  0.    ,  0.    ,  0.    ,  0.    ,  0.    ,  0.    ,  0.    ,  0.7327,-16.4621
Q1,-37.3684,  2.252 , 25.5264,  0.1242,  5.138 , -3.896 , -7.1221,  0.    ,  0.    , -1.8447, -0.7271,  0.    ,  0.    ,  0.    ,  0.    ,  0.    ,  0.    ,  0.    ,  0.    ,  0.9426,-16.9752
A4,-37.5879,  2.6162, 25.5086,  0.159 ,  4.7032, -4.0165, -6.8221,  0.    ,  0.    , -1.8162, -0.7392,  0.    ,  0.    ,  0.    ,  0.    ,  0.    ,  0.    ,  0.    ,  0.    ,  1.1222,-16.8727
A12,-37.6367,  2.3668, 25.5409,  0.1697,  5.368 , -3.9266, -7.2123,  0.    ,  0.    , -1.8598, -0.722 ,  0.    ,  0.    ,  0.    ,  0.    ,  0.    ,  0.    ,  0.    ,  0.    ,  0.7453,-17.1667
P5,-38.5063,  2.7296, 25.8109,  0.2853,  4.6663, -4.1233, -6.9334,  0.    ,  0.    , -1.8132, -1.3125,  0.    ,  0.    ,  0.    ,  0.    ,  0.    ,  0.    ,  0.    ,  0.    ,  1.3769,-17.8197
Q9,-38.2759,  2.4336, 25.6237,  0.3324,  5.2265, -3.9836, -7.2379,  0.    ,  0.    , -1.8536, -0.7236,  0.    ,  0.    ,  0.    ,  0.    ,  0.    ,  0.    ,  0.    ,  0.    ,  0.755 ,-17.7035
B5,-37.8902,  2.3322, 24.7297,  0.2978,  4.7601, -4.0903, -6.8443,  0.    ,  0.    , -1.7981, -0.7437,  0.    ,  0.    ,  0.    ,  0.    ,  0.    ,  0.    ,  0.    ,  0.    ,  1.6169,-17.6299
P9,-38.6603,  2.3569, 25.8622,  0.2845,  4.6445, -4.0542, -7.0439,  0.    ,  0.    , -1.8103, -1.328 ,  0.    ,  0.    ,  0.    ,  0.    ,  0.    ,  0.    ,  0.    ,  0.    ,  1.3768,-18.3717
P12,-38.299 ,  2.3279, 25.1131,  0.255 ,  4.7867, -4.0455, -6.8742,  0.    ,  0.    , -1.805 , -0.7458,  0.    ,  0.    ,  0.    ,  0.    ,  0.    ,  0.    ,  0.    ,  0.    ,  1.5601,-17.7266
Q4,-38.2852,  2.3331, 25.1224,  0.2483,  4.7849, -4.0498, -6.8689,  0.    ,  0.    , -1.8038, -0.7454,  0.    ,  0.    ,  0.    ,  0.    ,  0.    ,  0.    ,  0.    ,  0.    ,  1.5582,-17.7063
P7,-38.2177,  2.47  , 25.6115,  0.443 ,  5.7025, -4.1663, -7.1072,  0.    ,  0.    , -1.8662, -0.6855,  0.    ,  0.    ,  0.    ,  0.    ,  0.    ,  0.    ,  0.    ,  0.    ,  1.158 ,-16.6579
Q12,-38.6257,  2.1647, 25.7704,  0.0839,  5.4492, -4.1934, -7.2769,  0.    ,  0.    , -1.8267, -0.7324,  0.    ,  0.    ,  0.    ,  0.    ,  0.    ,  0.    ,  0.    ,  0.    ,  0.7703,-18.4168
P2,-38.5915,  2.1731, 25.7629,  0.0845,  5.441 , -4.1866, -7.2981,  0.    ,  0.    , -1.8358, -0.7336,  0.    ,  0.    ,  0.    ,  0.    ,  0.    ,  0.    ,  0.    ,  0.    ,  0.7691,-18.415 
Q5,-38.5915,  2.1731, 25.7629,  0.0845,  5.441 , -4.1866, -7.2981,  0.    ,  0.    , -1.8358, -0.7336,  0.    ,  0.    ,  0.    ,  0.    ,  0.    ,  0.    ,  0.    ,  0.    ,  0.7691,-18.415 
Q10,-38.5915,  2.1731, 25.7629,  0.0845,  5.441 , -4.1866, -7.2981,  0.    ,  0.    , -1.8358, -0.7336,  0.    ,  0.    ,  0.    ,  0.    ,  0.    ,  0.    ,  0.    ,  0.    ,  0.7691,-18.415 
Q11,-38.6246,  2.2346, 25.1792,  0.0873,  5.3388, -3.9953, -7.3023,  0.    ,  0.    , -1.8507, -0.7262,  0.    ,  0.    ,  0.    ,  0.    ,  0.    ,  0.    ,  0.    ,  0.    ,  0.7766,-18.8825
P8,-37.6906,  2.132 , 26.1805,  0.1016,  5.4007, -4.1863, -7.264 ,  0.    ,  0.    , -1.837 , -0.7342,  0.    ,  0.    ,  0.    ,  0.    ,  0.    ,  0.    ,  0.    ,  0.    ,  0.7264,-17.1709
N6,-36.881 ,  1.7704, 25.6486,  0.1462,  5.1474, -3.9721, -7.1277,  0.    ,  0.    , -1.8439, -0.7329,  0.    ,  0.    ,  0.    ,  0.    ,  0.    ,  0.    ,  0.    ,  0.    ,  0.7104,-17.1345
A2,-38.0173,  1.8716, 25.8836,  0.1049,  4.9723, -4.1893, -7.2945,  0.    ,  0.    , -1.8295, -1.254 ,  0.    ,  0.    ,  0.    ,  0.    ,  0.    ,  0.    ,  0.    ,  0.    ,  1.0924,-18.6599
A6,-38.0173,  1.8716, 25.8836,  0.1049,  4.9723, -4.1893, -7.2945,  0.    ,  0.    , -1.8295, -1.254 ,  0.    ,  0.    ,  0.    ,  0.    ,  0.    ,  0.    ,  0.    ,  0.    ,  1.0924,-18.6599
Q2,-37.9174,  2.2892, 25.5053,  0.1964,  5.0981, -3.9993, -7.1735,  0.    ,  0.    , -1.8493, -0.7292,  0.    ,  0.    ,  0.    ,  0.    ,  0.    ,  0.    ,  0.    ,  0.    ,  0.8332,-17.7463
P10,-38.7909,  2.4938, 25.5231,  0.2624,  4.6726, -3.9876, -7.1101,  0.    ,  0.    , -1.8127, -1.3307,  0.    ,  0.    ,  0.    ,  0.    ,  0.    ,  0.    ,  0.    ,  0.    ,  1.3806,-18.6995
P11,-38.4537,  2.3925, 24.7793,  0.1763,  4.789 , -3.9922, -6.8398,  0.    ,  0.    , -1.808 , -0.7435,  0.    ,  0.    ,  0.    ,  0.    ,  0.    ,  0.    ,  0.    ,  0.    ,  1.6815,-18.0186
N8,-37.3173,  1.7911, 24.9044,  0.1231,  4.9484, -4.3529, -7.2972,  0.    ,  0.    , -1.8265, -0.7298,  0.    ,  0.    ,  0.    ,  0.    ,  0.    ,  0.    ,  0.    ,  0.    ,  0.8147,-18.9421
A7,-40.0318,  2.8757, 26.5244,  0.3113,  4.8759, -4.213 , -7.2116,  0.    ,  0.    , -1.8276, -0.7415,  0.    ,  0.    ,  0.    ,  0.    ,  0.    ,  0.    ,  0.    ,  0.    ,  1.3162,-18.1221
A1,-39.0616,  2.3797, 25.7023,  0.2735,  4.6546, -4.0923, -6.9797,  0.    ,  0.    , -1.8149, -1.1343,  0.    ,  0.    ,  0.    ,  0.    ,  0.    ,  0.    ,  0.    ,  0.    ,  1.2565,-18.8162
A5,-38.7792,  2.413 , 24.9848,  0.2592,  4.7802, -4.0516, -6.8625,  0.    ,  0.    , -1.8028, -0.7463,  0.    ,  0.    ,  0.    ,  0.    ,  0.    ,  0.    ,  0.    ,  0.    ,  1.5342,-18.2709
Q7,-39.5206,  2.9042, 25.1603,  0.2169,  5.6307, -4.0958, -7.3476,  0.    ,  0.    , -1.8397, -1.4452,  0.    ,  0.    ,  0.    ,  0.    ,  0.    ,  0.    ,  0.    ,  0.    ,  1.9915,-18.3453
Q6,-38.592 ,  2.8293, 24.2797,  0.0895,  5.4588, -4.1373, -7.2828,  0.    ,  0.    , -1.8339, -1.2402,  0.    ,  0.    ,  0.    ,  0.    ,  0.    ,  0.    ,  0.    ,  0.    ,  1.6288,-18.8001
Q3,-38.1264,  2.3316, 25.348 ,  0.2574,  4.7844, -4.1647, -6.8719,  0.    ,  0.    , -1.8014, -0.7462,  0.    ,  0.    ,  0.    ,  0.    ,  0.    ,  0.    ,  0.    ,  0.    ,  1.5389,-17.4502
Q8,-38.7256,  2.2953, 25.4818,  0.268 ,  4.7165, -3.988 , -7.1188,  0.    ,  0.    , -1.8092, -0.7523,  0.    ,  0.    ,  0.    ,  0.    ,  0.    ,  0.    ,  0.    ,  0.    ,  1.4669,-18.1653
P6,-38.6933,  2.4386, 25.1789,  0.263 ,  4.8039, -4.0697, -6.8349,  0.    ,  0.    , -1.8048, -0.7467,  0.    ,  0.    ,  0.    ,  0.    ,  0.    ,  0.    ,  0.    ,  0.    ,  1.565 ,-17.9   
H10,-39.9255,  2.3274, 25.8772,  0.119 ,  4.9444, -4.6821, -7.4572,  0.    ,  0.    , -1.8215, -0.7494,  0.    ,  0.    ,  0.    ,  0.    ,  0.    ,  0.    ,  0.    ,  0.    ,  1.0909,-20.2767
H12,-40.3211,  2.2692, 26.5986,  0.111 ,  4.9853, -4.6552, -7.4838,  0.    ,  0.    , -1.8277, -0.7475,  0.    ,  0.    ,  0.    ,  0.    ,  0.    ,  0.    ,  0.    ,  0.    ,  1.0647,-20.0066
H4,-36.8246,  1.4808, 24.5725,  0.1047,  4.946 , -4.4606, -7.1761,  0.    ,  0.    , -1.8493, -0.7291,  0.    ,  0.    ,  0.    ,  0.    ,  0.    ,  0.    ,  0.    ,  0.    ,  0.8713,-19.0646
P4,-38.5436,  2.1216, 25.6665,  0.0765,  5.4079, -4.1647, -7.2803,  0.    ,  0.    , -1.8318, -0.7369,  0.    ,  0.    ,  0.    ,  0.    ,  0.    ,  0.    ,  0.    ,  0.    ,  0.7756,-18.5093
H9,-36.6951,  2.2094, 24.8923,  0.0658,  5.3037, -4.0634, -6.9359,  0.    ,  0.    , -1.82  , -0.7437,  0.    ,  0.    ,  0.    ,  0.    ,  0.    ,  0.    ,  0.    ,  0.    ,  1.0274,-16.7594
H8,-36.8825,  2.0434, 25.3488,  0.1668,  4.9042, -4.0324, -6.7793,  0.    ,  0.    , -1.8071, -0.7492,  0.    ,  0.    ,  0.    ,  0.    ,  0.    ,  0.    ,  0.    ,  0.    ,  1.4406,-16.3468
H7,-36.9009,  2.0445, 25.3418,  0.1628,  4.9129, -4.0337, -6.7845,  0.    ,  0.    , -1.8077, -0.749 ,  0.    ,  0.    ,  0.    ,  0.    ,  0.    ,  0.    ,  0.    ,  0.    ,  1.4371,-16.3767
A9,-37.3122,  1.8749, 26.677 ,  0.0822,  5.1606, -3.9683, -6.8193,  0.    ,  0.    , -1.7918, -0.7565,  0.    ,  0.    ,  0.    ,  0.    ,  0.    ,  0.    ,  0.    ,  0.    ,  1.2171,-15.6362
H11,-39.5115,  2.2953, 25.3694,  0.1494,  4.9623, -4.5723, -7.1626,  0.    ,  0.    , -1.8186, -1.0215,  0.    ,  0.    ,  0.    ,  0.    ,  0.    ,  0.    ,  0.    ,  0.    ,  0.9329,-20.3774
B1,-37.1267,  1.5184, 24.3902,  0.096 ,  4.9949, -4.2902, -7.2213,  0.    ,  0.    , -1.83  , -0.7287,  0.    ,  0.    ,  0.    ,  0.    ,  0.    ,  0.    ,  0.    ,  0.    ,  0.758 ,-19.4393
