MUT_116MET_120ILE_121PHE_124ALA_161ASN_163PHE_199TYR_bj1.pdb:LIG_270 -38.9137 2.6312 28.3069 0.09872 6.10639 -4.25302 -7.60082 0 0 -1.81452 -0.69782 0 0 0 0 0 0 0 0 0.96125 -15.1754
MUT_116MET_120ILE_121PHE_124ALA_161ASN_163PHE_199TYR_bj2.pdb:LIG_270 -39.3006 2.8414 28.5515 0.16099 6.05729 -4.02353 -7.13682 0 0 -1.81644 -0.68635 0 0 0 0 0 0 0 0 0.88036 -14.4722
MUT_116MET_120ILE_121PHE_124ALA_161ASN_163PHE_199TYR_bj3.pdb:LIG_270 -39.2973 2.83471 28.5462 0.16076 6.0561 -4.02137 -7.1337 0 0 -1.81545 -0.68743 0 0 0 0 0 0 0 0 0.87667 -14.4808
MUT_117THR_120LEU_121ALA_124LEU_161ALA_163ALA_216LEU_232LEU_bj1.pdb:LIG_270 -36.6524 1.2481 27.5088 0.05296 5.48465 -4.35455 -7.51923 0 0 -1.78189 -0.71949 0 0 0 0 0 0 0 0 0.94993 -15.7831
MUT_117THR_120LEU_121ALA_124LEU_161ALA_163ALA_216LEU_232LEU_bj2.pdb:LIG_270 -36.6523 1.24759 27.5038 0.05282 5.48549 -4.35681 -7.51752 0 0 -1.78228 -0.71922 0 0 0 0 0 0 0 0 0.9605 -15.7779
MUT_117THR_120LEU_121ALA_124LEU_161ALA_163ALA_216LEU_232LEU_bj3.pdb:LIG_270 -36.5998 1.23796 27.4798 0.05303 5.48891 -4.35499 -7.51599 0 0 -1.78154 -0.71883 0 0 0 0 0 0 0 0 0.94791 -15.7635
MUT_117THR_120LEU_121ALA_124LEU_161VAL_163THR_216LEU_bj1.pdb:LIG_270 -39.3534 2.25525 28.2572 0.08336 5.55402 -4.38405 -7.46751 0 0 -1.77276 -0.73753 0 0 0 0 0 0 0 0 1.1982 -16.3672
MUT_117THR_120LEU_121ALA_124LEU_161VAL_163THR_216LEU_bj2.pdb:LIG_270 -39.3632 2.26759 28.2639 0.08346 5.55338 -4.38738 -7.46548 0 0 -1.77423 -0.73708 0 0 0 0 0 0 0 0 1.2031 -16.3559
MUT_117THR_120LEU_121ALA_124LEU_161VAL_163THR_216LEU_bj3.pdb:LIG_270 -39.3622 2.27085 28.2635 0.08355 5.55427 -4.38709 -7.46415 0 0 -1.77362 -0.73711 0 0 0 0 0 0 0 0 1.19885 -16.3531
MUT_117THR_120LEU_121LEU_124LEU_161ALA_163ALA_216LEU_232LEU_bj1.pdb:LIG_270 -37.3022 1.59914 28.396 0.05862 5.72344 -4.44961 -7.76085 0 0 -1.79713 -0.71155 0 0 0 0 0 0 0 0 0.81974 -15.4244
MUT_117THR_120LEU_121LEU_124LEU_161ALA_163ALA_216LEU_232LEU_bj2.pdb:LIG_270 -37.3167 1.60442 28.3988 0.05863 5.72788 -4.45178 -7.75574 0 0 -1.79701 -0.71216 0 0 0 0 0 0 0 0 0.80974 -15.4339
MUT_117THR_120LEU_121LEU_124LEU_161ALA_163ALA_216LEU_232LEU_bj3.pdb:LIG_270 -37.2921 1.59651 28.3913 0.05878 5.72572 -4.45045 -7.76098 0 0 -1.79539 -0.71083 0 0 0 0 0 0 0 0 0.80744 -15.43
MUT_117THR_120LEU_121LEU_124LEU_161VAL_163ALA_216LEU_232SER_bj1.pdb:LIG_270 -37.7993 1.56883 28.4371 0.0602 5.66596 -4.35478 -7.67009 0 0 -1.79368 -0.71547 0 0 0 0 0 0 0 0 0.91549 -15.6857
MUT_117THR_120LEU_121LEU_124LEU_161VAL_163ALA_216LEU_232SER_bj2.pdb:LIG_270 -37.7843 1.56351 28.4278 0.06009 5.66153 -4.35549 -7.66902 0 0 -1.79121 -0.71474 0 0 0 0 0 0 0 0 0.91612 -15.6857
MUT_117THR_120LEU_121LEU_124LEU_161VAL_163ALA_216LEU_232SER_bj3.pdb:LIG_270 -37.7843 1.56351 28.4278 0.06009 5.66153 -4.35549 -7.66902 0 0 -1.79121 -0.71474 0 0 0 0 0 0 0 0 0.91612 -15.6857
MUT_117THR_120LEU_121LEU_124LEU_161VAL_163THR_216LEU_bj1.pdb:LIG_270 -39.8981 3.47401 28.6532 0.14699 5.91208 -4.22935 -7.69943 0 0 -1.80773 -0.71305 0 0 0 0 0 0 0 0 1.66578 -14.4955
MUT_117THR_120LEU_121LEU_124LEU_161VAL_163THR_216LEU_bj2.pdb:LIG_270 -39.8698 3.47311 28.6298 0.14618 5.90892 -4.22313 -7.70186 0 0 -1.80645 -0.71248 0 0 0 0 0 0 0 0 1.66206 -14.4936
MUT_117THR_120LEU_121LEU_124LEU_161VAL_163THR_216LEU_bj3.pdb:LIG_270 -39.8938 3.47178 28.6489 0.14552 5.91339 -4.22834 -7.70043 0 0 -1.80817 -0.71259 0 0 0 0 0 0 0 0 1.66129 -14.5025
MUT_117THR_120LEU_121PHE_124LEU_161VAL_163ALA_216LEU_232SER_bj1.pdb:LIG_270 -38.0516 1.50386 28.5397 0.0543 5.7399 -4.44598 -7.61531 0 0 -1.77772 -0.73322 0 0 0 0 0 0 0 0 0.94255 -15.8436
MUT_117THR_120LEU_121PHE_124LEU_161VAL_163ALA_216LEU_232SER_bj2.pdb:LIG_270 -38.0516 1.50386 28.5397 0.0543 5.7399 -4.44598 -7.61531 0 0 -1.77772 -0.73322 0 0 0 0 0 0 0 0 0.94255 -15.8436
MUT_117THR_120LEU_121PHE_124LEU_161VAL_163ALA_216LEU_232SER_bj3.pdb:LIG_270 -38.0658 1.51066 28.5484 0.05423 5.73936 -4.44401 -7.62184 0 0 -1.77849 -0.73304 0 0 0 0 0 0 0 0 0.94557 -15.845
MUT_117THR_120LEU_121THR_124LEU_161VAL_163ALA_216LEU_232SER_bj1.pdb:LIG_270 -37.3581 1.35056 28.3203 0.0543 5.72615 -4.4514 -7.55209 0 0 -1.77379 -0.73279 0 0 0 0 0 0 0 0 0.93691 -15.4799
MUT_117THR_120LEU_121THR_124LEU_161VAL_163ALA_216LEU_232SER_bj2.pdb:LIG_270 -37.3581 1.35056 28.3203 0.0543 5.72615 -4.4514 -7.55209 0 0 -1.77379 -0.73279 0 0 0 0 0 0 0 0 0.93691 -15.4799
MUT_117THR_120LEU_121THR_124LEU_161VAL_163ALA_216LEU_232SER_bj3.pdb:LIG_270 -37.3585 1.35179 28.323 0.05431 5.72628 -4.45137 -7.55947 0 0 -1.77447 -0.73267 0 0 0 0 0 0 0 0 0.9409 -15.4801
MUT_117THR_120LEU_121VAL_124LEU_161VAL_163ALA_216LEU_232SER_bj1.pdb:LIG_270 -37.5259 1.5205 28.4325 0.0597 5.65103 -4.37636 -7.63539 0 0 -1.79552 -0.71366 0 0 0 0 0 0 0 0 0.995 -15.3882
MUT_117THR_120LEU_121VAL_124LEU_161VAL_163ALA_216LEU_232SER_bj2.pdb:LIG_270 -37.5259 1.5205 28.4325 0.0597 5.65103 -4.37636 -7.63539 0 0 -1.79552 -0.71366 0 0 0 0 0 0 0 0 0.995 -15.3882
MUT_117THR_120LEU_121VAL_124LEU_161VAL_163ALA_216LEU_232SER_bj3.pdb:LIG_270 -37.5602 1.54081 28.4459 0.05961 5.65552 -4.37133 -7.64135 0 0 -1.79488 -0.714 0 0 0 0 0 0 0 0 1.0031 -15.3768
MUT_117THR_120LEU_124LEU_161ALA_163ALA_216LEU_232CYS_bj1.pdb:LIG_270 -37.2903 1.3179 28.3084 0.06053 5.5686 -4.47353 -7.61304 0 0 -1.78275 -0.71686 0 0 0 0 0 0 0 0 0.96755 -15.6534
MUT_117THR_120LEU_124LEU_161ALA_163ALA_216LEU_232CYS_bj2.pdb:LIG_270 -37.3074 1.32821 28.3137 0.06049 5.56826 -4.47388 -7.61557 0 0 -1.78334 -0.71706 0 0 0 0 0 0 0 0 0.97222 -15.6544
MUT_117THR_120LEU_124LEU_161ALA_163ALA_216LEU_232CYS_bj3.pdb:LIG_270 -37.3158 1.33267 28.3174 0.06054 5.56937 -4.47427 -7.61826 0 0 -1.78364 -0.71703 0 0 0 0 0 0 0 0 0.98168 -15.6473
MUT_117THR_120LEU_124LEU_161ALA_163ALA_216LEU_232LEU_bj1.pdb:LIG_270 -37.7107 1.41127 28.378 0.06426 5.6439 -4.47729 -7.6487 0 0 -1.7859 -0.71508 0 0 0 0 0 0 0 0 0.80133 -16.0389
MUT_117THR_120LEU_124LEU_161ALA_163ALA_216LEU_232LEU_bj2.pdb:LIG_270 -37.7303 1.4117 28.3842 0.06431 5.64175 -4.48061 -7.64914 0 0 -1.78632 -0.71455 0 0 0 0 0 0 0 0 0.80061 -16.0584
MUT_117THR_120LEU_124LEU_161ALA_163ALA_216LEU_232LEU_bj3.pdb:LIG_270 -37.7183 1.40984 28.3702 0.06436 5.64314 -4.48038 -7.65001 0 0 -1.78555 -0.7142 0 0 0 0 0 0 0 0 0.80199 -16.0589
MUT_117THR_120LEU_124LEU_161ALA_163ALA_216LEU_232SER_bj1.pdb:LIG_270 -37.0634 1.34693 28.3898 0.06156 5.58614 -4.49728 -7.63593 0 0 -1.78459 -0.71625 0 0 0 0 0 0 0 0 0.9581 -15.3549
MUT_117THR_120LEU_124LEU_161ALA_163ALA_216LEU_232SER_bj2.pdb:LIG_270 -37.0716 1.34755 28.3928 0.06155 5.58634 -4.49693 -7.62787 0 0 -1.78482 -0.71647 0 0 0 0 0 0 0 0 0.94426 -15.3651
MUT_117THR_120LEU_124LEU_161ALA_163ALA_216LEU_232SER_bj3.pdb:LIG_270 -37.0771 1.3541 28.3923 0.06153 5.58784 -4.49716 -7.63096 0 0 -1.78561 -0.71673 0 0 0 0 0 0 0 0 0.94599 -15.3658
MUT_117THR_120LEU_124LEU_161ASN_163CYS_216LEU_bj1.pdb:LIG_270 -40.8981 3.32161 30.3603 0.10671 5.56471 -4.34767 -8.0512 0 0 -1.79463 -1.56258 0 0 0 0 0 0 0 0 1.60679 -15.694
MUT_117THR_120LEU_124LEU_161ASN_163CYS_216LEU_bj2.pdb:LIG_270 -40.893 3.32147 30.3538 0.10638 5.57307 -4.34856 -8.05404 0 0 -1.79603 -1.56524 0 0 0 0 0 0 0 0 1.59898 -15.7032
MUT_117THR_120LEU_124LEU_161ASN_163CYS_216LEU_bj3.pdb:LIG_270 -40.8847 3.32772 30.3563 0.10572 5.57186 -4.34663 -8.05239 0 0 -1.79547 -1.56459 0 0 0 0 0 0 0 0 1.59539 -15.6868
MUT_117THR_120LEU_124LEU_161ASN_163CYS_bj1.pdb:LIG_270 -39.6532 2.50006 29.8742 0.07101 5.76234 -4.22714 -7.8331 0 0 -1.80789 -1.52069 0 0 0 0 0 0 0 0 1.31065 -15.5238
MUT_117THR_120LEU_124LEU_161ASN_163CYS_bj2.pdb:LIG_270 -39.6844 2.4944 29.8664 0.07202 5.76625 -4.23375 -7.82945 0 0 -1.80784 -1.51878 0 0 0 0 0 0 0 0 1.3034 -15.5717
MUT_117THR_120LEU_124LEU_161ASN_163CYS_bj3.pdb:LIG_270 -39.6222 2.51663 29.9048 0.06882 5.75845 -4.2007 -7.8714 0 0 -1.80755 -1.51929 0 0 0 0 0 0 0 0 1.28658 -15.4859
MUT_117THR_120LEU_124LEU_161VAL_163ALA_216LEU_232ALA_bj1.pdb:LIG_270 -37.5545 1.40361 28.1468 0.06221 5.61853 -4.37734 -7.63517 0 0 -1.78815 -0.71716 0 0 0 0 0 0 0 0 0.92591 -15.9153
MUT_117THR_120LEU_124LEU_161VAL_163ALA_216LEU_232ALA_bj2.pdb:LIG_270 -37.5595 1.40642 28.1499 0.06233 5.61886 -4.37794 -7.6356 0 0 -1.78802 -0.71674 0 0 0 0 0 0 0 0 0.92039 -15.9199
MUT_117THR_120LEU_124LEU_161VAL_163ALA_216LEU_232ALA_bj3.pdb:LIG_270 -37.5669 1.41195 28.1518 0.06224 5.62031 -4.37784 -7.6319 0 0 -1.7906 -0.71728 0 0 0 0 0 0 0 0 0.91822 -15.92
MUT_117THR_120LEU_124LEU_161VAL_163ALA_216LEU_232LEU_bj1.pdb:LIG_270 -38.2556 1.46054 28.3404 0.06544 5.6755 -4.4033 -7.66627 0 0 -1.79151 -0.71461 0 0 0 0 0 0 0 0 0.80051 -16.4889
MUT_117THR_120LEU_124LEU_161VAL_163ALA_216LEU_232LEU_bj2.pdb:LIG_270 -38.248 1.46191 28.3239 0.06563 5.67832 -4.40054 -7.66972 0 0 -1.79092 -0.71407 0 0 0 0 0 0 0 0 0.81238 -16.4812
MUT_117THR_120LEU_124LEU_161VAL_163ALA_216LEU_232LEU_bj3.pdb:LIG_270 -38.2469 1.45699 28.3353 0.06543 5.67541 -4.40237 -7.66844 0 0 -1.79108 -0.71433 0 0 0 0 0 0 0 0 0.80428 -16.4858
MUT_117THR_120LEU_124LEU_161VAL_163ALA_216LEU_232SER_bj1.pdb:LIG_270 -37.568 1.42277 28.2994 0.06327 5.63718 -4.40443 -7.66986 0 0 -1.78918 -0.71692 0 0 0 0 0 0 0 0 0.90067 -15.8251
MUT_117THR_120LEU_124LEU_161VAL_163ALA_216LEU_232SER_bj2.pdb:LIG_270 -37.5714 1.41691 28.3051 0.06326 5.63596 -4.40404 -7.66737 0 0 -1.78989 -0.71665 0 0 0 0 0 0 0 0 0.9021 -15.826
MUT_117THR_120LEU_124LEU_161VAL_163ALA_216LEU_232SER_bj3.pdb:LIG_270 -37.5597 1.4191 28.2954 0.06331 5.63386 -4.40251 -7.67316 0 0 -1.79044 -0.71677 0 0 0 0 0 0 0 0 0.90962 -15.8213
MUT_117THR_120LEU_124LEU_161VAL_163ALA_216LEU_232THR_bj1.pdb:LIG_270 -37.7249 1.41834 28.3504 0.0628 5.62846 -4.41999 -7.65856 0 0 -1.78982 -0.71643 0 0 0 0 0 0 0 0 0.91547 -15.9343
MUT_117THR_120LEU_124LEU_161VAL_163ALA_216LEU_232THR_bj2.pdb:LIG_270 -37.722 1.40797 28.3426 0.06288 5.62648 -4.42314 -7.65061 0 0 -1.78916 -0.71681 0 0 0 0 0 0 0 0 0.90499 -15.9569
MUT_117THR_120LEU_124LEU_161VAL_163ALA_216LEU_232THR_bj3.pdb:LIG_270 -37.7227 1.41457 28.3504 0.06272 5.62933 -4.4202 -7.65801 0 0 -1.79008 -0.71747 0 0 0 0 0 0 0 0 0.91897 -15.9324
MUT_117THR_120LEU_124LEU_161VAL_163ALA_216LEU_232VAL_bj1.pdb:LIG_270 -38.0102 1.50203 28.1531 0.06302 5.67909 -4.37677 -7.67848 0 0 -1.79201 -0.7143 0 0 0 0 0 0 0 0 0.92106 -16.2534
MUT_117THR_120LEU_124LEU_161VAL_163ALA_216LEU_232VAL_bj2.pdb:LIG_270 -38.0579 1.49812 28.1926 0.06239 5.6731 -4.38231 -7.67625 0 0 -1.79282 -0.71529 0 0 0 0 0 0 0 0 0.96585 -16.2325
MUT_117THR_120LEU_124LEU_161VAL_163ALA_216LEU_232VAL_bj3.pdb:LIG_270 -38.057 1.4988 28.1933 0.06235 5.67164 -4.38442 -7.67598 0 0 -1.79518 -0.71599 0 0 0 0 0 0 0 0 0.96646 -16.2361
MUT_117THR_120LEU_124LEU_161VAL_163ALA_216LEU_bj1.pdb:LIG_270 -40.3552 3.08804 28.5325 0.07056 5.56884 -4.4323 -7.56957 0 0 -1.77523 -0.73577 0 0 0 0 0 0 0 0 1.48557 -16.1226
MUT_117THR_120LEU_124LEU_161VAL_163ALA_216LEU_bj2.pdb:LIG_270 -40.3601 3.08627 28.5367 0.07055 5.56778 -4.43238 -7.57069 0 0 -1.77502 -0.73556 0 0 0 0 0 0 0 0 1.48305 -16.1294
MUT_117THR_120LEU_124LEU_161VAL_163ALA_216LEU_bj3.pdb:LIG_270 -40.3594 3.08966 28.5336 0.07066 5.56924 -4.43371 -7.57043 0 0 -1.77434 -0.73572 0 0 0 0 0 0 0 0 1.48322 -16.1273
MUT_117THR_120LEU_124LEU_161VAL_163CYS_216LEU_232ALA_bj1.pdb:LIG_270 -37.8865 1.57802 28.3844 0.06646 5.73025 -4.33153 -7.65454 0 0 -1.79666 -0.71277 0 0 0 0 0 0 0 0 0.91849 -15.7045
MUT_117THR_120LEU_124LEU_161VAL_163CYS_216LEU_232ALA_bj2.pdb:LIG_270 -37.8823 1.57267 28.3844 0.06635 5.72751 -4.33016 -7.65827 0 0 -1.79687 -0.7134 0 0 0 0 0 0 0 0 0.90805 -15.722
MUT_117THR_120LEU_124LEU_161VAL_163CYS_216LEU_232ALA_bj3.pdb:LIG_270 -37.8865 1.57802 28.3844 0.06646 5.73025 -4.33153 -7.65454 0 0 -1.79666 -0.71277 0 0 0 0 0 0 0 0 0.91849 -15.7045
MUT_117THR_120LEU_124LEU_161VAL_163CYS_216LEU_232CYS_bj1.pdb:LIG_270 -38.1251 1.54983 28.4754 0.06582 5.72096 -4.33773 -7.67452 0 0 -1.79498 -0.7132 0 0 0 0 0 0 0 0 0.9159 -15.9176
MUT_117THR_120LEU_124LEU_161VAL_163CYS_216LEU_232CYS_bj2.pdb:LIG_270 -38.13 1.55613 28.479 0.06576 5.72414 -4.33753 -7.67084 0 0 -1.79704 -0.7133 0 0 0 0 0 0 0 0 0.90021 -15.9234
MUT_117THR_120LEU_124LEU_161VAL_163CYS_216LEU_232CYS_bj3.pdb:LIG_270 -38.13 1.55613 28.479 0.06576 5.72414 -4.33753 -7.67084 0 0 -1.79704 -0.7133 0 0 0 0 0 0 0 0 0.90021 -15.9234
MUT_117THR_120LEU_124LEU_161VAL_163CYS_216LEU_232SER_bj1.pdb:LIG_270 -37.921 1.57645 28.5512 0.06671 5.73587 -4.36689 -7.68195 0 0 -1.79856 -0.71328 0 0 0 0 0 0 0 0 0.90392 -15.6475
MUT_117THR_120LEU_124LEU_161VAL_163CYS_216LEU_232SER_bj2.pdb:LIG_270 -37.9069 1.56676 28.5445 0.06669 5.73317 -4.36389 -7.68603 0 0 -1.79657 -0.71256 0 0 0 0 0 0 0 0 0.9078 -15.647
MUT_117THR_120LEU_124LEU_161VAL_163CYS_216LEU_232SER_bj3.pdb:LIG_270 -37.9107 1.58789 28.5563 0.06686 5.73373 -4.36569 -7.68724 0 0 -1.79912 -0.71291 0 0 0 0 0 0 0 0 0.9156 -15.6152
MUT_117THR_120LEU_124LEU_161VAL_163CYS_216LEU_232THR_bj1.pdb:LIG_270 -38.0543 1.56199 28.5913 0.06676 5.72861 -4.3771 -7.67163 0 0 -1.79643 -0.71225 0 0 0 0 0 0 0 0 0.90889 -15.7542
MUT_117THR_120LEU_124LEU_161VAL_163CYS_216LEU_232THR_bj2.pdb:LIG_270 -38.0594 1.56697 28.5944 0.06675 5.72892 -4.37751 -7.67032 0 0 -1.79714 -0.7132 0 0 0 0 0 0 0 0 0.90954 -15.7511
MUT_117THR_120LEU_124LEU_161VAL_163CYS_216LEU_232THR_bj3.pdb:LIG_270 -38.0609 1.56357 28.5941 0.06675 5.72779 -4.37696 -7.67447 0 0 -1.79695 -0.71248 0 0 0 0 0 0 0 0 0.90292 -15.7666
MUT_117THR_120LEU_124LEU_161VAL_163CYS_216LEU_232VAL_bj1.pdb:LIG_270 -38.1844 1.51371 28.4169 0.05904 5.79683 -4.41792 -7.61101 0 0 -1.78305 -0.73204 0 0 0 0 0 0 0 0 0.92055 -16.0214
MUT_117THR_120LEU_124LEU_161VAL_163CYS_216LEU_232VAL_bj2.pdb:LIG_270 -38.1786 1.51496 28.4145 0.05894 5.79614 -4.41775 -7.61535 0 0 -1.78237 -0.73209 0 0 0 0 0 0 0 0 0.91622 -16.0254
MUT_117THR_120LEU_124LEU_161VAL_163CYS_216LEU_232VAL_bj3.pdb:LIG_270 -38.1786 1.51496 28.4145 0.05894 5.79614 -4.41775 -7.61535 0 0 -1.78237 -0.73209 0 0 0 0 0 0 0 0 0.91622 -16.0254
MUT_117THR_120LEU_124LEU_161VAL_163CYS_216LEU_bj1.pdb:LIG_270 -40.8955 3.45118 28.9031 0.10777 5.67052 -4.42793 -7.65581 0 0 -1.79185 -0.72928 0 0 0 0 0 0 0 0 1.51838 -15.8493
MUT_117THR_120LEU_124LEU_161VAL_163CYS_216LEU_bj2.pdb:LIG_270 -40.7852 3.40014 28.9198 0.10601 5.65228 -4.42472 -7.64434 0 0 -1.79007 -0.72992 0 0 0 0 0 0 0 0 1.54042 -15.7555
MUT_117THR_120LEU_124LEU_161VAL_163CYS_216LEU_bj3.pdb:LIG_270 -40.0824 3.13431 29.0595 0.05681 5.61405 -4.2423 -7.81248 0 0 -1.79407 -0.71805 0 0 0 0 0 0 0 0 1.90188 -14.8828
MUT_117THR_120LEU_124LEU_161VAL_163LEU_216LEU_232ALA_bj1.pdb:LIG_270 -37.6181 1.55069 28.3766 0.05998 5.66933 -4.36647 -7.51504 0 0 -1.78946 -0.71493 0 0 0 0 0 0 0 0 1.05896 -15.2885
MUT_117THR_120LEU_124LEU_161VAL_163LEU_216LEU_232ALA_bj2.pdb:LIG_270 -37.6039 1.54435 28.3688 0.05999 5.66929 -4.366 -7.51635 0 0 -1.78867 -0.71493 0 0 0 0 0 0 0 0 1.06731 -15.2801
MUT_117THR_120LEU_124LEU_161VAL_163LEU_216LEU_232ALA_bj3.pdb:LIG_270 -37.6091 1.54261 28.3709 0.05994 5.66735 -4.36893 -7.50801 0 0 -1.78806 -0.71527 0 0 0 0 0 0 0 0 1.05691 -15.2918
MUT_117THR_120LEU_124LEU_161VAL_163LEU_216LEU_232CYS_bj1.pdb:LIG_270 -38.0658 1.58501 28.519 0.06013 5.6837 -4.38033 -7.57081 0 0 -1.79251 -0.71548 0 0 0 0 0 0 0 0 1.08744 -15.5896
MUT_117THR_120LEU_124LEU_161VAL_163LEU_216LEU_232CYS_bj2.pdb:LIG_270 -38.0703 1.58341 28.5173 0.06018 5.6866 -4.38073 -7.57384 0 0 -1.79361 -0.71493 0 0 0 0 0 0 0 0 1.09985 -15.5861
MUT_117THR_120LEU_124LEU_161VAL_163LEU_216LEU_232CYS_bj3.pdb:LIG_270 -37.9704 1.55606 28.4211 0.0529 5.77828 -4.41947 -7.54933 0 0 -1.77985 -0.73243 0 0 0 0 0 0 0 0 1.12915 -15.514
MUT_117THR_120LEU_124LEU_161VAL_163LEU_216LEU_232LEU_bj1.pdb:LIG_270 -38.4283 1.62543 28.7787 0.061 5.73077 -4.45527 -7.51497 0 0 -1.78853 -0.71186 0 0 0 0 0 0 0 0 0.93552 -15.7676
MUT_117THR_120LEU_124LEU_161VAL_163LEU_216LEU_232LEU_bj2.pdb:LIG_270 -38.2826 1.60437 28.6204 0.05486 5.83149 -4.46469 -7.49433 0 0 -1.77741 -0.73057 0 0 0 0 0 0 0 0 0.95619 -15.6824
MUT_117THR_120LEU_124LEU_161VAL_163LEU_216LEU_232LEU_bj3.pdb:LIG_270 -38.4327 1.62853 28.7742 0.06107 5.73699 -4.45573 -7.51203 0 0 -1.79034 -0.71247 0 0 0 0 0 0 0 0 0.9392 -15.7632
MUT_117THR_120LEU_124LEU_161VAL_163LEU_216LEU_232SER_bj1.pdb:LIG_270 -37.6297 1.52568 28.5738 0.06029 5.6798 -4.40575 -7.55196 0 0 -1.78876 -0.71521 0 0 0 0 0 0 0 0 1.0535 -15.1983
MUT_117THR_120LEU_124LEU_161VAL_163LEU_216LEU_232SER_bj2.pdb:LIG_270 -37.646 1.53476 28.5798 0.06036 5.68375 -4.40536 -7.5539 0 0 -1.79118 -0.71525 0 0 0 0 0 0 0 0 1.0465 -15.2065
MUT_117THR_120LEU_124LEU_161VAL_163LEU_216LEU_232SER_bj3.pdb:LIG_270 -37.6466 1.53298 28.5786 0.06027 5.68544 -4.40442 -7.54866 0 0 -1.79087 -0.71532 0 0 0 0 0 0 0 0 1.03864 -15.21
MUT_117THR_120LEU_124LEU_161VAL_163LEU_216LEU_232THR_bj1.pdb:LIG_270 -37.831 1.52502 28.6408 0.06041 5.67568 -4.42637 -7.53292 0 0 -1.79205 -0.71513 0 0 0 0 0 0 0 0 1.05329 -15.3423
MUT_117THR_120LEU_124LEU_161VAL_163LEU_216LEU_232THR_bj2.pdb:LIG_270 -37.8346 1.5233 28.6431 0.06036 5.67608 -4.42962 -7.53086 0 0 -1.79069 -0.71445 0 0 0 0 0 0 0 0 1.05844 -15.339
MUT_117THR_120LEU_124LEU_161VAL_163LEU_216LEU_232THR_bj3.pdb:LIG_270 -37.8255 1.52322 28.6427 0.06022 5.67424 -4.42782 -7.53268 0 0 -1.78995 -0.71528 0 0 0 0 0 0 0 0 1.04954 -15.3414
MUT_117THR_120LEU_124LEU_161VAL_163LEU_216LEU_232VAL_bj1.pdb:LIG_270 -38.2521 1.57969 28.4944 0.05968 5.67905 -4.42511 -7.54017 0 0 -1.79011 -0.71401 0 0 0 0 0 0 0 0 1.10927 -15.7994
MUT_117THR_120LEU_124LEU_161VAL_163LEU_216LEU_232VAL_bj2.pdb:LIG_270 -38.2786 1.5796 28.5327 0.05977 5.68056 -4.43987 -7.53179 0 0 -1.79057 -0.71506 0 0 0 0 0 0 0 0 1.10234 -15.801
MUT_117THR_120LEU_124LEU_161VAL_163LEU_216LEU_232VAL_bj3.pdb:LIG_270 -38.266 1.5702 28.5268 0.0596 5.68114 -4.44138 -7.53305 0 0 -1.78786 -0.715 0 0 0 0 0 0 0 0 1.10339 -15.8021
MUT_117THR_120LEU_124LEU_161VAL_163PHE_216LEU_232ALA_bj1.pdb:LIG_270 -39.157 4.245 28.6379 0.05895 5.83973 -4.20815 -7.67939 0 0 -1.80079 -0.72361 0 0 0 0 0 0 0 0 1.91973 -12.8676
MUT_117THR_120LEU_124LEU_161VAL_163PHE_216LEU_232ALA_bj2.pdb:LIG_270 -39.0025 4.23544 28.5332 0.056 5.84848 -4.18774 -7.69601 0 0 -1.80169 -0.72129 0 0 0 0 0 0 0 0 1.92813 -12.808
MUT_117THR_120LEU_124LEU_161VAL_163PHE_216LEU_232ALA_bj3.pdb:LIG_270 -38.9983 4.23757 28.5199 0.05598 5.84524 -4.18893 -7.69529 0 0 -1.80104 -0.7213 0 0 0 0 0 0 0 0 1.91897 -12.8273
MUT_117THR_120LEU_124LEU_161VAL_163PHE_216LEU_232CYS_bj1.pdb:LIG_270 -38.8821 3.10007 28.5425 0.06191 5.7146 -4.40965 -7.60791 0 0 -1.79572 -0.7301 0 0 0 0 0 0 0 0 1.76535 -14.241
MUT_117THR_120LEU_124LEU_161VAL_163PHE_216LEU_232CYS_bj2.pdb:LIG_270 -38.8631 3.0806 28.5291 0.06165 5.71648 -4.40933 -7.60512 0 0 -1.79521 -0.72961 0 0 0 0 0 0 0 0 1.75871 -14.2558
MUT_117THR_120LEU_124LEU_161VAL_163PHE_216LEU_232CYS_bj3.pdb:LIG_270 -38.7847 3.08668 28.5038 0.0612 5.72878 -4.39235 -7.64115 0 0 -1.79565 -0.72761 0 0 0 0 0 0 0 0 1.75713 -14.2038
MUT_117THR_120LEU_124LEU_161VAL_163PHE_216LEU_232SER_bj1.pdb:LIG_270 -38.72 3.03445 28.6094 0.06159 5.72026 -4.41138 -7.62993 0 0 -1.79628 -0.72938 0 0 0 0 0 0 0 0 1.68974 -14.1715
MUT_117THR_120LEU_124LEU_161VAL_163PHE_216LEU_232SER_bj2.pdb:LIG_270 -38.8015 3.03925 28.5978 0.0617 5.70767 -4.41537 -7.6279 0 0 -1.79427 -0.73011 0 0 0 0 0 0 0 0 1.70275 -14.26
MUT_117THR_120LEU_124LEU_161VAL_163PHE_216LEU_232SER_bj3.pdb:LIG_270 -38.8107 3.0427 28.6021 0.06188 5.70964 -4.41584 -7.62351 0 0 -1.79506 -0.73008 0 0 0 0 0 0 0 0 1.69212 -14.2667
MUT_117THR_120LEU_124LEU_161VAL_163PHE_216LEU_232THR_bj1.pdb:LIG_270 -38.8164 3.04732 28.5822 0.06088 5.70251 -4.42111 -7.6168 0 0 -1.79441 -0.73021 0 0 0 0 0 0 0 0 1.7363 -14.2497
MUT_117THR_120LEU_124LEU_161VAL_163PHE_216LEU_232THR_bj2.pdb:LIG_270 -38.7979 3.03964 28.5724 0.0608 5.70776 -4.41956 -7.61239 0 0 -1.79487 -0.72992 0 0 0 0 0 0 0 0 1.73351 -14.2406
MUT_117THR_120LEU_124LEU_161VAL_163PHE_216LEU_232THR_bj3.pdb:LIG_270 -38.7512 3.10641 28.5603 0.05964 5.71501 -4.32615 -7.67107 0 0 -1.79415 -0.72952 0 0 0 0 0 0 0 0 1.70544 -14.1253
MUT_117THR_120LEU_124LEU_161VAL_163PHE_216LEU_232VAL_bj1.pdb:LIG_270 -38.659 3.04442 28.418 0.06057 5.72408 -4.33403 -7.63401 0 0 -1.79277 -0.72971 0 0 0 0 0 0 0 0 1.72364 -14.1788
MUT_117THR_120LEU_124LEU_161VAL_163PHE_216LEU_232VAL_bj2.pdb:LIG_270 -38.4418 2.82583 28.3407 0.0617 5.79808 -4.47105 -7.51614 0 0 -1.80136 -0.72348 0 0 0 0 0 0 0 0 1.74926 -14.1783
MUT_117THR_120LEU_124LEU_161VAL_163PHE_216LEU_232VAL_bj3.pdb:LIG_270 -38.6166 3.0194 28.3962 0.06118 5.7383 -4.34817 -7.61631 0 0 -1.79271 -0.72867 0 0 0 0 0 0 0 0 1.71477 -14.1727
MUT_117THR_120LEU_124LEU_161VAL_163PHE_216LEU_bj1.pdb:LIG_270 -41.0189 2.80064 28.3612 0.11927 5.54172 -4.45154 -7.54222 0 0 -1.78548 -0.73248 0 0 0 0 0 0 0 0 1.48408 -17.2237
MUT_117THR_120LEU_124LEU_161VAL_163PHE_216LEU_bj2.pdb:LIG_270 -41.0177 2.81055 28.3667 0.11886 5.54824 -4.44958 -7.54457 0 0 -1.78628 -0.73264 0 0 0 0 0 0 0 0 1.48764 -17.1987
MUT_117THR_120LEU_124LEU_161VAL_163PHE_216LEU_bj3.pdb:LIG_270 -40.9781 2.81175 28.3631 0.11893 5.54652 -4.44254 -7.53676 0 0 -1.78473 -0.73373 0 0 0 0 0 0 0 0 1.46527 -17.1703
MUT_117THR_120LEU_124LEU_161VAL_163THR_216LEU_232ALA_bj1.pdb:LIG_270 -37.8184 1.64513 28.5003 0.06804 5.69221 -4.30056 -7.71183 0 0 -1.79359 -0.71401 0 0 0 0 0 0 0 0 1.03446 -15.3982
MUT_117THR_120LEU_124LEU_161VAL_163THR_216LEU_232ALA_bj2.pdb:LIG_270 -37.8202 1.6458 28.5004 0.06795 5.69251 -4.30017 -7.71889 0 0 -1.79385 -0.71347 0 0 0 0 0 0 0 0 1.03371 -15.4063
MUT_117THR_120LEU_124LEU_161VAL_163THR_216LEU_232ALA_bj3.pdb:LIG_270 -37.824 1.64705 28.5032 0.06793 5.69294 -4.30087 -7.7128 0 0 -1.79424 -0.71399 0 0 0 0 0 0 0 0 1.03086 -15.4039
MUT_117THR_120LEU_124LEU_161VAL_163THR_216LEU_232CYS_bj1.pdb:LIG_270 -38.0174 1.6169 28.6122 0.0642 5.66143 -4.32583 -7.72875 0 0 -1.79274 -0.71591 0 0 0 0 0 0 0 0 1.02282 -15.6031
MUT_117THR_120LEU_124LEU_161VAL_163THR_216LEU_232CYS_bj2.pdb:LIG_270 -37.9947 1.60848 28.6045 0.06372 5.65602 -4.32692 -7.73249 0 0 -1.79143 -0.71536 0 0 0 0 0 0 0 0 1.02062 -15.6076
MUT_117THR_120LEU_124LEU_161VAL_163THR_216LEU_232CYS_bj3.pdb:LIG_270 -38.0153 1.61481 28.6118 0.06399 5.65984 -4.32782 -7.72824 0 0 -1.79277 -0.71584 0 0 0 0 0 0 0 0 1.03792 -15.5916
MUT_117THR_120LEU_124LEU_161VAL_163THR_216LEU_232LEU_bj1.pdb:LIG_270 -38.4135 1.70022 28.6056 0.07425 5.73601 -4.31894 -7.73786 0 0 -1.7982 -0.71189 0 0 0 0 0 0 0 0 1.02566 -15.8386
MUT_117THR_120LEU_124LEU_161VAL_163THR_216LEU_232LEU_bj2.pdb:LIG_270 -38.6735 1.5238 29.1052 0.06382 5.7457 -4.35034 -7.57174 0 0 -1.79458 -0.71045 0 0 0 0 0 0 0 0 0.90847 -15.7536
MUT_117THR_120LEU_124LEU_161VAL_163THR_216LEU_232LEU_bj3.pdb:LIG_270 -38.4135 1.70022 28.6056 0.07425 5.73601 -4.31894 -7.73786 0 0 -1.7982 -0.71189 0 0 0 0 0 0 0 0 1.02566 -15.8386
MUT_117THR_120LEU_124LEU_161VAL_163THR_216LEU_232SER_bj1.pdb:LIG_270 -37.8449 1.63927 28.663 0.06833 5.6953 -4.33108 -7.74687 0 0 -1.79348 -0.71404 0 0 0 0 0 0 0 0 1.02678 -15.3377
MUT_117THR_120LEU_124LEU_161VAL_163THR_216LEU_232SER_bj2.pdb:LIG_270 -37.8439 1.64227 28.6583 0.06832 5.69705 -4.3312 -7.74887 0 0 -1.79495 -0.71393 0 0 0 0 0 0 0 0 1.02516 -15.3417
MUT_117THR_120LEU_124LEU_161VAL_163THR_216LEU_232SER_bj3.pdb:LIG_270 -37.8427 1.64672 28.6604 0.06813 5.69594 -4.32812 -7.74879 0 0 -1.79534 -0.71274 0 0 0 0 0 0 0 0 1.00934 -15.3472
MUT_117THR_120LEU_124LEU_161VAL_163THR_216LEU_232THR_bj1.pdb:LIG_270 -37.9891 1.65172 28.7193 0.0683 5.69678 -4.34772 -7.74657 0 0 -1.79653 -0.71504 0 0 0 0 0 0 0 0 1.03184 -15.4271
MUT_117THR_120LEU_124LEU_161VAL_163THR_216LEU_232THR_bj2.pdb:LIG_270 -37.9833 1.64361 28.7136 0.06809 5.69354 -4.34875 -7.74617 0 0 -1.79453 -0.71409 0 0 0 0 0 0 0 0 1.03577 -15.4322
MUT_117THR_120LEU_124LEU_161VAL_163THR_216LEU_232THR_bj3.pdb:LIG_270 -37.9676 1.63579 28.701 0.06798 5.69028 -4.34759 -7.74134 0 0 -1.79411 -0.71401 0 0 0 0 0 0 0 0 1.0214 -15.4482
MUT_117THR_120LEU_124LEU_161VAL_163THR_216LEU_bj1.pdb:LIG_270 -40.5569 3.19734 29.1214 0.09999 5.67871 -4.42716 -7.69797 0 0 -1.78921 -0.72958 0 0 0 0 0 0 0 0 1.4225 -15.6808
MUT_117THR_120LEU_124LEU_161VAL_163THR_216LEU_bj2.pdb:LIG_270 -40.562 3.20162 29.1262 0.09848 5.67649 -4.4272 -7.69665 0 0 -1.78921 -0.72969 0 0 0 0 0 0 0 0 1.41455 -15.6874
MUT_117THR_120LEU_124LEU_161VAL_163THR_216LEU_bj3.pdb:LIG_270 -40.5669 3.20373 29.1328 0.09885 5.67799 -4.42786 -7.69441 0 0 -1.78937 -0.7292 0 0 0 0 0 0 0 0 1.41016 -15.6842
MUT_117THR_120LEU_124LEU_161VAL_163TRP_216LEU_232ALA_bj1.pdb:LIG_270 -39.4774 4.79702 28.4675 0.0591 5.84057 -4.15372 -7.58029 0 0 -1.8018 -0.71792 0 0 0 0 0 0 0 0 2.3566 -12.2104
MUT_117THR_120LEU_124LEU_161VAL_163TRP_216LEU_232ALA_bj2.pdb:LIG_270 -39.4616 4.80457 28.4622 0.0593 5.84237 -4.15171 -7.5827 0 0 -1.80254 -0.71697 0 0 0 0 0 0 0 0 2.30746 -12.2396
MUT_117THR_120LEU_124LEU_161VAL_163TRP_216LEU_232ALA_bj3.pdb:LIG_270 -39.4741 4.80251 28.468 0.05904 5.83775 -4.15432 -7.57311 0 0 -1.80277 -0.71742 0 0 0 0 0 0 0 0 2.35011 -12.2044
MUT_117THR_120LEU_124LEU_161VAL_163TRP_216LEU_232ASN_bj1.pdb:LIG_270 -39.0374 3.1846 29.0259 0.05978 5.78271 -4.52931 -7.65269 0 0 -1.80256 -0.72473 0 0 0 0 0 0 0 0 1.80165 -13.8921
MUT_117THR_120LEU_124LEU_161VAL_163TRP_216LEU_232ASN_bj2.pdb:LIG_270 -38.942 1.7366 29.4303 0.05686 5.96254 -4.51208 -7.61643 0 0 -1.76904 -0.72607 0 0 0 0 0 0 0 0 0.87924 -15.5001
MUT_117THR_120LEU_124LEU_161VAL_163TRP_216LEU_232ASN_bj3.pdb:LIG_270 -39.0217 3.17697 29.0152 0.05961 5.78425 -4.52785 -7.64851 0 0 -1.80317 -0.72399 0 0 0 0 0 0 0 0 1.81253 -13.8766
MUT_117THR_120LEU_124LEU_161VAL_163TRP_216LEU_232ASP_bj1.pdb:LIG_270 -39.7369 3.43905 28.3482 0.09111 6.15497 -4.17336 -7.42189 0 0 -1.82504 -0.70926 0 0 0 0 0 0 0 0 1.59828 -14.2348
MUT_117THR_120LEU_124LEU_161VAL_163TRP_216LEU_232ASP_bj2.pdb:LIG_270 -38.2753 2.18126 29.0997 0.06682 6.18175 -4.33273 -7.70831 0 0 -1.82182 -0.69847 0 0 0 0 0 0 0 0 1.1744 -14.1327
MUT_117THR_120LEU_124LEU_161VAL_163TRP_216LEU_232ASP_bj3.pdb:LIG_270 -38.5044 1.95909 29.4618 0.06411 6.09964 -4.5039 -7.60023 0 0 -1.79485 -0.71962 0 0 0 0 0 0 0 0 1.00011 -14.5383
MUT_117THR_120LEU_124LEU_161VAL_163TRP_216LEU_232CYS_bj1.pdb:LIG_270 -39.7151 3.23385 28.5033 0.11662 6.09759 -4.17404 -7.4116 0 0 -1.81778 -0.71799 0 0 0 0 0 0 0 0 1.89191 -13.9932
MUT_117THR_120LEU_124LEU_161VAL_163TRP_216LEU_232CYS_bj2.pdb:LIG_270 -39.6242 3.13931 28.4638 0.08775 6.11174 -4.16589 -7.46259 0 0 -1.82024 -0.71539 0 0 0 0 0 0 0 0 1.90073 -14.0849
MUT_117THR_120LEU_124LEU_161VAL_163TRP_216LEU_232CYS_bj3.pdb:LIG_270 -39.5556 5.06264 28.6224 0.06007 5.9755 -4.08383 -7.58745 0 0 -1.81111 -0.6981 0 0 0 0 0 0 0 0 2.29313 -11.7224
MUT_117THR_120LEU_124LEU_161VAL_163TRP_216LEU_232GLN_bj1.pdb:LIG_270 -39.7747 3.19045 28.479 0.07974 6.10406 -4.21509 -7.41809 0 0 -1.82466 -0.71027 0 0 0 0 0 0 0 0 1.55591 -14.5337
MUT_117THR_120LEU_124LEU_161VAL_163TRP_216LEU_232GLN_bj2.pdb:LIG_270 -39.7597 3.18625 28.4537 0.07973 6.10323 -4.21263 -7.4224 0 0 -1.8234 -0.70963 0 0 0 0 0 0 0 0 1.54564 -14.5592
MUT_117THR_120LEU_124LEU_161VAL_163TRP_216LEU_232GLN_bj3.pdb:LIG_270 -39.6986 3.04509 28.4244 0.07693 6.0907 -4.22546 -7.46311 0 0 -1.82029 -0.71084 0 0 0 0 0 0 0 0 1.39557 -14.8856
MUT_117THR_120LEU_124LEU_161VAL_163TRP_216LEU_232GLU_bj1.pdb:LIG_270 -39.7161 3.23704 28.536 0.08614 6.14347 -4.19534 -7.45982 0 0 -1.82659 -0.7083 0 0 0 0 0 0 0 0 1.55619 -14.3474
MUT_117THR_120LEU_124LEU_161VAL_163TRP_216LEU_232GLU_bj2.pdb:LIG_270 -39.7294 3.20661 28.5778 0.08471 6.13612 -4.21966 -7.46136 0 0 -1.82998 -0.71038 0 0 0 0 0 0 0 0 1.54881 -14.3968
MUT_117THR_120LEU_124LEU_161VAL_163TRP_216LEU_232GLU_bj3.pdb:LIG_270 -39.7157 3.22851 28.5378 0.08614 6.14269 -4.19606 -7.45851 0 0 -1.82735 -0.70841 0 0 0 0 0 0 0 0 1.56186 -14.3491
MUT_117THR_120LEU_124LEU_161VAL_163TRP_216LEU_232GLY_bj1.pdb:LIG_270 -39.7107 3.68419 28.8343 0.06094 5.81064 -4.33391 -7.67046 0 0 -1.80674 -0.72221 0 0 0 0 0 0 0 0 1.83862 -14.0154
MUT_117THR_120LEU_124LEU_161VAL_163TRP_216LEU_232GLY_bj2.pdb:LIG_270 -39.7168 3.68696 28.836 0.0609 5.8126 -4.33593 -7.67316 0 0 -1.80618 -0.72196 0 0 0 0 0 0 0 0 1.84614 -14.0114
MUT_117THR_120LEU_124LEU_161VAL_163TRP_216LEU_232GLY_bj3.pdb:LIG_270 -39.72 3.69314 28.8419 0.061 5.81037 -4.33653 -7.67785 0 0 -1.8071 -0.72209 0 0 0 0 0 0 0 0 1.84394 -14.0132
MUT_117THR_120LEU_124LEU_161VAL_163TRP_216LEU_232ILE_bj1.pdb:LIG_270 -39.7332 3.29156 27.9628 0.07983 6.10644 -4.15335 -7.44621 0 0 -1.81301 -0.71161 0 0 0 0 0 0 0 0 1.26802 -15.1488
MUT_117THR_120LEU_124LEU_161VAL_163TRP_216LEU_232ILE_bj2.pdb:LIG_270 -39.7222 3.27686 27.953 0.07988 6.10917 -4.15288 -7.44582 0 0 -1.81242 -0.71158 0 0 0 0 0 0 0 0 1.26723 -15.1588
MUT_117THR_120LEU_124LEU_161VAL_163TRP_216LEU_232ILE_bj3.pdb:LIG_270 -39.8038 3.28519 28.0328 0.08341 6.10215 -4.1548 -7.43878 0 0 -1.81399 -0.71503 0 0 0 0 0 0 0 0 1.30311 -15.1197
MUT_117THR_120LEU_124LEU_161VAL_163TRP_216LEU_232LEU_bj1.pdb:LIG_270 -39.0201 3.03877 28.6448 0.05985 5.79952 -4.51001 -7.54366 0 0 -1.80181 -0.7227 0 0 0 0 0 0 0 0 1.89219 -14.1631
MUT_117THR_120LEU_124LEU_161VAL_163TRP_216LEU_232LEU_bj2.pdb:LIG_270 -39.9421 3.6232 27.9761 0.0932 6.16173 -4.15528 -7.40028 0 0 -1.81797 -0.71027 0 0 0 0 0 0 0 0 1.42454 -14.7472
MUT_117THR_120LEU_124LEU_161VAL_163TRP_216LEU_232LEU_bj3.pdb:LIG_270 -39.1559 1.88788 28.9539 0.05606 5.85559 -4.34019 -7.86979 0 0 -1.78693 -0.72976 0 0 0 0 0 0 0 0 0.99517 -16.134
MUT_117THR_120LEU_124LEU_161VAL_163TRP_216LEU_232LYS_bj1.pdb:LIG_270 -39.0084 3.04459 29.1667 0.06035 5.81936 -4.49627 -7.62291 0 0 -1.79855 -0.72152 0 0 0 0 0 0 0 0 1.56929 -13.9874
MUT_117THR_120LEU_124LEU_161VAL_163TRP_216LEU_232LYS_bj2.pdb:LIG_270 -38.9916 3.04278 29.1578 0.06058 5.8218 -4.49558 -7.61693 0 0 -1.79789 -0.72106 0 0 0 0 0 0 0 0 1.55524 -13.9848
MUT_117THR_120LEU_124LEU_161VAL_163TRP_216LEU_232LYS_bj3.pdb:LIG_270 -40.0062 3.47093 28.6086 0.08497 6.17218 -4.26996 -7.32091 0 0 -1.8211 -0.70497 0 0 0 0 0 0 0 0 1.46584 -14.3207
MUT_117THR_120LEU_124LEU_161VAL_163TRP_216LEU_232MET_bj1.pdb:LIG_270 -39.758 3.15174 28.2513 0.07607 6.08488 -4.16583 -7.45028 0 0 -1.82285 -0.71098 0 0 0 0 0 0 0 0 1.439 -14.9049
MUT_117THR_120LEU_124LEU_161VAL_163TRP_216LEU_232MET_bj2.pdb:LIG_270 -39.1732 1.74061 29.2951 0.0585 5.92095 -4.49509 -7.47602 0 0 -1.77326 -0.72991 0 0 0 0 0 0 0 0 0.8594 -15.7729
MUT_117THR_120LEU_124LEU_161VAL_163TRP_216LEU_232MET_bj3.pdb:LIG_270 -39.7508 3.13765 28.2465 0.07638 6.08652 -4.1657 -7.44438 0 0 -1.82037 -0.71042 0 0 0 0 0 0 0 0 1.44623 -14.8984
MUT_117THR_120LEU_124LEU_161VAL_163TRP_216LEU_232PRO_bj1.pdb:LIG_270 -39.6464 3.31254 28.2688 0.08146 6.12068 -4.15285 -7.4461 0 0 -1.82373 -0.70914 0 0 0 0 0 0 0 0 1.59031 -14.4044
MUT_117THR_120LEU_124LEU_161VAL_163TRP_216LEU_232PRO_bj2.pdb:LIG_270 -39.6496 3.33201 28.2495 0.08555 6.11382 -4.1504 -7.4309 0 0 -1.81693 -0.71186 0 0 0 0 0 0 0 0 1.61852 -14.3603
MUT_117THR_120LEU_124LEU_161VAL_163TRP_216LEU_232PRO_bj3.pdb:LIG_270 -39.6456 3.31545 28.2634 0.08143 6.11984 -4.15202 -7.44256 0 0 -1.8226 -0.71042 0 0 0 0 0 0 0 0 1.588 -14.4051
MUT_117THR_120LEU_124LEU_161VAL_163TRP_216LEU_232SER_bj1.pdb:LIG_270 -39.4431 2.83594 28.4416 0.06911 6.08634 -4.18054 -7.45928 0 0 -1.83283 -0.71093 0 0 0 0 0 0 0 0 1.41737 -14.7764
MUT_117THR_120LEU_124LEU_161VAL_163TRP_216LEU_232SER_bj2.pdb:LIG_270 -39.4509 2.83395 28.4435 0.06914 6.08901 -4.18131 -7.45565 0 0 -1.83207 -0.71066 0 0 0 0 0 0 0 0 1.41942 -14.7756
MUT_117THR_120LEU_124LEU_161VAL_163TRP_216LEU_232SER_bj3.pdb:LIG_270 -39.4615 2.83438 28.4539 0.06909 6.09238 -4.18177 -7.45781 0 0 -1.83261 -0.70979 0 0 0 0 0 0 0 0 1.41531 -14.7784
MUT_117THR_120LEU_124LEU_161VAL_163TRP_216LEU_232THR_bj1.pdb:LIG_270 -39.5595 3.20094 28.2843 0.07849 6.10355 -4.17557 -7.44305 0 0 -1.82207 -0.71025 0 0 0 0 0 0 0 0 1.54889 -14.4942
MUT_117THR_120LEU_124LEU_161VAL_163TRP_216LEU_232THR_bj2.pdb:LIG_270 -39.5687 3.19569 28.2986 0.07857 6.10324 -4.17647 -7.43366 0 0 -1.82297 -0.70995 0 0 0 0 0 0 0 0 1.54583 -14.4898
MUT_117THR_120LEU_124LEU_161VAL_163TRP_216LEU_232THR_bj3.pdb:LIG_270 -39.5626 3.18252 28.2867 0.07852 6.11036 -4.17487 -7.43737 0 0 -1.82183 -0.70888 0 0 0 0 0 0 0 0 1.53564 -14.5118
MUT_117THR_120LEU_124LEU_161VAL_163TRP_216LEU_232VAL_bj1.pdb:LIG_270 -39.5615 3.2503 28.1539 0.07839 6.10392 -4.15983 -7.45286 0 0 -1.81831 -0.71034 0 0 0 0 0 0 0 0 1.49107 -14.6253
MUT_117THR_120LEU_124LEU_161VAL_163TRP_216LEU_232VAL_bj2.pdb:LIG_270 -39.5704 3.24109 28.1655 0.07841 6.10727 -4.16109 -7.45206 0 0 -1.82121 -0.70983 0 0 0 0 0 0 0 0 1.48101 -14.6413
MUT_117THR_120LEU_124LEU_161VAL_163TRP_216LEU_232VAL_bj3.pdb:LIG_270 -39.5767 3.25817 28.1682 0.07838 6.10504 -4.16006 -7.45417 0 0 -1.8201 -0.71107 0 0 0 0 0 0 0 0 1.48132 -14.631
MUT_117THR_120LEU_124LEU_161VAL_163TRP_216LEU_bj1.pdb:LIG_270 -41.1738 3.98486 29.4408 0.25233 6.10097 -4.54031 -7.83584 0 0 -1.84017 -0.70276 0 0 0 0 0 0 0 0 1.99748 -14.3164
MUT_117THR_120LEU_124LEU_161VAL_163TRP_216LEU_bj2.pdb:LIG_270 -41.1786 3.99572 29.4472 0.25078 6.10633 -4.53953 -7.83942 0 0 -1.84178 -0.70175 0 0 0 0 0 0 0 0 1.99053 -14.3105
MUT_117THR_120LEU_124LEU_161VAL_163TRP_216LEU_bj3.pdb:LIG_270 -41.1945 3.98793 29.4583 0.25375 6.11968 -4.54053 -7.8356 0 0 -1.84284 -0.70013 0 0 0 0 0 0 0 0 1.98593 -14.3081
MUT_117THR_120LEU_124LEU_161VAL_163VAL_216LEU_232ALA_bj1.pdb:LIG_270 -37.8655 1.58958 28.2089 0.05835 5.85679 -4.36145 -7.54521 0 0 -1.78688 -0.73035 0 0 0 0 0 0 0 0 0.96826 -15.6075
MUT_117THR_120LEU_124LEU_161VAL_163VAL_216LEU_232ALA_bj2.pdb:LIG_270 -37.8647 1.59236 28.2139 0.05825 5.85235 -4.362 -7.53832 0 0 -1.78819 -0.73126 0 0 0 0 0 0 0 0 0.96695 -15.6007
MUT_117THR_120LEU_124LEU_161VAL_163VAL_216LEU_232ALA_bj3.pdb:LIG_270 -37.8596 1.58605 28.211 0.05824 5.85295 -4.36261 -7.54052 0 0 -1.78651 -0.73048 0 0 0 0 0 0 0 0 0.9582 -15.6133
MUT_117THR_120LEU_124LEU_161VAL_163VAL_216LEU_232CYS_bj1.pdb:LIG_270 -38.1699 1.58534 28.3213 0.05791 5.85911 -4.35882 -7.58463 0 0 -1.78862 -0.72974 0 0 0 0 0 0 0 0 0.97387 -15.8341
MUT_117THR_120LEU_124LEU_161VAL_163VAL_216LEU_232CYS_bj2.pdb:LIG_270 -38.1482 1.58769 28.3078 0.05824 5.85491 -4.3666 -7.57441 0 0 -1.78734 -0.73005 0 0 0 0 0 0 0 0 0.97072 -15.8273
MUT_117THR_120LEU_124LEU_161VAL_163VAL_216LEU_232CYS_bj3.pdb:LIG_270 -38.1659 1.58632 28.3196 0.05794 5.85926 -4.35714 -7.58232 0 0 -1.79005 -0.72952 0 0 0 0 0 0 0 0 0.96705 -15.8347
MUT_117THR_120LEU_124LEU_161VAL_163VAL_216LEU_232SER_bj1.pdb:LIG_270 -37.884 1.58908 28.3835 0.05892 5.8599 -4.40041 -7.57603 0 0 -1.78844 -0.7305 0 0 0 0 0 0 0 0 0.96482 -15.5231
MUT_117THR_120LEU_124LEU_161VAL_163VAL_216LEU_232SER_bj2.pdb:LIG_270 -37.8795 1.58882 28.3815 0.05885 5.85843 -4.40029 -7.57521 0 0 -1.7865 -0.73109 0 0 0 0 0 0 0 0 0.96438 -15.5206
MUT_117THR_120LEU_124LEU_161VAL_163VAL_216LEU_232SER_bj3.pdb:LIG_270 -37.9022 1.6071 28.3859 0.05915 5.86254 -4.39842 -7.58482 0 0 -1.7892 -0.72998 0 0 0 0 0 0 0 0 0.98124 -15.5087
MUT_117THR_120LEU_124LEU_161VAL_163VAL_216LEU_232THR_bj1.pdb:LIG_270 -38.0662 1.60844 28.4332 0.05901 5.8556 -4.40741 -7.56016 0 0 -1.78889 -0.73031 0 0 0 0 0 0 0 0 0.98327 -15.6134
MUT_117THR_120LEU_124LEU_161VAL_163VAL_216LEU_232THR_bj2.pdb:LIG_270 -38.0772 1.58561 28.4378 0.05912 5.86321 -4.39766 -7.55622 0 0 -1.78974 -0.72895 0 0 0 0 0 0 0 0 0.9842 -15.6199
MUT_117THR_120LEU_124LEU_161VAL_163VAL_216LEU_232THR_bj3.pdb:LIG_270 -38.0824 1.58734 28.438 0.05922 5.86659 -4.39647 -7.55368 0 0 -1.78939 -0.72875 0 0 0 0 0 0 0 0 0.98596 -15.6137
MUT_117THR_120LEU_124LEU_161VAL_163VAL_216LEU_232VAL_bj1.pdb:LIG_270 -38.2849 1.59415 28.1989 0.05824 5.85988 -4.37173 -7.55218 0 0 -1.78994 -0.72931 0 0 0 0 0 0 0 0 0.96582 -16.051
MUT_117THR_120LEU_124LEU_161VAL_163VAL_216LEU_232VAL_bj2.pdb:LIG_270 -38.2834 1.59209 28.2002 0.05823 5.85996 -4.37313 -7.55484 0 0 -1.78855 -0.72957 0 0 0 0 0 0 0 0 0.96866 -16.0504
MUT_117THR_120LEU_124LEU_161VAL_163VAL_216LEU_232VAL_bj3.pdb:LIG_270 -38.274 1.58937 28.1941 0.05826 5.86058 -4.37203 -7.55046 0 0 -1.7874 -0.72998 0 0 0 0 0 0 0 0 0.96324 -16.0483
MUT_117THR_120LEU_124LEU_161VAL_163VAL_216LEU_bj1.pdb:LIG_270 -40.8917 3.52231 28.7383 0.14329 5.72667 -4.49123 -7.63434 0 0 -1.8056 -0.72481 0 0 0 0 0 0 0 0 1.74143 -15.6757
MUT_117THR_120LEU_124LEU_161VAL_163VAL_216LEU_bj2.pdb:LIG_270 -40.8999 3.52216 28.7441 0.14294 5.72747 -4.49163 -7.63398 0 0 -1.80515 -0.72477 0 0 0 0 0 0 0 0 1.7452 -15.6735
MUT_117THR_120LEU_124LEU_161VAL_163VAL_216LEU_bj3.pdb:LIG_270 -40.8882 3.51991 28.7327 0.14345 5.72369 -4.48961 -7.63446 0 0 -1.80485 -0.72516 0 0 0 0 0 0 0 0 1.74742 -15.6751
MUT_120CYS_124VAL_161GLN_163CYS_216CYS_bj1.pdb:LIG_270 -38.6967 2.38882 29.3265 0.08042 5.5271 -4.54835 -7.73988 0 0 -1.7619 -1.1587 0 0 0 0 0 0 0 0 1.30575 -15.2769
MUT_120CYS_124VAL_161GLN_163CYS_216CYS_bj2.pdb:LIG_270 -38.6899 2.38108 29.3191 0.0802 5.5215 -4.5411 -7.73735 0 0 -1.76217 -1.15415 0 0 0 0 0 0 0 0 1.3206 -15.2622
MUT_120CYS_124VAL_161GLN_163CYS_216CYS_bj3.pdb:LIG_270 -37.8459 2.02032 28.8567 0.07438 6.0704 -4.68612 -7.02879 0 0 -1.81344 -1.15687 0 0 0 0 0 0 0 0 0.97169 -14.5376
MUT_120ILE_121PHE_122TYR_123ASN_124TYR_163PHE_bj1.pdb:LIG_270 -39.7676 3.48202 26.0898 0.06788 5.27691 -4.26788 -6.68267 0 0 -1.78666 -0.69661 0 0 0 0 0 0 0 0 1.84348 -16.4414
MUT_120ILE_121PHE_122TYR_123ASN_124TYR_163PHE_bj2.pdb:LIG_270 -39.7643 3.47553 26.0869 0.06776 5.27698 -4.26996 -6.68279 0 0 -1.78617 -0.69703 0 0 0 0 0 0 0 0 1.85651 -16.4366
MUT_120ILE_121PHE_122TYR_123ASN_124TYR_163PHE_bj3.pdb:LIG_270 -39.7671 3.48621 26.0906 0.06789 5.2788 -4.26728 -6.68382 0 0 -1.78687 -0.69684 0 0 0 0 0 0 0 0 1.83973 -16.4387
MUT_120ILE_121PHE_124ALA_161ASN_163PHE_199TYR_bj1.pdb:LIG_270 -40.3479 3.33354 29.2033 0.11107 5.50188 -4.29232 -7.53587 0 0 -1.78265 -2.18949 0 0 0 0 0 0 0 0 1.65606 -16.3424
MUT_120ILE_121PHE_124ALA_161ASN_163PHE_199TYR_bj2.pdb:LIG_270 -40.3509 3.34672 29.2071 0.11068 5.5014 -4.29317 -7.54308 0 0 -1.7833 -2.18661 0 0 0 0 0 0 0 0 1.65198 -16.3392
MUT_120ILE_121PHE_124ALA_161ASN_163PHE_199TYR_bj3.pdb:LIG_270 -40.3547 3.338 29.2094 0.11095 5.50345 -4.29156 -7.53902 0 0 -1.78263 -2.18527 0 0 0 0 0 0 0 0 1.65141 -16.3399
MUT_120LEU_121ALA_124LEU_161ASN_163CYS_199TYR_bj1.pdb:LIG_270 -38.7156 1.52281 29.0331 0.08278 5.40349 -4.2585 -7.33075 0 0 -1.78036 -2.1842 0 0 0 0 0 0 0 0 1.11542 -17.1118
MUT_120LEU_121ALA_124LEU_161ASN_163CYS_199TYR_bj2.pdb:LIG_270 -38.7122 1.52161 29.0283 0.0833 5.40301 -4.2572 -7.32918 0 0 -1.78012 -2.18433 0 0 0 0 0 0 0 0 1.11733 -17.1095
MUT_120LEU_121ALA_124LEU_161ASN_163CYS_199TYR_bj3.pdb:LIG_270 -38.7156 1.52611 29.0317 0.08294 5.40172 -4.25713 -7.33534 0 0 -1.77982 -2.18433 0 0 0 0 0 0 0 0 1.11808 -17.1117
MUT_120LEU_121ALA_124LEU_161ASN_163CYS_bj1.pdb:LIG_270 -38.4538 1.51792 28.3556 0.06721 5.50158 -4.17373 -7.23564 0 0 -1.77844 -1.53828 0 0 0 0 0 0 0 0 1.17851 -16.559
MUT_120LEU_121ALA_124LEU_161ASN_163CYS_bj2.pdb:LIG_270 -38.4589 1.52059 28.3536 0.06735 5.50016 -4.17627 -7.23452 0 0 -1.77889 -1.54061 0 0 0 0 0 0 0 0 1.19296 -16.5546
MUT_120LEU_121ALA_124LEU_161ASN_163CYS_bj3.pdb:LIG_270 -38.4581 1.51608 28.3588 0.06716 5.50003 -4.17165 -7.2337 0 0 -1.77995 -1.539 0 0 0 0 0 0 0 0 1.17983 -16.5605
MUT_120LEU_121ALA_161ASN_163ALA_199TYR_bj1.pdb:LIG_270 -38.6473 1.65445 28.8013 0.07253 5.52785 -4.24081 -7.3105 0 0 -1.78491 -1.56791 0 0 0 0 0 0 0 0 0.88233 -16.613
MUT_120LEU_121ALA_161ASN_163ALA_199TYR_bj2.pdb:LIG_270 -38.6473 1.65445 28.8013 0.07253 5.52785 -4.24081 -7.3105 0 0 -1.78491 -1.56791 0 0 0 0 0 0 0 0 0.88233 -16.613
MUT_120LEU_121ALA_161ASN_163ALA_199TYR_bj3.pdb:LIG_270 -38.1824 1.48935 28.8698 0.06652 5.38989 -4.29938 -7.25128 0 0 -1.77666 -2.17644 0 0 0 0 0 0 0 0 0.9188 -16.9518
MUT_120LEU_121CYS_124LEU_161ASN_163SER_216CYS_bj1.pdb:LIG_270 -37.6816 1.50566 28.839 0.06957 5.48585 -4.32985 -7.07286 0 0 -1.79452 -1.55508 0 0 0 0 0 0 0 0 0.74989 -15.7839
MUT_120LEU_121CYS_124LEU_161ASN_163SER_216CYS_bj2.pdb:LIG_270 -37.6775 1.50399 28.835 0.06988 5.48528 -4.32925 -7.06941 0 0 -1.79337 -1.55471 0 0 0 0 0 0 0 0 0.74255 -15.7876
MUT_120LEU_121CYS_124LEU_161ASN_163SER_216CYS_bj3.pdb:LIG_270 -37.6816 1.50566 28.839 0.06957 5.48585 -4.32985 -7.07286 0 0 -1.79452 -1.55508 0 0 0 0 0 0 0 0 0.74989 -15.7839
MUT_120LEU_121CYS_124LEU_161GLN_163CYS_216CYS_bj1.pdb:LIG_270 -37.1099 2.10419 28.2477 0.07158 6.09442 -4.41878 -7.02092 0 0 -1.81057 -1.20995 0 0 0 0 0 0 0 0 0.92934 -14.1229
MUT_120LEU_121CYS_124LEU_161GLN_163CYS_216CYS_bj2.pdb:LIG_270 -37.1212 2.1136 28.2549 0.07163 6.08756 -4.41823 -7.02893 0 0 -1.8117 -1.20915 0 0 0 0 0 0 0 0 0.95066 -14.1109
MUT_120LEU_121CYS_124LEU_161GLN_163CYS_216CYS_bj3.pdb:LIG_270 -37.1099 2.10419 28.2477 0.07158 6.09442 -4.41878 -7.02092 0 0 -1.81057 -1.20995 0 0 0 0 0 0 0 0 0.92934 -14.1229
MUT_120LEU_121GLY_124LEU_161ASN_163ALA_220ARG_bj1.pdb:LIG_270 -38.0033 1.47019 28.1584 0.06273 5.4898 -4.21778 -7.13543 0 0 -1.77826 -1.53348 0 0 0 0 0 0 0 0 1.10165 -16.3855
MUT_120LEU_121GLY_124LEU_161ASN_163ALA_220ARG_bj2.pdb:LIG_270 -38.007 1.47507 28.1636 0.06269 5.49042 -4.21895 -7.14065 0 0 -1.77795 -1.53469 0 0 0 0 0 0 0 0 1.10429 -16.3831
MUT_120LEU_121GLY_124LEU_161ASN_163ALA_220ARG_bj3.pdb:LIG_270 -38.0069 1.4721 28.1596 0.06272 5.49347 -4.21758 -7.13785 0 0 -1.77753 -1.53463 0 0 0 0 0 0 0 0 1.11071 -16.3759
MUT_120LEU_121GLY_124LEU_161ASN_163CYS_220ARG_bj1.pdb:LIG_270 -38.335 1.49748 28.3783 0.06497 5.5161 -4.16755 -7.19326 0 0 -1.78174 -1.53945 0 0 0 0 0 0 0 0 1.20413 -16.3561
MUT_120LEU_121GLY_124LEU_161ASN_163CYS_220ARG_bj2.pdb:LIG_270 -38.3297 1.49537 28.3843 0.06482 5.51505 -4.16664 -7.20031 0 0 -1.78154 -1.5381 0 0 0 0 0 0 0 0 1.19917 -16.3576
MUT_120LEU_121GLY_124LEU_161ASN_163CYS_220ARG_bj3.pdb:LIG_270 -38.3369 1.4994 28.3858 0.06481 5.51741 -4.16508 -7.19884 0 0 -1.78079 -1.5389 0 0 0 0 0 0 0 0 1.19723 -16.3559
MUT_120LEU_121GLY_124LEU_161ASN_163CYS_bj1.pdb:LIG_270 -38.3162 1.48626 28.4219 0.06549 5.49223 -4.16684 -7.27183 0 0 -1.77875 -1.54155 0 0 0 0 0 0 0 0 1.21718 -16.3922
MUT_120LEU_121GLY_124LEU_161ASN_163CYS_bj2.pdb:LIG_270 -38.3108 1.48302 28.4179 0.06552 5.48958 -4.16516 -7.2675 0 0 -1.77987 -1.5407 0 0 0 0 0 0 0 0 1.21641 -16.3915
MUT_120LEU_121GLY_124LEU_161ASN_163CYS_bj3.pdb:LIG_270 -38.3108 1.48302 28.4179 0.06552 5.48958 -4.16516 -7.2675 0 0 -1.77987 -1.5407 0 0 0 0 0 0 0 0 1.21641 -16.3915
MUT_120LEU_121GLY_124LEU_161ASN_163PHE_bj1.pdb:LIG_270 -37.8846 2.0024 27.1329 0.05434 5.50525 -4.0621 -7.44667 0 0 -1.76355 -1.5611 0 0 0 0 0 0 0 0 1.79105 -16.2321
MUT_120LEU_121GLY_124LEU_161ASN_163PHE_bj2.pdb:LIG_270 -37.8567 1.99486 27.1209 0.05431 5.52109 -4.05377 -7.4564 0 0 -1.76537 -1.56487 0 0 0 0 0 0 0 0 1.76927 -16.2367
MUT_120LEU_121GLY_124LEU_161ASN_163PHE_bj3.pdb:LIG_270 -37.9034 2.02007 27.1005 0.0613 5.44168 -4.01827 -7.43132 0 0 -1.78342 -1.54755 0 0 0 0 0 0 0 0 1.87694 -16.1835
MUT_120LEU_121GLY_124LEU_161ASN_163SER_bj1.pdb:LIG_270 -37.9639 1.43329 28.8159 0.06077 5.53352 -4.22771 -7.33167 0 0 -1.78277 -1.53252 0 0 0 0 0 0 0 0 0.9768 -16.0183
MUT_120LEU_121GLY_124LEU_161ASN_163SER_bj2.pdb:LIG_270 -37.9701 1.43904 28.8174 0.06073 5.53388 -4.22804 -7.33531 0 0 -1.78287 -1.53285 0 0 0 0 0 0 0 0 0.98227 -16.0159
MUT_120LEU_121GLY_124LEU_161ASN_163SER_bj3.pdb:LIG_270 -37.97 1.43672 28.8215 0.06072 5.53493 -4.22523 -7.336 0 0 -1.78344 -1.53005 0 0 0 0 0 0 0 0 0.96555 -16.0253
MUT_120LEU_121LEU_124ALA_161ASN_163SER_bj1.pdb:LIG_270 -37.9761 1.73063 28.4202 0.19272 5.63002 -4.37231 -7.00112 0 0 -1.80178 -1.54593 0 0 0 0 0 0 0 0 0.7199 -16.0038
MUT_120LEU_121LEU_124ALA_161ASN_163SER_bj2.pdb:LIG_270 -38.0622 1.70063 28.6133 0.17974 5.66623 -4.30879 -7.22564 0 0 -1.7847 -1.51742 0 0 0 0 0 0 0 0 0.92255 -15.8163
MUT_120LEU_121LEU_124ALA_161ASN_163SER_bj3.pdb:LIG_270 -37.9847 1.7316 28.4236 0.19314 5.63107 -4.37357 -7.00295 0 0 -1.80158 -1.54437 0 0 0 0 0 0 0 0 0.71982 -16.008
MUT_120LEU_121MET_124GLY_161ASN_163ALA_199TYR_bj1.pdb:LIG_270 -38.6887 2.30433 29.1941 0.06959 5.43626 -4.42636 -7.43757 0 0 -1.76513 -2.18237 0 0 0 0 0 0 0 0 1.12785 -16.368
MUT_120LEU_121MET_124GLY_161ASN_163ALA_199TYR_bj2.pdb:LIG_270 -38.6884 2.30694 29.1952 0.06953 5.43418 -4.42729 -7.43472 0 0 -1.76672 -2.18354 0 0 0 0 0 0 0 0 1.13094 -16.3639
MUT_120LEU_121MET_124GLY_161ASN_163ALA_199TYR_bj3.pdb:LIG_270 -38.6848 2.30637 29.1912 0.06943 5.43459 -4.42537 -7.43602 0 0 -1.76512 -2.18132 0 0 0 0 0 0 0 0 1.10679 -16.3842
MUT_120LEU_121MET_124GLY_161ASN_163ALA_bj1.pdb:LIG_270 -38.4055 2.27527 28.3306 0.07442 5.48336 -4.35308 -7.12475 0 0 -1.78871 -1.55469 0 0 0 0 0 0 0 0 1.01451 -16.0486
MUT_120LEU_121MET_124GLY_161ASN_163ALA_bj2.pdb:LIG_270 -38.3997 2.28003 28.3301 0.07436 5.48495 -4.35534 -7.12467 0 0 -1.78862 -1.55576 0 0 0 0 0 0 0 0 1.01397 -16.0407
MUT_120LEU_121MET_124GLY_161ASN_163ALA_bj3.pdb:LIG_270 -38.4005 2.27924 28.3296 0.07445 5.48146 -4.35584 -7.12062 0 0 -1.78939 -1.55542 0 0 0 0 0 0 0 0 1.02326 -16.0338
MUT_120LEU_121PHE_124ALA_161ASN_163THR_199TYR_220ALA_230GLU_bj1.pdb:LIG_270 -39.465 2.27291 29.8938 0.06355 5.42877 -4.38474 -7.49538 0 0 -1.76522 -2.18972 0 0 0 0 0 0 0 0 1.1028 -16.5382
MUT_120LEU_121PHE_124ALA_161ASN_163THR_199TYR_220ALA_230GLU_bj2.pdb:LIG_270 -39.4523 2.27105 29.878 0.06318 5.42912 -4.38593 -7.49325 0 0 -1.76664 -2.18835 0 0 0 0 0 0 0 0 1.11771 -16.5275
MUT_120LEU_121PHE_124ALA_161ASN_163THR_199TYR_220ALA_230GLU_bj3.pdb:LIG_270 -39.465 2.27291 29.8938 0.06355 5.42877 -4.38474 -7.49538 0 0 -1.76522 -2.18972 0 0 0 0 0 0 0 0 1.1028 -16.5382
MUT_120LEU_121PHE_124ALA_161ASN_163THR_bj1.pdb:LIG_270 -39.1382 2.27432 29.1112 0.06301 5.74258 -4.17119 -7.49528 0 0 -1.7948 -1.53423 0 0 0 0 0 0 0 0 0.93422 -16.0084
MUT_120LEU_121PHE_124ALA_161ASN_163THR_bj2.pdb:LIG_270 -39.1267 2.26697 29.1033 0.06304 5.74207 -4.17258 -7.49062 0 0 -1.79546 -1.53362 0 0 0 0 0 0 0 0 0.93993 -16.0037
MUT_120LEU_121PHE_124ALA_161ASN_163THR_bj3.pdb:LIG_270 -39.1543 2.26818 29.0896 0.06314 5.73811 -4.17586 -7.49542 0 0 -1.79587 -1.53043 0 0 0 0 0 0 0 0 0.94806 -16.0448
MUT_120LEU_124ALA_161ASN_163ALA_bj1.pdb:LIG_270 -38.8937 1.82798 28.5117 0.06612 5.49063 -4.30659 -7.30034 0 0 -1.76662 -1.53883 0 0 0 0 0 0 0 0 1.11498 -16.7946
MUT_120LEU_124ALA_161ASN_163ALA_bj2.pdb:LIG_270 -38.8643 1.82418 28.5175 0.06609 5.48508 -4.30067 -7.30708 0 0 -1.76998 -1.53733 0 0 0 0 0 0 0 0 1.13608 -16.7503
MUT_120LEU_124ALA_161ASN_163ALA_bj3.pdb:LIG_270 -38.9006 1.83418 28.5131 0.0662 5.48736 -4.30525 -7.30376 0 0 -1.76685 -1.53825 0 0 0 0 0 0 0 0 1.12655 -16.7873
MUT_120LEU_124ALA_161ASN_163CYS_199TYR_bj1.pdb:LIG_270 -39.6043 2.15143 29.512 0.07396 5.43868 -4.36 -7.43281 0 0 -1.77363 -2.17472 0 0 0 0 0 0 0 0 1.06032 -17.1091
MUT_120LEU_124ALA_161ASN_163CYS_199TYR_bj2.pdb:LIG_270 -39.6035 2.14988 29.5069 0.07398 5.43552 -4.36131 -7.43123 0 0 -1.77419 -2.17557 0 0 0 0 0 0 0 0 1.06552 -17.114
MUT_120LEU_124ALA_161ASN_163CYS_199TYR_bj3.pdb:LIG_270 -39.6088 2.15557 29.5125 0.07381 5.43656 -4.36236 -7.43286 0 0 -1.77397 -2.1743 0 0 0 0 0 0 0 0 1.06793 -17.1059
MUT_120LEU_124ALA_161ASN_163CYS_230GLU_bj1.pdb:LIG_270 -39.3565 2.10939 28.8691 0.06581 5.56057 -4.2507 -7.39111 0 0 -1.77772 -1.53711 0 0 0 0 0 0 0 0 1.1161 -16.5921
MUT_120LEU_124ALA_161ASN_163CYS_230GLU_bj2.pdb:LIG_270 -39.3446 2.10619 28.8725 0.06577 5.56119 -4.24984 -7.38938 0 0 -1.77789 -1.53563 0 0 0 0 0 0 0 0 1.10974 -16.582
MUT_120LEU_124ALA_161ASN_163CYS_230GLU_bj3.pdb:LIG_270 -39.3565 2.10939 28.8691 0.06581 5.56057 -4.2507 -7.39111 0 0 -1.77772 -1.53711 0 0 0 0 0 0 0 0 1.1161 -16.5921
MUT_120LEU_124ALA_161ASN_163CYS_bj1.pdb:LIG_270 -39.3256 2.09688 28.8614 0.06553 5.56344 -4.24766 -7.38537 0 0 -1.77905 -1.53779 0 0 0 0 0 0 0 0 1.11867 -16.5695
MUT_120LEU_124ALA_161ASN_163CYS_bj2.pdb:LIG_270 -39.3471 2.10911 28.8617 0.06584 5.56007 -4.25197 -7.391 0 0 -1.77785 -1.53737 0 0 0 0 0 0 0 0 1.12161 -16.587
MUT_120LEU_124ALA_161ASN_163CYS_bj3.pdb:LIG_270 -39.3557 2.10875 28.8676 0.06586 5.56029 -4.25211 -7.39172 0 0 -1.77789 -1.53593 0 0 0 0 0 0 0 0 1.11101 -16.5998
MUT_120LEU_124ALA_161ASN_163ILE_199TYR_bj1.pdb:LIG_270 -39.6051 2.16297 29.1492 0.44334 5.62628 -4.26691 -7.30959 0 0 -1.79621 -2.18621 0 0 0 0 0 0 0 0 1.81959 -15.9626
MUT_120LEU_124ALA_161ASN_163ILE_199TYR_bj2.pdb:LIG_270 -39.1252 2.69872 29.0489 0.07083 5.78637 -4.2664 -7.1084 0 0 -1.79848 -1.51065 0 0 0 0 0 0 0 0 1.97008 -14.2342
MUT_120LEU_124ALA_161ASN_163ILE_199TYR_bj3.pdb:LIG_270 -39.1322 2.70025 29.0513 0.07099 5.78487 -4.26812 -7.11399 0 0 -1.79845 -1.51082 0 0 0 0 0 0 0 0 1.97849 -14.2377
MUT_120LEU_124ALA_161ASN_163PHE_199TYR_250ARG_bj1.pdb:LIG_270 -40.0141 2.89418 29.4533 0.07792 5.72327 -4.35749 -7.53259 0 0 -1.76541 -1.57071 0 0 0 0 0 0 0 0 1.44838 -15.6432
MUT_120LEU_124ALA_161ASN_163PHE_199TYR_250ARG_bj2.pdb:LIG_270 -40.0013 2.88514 29.4326 0.07768 5.72415 -4.34791 -7.53792 0 0 -1.76645 -1.56995 0 0 0 0 0 0 0 0 1.46809 -15.6359
MUT_120LEU_124ALA_161ASN_163PHE_199TYR_250ARG_bj3.pdb:LIG_270 -40.1295 2.96386 29.4399 0.10965 5.50568 -4.32655 -7.55083 0 0 -1.77432 -2.18256 0 0 0 0 0 0 0 0 1.42818 -16.5165
MUT_120LEU_124ALA_161ASN_163PHE_199TYR_bj1.pdb:LIG_270 -39.6096 3.29998 28.6767 0.20768 5.49183 -4.06435 -6.99396 0 0 -1.77815 -0.72982 0 0 0 0 0 0 0 0 1.29342 -14.2063
MUT_120LEU_124ALA_161ASN_163PHE_199TYR_bj2.pdb:LIG_270 -40.0651 2.9568 29.4259 0.10948 5.49629 -4.33303 -7.54701 0 0 -1.78285 -2.18884 0 0 0 0 0 0 0 0 1.4145 -16.5138
MUT_120LEU_124ALA_161ASN_163PHE_199TYR_bj3.pdb:LIG_270 -40.0686 2.96675 29.4301 0.10994 5.49526 -4.33156 -7.55229 0 0 -1.78291 -2.1891 0 0 0 0 0 0 0 0 1.4169 -16.5055
MUT_120LEU_124ALA_161ASN_163PHE_bj1.pdb:LIG_270 -39.7637 2.91512 28.7907 0.07777 5.64894 -4.24065 -7.47128 0 0 -1.78782 -1.55486 0 0 0 0 0 0 0 0 1.46222 -15.9235
MUT_120LEU_124ALA_161ASN_163PHE_bj2.pdb:LIG_270 -39.7393 2.90565 28.7726 0.07699 5.64784 -4.2388 -7.46629 0 0 -1.78734 -1.55559 0 0 0 0 0 0 0 0 1.44845 -15.9357
MUT_120LEU_124ALA_161ASN_163PHE_bj3.pdb:LIG_270 -39.7604 2.91194 28.7877 0.07713 5.65033 -4.23982 -7.46418 0 0 -1.78892 -1.55586 0 0 0 0 0 0 0 0 1.43473 -15.9474
MUT_120LEU_124ALA_161ASN_163SER_199TYR_bj1.pdb:LIG_270 -38.9958 1.81722 29.8559 0.06513 5.42282 -4.423 -7.49765 0 0 -1.77326 -2.17389 0 0 0 0 0 0 0 0 0.94962 -16.7529
MUT_120LEU_124ALA_161ASN_163SER_199TYR_bj2.pdb:LIG_270 -38.9985 1.82762 29.8711 0.06502 5.42302 -4.42212 -7.49491 0 0 -1.77356 -2.17469 0 0 0 0 0 0 0 0 0.93067 -16.7464
MUT_120LEU_124ALA_161ASN_163SER_199TYR_bj3.pdb:LIG_270 -38.9961 1.82319 29.8701 0.06503 5.42443 -4.42297 -7.49813 0 0 -1.77411 -2.17423 0 0 0 0 0 0 0 0 0.94162 -16.7411
MUT_120LEU_124ALA_161ASN_163SER_216CYS_bj1.pdb:LIG_270 -38.1962 1.49746 29.3173 0.06042 5.4862 -4.31278 -7.36451 0 0 -1.77247 -1.53923 0 0 0 0 0 0 0 0 1.06752 -15.7563
MUT_120LEU_124ALA_161ASN_163SER_216CYS_bj2.pdb:LIG_270 -38.1952 1.4981 29.3186 0.06041 5.48527 -4.31329 -7.36195 0 0 -1.77328 -1.53937 0 0 0 0 0 0 0 0 1.06392 -15.7568
MUT_120LEU_124ALA_161ASN_163SER_216CYS_bj3.pdb:LIG_270 -38.1299 1.48378 29.3337 0.05974 5.48125 -4.31278 -7.37368 0 0 -1.77482 -1.53634 0 0 0 0 0 0 0 0 1.08362 -15.6854
MUT_120LEU_124ALA_161ASN_163SER_bj1.pdb:LIG_270 -38.7526 1.77116 29.2077 0.06132 5.5497 -4.29087 -7.43987 0 0 -1.7791 -1.53445 0 0 0 0 0 0 0 0 0.93839 -16.2686
MUT_120LEU_124ALA_161ASN_163SER_bj2.pdb:LIG_270 -38.7526 1.77116 29.2077 0.06132 5.5497 -4.29087 -7.43987 0 0 -1.7791 -1.53445 0 0 0 0 0 0 0 0 0.93839 -16.2686
MUT_120LEU_124ALA_161ASN_163SER_bj3.pdb:LIG_270 -38.7583 1.77485 29.2092 0.06132 5.55185 -4.28962 -7.44466 0 0 -1.77889 -1.53438 0 0 0 0 0 0 0 0 0.94379 -16.2648
MUT_120LEU_124ALA_161ASN_163THR_bj1.pdb:LIG_270 -39.1562 1.98309 29.0964 0.0617 5.62252 -4.23358 -7.49238 0 0 -1.78692 -1.54155 0 0 0 0 0 0 0 0 0.96448 -16.4824
MUT_120LEU_124ALA_161ASN_163THR_bj2.pdb:LIG_270 -39.1718 1.97402 29.1096 0.06176 5.62206 -4.23039 -7.49198 0 0 -1.7871 -1.54041 0 0 0 0 0 0 0 0 0.97377 -16.4804
MUT_120LEU_124ALA_161ASN_163THR_bj3.pdb:LIG_270 -39.163 1.98164 29.099 0.06172 5.62082 -4.23205 -7.49221 0 0 -1.78671 -1.54153 0 0 0 0 0 0 0 0 0.9742 -16.4781
MUT_120LEU_124ALA_161ASN_163VAL_199TYR_bj1.pdb:LIG_270 -39.7863 2.36808 29.2588 0.07647 5.45582 -4.33142 -7.38543 0 0 -1.77607 -2.17589 0 0 0 0 0 0 0 0 1.19555 -17.1004
MUT_120LEU_124ALA_161ASN_163VAL_199TYR_bj2.pdb:LIG_270 -39.7795 2.3638 29.2758 0.07429 5.46439 -4.3367 -7.39411 0 0 -1.77867 -2.1705 0 0 0 0 0 0 0 0 1.18449 -17.0968
MUT_120LEU_124ALA_161ASN_163VAL_199TYR_bj3.pdb:LIG_270 -39.7839 2.35909 29.2791 0.07443 5.46522 -4.33634 -7.39628 0 0 -1.77824 -2.17234 0 0 0 0 0 0 0 0 1.17845 -17.1109
MUT_120LEU_124ALA_161ASN_163VAL_bj1.pdb:LIG_270 -39.4931 2.30094 28.6188 0.06474 5.61155 -4.22106 -7.36486 0 0 -1.78634 -1.53852 0 0 0 0 0 0 0 0 1.21713 -16.5908
MUT_120LEU_124ALA_161ASN_163VAL_bj2.pdb:LIG_270 -39.4921 2.30032 28.6164 0.06468 5.61187 -4.22103 -7.36292 0 0 -1.78655 -1.53757 0 0 0 0 0 0 0 0 1.21211 -16.5947
MUT_120LEU_124ALA_161ASN_163VAL_bj3.pdb:LIG_270 -39.4509 2.2838 28.5972 0.06379 5.62889 -4.2106 -7.37142 0 0 -1.78972 -1.53972 0 0 0 0 0 0 0 0 1.18596 -16.6026
MUT_120LEU_124ALA_161GLN_163CYS_216CYS_bj1.pdb:LIG_270 -37.3318 2.18053 28.4714 0.06771 6.0407 -4.4576 -7.03409 0 0 -1.80804 -1.21275 0 0 0 0 0 0 0 0 0.96751 -14.1165
MUT_120LEU_124ALA_161GLN_163CYS_216CYS_bj2.pdb:LIG_270 -38.841 2.1286 28.8922 0.08615 5.59983 -4.82199 -6.76616 0 0 -1.80911 -1.2501 0 0 0 0 0 0 0 0 0.92859 -15.853
MUT_120LEU_124ALA_161GLN_163CYS_216CYS_bj3.pdb:LIG_270 -38.8326 2.12124 28.8888 0.08613 5.59716 -4.82303 -6.76908 0 0 -1.80877 -1.25088 0 0 0 0 0 0 0 0 0.9289 -15.8622
MUT_120LEU_124LEU_161ASN_163CYS_199TRP_bj1.pdb:LIG_270 -40.8007 2.29972 29.3156 0.05902 5.57783 -4.31152 -7.4623 0 0 -1.84249 -1.98612 0 0 0 0 0 0 0 0 0.94413 -18.2068
MUT_120LEU_124LEU_161ASN_163CYS_199TRP_bj2.pdb:LIG_270 -40.7992 2.29914 29.3115 0.05905 5.57709 -4.31245 -7.46361 0 0 -1.84098 -1.98438 0 0 0 0 0 0 0 0 0.9477 -18.2062
MUT_120LEU_124LEU_161ASN_163CYS_199TRP_bj3.pdb:LIG_270 -40.7992 2.3006 29.3124 0.05902 5.57859 -4.31124 -7.46294 0 0 -1.84154 -1.98607 0 0 0 0 0 0 0 0 0.94696 -18.2034
MUT_120LEU_124LEU_161ASN_163CYS_199TYR_bj1.pdb:LIG_270 -40.1968 2.28114 29.5737 0.07556 5.45909 -4.39176 -7.43407 0 0 -1.77384 -2.16709 0 0 0 0 0 0 0 0 1.03996 -17.5341
MUT_120LEU_124LEU_161ASN_163CYS_199TYR_bj2.pdb:LIG_270 -40.1656 2.27279 29.5367 0.07539 5.45594 -4.38862 -7.42275 0 0 -1.77389 -2.17218 0 0 0 0 0 0 0 0 1.02901 -17.5533
MUT_120LEU_124LEU_161ASN_163CYS_199TYR_bj3.pdb:LIG_270 -40.1685 2.27244 29.54 0.07559 5.45813 -4.38671 -7.42594 0 0 -1.77372 -2.17128 0 0 0 0 0 0 0 0 1.03163 -17.5484
MUT_120LEU_124LEU_161ASN_163CYS_bj1.pdb:LIG_270 -39.834 2.14394 28.8779 0.06698 5.54654 -4.2765 -7.37447 0 0 -1.77395 -1.53764 0 0 0 0 0 0 0 0 1.15284 -17.0084
MUT_120LEU_124LEU_161ASN_163CYS_bj2.pdb:LIG_270 -39.9524 2.22995 28.918 0.06856 5.57059 -4.27685 -7.39013 0 0 -1.77816 -1.53253 0 0 0 0 0 0 0 0 1.10699 -17.036
MUT_120LEU_124LEU_161ASN_163CYS_bj3.pdb:LIG_270 -39.9334 2.21533 28.9175 0.06925 5.5751 -4.27655 -7.37545 0 0 -1.77649 -1.53728 0 0 0 0 0 0 0 0 1.11029 -17.0117
MUT_120LEU_124LEU_161ASN_163PHE_199TRP_bj1.pdb:LIG_270 -40.8561 2.81716 29.1798 0.05875 5.62287 -4.18583 -7.62217 0 0 -1.85203 -2.01691 0 0 0 0 0 0 0 0 1.23305 -17.6215
MUT_120LEU_124LEU_161ASN_163PHE_199TRP_bj2.pdb:LIG_270 -40.8652 2.80879 29.1741 0.05894 5.62393 -4.18916 -7.62249 0 0 -1.85084 -2.01398 0 0 0 0 0 0 0 0 1.24622 -17.6297
MUT_120LEU_124LEU_161ASN_163PHE_199TRP_bj3.pdb:LIG_270 -40.8536 2.81217 29.1762 0.05865 5.62324 -4.18454 -7.62451 0 0 -1.85257 -2.01568 0 0 0 0 0 0 0 0 1.23563 -17.625
MUT_120LEU_124LEU_161ASN_163PHE_bj1.pdb:LIG_270 -39.9805 2.83387 28.668 0.06902 5.60263 -4.19627 -7.40912 0 0 -1.78524 -1.55425 0 0 0 0 0 0 0 0 1.37509 -16.3768
MUT_120LEU_124LEU_161ASN_163PHE_bj2.pdb:LIG_270 -40.0157 2.83891 28.6677 0.06987 5.59907 -4.20496 -7.40488 0 0 -1.78453 -1.55546 0 0 0 0 0 0 0 0 1.37139 -16.4185
MUT_120LEU_124LEU_161ASN_163PHE_bj3.pdb:LIG_270 -40.0157 2.83891 28.6677 0.06987 5.59907 -4.20496 -7.40488 0 0 -1.78453 -1.55546 0 0 0 0 0 0 0 0 1.37139 -16.4185
MUT_120LEU_124LEU_161ASN_163SER_bj1.pdb:LIG_270 -39.2388 1.7981 29.2171 0.06221 5.5187 -4.31657 -7.42276 0 0 -1.77497 -1.53308 0 0 0 0 0 0 0 0 1.02593 -16.6641
MUT_120LEU_124LEU_161ASN_163SER_bj2.pdb:LIG_270 -39.2391 1.80194 29.2196 0.06215 5.52034 -4.31662 -7.4263 0 0 -1.77546 -1.53497 0 0 0 0 0 0 0 0 1.02324 -16.6651
MUT_120LEU_124LEU_161ASN_163SER_bj3.pdb:LIG_270 -39.2357 1.80297 29.2283 0.06205 5.52074 -4.31581 -7.42754 0 0 -1.77591 -1.53369 0 0 0 0 0 0 0 0 1.01033 -16.6643
MUT_120LEU_124LEU_161ASN_163THR_181LEU_199TYR_211LYS_249CYS_250ILE_bj1.pdb:LIG_270 -39.688 2.07896 29.3003 0.06665 5.3442 -4.24554 -7.62424 0 0 -1.76825 -2.17691 0 0 0 0 0 0 0 0 1.24966 -17.4632
MUT_120LEU_124LEU_161ASN_163THR_181LEU_199TYR_211LYS_249CYS_250ILE_bj2.pdb:LIG_270 -39.695 2.08639 29.3077 0.06662 5.34579 -4.24658 -7.62687 0 0 -1.7701 -2.17692 0 0 0 0 0 0 0 0 1.24562 -17.4633
MUT_120LEU_124LEU_161ASN_163THR_181LEU_199TYR_211LYS_249CYS_250ILE_bj3.pdb:LIG_270 -39.7444 2.08222 29.3859 0.06592 5.33092 -4.23682 -7.66778 0 0 -1.77354 -2.1671 0 0 0 0 0 0 0 0 1.24512 -17.4796
MUT_120LEU_124LEU_161ASN_163THR_bj1.pdb:LIG_270 -39.6822 2.05359 29.1511 0.0651 5.48769 -4.31313 -7.42496 0 0 -1.76931 -1.5356 0 0 0 0 0 0 0 0 1.28717 -16.6805
MUT_120LEU_124LEU_161ASN_163THR_bj2.pdb:LIG_270 -39.7006 2.03579 29.1642 0.06428 5.51052 -4.31537 -7.43627 0 0 -1.77386 -1.5404 0 0 0 0 0 0 0 0 1.27647 -16.7153
MUT_120LEU_124LEU_161ASN_163THR_bj3.pdb:LIG_270 -39.6824 2.05507 29.1463 0.06505 5.49531 -4.32029 -7.42398 0 0 -1.76863 -1.53714 0 0 0 0 0 0 0 0 1.29131 -16.6794
MUT_120LEU_124LEU_161GLN_163ALA_199TYR_216MET_bj1.pdb:LIG_270 -40.0699 2.28533 29.0586 0.0665 5.9279 -4.71732 -7.02414 0 0 -1.77632 -1.25889 0 0 0 0 0 0 0 0 1.21123 -16.297
MUT_120LEU_124LEU_161GLN_163ALA_199TYR_216MET_bj2.pdb:LIG_270 -40.526 2.33854 29.1964 0.05872 5.8518 -4.75769 -7.04618 0 0 -1.76577 -1.26698 0 0 0 0 0 0 0 0 1.64539 -16.2718
MUT_120LEU_124LEU_161GLN_163ALA_199TYR_216MET_bj3.pdb:LIG_270 -40.0762 2.28897 29.0675 0.06642 5.92606 -4.71644 -7.02791 0 0 -1.77702 -1.25916 0 0 0 0 0 0 0 0 1.19964 -16.3081
MUT_120LEU_124LEU_161GLN_163THR_199TYR_216MET_bj1.pdb:LIG_270 -39.3912 3.20235 29.6265 0.0764 6.02109 -4.72202 -7.03099 0 0 -1.78055 -1.28337 0 0 0 0 0 0 0 0 1.54257 -13.7392
MUT_120LEU_124LEU_161GLN_163THR_199TYR_216MET_bj2.pdb:LIG_270 -39.5275 3.27436 29.7412 0.07623 5.97731 -4.6786 -7.05619 0 0 -1.78606 -1.3008 0 0 0 0 0 0 0 0 1.54388 -13.7362
MUT_120LEU_124LEU_161GLN_163THR_199TYR_216MET_bj3.pdb:LIG_270 -40.2424 2.40093 29.5527 0.07554 6.01416 -4.74168 -7.25435 0 0 -1.78699 -1.25562 0 0 0 0 0 0 0 0 1.09226 -16.1455
MUT_120LEU_124LEU_bj1.pdb:LIG_270 -37.6951 1.46627 27.8783 0.06435 5.77321 -4.25919 -7.29981 0 0 -1.80983 -0.72329 0 0 0 0 0 0 0 0 0.74279 -15.8622
MUT_120LEU_124LEU_bj2.pdb:LIG_270 -37.6935 1.46488 27.8774 0.06422 5.77185 -4.26296 -7.29986 0 0 -1.80942 -0.7222 0 0 0 0 0 0 0 0 0.7448 -15.8648
MUT_120LEU_124LEU_bj3.pdb:LIG_270 -37.6951 1.46216 27.8759 0.06445 5.77216 -4.26242 -7.29459 0 0 -1.8086 -0.72276 0 0 0 0 0 0 0 0 0.74128 -15.8675
MUT_120LEU_124VAL_161ASN_163PHE_199TYR_bj1.pdb:LIG_270 -40.0216 2.91777 29.4031 0.10102 5.48659 -4.24588 -7.49187 0 0 -1.78546 -2.20267 0 0 0 0 0 0 0 0 1.37488 -16.4641
MUT_120LEU_124VAL_161ASN_163PHE_199TYR_bj2.pdb:LIG_270 -40.1577 3.14859 29.4756 0.09868 5.52187 -4.27092 -7.49411 0 0 -1.78634 -2.19752 0 0 0 0 0 0 0 0 1.41662 -16.2453
MUT_120LEU_124VAL_161ASN_163PHE_199TYR_bj3.pdb:LIG_270 -40.0227 2.91556 29.4023 0.1016 5.48607 -4.24629 -7.4926 0 0 -1.78539 -2.2017 0 0 0 0 0 0 0 0 1.37678 -16.4664
MUT_29ASN_91ASN_120LEU_121ALA_124LEU_161ASN_163CYS_220ARG_228SER_bj1.pdb:LIG_270 -38.2379 1.46023 28.5107 0.06604 5.55436 -4.12769 -7.17953 0 0 -1.78331 -1.54239 0 0 0 0 0 0 0 0 1.11381 -16.1657
MUT_29ASN_91ASN_120LEU_121ALA_124LEU_161ASN_163CYS_220ARG_228SER_bj2.pdb:LIG_270 -38.2351 1.45773 28.511 0.06588 5.5565 -4.1262 -7.17964 0 0 -1.78343 -1.54165 0 0 0 0 0 0 0 0 1.11733 -16.1576
MUT_29ASN_91ASN_120LEU_121ALA_124LEU_161ASN_163CYS_220ARG_228SER_bj3.pdb:LIG_270 -37.6459 1.79474 27.8013 0.21118 5.53282 -3.98634 -6.80624 0 0 -1.7628 -0.74527 0 0 0 0 0 0 0 0 1.62326 -13.9833
MUT_29ASN_91ASN_120LEU_121GLY_124LEU_161ASN_163CYS_220ARG_228SER_bj1.pdb:LIG_270 -38.0326 1.41802 28.5309 0.06571 5.53618 -4.11704 -7.19346 0 0 -1.78177 -1.5451 0 0 0 0 0 0 0 0 1.11633 -16.0029
MUT_29ASN_91ASN_120LEU_121GLY_124LEU_161ASN_163CYS_220ARG_228SER_bj2.pdb:LIG_270 -38.0401 1.42251 28.5358 0.06579 5.53726 -4.11876 -7.19536 0 0 -1.78167 -1.5453 0 0 0 0 0 0 0 0 1.10813 -16.0117
MUT_29ASN_91ASN_120LEU_121GLY_124LEU_161ASN_163CYS_220ARG_228SER_bj3.pdb:LIG_270 -38.0263 1.41742 28.5235 0.06575 5.53447 -4.11792 -7.19439 0 0 -1.78145 -1.54562 0 0 0 0 0 0 0 0 1.11604 -16.0085
MUT_29ASN_91ASN_120LEU_121GLY_124LEU_161ASN_163CYS_228SER_bj1.pdb:LIG_270 -38.0665 1.42208 28.552 0.06554 5.53616 -4.11834 -7.2034 0 0 -1.78206 -1.54565 0 0 0 0 0 0 0 0 1.12009 -16.0201
MUT_29ASN_91ASN_120LEU_121GLY_124LEU_161ASN_163CYS_228SER_bj2.pdb:LIG_270 -38.0614 1.42333 28.5483 0.06558 5.53366 -4.12037 -7.20128 0 0 -1.78317 -1.54421 0 0 0 0 0 0 0 0 1.1157 -16.0239
MUT_29ASN_91ASN_120LEU_121GLY_124LEU_161ASN_163CYS_228SER_bj3.pdb:LIG_270 -38.0665 1.42208 28.552 0.06554 5.53616 -4.11834 -7.2034 0 0 -1.78206 -1.54565 0 0 0 0 0 0 0 0 1.12009 -16.0201
MUT_91PHE_117SER_120LEU_121CYS_161ASN_163CYS_199TYR_bj1.pdb:LIG_270 -38.8257 1.76593 29.9898 0.06013 5.798 -4.31728 -7.36072 0 0 -1.7756 -1.47553 0 0 0 0 0 0 0 0 1.04114 -15.0998
MUT_91PHE_117SER_120LEU_121CYS_161ASN_163CYS_199TYR_bj2.pdb:LIG_270 -38.5002 1.7807 29.9365 0.06897 5.73411 -4.32516 -7.33696 0 0 -1.75659 -1.51718 0 0 0 0 0 0 0 0 1.01664 -14.8992
MUT_91PHE_117SER_120LEU_121CYS_161ASN_163CYS_199TYR_bj3.pdb:LIG_270 -38.8207 1.76629 29.987 0.06022 5.79536 -4.32219 -7.36537 0 0 -1.77519 -1.47524 0 0 0 0 0 0 0 0 1.05116 -15.0987
MUT_91PRO_120LEU_124LEU_161GLN_163ALA_199TYR_216MET_bj1.pdb:LIG_270 -38.8391 1.9573 28.468 0.07824 5.93015 -4.74285 -6.64382 0 0 -1.77838 -1.29248 0 0 0 0 0 0 0 0 0.94537 -15.9176
MUT_91PRO_120LEU_124LEU_161GLN_163ALA_199TYR_216MET_bj2.pdb:LIG_270 -39.6064 2.15883 28.9794 0.07502 5.94042 -4.69775 -6.72234 0 0 -1.79424 -1.30007 0 0 0 0 0 0 0 0 0.87044 -16.0967
MUT_91PRO_120LEU_124LEU_161GLN_163ALA_199TYR_216MET_bj3.pdb:LIG_270 -38.7774 1.9628 28.4435 0.07814 5.92955 -4.73352 -6.64618 0 0 -1.77868 -1.28115 0 0 0 0 0 0 0 0 0.90233 -15.9006
WT_bj1.pdb:LIG_270 -38.1832 1.41428 27.9411 0.06974 5.80098 -4.32734 -7.3845 0 0 -1.79336 -0.72163 0 0 0 0 0 0 0 0 0.717 -16.4669
WT_bj2.pdb:LIG_270 -38.1171 1.38299 28.0704 0.06658 5.75827 -4.33512 -7.35221 0 0 -1.78969 -0.72199 0 0 0 0 0 0 0 0 0.7238 -16.3141
WT_bj3.pdb:LIG_270 -37.9451 1.28623 28.0372 0.06264 5.69344 -4.34143 -7.30897 0 0 -1.78703 -0.72124 0 0 0 0 0 0 0 0 0.75107 -16.2732
