P1,-39.1705,  2.7691, 28.4682,  0.1402,  6.0733, -4.0993, -7.2904,  0.    ,  0.    , -1.8155, -0.6905,  0.    ,  0.    ,  0.    ,  0.    ,  0.    ,  0.    ,  0.    ,  0.    ,  0.9061,-14.7095
G6,-36.6348,  1.2446, 27.4975,  0.0529,  5.4864, -4.3555, -7.5176,  0.    ,  0.    , -1.7819, -0.7192,  0.    ,  0.    ,  0.    ,  0.    ,  0.    ,  0.    ,  0.    ,  0.    ,  0.9528,-15.7748
G12,-39.3596,  2.2646, 28.2615,  0.0835,  5.5539, -4.3862, -7.4657,  0.    ,  0.    , -1.7735, -0.7372,  0.    ,  0.    ,  0.    ,  0.    ,  0.    ,  0.    ,  0.    ,  0.    ,  1.2001,-16.3587
G5,-37.3037,  1.6   , 28.3954,  0.0587,  5.7257, -4.4506, -7.7592,  0.    ,  0.    , -1.7965, -0.7115,  0.    ,  0.    ,  0.    ,  0.    ,  0.    ,  0.    ,  0.    ,  0.    ,  0.8123,-15.4294
G7,-37.7893,  1.5653, 28.4309,  0.0601,  5.663 , -4.3553, -7.6694,  0.    ,  0.    , -1.792 , -0.715 ,  0.    ,  0.    ,  0.    ,  0.    ,  0.    ,  0.    ,  0.    ,  0.    ,  0.9159,-15.6857
G11,-39.8872,  3.473 , 28.644 ,  0.1462,  5.9115, -4.2269, -7.7006,  0.    ,  0.    , -1.8075, -0.7127,  0.    ,  0.    ,  0.    ,  0.    ,  0.    ,  0.    ,  0.    ,  0.    ,  1.663 ,-14.4972
G9,-38.0563,  1.5061, 28.5426,  0.0543,  5.7397, -4.4453, -7.6175,  0.    ,  0.    , -1.778 , -0.7332,  0.    ,  0.    ,  0.    ,  0.    ,  0.    ,  0.    ,  0.    ,  0.    ,  0.9436,-15.8441
G8,-37.3582,  1.351 , 28.3212,  0.0543,  5.7262, -4.4514, -7.5545,  0.    ,  0.    , -1.774 , -0.7328,  0.    ,  0.    ,  0.    ,  0.    ,  0.    ,  0.    ,  0.    ,  0.    ,  0.9382,-15.48  
G10,-37.5373,  1.5273, 28.437 ,  0.0597,  5.6525, -4.3747, -7.6374,  0.    ,  0.    , -1.7953, -0.7138,  0.    ,  0.    ,  0.    ,  0.    ,  0.    ,  0.    ,  0.    ,  0.    ,  0.9977,-15.3844
C6,-37.3045,  1.3263, 28.3132,  0.0605,  5.5687, -4.4739, -7.6156,  0.    ,  0.    , -1.7832, -0.717 ,  0.    ,  0.    ,  0.    ,  0.    ,  0.    ,  0.    ,  0.    ,  0.    ,  0.9738,-15.6517
C4,-37.7198,  1.4109, 28.3775,  0.0643,  5.6429, -4.4794, -7.6493,  0.    ,  0.    , -1.7859, -0.7146,  0.    ,  0.    ,  0.    ,  0.    ,  0.    ,  0.    ,  0.    ,  0.    ,  0.8013,-16.0521
C7,-37.0707,  1.3495, 28.3916,  0.0615,  5.5868, -4.4971, -7.6316,  0.    ,  0.    , -1.785 , -0.7165,  0.    ,  0.    ,  0.    ,  0.    ,  0.    ,  0.    ,  0.    ,  0.    ,  0.9495,-15.3619
B4,-40.8919,  3.3236, 30.3568,  0.1063,  5.5699, -4.3476, -8.0525,  0.    ,  0.    , -1.7954, -1.5641,  0.    ,  0.    ,  0.    ,  0.    ,  0.    ,  0.    ,  0.    ,  0.    ,  1.6004,-15.6947
B3,-39.6533,  2.5037, 29.8818,  0.0706,  5.7623, -4.2205, -7.8447,  0.    ,  0.    , -1.8078, -1.5196,  0.    ,  0.    ,  0.    ,  0.    ,  0.    ,  0.    ,  0.    ,  0.    ,  1.3002,-15.5271
C5,-37.5603,  1.4073, 28.1495,  0.0623,  5.6192, -4.3777, -7.6342,  0.    ,  0.    , -1.7889, -0.7171,  0.    ,  0.    ,  0.    ,  0.    ,  0.    ,  0.    ,  0.    ,  0.    ,  0.9215,-15.9184
C9,-37.5603,  1.4073, 28.1495,  0.0623,  5.6192, -4.3777, -7.6342,  0.    ,  0.    , -1.7889, -0.7171,  0.    ,  0.    ,  0.    ,  0.    ,  0.    ,  0.    ,  0.    ,  0.    ,  0.9215,-15.9184
D11,-38.2502,  1.4598, 28.3332,  0.0655,  5.6764, -4.4021, -7.6681,  0.    ,  0.    , -1.7912, -0.7143,  0.    ,  0.    ,  0.    ,  0.    ,  0.    ,  0.    ,  0.    ,  0.    ,  0.8057,-16.4853
E4,-37.5664,  1.4196, 28.3   ,  0.0633,  5.6357, -4.4037, -7.6701,  0.    ,  0.    , -1.7898, -0.7168,  0.    ,  0.    ,  0.    ,  0.    ,  0.    ,  0.    ,  0.    ,  0.    ,  0.9041,-15.8241
E11,-37.7232,  1.4136, 28.3478,  0.0628,  5.6281, -4.4211, -7.6557,  0.    ,  0.    , -1.7897, -0.7169,  0.    ,  0.    ,  0.    ,  0.    ,  0.    ,  0.    ,  0.    ,  0.    ,  0.9131,-15.9412
F5,-38.0417,  1.4996, 28.1797,  0.0626,  5.6746, -4.3812, -7.6769,  0.    ,  0.    , -1.7933, -0.7152,  0.    ,  0.    ,  0.    ,  0.    ,  0.    ,  0.    ,  0.    ,  0.    ,  0.9511,-16.2407
F10,-40.3582,  3.088 , 28.5343,  0.0706,  5.5686, -4.4328, -7.5702,  0.    ,  0.    , -1.7749, -0.7357,  0.    ,  0.    ,  0.    ,  0.    ,  0.    ,  0.    ,  0.    ,  0.    ,  1.4839,-16.1264
C10,-37.8851,  1.5762, 28.3844,  0.0664,  5.7293, -4.3311, -7.6558,  0.    ,  0.    , -1.7967, -0.713 ,  0.    ,  0.    ,  0.    ,  0.    ,  0.    ,  0.    ,  0.    ,  0.    ,  0.915 ,-15.7103
D10,-38.1284,  1.554 , 28.4778,  0.0658,  5.7231, -4.3376, -7.6721,  0.    ,  0.    , -1.7964, -0.7133,  0.    ,  0.    ,  0.    ,  0.    ,  0.    ,  0.    ,  0.    ,  0.    ,  0.9054,-15.9215
E5,-37.9129,  1.577 , 28.5507,  0.0668,  5.7343, -4.3655, -7.6851,  0.    ,  0.    , -1.7981, -0.7129,  0.    ,  0.    ,  0.    ,  0.    ,  0.    ,  0.    ,  0.    ,  0.    ,  0.9091,-15.6366
G1,-38.0582,  1.5642, 28.5933,  0.0668,  5.7284, -4.3772, -7.6721,  0.    ,  0.    , -1.7968, -0.7126,  0.    ,  0.    ,  0.    ,  0.    ,  0.    ,  0.    ,  0.    ,  0.    ,  0.9071,-15.7573
F6,-38.1805,  1.5145, 28.4153,  0.059 ,  5.7964, -4.4178, -7.6139,  0.    ,  0.    , -1.7826, -0.7321,  0.    ,  0.    ,  0.    ,  0.    ,  0.    ,  0.    ,  0.    ,  0.    ,  0.9177,-16.0241
F11,-40.5877,  3.3285, 28.9608,  0.0902,  5.6456, -4.365 , -7.7042,  0.    ,  0.    , -1.792 , -0.7258,  0.    ,  0.    ,  0.    ,  0.    ,  0.    ,  0.    ,  0.    ,  0.    ,  1.6536,-15.4959
C12,-37.6104,  1.5459, 28.3721,  0.06  ,  5.6687, -4.3671, -7.5131,  0.    ,  0.    , -1.7887, -0.715 ,  0.    ,  0.    ,  0.    ,  0.    ,  0.    ,  0.    ,  0.    ,  0.    ,  1.0611,-15.2868
D7,-38.0355,  1.5748, 28.4858,  0.0577,  5.7162, -4.3935, -7.5647,  0.    ,  0.    , -1.7887, -0.7209,  0.    ,  0.    ,  0.    ,  0.    ,  0.    ,  0.    ,  0.    ,  0.    ,  1.1055,-15.5632
D12,-38.3812,  1.6194, 28.7244,  0.059 ,  5.7664, -4.4586, -7.5071,  0.    ,  0.    , -1.7854, -0.7183,  0.    ,  0.    ,  0.    ,  0.    ,  0.    ,  0.    ,  0.    ,  0.    ,  0.9436,-15.7377
E7,-37.6408,  1.5311, 28.5774,  0.0603,  5.683 , -4.4052, -7.5515,  0.    ,  0.    , -1.7903, -0.7153,  0.    ,  0.    ,  0.    ,  0.    ,  0.    ,  0.    ,  0.    ,  0.    ,  1.0462,-15.2049
F1,-37.8304,  1.5238, 28.6422,  0.0603,  5.6753, -4.4279, -7.5322,  0.    ,  0.    , -1.7909, -0.715 ,  0.    ,  0.    ,  0.    ,  0.    ,  0.    ,  0.    ,  0.    ,  0.    ,  1.0538,-15.3409
F8,-38.2656,  1.5765, 28.518 ,  0.0597,  5.6803, -4.4355, -7.535 ,  0.    ,  0.    , -1.7895, -0.7147,  0.    ,  0.    ,  0.    ,  0.    ,  0.    ,  0.    ,  0.    ,  0.    ,  1.105 ,-15.8008
C11,-39.0526,  4.2393, 28.5637,  0.057 ,  5.8445, -4.1949, -7.6902,  0.    ,  0.    , -1.8012, -0.7221,  0.    ,  0.    ,  0.    ,  0.    ,  0.    ,  0.    ,  0.    ,  0.    ,  1.9223,-12.8343
D6,-38.8433,  3.0891, 28.5251,  0.0616,  5.72  , -4.4038, -7.6181,  0.    ,  0.    , -1.7955, -0.7291,  0.    ,  0.    ,  0.    ,  0.    ,  0.    ,  0.    ,  0.    ,  0.    ,  1.7604,-14.2335
E6,-38.7774,  3.0388, 28.6031,  0.0617,  5.7125, -4.4142, -7.6271,  0.    ,  0.    , -1.7952, -0.7299,  0.    ,  0.    ,  0.    ,  0.    ,  0.    ,  0.    ,  0.    ,  0.    ,  1.6949,-14.2327
F2,-38.7885,  3.0645, 28.5716,  0.0604,  5.7084, -4.3889, -7.6334,  0.    ,  0.    , -1.7945, -0.7299,  0.    ,  0.    ,  0.    ,  0.    ,  0.    ,  0.    ,  0.    ,  0.    ,  1.7251,-14.2052
F7,-38.5725,  2.9632, 28.385 ,  0.0612,  5.7535, -4.3844, -7.5888,  0.    ,  0.    , -1.7956, -0.7273,  0.    ,  0.    ,  0.    ,  0.    ,  0.    ,  0.    ,  0.    ,  0.    ,  1.7292,-14.1766
F12,-41.0049,  2.8076, 28.3637,  0.119 ,  5.5455, -4.4479, -7.5412,  0.    ,  0.    , -1.7855, -0.733 ,  0.    ,  0.    ,  0.    ,  0.    ,  0.    ,  0.    ,  0.    ,  0.    ,  1.479 ,-17.1976
D1,-37.8209,  1.646 , 28.5013,  0.068 ,  5.6926, -4.3005, -7.7145,  0.    ,  0.    , -1.7939, -0.7138,  0.    ,  0.    ,  0.    ,  0.    ,  0.    ,  0.    ,  0.    ,  0.    ,  1.033 ,-15.4028
D8,-38.0091,  1.6134, 28.6095,  0.064 ,  5.6591, -4.3269, -7.7298,  0.    ,  0.    , -1.7923, -0.7157,  0.    ,  0.    ,  0.    ,  0.    ,  0.    ,  0.    ,  0.    ,  0.    ,  1.0271,-15.6008
E1,-38.5002,  1.6414, 28.7721,  0.0708,  5.7392, -4.3294, -7.6825,  0.    ,  0.    , -1.797 , -0.7114,  0.    ,  0.    ,  0.    ,  0.    ,  0.    ,  0.    ,  0.    ,  0.    ,  0.9866,-15.8103
E8,-37.8438,  1.6428, 28.6606,  0.0683,  5.6961, -4.3301, -7.7482,  0.    ,  0.    , -1.7946, -0.7136,  0.    ,  0.    ,  0.    ,  0.    ,  0.    ,  0.    ,  0.    ,  0.    ,  1.0204,-15.3422
E12,-37.98  ,  1.6437, 28.7113,  0.0681,  5.6935, -4.348 , -7.7447,  0.    ,  0.    , -1.7951, -0.7144,  0.    ,  0.    ,  0.    ,  0.    ,  0.    ,  0.    ,  0.    ,  0.    ,  1.0297,-15.4358
G2,-40.5619,  3.2009, 29.1268,  0.0991,  5.6777, -4.4274, -7.6963,  0.    ,  0.    , -1.7893, -0.7295,  0.    ,  0.    ,  0.    ,  0.    ,  0.    ,  0.    ,  0.    ,  0.    ,  1.4157,-15.6841
C3,-39.471 ,  4.8014, 28.4659,  0.0591,  5.8402, -4.1532, -7.5787,  0.    ,  0.    , -1.8024, -0.7174,  0.    ,  0.    ,  0.    ,  0.    ,  0.    ,  0.    ,  0.    ,  0.    ,  2.3381,-12.2181
D3,-39.471 ,  4.8014, 28.4659,  0.0591,  5.8402, -4.1532, -7.5787,  0.    ,  0.    , -1.8024, -0.7174,  0.    ,  0.    ,  0.    ,  0.    ,  0.    ,  0.    ,  0.    ,  0.    ,  2.3381,-12.2181
B9,-39.0004,  2.6994, 29.1571,  0.0587,  5.8432, -4.5231, -7.6392,  0.    ,  0.    , -1.7916, -0.7249,  0.    ,  0.    ,  0.    ,  0.    ,  0.    ,  0.    ,  0.    ,  0.    ,  1.4978,-14.4229
B12,-38.8389,  2.5265, 28.9699,  0.074 ,  6.1455, -4.3367, -7.5768,  0.    ,  0.    , -1.8139, -0.7091,  0.    ,  0.    ,  0.    ,  0.    ,  0.    ,  0.    ,  0.    ,  0.    ,  1.2576,-14.3019
D4,-39.6316,  3.8119, 28.5298,  0.0881,  6.0616, -4.1413, -7.4872,  0.    ,  0.    , -1.8164, -0.7105,  0.    ,  0.    ,  0.    ,  0.    ,  0.    ,  0.    ,  0.    ,  0.    ,  2.0286,-13.2668
D5,-39.6316,  3.8119, 28.5298,  0.0881,  6.0616, -4.1413, -7.4872,  0.    ,  0.    , -1.8164, -0.7105,  0.    ,  0.    ,  0.    ,  0.    ,  0.    ,  0.    ,  0.    ,  0.    ,  2.0286,-13.2668
C2,-39.7443,  3.1406, 28.4524,  0.0788,  6.0993, -4.2177, -7.4345,  0.    ,  0.    , -1.8228, -0.7102,  0.    ,  0.    ,  0.    ,  0.    ,  0.    ,  0.    ,  0.    ,  0.    ,  1.499 ,-14.6595
B6,-39.7204,  3.2241, 28.5505,  0.0857,  6.1408, -4.2037, -7.4599,  0.    ,  0.    , -1.828 , -0.709 ,  0.    ,  0.    ,  0.    ,  0.    ,  0.    ,  0.    ,  0.    ,  0.    ,  1.5556,-14.3644
B7,-39.7158,  3.6881, 28.8374,  0.0609,  5.8112, -4.3355, -7.6738,  0.    ,  0.    , -1.8067, -0.7221,  0.    ,  0.    ,  0.    ,  0.    ,  0.    ,  0.    ,  0.    ,  0.    ,  1.8429,-14.0133
B8,-39.7531,  3.2845, 27.9829,  0.081 ,  6.1059, -4.1537, -7.4436,  0.    ,  0.    , -1.8131, -0.7127,  0.    ,  0.    ,  0.    ,  0.    ,  0.    ,  0.    ,  0.    ,  0.    ,  1.2795,-15.1424
E2,-39.3727,  2.8499, 28.5249,  0.0697,  5.9389, -4.3352, -7.6046,  0.    ,  0.    , -1.8022, -0.7209,  0.    ,  0.    ,  0.    ,  0.    ,  0.    ,  0.    ,  0.    ,  0.    ,  1.4373,-15.0148
E3,-39.3727,  2.8499, 28.5249,  0.0697,  5.9389, -4.3352, -7.6046,  0.    ,  0.    , -1.8022, -0.7209,  0.    ,  0.    ,  0.    ,  0.    ,  0.    ,  0.    ,  0.    ,  0.    ,  1.4373,-15.0148
B11,-39.3354,  3.1861, 28.9777,  0.0686,  5.9378, -4.4206, -7.5202,  0.    ,  0.    , -1.8058, -0.7158,  0.    ,  0.    ,  0.    ,  0.    ,  0.    ,  0.    ,  0.    ,  0.    ,  1.5301,-14.0976
B10,-39.5607,  2.6767, 28.5976,  0.0703,  6.0308, -4.2755, -7.4569,  0.    ,  0.    , -1.8055, -0.7171,  0.    ,  0.    ,  0.    ,  0.    ,  0.    ,  0.    ,  0.    ,  0.    ,  1.2482,-15.1921
C1,-39.6472,  3.32  , 28.2606,  0.0828,  6.1181, -4.1518, -7.4399,  0.    ,  0.    , -1.8211, -0.7105,  0.    ,  0.    ,  0.    ,  0.    ,  0.    ,  0.    ,  0.    ,  0.    ,  1.5989,-14.3899
E10,-39.4518,  2.8348, 28.4463,  0.0691,  6.0892, -4.1812, -7.4576,  0.    ,  0.    , -1.8325, -0.7105,  0.    ,  0.    ,  0.    ,  0.    ,  0.    ,  0.    ,  0.    ,  0.    ,  1.4174,-14.7768
F4,-39.5636,  3.193 , 28.2899,  0.0785,  6.1057, -4.1756, -7.438 ,  0.    ,  0.    , -1.8223, -0.7097,  0.    ,  0.    ,  0.    ,  0.    ,  0.    ,  0.    ,  0.    ,  0.    ,  1.5435,-14.4986
F9,-39.5695,  3.2499, 28.1625,  0.0784,  6.1054, -4.1603, -7.453 ,  0.    ,  0.    , -1.8199, -0.7104,  0.    ,  0.    ,  0.    ,  0.    ,  0.    ,  0.    ,  0.    ,  0.    ,  1.4845,-14.6325
A10,-41.1823,  3.9895, 29.4488,  0.2523,  6.109 , -4.5401, -7.837 ,  0.    ,  0.    , -1.8416, -0.7015,  0.    ,  0.    ,  0.    ,  0.    ,  0.    ,  0.    ,  0.    ,  0.    ,  1.9913,-14.3117
G4,-41.1823,  3.9895, 29.4488,  0.2523,  6.109 , -4.5401, -7.837 ,  0.    ,  0.    , -1.8416, -0.7015,  0.    ,  0.    ,  0.    ,  0.    ,  0.    ,  0.    ,  0.    ,  0.    ,  1.9913,-14.3117
D2,-37.8633,  1.5893, 28.2113,  0.0583,  5.854 , -4.362 , -7.5414,  0.    ,  0.    , -1.7872, -0.7307,  0.    ,  0.    ,  0.    ,  0.    ,  0.    ,  0.    ,  0.    ,  0.    ,  0.9645,-15.6072
D9,-38.1613,  1.5864, 28.3162,  0.058 ,  5.8578, -4.3609, -7.5805,  0.    ,  0.    , -1.7887, -0.7298,  0.    ,  0.    ,  0.    ,  0.    ,  0.    ,  0.    ,  0.    ,  0.    ,  0.9705,-15.832 
E9,-37.8886,  1.595 , 28.3836,  0.059 ,  5.8603, -4.3997, -7.5787,  0.    ,  0.    , -1.788 , -0.7305,  0.    ,  0.    ,  0.    ,  0.    ,  0.    ,  0.    ,  0.    ,  0.    ,  0.9701,-15.5175
F3,-38.0753,  1.5938, 28.4363,  0.0591,  5.8618, -4.4005, -7.5567,  0.    ,  0.    , -1.7893, -0.7293,  0.    ,  0.    ,  0.    ,  0.    ,  0.    ,  0.    ,  0.    ,  0.    ,  0.9845,-15.6157
C8,-38.2808,  1.5919, 28.1977,  0.0582,  5.8601, -4.3723, -7.5525,  0.    ,  0.    , -1.7886, -0.7296,  0.    ,  0.    ,  0.    ,  0.    ,  0.    ,  0.    ,  0.    ,  0.    ,  0.9659,-16.0499
G3,-40.8933,  3.5215, 28.7384,  0.1432,  5.7259, -4.4908, -7.6343,  0.    ,  0.    , -1.8052, -0.7249,  0.    ,  0.    ,  0.    ,  0.    ,  0.    ,  0.    ,  0.    ,  0.    ,  1.7447,-15.6748
N9,-38.4108,  2.2634, 29.1674,  0.0783,  5.7063, -4.5919, -7.502 ,  0.    ,  0.    , -1.7792, -1.1566,  0.    ,  0.    ,  0.    ,  0.    ,  0.    ,  0.    ,  0.    ,  0.    ,  1.1993,-15.0256
B2,-39.7663,  3.4813, 26.0891,  0.0678,  5.2776, -4.2684, -6.6831,  0.    ,  0.    , -1.7866, -0.6968,  0.    ,  0.    ,  0.    ,  0.    ,  0.    ,  0.    ,  0.    ,  0.    ,  1.8466,-16.4389
P3,-40.3512,  3.3394, 29.2066,  0.1109,  5.5022, -4.2923, -7.5393,  0.    ,  0.    , -1.7829, -2.1871,  0.    ,  0.    ,  0.    ,  0.    ,  0.    ,  0.    ,  0.    ,  0.    ,  1.6532,-16.3405
A11,-38.7145,  1.5235, 29.031 ,  0.083 ,  5.4027, -4.2576, -7.3318,  0.    ,  0.    , -1.7801, -2.1843,  0.    ,  0.    ,  0.    ,  0.    ,  0.    ,  0.    ,  0.    ,  0.    ,  1.1169,-17.111 
A3,-38.4569,  1.5182, 28.356 ,  0.0672,  5.5006, -4.1739, -7.2346,  0.    ,  0.    , -1.7791, -1.5393,  0.    ,  0.    ,  0.    ,  0.    ,  0.    ,  0.    ,  0.    ,  0.    ,  1.1838,-16.558 
A8,-38.4923,  1.5994, 28.8241,  0.0705,  5.4819, -4.2603, -7.2908,  0.    ,  0.    , -1.7822, -1.7708,  0.    ,  0.    ,  0.    ,  0.    ,  0.    ,  0.    ,  0.    ,  0.    ,  0.8945,-16.7259
N7,-37.6802,  1.5051, 28.8377,  0.0697,  5.4857, -4.3296, -7.0717,  0.    ,  0.    , -1.7941, -1.555 ,  0.    ,  0.    ,  0.    ,  0.    ,  0.    ,  0.    ,  0.    ,  0.    ,  0.7474,-15.7851
N5,-37.1137,  2.1073, 28.2501,  0.0716,  6.0921, -4.4186, -7.0236,  0.    ,  0.    , -1.8109, -1.2097,  0.    ,  0.    ,  0.    ,  0.    ,  0.    ,  0.    ,  0.    ,  0.    ,  0.9364,-14.1189
N12,-38.0057,  1.4725, 28.1605,  0.0627,  5.4912, -4.2181, -7.138 ,  0.    ,  0.    , -1.7779, -1.5343,  0.    ,  0.    ,  0.    ,  0.    ,  0.    ,  0.    ,  0.    ,  0.    ,  1.1056,-16.3815
H6,-38.3339,  1.4974, 28.3828,  0.0649,  5.5162, -4.1664, -7.1975,  0.    ,  0.    , -1.7814, -1.5388,  0.    ,  0.    ,  0.    ,  0.    ,  0.    ,  0.    ,  0.    ,  0.    ,  1.2002,-16.3565
H5,-38.3126,  1.4841, 28.4192,  0.0655,  5.4905, -4.1657, -7.2689,  0.    ,  0.    , -1.7795, -1.541 ,  0.    ,  0.    ,  0.    ,  0.    ,  0.    ,  0.    ,  0.    ,  0.    ,  1.2167,-16.3917
N11,-37.8816,  2.0058, 27.1181,  0.0566,  5.4893, -4.0447, -7.4448,  0.    ,  0.    , -1.7708, -1.5578,  0.    ,  0.    ,  0.    ,  0.    ,  0.    ,  0.    ,  0.    ,  0.    ,  1.8124,-16.2174
N10,-37.968 ,  1.4364, 28.8183,  0.0607,  5.5341, -4.227 , -7.3343,  0.    ,  0.    , -1.783 , -1.5318,  0.    ,  0.    ,  0.    ,  0.    ,  0.    ,  0.    ,  0.    ,  0.    ,  0.9749,-16.0198
Q1,-38.0077,  1.721 , 28.4857,  0.1885,  5.6424, -4.3516, -7.0766,  0.    ,  0.    , -1.796 , -1.5359,  0.    ,  0.    ,  0.    ,  0.    ,  0.    ,  0.    ,  0.    ,  0.    ,  0.7874,-15.9427
A4,-38.6873,  2.3059, 29.1935,  0.0695,  5.435 , -4.4263, -7.4361,  0.    ,  0.    , -1.7657, -2.1824,  0.    ,  0.    ,  0.    ,  0.    ,  0.    ,  0.    ,  0.    ,  0.    ,  1.1219,-16.372 
A12,-38.4019,  2.2782, 28.3301,  0.0744,  5.4833, -4.3548, -7.1233,  0.    ,  0.    , -1.7889, -1.5553,  0.    ,  0.    ,  0.    ,  0.    ,  0.    ,  0.    ,  0.    ,  0.    ,  1.0172,-16.041 
P5,-39.4608,  2.2723, 29.8885,  0.0634,  5.4289, -4.3851, -7.4947,  0.    ,  0.    , -1.7657, -2.1893,  0.    ,  0.    ,  0.    ,  0.    ,  0.    ,  0.    ,  0.    ,  0.    ,  1.1078,-16.5346
Q9,-39.1397,  2.2698, 29.1014,  0.0631,  5.7409, -4.1732, -7.4938,  0.    ,  0.    , -1.7954, -1.5328,  0.    ,  0.    ,  0.    ,  0.    ,  0.    ,  0.    ,  0.    ,  0.    ,  0.9407,-16.019 
B5,-38.8862,  1.8288, 28.5141,  0.0661,  5.4877, -4.3042, -7.3037,  0.    ,  0.    , -1.7678, -1.5381,  0.    ,  0.    ,  0.    ,  0.    ,  0.    ,  0.    ,  0.    ,  0.    ,  1.1259,-16.7774
P9,-39.6055,  2.1523, 29.5105,  0.0739,  5.4369, -4.3612, -7.4323,  0.    ,  0.    , -1.7739, -2.1749,  0.    ,  0.    ,  0.    ,  0.    ,  0.    ,  0.    ,  0.    ,  0.    ,  1.0646,-17.1097
P12,-39.3525,  2.1083, 28.8702,  0.0658,  5.5608, -4.2504, -7.3905,  0.    ,  0.    , -1.7778, -1.5366,  0.    ,  0.    ,  0.    ,  0.    ,  0.    ,  0.    ,  0.    ,  0.    ,  1.114 ,-16.5887
Q4,-39.3428,  2.1049, 28.8636,  0.0657,  5.5613, -4.2506, -7.3894,  0.    ,  0.    , -1.7783, -1.537 ,  0.    ,  0.    ,  0.    ,  0.    ,  0.    ,  0.    ,  0.    ,  0.    ,  1.1171,-16.5854
P7,-39.2875,  2.5206, 29.0831,  0.1951,  5.7325, -4.2671, -7.1773,  0.    ,  0.    , -1.7977, -1.7359,  0.    ,  0.    ,  0.    ,  0.    ,  0.    ,  0.    ,  0.    ,  0.    ,  1.9227,-14.8115
Q12,-40.0483,  2.9144, 29.4419,  0.0884,  5.651 , -4.344 , -7.5404,  0.    ,  0.    , -1.7687, -1.7744,  0.    ,  0.    ,  0.    ,  0.    ,  0.    ,  0.    ,  0.    ,  0.    ,  1.4482,-15.9319
P2,-39.9144,  3.0745, 29.1776,  0.1424,  5.4945, -4.243 , -7.3644,  0.    ,  0.    , -1.7813, -1.7026,  0.    ,  0.    ,  0.    ,  0.    ,  0.    ,  0.    ,  0.    ,  0.    ,  1.3749,-15.7419
Q5,-39.9144,  3.0745, 29.1776,  0.1424,  5.4945, -4.243 , -7.3644,  0.    ,  0.    , -1.7813, -1.7026,  0.    ,  0.    ,  0.    ,  0.    ,  0.    ,  0.    ,  0.    ,  0.    ,  1.3749,-15.7419
Q10,-39.9144,  3.0745, 29.1776,  0.1424,  5.4945, -4.243 , -7.3644,  0.    ,  0.    , -1.7813, -1.7026,  0.    ,  0.    ,  0.    ,  0.    ,  0.    ,  0.    ,  0.    ,  0.    ,  1.3749,-15.7419
Q11,-39.7545,  2.9109, 28.7837,  0.0773,  5.649 , -4.2398, -7.4672,  0.    ,  0.    , -1.788 , -1.5554,  0.    ,  0.    ,  0.    ,  0.    ,  0.    ,  0.    ,  0.    ,  0.    ,  1.4485,-15.9355
P8,-38.9968,  1.8227, 29.8657,  0.0651,  5.4234, -4.4227, -7.4969,  0.    ,  0.    , -1.7736, -2.1743,  0.    ,  0.    ,  0.    ,  0.    ,  0.    ,  0.    ,  0.    ,  0.    ,  0.9406,-16.7468
N6,-38.1738,  1.4931, 29.3232,  0.0602,  5.4842, -4.3129, -7.3667,  0.    ,  0.    , -1.7735, -1.5383,  0.    ,  0.    ,  0.    ,  0.    ,  0.    ,  0.    ,  0.    ,  0.    ,  1.0717,-15.7328
A2,-38.7545,  1.7724, 29.2082,  0.0613,  5.5504, -4.2905, -7.4415,  0.    ,  0.    , -1.779 , -1.5344,  0.    ,  0.    ,  0.    ,  0.    ,  0.    ,  0.    ,  0.    ,  0.    ,  0.9402,-16.2673
A6,-38.7545,  1.7724, 29.2082,  0.0613,  5.5504, -4.2905, -7.4415,  0.    ,  0.    , -1.779 , -1.5344,  0.    ,  0.    ,  0.    ,  0.    ,  0.    ,  0.    ,  0.    ,  0.    ,  0.9402,-16.2673
Q2,-39.1637,  1.9796, 29.1017,  0.0617,  5.6218, -4.232 , -7.4922,  0.    ,  0.    , -1.7869, -1.5412,  0.    ,  0.    ,  0.    ,  0.    ,  0.    ,  0.    ,  0.    ,  0.    ,  0.9708,-16.4803
P10,-39.7832,  2.3637, 29.2712,  0.0751,  5.4618, -4.3348, -7.3919,  0.    ,  0.    , -1.7777, -2.1729,  0.    ,  0.    ,  0.    ,  0.    ,  0.    ,  0.    ,  0.    ,  0.    ,  1.1862,-17.1027
P11,-39.4787,  2.295 , 28.6108,  0.0644,  5.6174, -4.2176, -7.3664,  0.    ,  0.    , -1.7875, -1.5386,  0.    ,  0.    ,  0.    ,  0.    ,  0.    ,  0.    ,  0.    ,  0.    ,  1.2051,-16.596 
N8,-38.3351,  2.1435, 28.7508,  0.08  ,  5.7459, -4.7009, -6.8564,  0.    ,  0.    , -1.8086, -1.2379,  0.    ,  0.    ,  0.    ,  0.    ,  0.    ,  0.    ,  0.    ,  0.    ,  0.9417,-15.2772
A7,-40.7997,  2.2998, 29.3132,  0.059 ,  5.5778, -4.3117, -7.4629,  0.    ,  0.    , -1.8417, -1.9855,  0.    ,  0.    ,  0.    ,  0.    ,  0.    ,  0.    ,  0.    ,  0.    ,  0.9463,-18.2055
A1,-40.177 ,  2.2755, 29.5501,  0.0755,  5.4577, -4.389 , -7.4276,  0.    ,  0.    , -1.7738, -2.1702,  0.    ,  0.    ,  0.    ,  0.    ,  0.    ,  0.    ,  0.    ,  0.    ,  1.0335,-17.5453
A5,-39.9066,  2.1964, 28.9045,  0.0683,  5.5641, -4.2766, -7.38  ,  0.    ,  0.    , -1.7762, -1.5358,  0.    ,  0.    ,  0.    ,  0.    ,  0.    ,  0.    ,  0.    ,  0.    ,  1.1234,-17.0187
Q7,-40.8583,  2.8127, 29.1767,  0.0588,  5.6233, -4.1865, -7.6231,  0.    ,  0.    , -1.8518, -2.0155,  0.    ,  0.    ,  0.    ,  0.    ,  0.    ,  0.    ,  0.    ,  0.    ,  1.2383,-17.6254
Q6,-40.004 ,  2.8372, 28.6678,  0.0696,  5.6003, -4.2021, -7.4063,  0.    ,  0.    , -1.7848, -1.5551,  0.    ,  0.    ,  0.    ,  0.    ,  0.    ,  0.    ,  0.    ,  0.    ,  1.3726,-16.4046
Q3,-39.2379,  1.801 , 29.2217,  0.0621,  5.5199, -4.3163, -7.4255,  0.    ,  0.    , -1.7754, -1.5339,  0.    ,  0.    ,  0.    ,  0.    ,  0.    ,  0.    ,  0.    ,  0.    ,  1.0198,-16.6645
Q8,-39.7091,  2.0825, 29.3313,  0.0664,  5.3403, -4.243 , -7.6396,  0.    ,  0.    , -1.7706, -2.1736,  0.    ,  0.    ,  0.    ,  0.    ,  0.    ,  0.    ,  0.    ,  0.    ,  1.2468,-17.4687
P6,-39.6884,  2.0482, 29.1539,  0.0648,  5.4978, -4.3163, -7.4284,  0.    ,  0.    , -1.7706, -1.5377,  0.    ,  0.    ,  0.    ,  0.    ,  0.    ,  0.    ,  0.    ,  0.    ,  1.285 ,-16.6917
H10,-40.224 ,  2.3043, 29.1075,  0.0639,  5.9019, -4.7305, -7.0327,  0.    ,  0.    , -1.773 , -1.2617,  0.    ,  0.    ,  0.    ,  0.    ,  0.    ,  0.    ,  0.    ,  0.    ,  1.3521,-16.2923
H12,-39.7204,  2.9592, 29.6401,  0.0761,  6.0042, -4.7141, -7.1138,  0.    ,  0.    , -1.7845, -1.2799,  0.    ,  0.    ,  0.    ,  0.    ,  0.    ,  0.    ,  0.    ,  0.    ,  1.3929,-14.5403
H4,-37.6946,  1.4644, 27.8772,  0.0643,  5.7724, -4.2615, -7.2981,  0.    ,  0.    , -1.8093, -0.7228,  0.    ,  0.    ,  0.    ,  0.    ,  0.    ,  0.    ,  0.    ,  0.    ,  0.743 ,-15.8648
P4,-40.0673,  2.994 , 29.427 ,  0.1004,  5.4982, -4.2544, -7.4929,  0.    ,  0.    , -1.7857, -2.2006,  0.    ,  0.    ,  0.    ,  0.    ,  0.    ,  0.    ,  0.    ,  0.    ,  1.3894,-16.3919
H9,-38.0396,  1.5709, 28.2743,  0.1144,  5.5479, -4.0801, -7.0551,  0.    ,  0.    , -1.7765, -1.2764,  0.    ,  0.    ,  0.    ,  0.    ,  0.    ,  0.    ,  0.    ,  0.    ,  1.2848,-15.4355
H8,-38.033 ,  1.4193, 28.5301,  0.0658,  5.536 , -4.1179, -7.1944,  0.    ,  0.    , -1.7816, -1.5453,  0.    ,  0.    ,  0.    ,  0.    ,  0.    ,  0.    ,  0.    ,  0.    ,  1.1135,-16.0077
H7,-38.0648,  1.4225, 28.5508,  0.0656,  5.5353, -4.119 , -7.2027,  0.    ,  0.    , -1.7824, -1.5452,  0.    ,  0.    ,  0.    ,  0.    ,  0.    ,  0.    ,  0.    ,  0.    ,  1.1186,-16.0214
A9,-38.7155,  1.771 , 29.9711,  0.0631,  5.7758, -4.3215, -7.3544,  0.    ,  0.    , -1.7691, -1.4893,  0.    ,  0.    ,  0.    ,  0.    ,  0.    ,  0.    ,  0.    ,  0.    ,  1.0363,-15.0326
H11,-39.0743,  2.0263, 28.6303,  0.0771,  5.9334, -4.7247, -6.6708,  0.    ,  0.    , -1.7838, -1.2912,  0.    ,  0.    ,  0.    ,  0.    ,  0.    ,  0.    ,  0.    ,  0.    ,  0.906 ,-15.9716
B1,-38.0818,  1.3612, 28.0162,  0.0663,  5.7509, -4.3346, -7.3486,  0.    ,  0.    , -1.79  , -0.7216,  0.    ,  0.    ,  0.    ,  0.    ,  0.    ,  0.    ,  0.    ,  0.    ,  0.7306,-16.3514
