MUT_116MET_120ILE_121PHE_124ALA_161ASN_163PHE_199TYR_bj1.pdb:LIG_270 -41.3517 3.56884 27.967 0.23643 6.17322 -4.28127 -6.79271 0 0 -1.51233 -1.52234 0 0 0 0 0 0 0 0 2.12884 -15.386
MUT_116MET_120ILE_121PHE_124ALA_161ASN_163PHE_199TYR_bj2.pdb:LIG_270 -41.3903 3.27 27.8167 0.50797 6.33335 -4.28878 -6.69493 0 0 -1.49792 -1.44685 0 0 0 0 0 0 0 0 2.95085 -14.4399
MUT_116MET_120ILE_121PHE_124ALA_161ASN_163PHE_199TYR_bj3.pdb:LIG_270 -41.5347 3.59972 27.9164 0.45108 6.20292 -4.27126 -6.6425 0 0 -1.47631 -1.45784 0 0 0 0 0 0 0 0 2.44681 -14.7657
MUT_117THR_120LEU_121ALA_124LEU_161ALA_163ALA_216LEU_232LEU_bj1.pdb:LIG_270 -39.5725 1.61512 28.2689 0.1482 5.54921 -4.29286 -7.58693 0 0 -1.50353 -1.22289 0 0 0 0 0 0 0 0 1.11543 -17.4818
MUT_117THR_120LEU_121ALA_124LEU_161ALA_163ALA_216LEU_232LEU_bj2.pdb:LIG_270 -39.5663 1.61065 28.2614 0.14843 5.54441 -4.29417 -7.5819 0 0 -1.50181 -1.2222 0 0 0 0 0 0 0 0 1.13005 -17.4715
MUT_117THR_120LEU_121ALA_124LEU_161ALA_163ALA_216LEU_232LEU_bj3.pdb:LIG_270 -39.5662 1.61121 28.2652 0.14486 5.53716 -4.29734 -7.58931 0 0 -1.50126 -1.22249 0 0 0 0 0 0 0 0 1.17359 -17.4447
MUT_117THR_120LEU_121ALA_124LEU_161VAL_163THR_216LEU_bj1.pdb:LIG_270 -41.4297 2.20602 29.0326 0.10816 5.5758 -4.21532 -7.62866 0 0 -1.50817 -1.21104 0 0 0 0 0 0 0 0 1.38675 -17.6836
MUT_117THR_120LEU_121ALA_124LEU_161VAL_163THR_216LEU_bj2.pdb:LIG_270 -41.1231 2.10043 28.6983 0.13647 5.631 -4.17499 -7.54684 0 0 -1.47212 -1.22589 0 0 0 0 0 0 0 0 1.3086 -17.6682
MUT_117THR_120LEU_121ALA_124LEU_161VAL_163THR_216LEU_bj3.pdb:LIG_270 -41.1231 2.10043 28.6983 0.13647 5.631 -4.17499 -7.54684 0 0 -1.47212 -1.22589 0 0 0 0 0 0 0 0 1.3086 -17.6682
MUT_117THR_120LEU_121LEU_124LEU_161ALA_163ALA_216LEU_232LEU_bj1.pdb:LIG_270 -39.8494 2.38244 28.1146 0.13954 5.75551 -4.19427 -7.31041 0 0 -1.48901 -0.70344 0 0 0 0 0 0 0 0 1.01864 -16.1358
MUT_117THR_120LEU_121LEU_124LEU_161ALA_163ALA_216LEU_232LEU_bj2.pdb:LIG_270 -39.8506 2.38881 28.1109 0.13902 5.75437 -4.19409 -7.31241 0 0 -1.48954 -0.70342 0 0 0 0 0 0 0 0 1.02574 -16.1313
MUT_117THR_120LEU_121LEU_124LEU_161ALA_163ALA_216LEU_232LEU_bj3.pdb:LIG_270 -39.8341 2.38829 28.1262 0.13828 5.75421 -4.19925 -7.3207 0 0 -1.4913 -0.70301 0 0 0 0 0 0 0 0 1.03128 -16.1101
MUT_117THR_120LEU_121LEU_124LEU_161VAL_163ALA_216LEU_232SER_bj1.pdb:LIG_270 -40.223 2.28709 28.5613 0.36511 5.6568 -4.26741 -7.38761 0 0 -1.49657 -0.71093 0 0 0 0 0 0 0 0 1.17737 -16.0378
MUT_117THR_120LEU_121LEU_124LEU_161VAL_163ALA_216LEU_232SER_bj2.pdb:LIG_270 -40.2726 2.31287 28.5906 0.37619 5.65008 -4.27191 -7.41101 0 0 -1.4974 -0.71015 0 0 0 0 0 0 0 0 1.1726 -16.0607
MUT_117THR_120LEU_121LEU_124LEU_161VAL_163ALA_216LEU_232SER_bj3.pdb:LIG_270 -40.268 2.3042 28.59 0.37645 5.64964 -4.27248 -7.40876 0 0 -1.49785 -0.70969 0 0 0 0 0 0 0 0 1.1841 -16.0525
MUT_117THR_120LEU_121LEU_124LEU_161VAL_163THR_216LEU_bj1.pdb:LIG_270 -42.3161 3.34948 28.9869 0.54411 5.78947 -4.26164 -7.73611 0 0 -1.49632 -1.09482 0 0 0 0 0 0 0 0 1.65972 -16.5753
MUT_117THR_120LEU_121LEU_124LEU_161VAL_163THR_216LEU_bj2.pdb:LIG_270 -42.352 3.38791 29.0235 0.53322 5.7725 -4.27173 -7.73944 0 0 -1.49677 -1.10869 0 0 0 0 0 0 0 0 1.66757 -16.5839
MUT_117THR_120LEU_121LEU_124LEU_161VAL_163THR_216LEU_bj3.pdb:LIG_270 -42.2955 3.33216 28.9646 0.55061 5.80355 -4.25303 -7.72857 0 0 -1.49641 -1.09483 0 0 0 0 0 0 0 0 1.64244 -16.575
MUT_117THR_120LEU_121PHE_124LEU_161VAL_163ALA_216LEU_232SER_bj1.pdb:LIG_270 -40.3422 2.22145 28.463 0.29649 5.64528 -4.24271 -7.50316 0 0 -1.50217 -0.71179 0 0 0 0 0 0 0 0 1.04877 -16.6271
MUT_117THR_120LEU_121PHE_124LEU_161VAL_163ALA_216LEU_232SER_bj2.pdb:LIG_270 -40.3433 2.21138 28.456 0.29605 5.64967 -4.23987 -7.4914 0 0 -1.50018 -0.71246 0 0 0 0 0 0 0 0 1.04838 -16.6257
MUT_117THR_120LEU_121PHE_124LEU_161VAL_163ALA_216LEU_232SER_bj3.pdb:LIG_270 -40.3545 2.23689 28.4694 0.29535 5.65207 -4.24316 -7.51388 0 0 -1.50259 -0.71172 0 0 0 0 0 0 0 0 1.04201 -16.6301
MUT_117THR_120LEU_121THR_124LEU_161VAL_163ALA_216LEU_232SER_bj1.pdb:LIG_270 -39.6133 1.59831 28.6227 0.23029 5.46023 -4.28283 -7.50645 0 0 -1.4906 -1.20573 0 0 0 0 0 0 0 0 0.9947 -17.1927
MUT_117THR_120LEU_121THR_124LEU_161VAL_163ALA_216LEU_232SER_bj2.pdb:LIG_270 -39.6122 1.60146 28.6168 0.22978 5.46175 -4.2829 -7.51093 0 0 -1.49063 -1.20615 0 0 0 0 0 0 0 0 0.99574 -17.1972
MUT_117THR_120LEU_121THR_124LEU_161VAL_163ALA_216LEU_232SER_bj3.pdb:LIG_270 -39.6143 1.60696 28.6198 0.23644 5.45665 -4.2839 -7.51956 0 0 -1.49375 -1.20904 0 0 0 0 0 0 0 0 1.00276 -17.198
MUT_117THR_120LEU_121VAL_124LEU_161VAL_163ALA_216LEU_232SER_bj1.pdb:LIG_270 -39.5062 1.57953 28.6732 0.0901 5.45365 -4.31661 -7.45012 0 0 -1.48469 -1.21374 0 0 0 0 0 0 0 0 1.00902 -17.1659
MUT_117THR_120LEU_121VAL_124LEU_161VAL_163ALA_216LEU_232SER_bj2.pdb:LIG_270 -38.9331 1.67089 28.1641 0.09372 5.64761 -4.19766 -7.48764 0 0 -1.48541 -0.728 0 0 0 0 0 0 0 0 0.98101 -16.2745
MUT_117THR_120LEU_121VAL_124LEU_161VAL_163ALA_216LEU_232SER_bj3.pdb:LIG_270 -39.5062 1.57953 28.6732 0.0901 5.45365 -4.31661 -7.45012 0 0 -1.48469 -1.21374 0 0 0 0 0 0 0 0 1.00902 -17.1659
MUT_117THR_120LEU_124LEU_161ALA_163ALA_216LEU_232CYS_bj1.pdb:LIG_270 -39.6168 1.82432 28.5382 0.24573 5.68734 -4.22782 -7.60899 0 0 -1.48844 -1.16063 0 0 0 0 0 0 0 0 0.86427 -16.9429
MUT_117THR_120LEU_124LEU_161ALA_163ALA_216LEU_232CYS_bj2.pdb:LIG_270 -40.0805 2.26936 28.4202 0.24064 5.71259 -4.15639 -7.62744 0 0 -1.50449 -0.70012 0 0 0 0 0 0 0 0 1.02452 -16.4016
MUT_117THR_120LEU_124LEU_161ALA_163ALA_216LEU_232CYS_bj3.pdb:LIG_270 -40.0947 2.2742 28.432 0.23952 5.7191 -4.15799 -7.63275 0 0 -1.50389 -0.70107 0 0 0 0 0 0 0 0 1.02369 -16.4019
MUT_117THR_120LEU_124LEU_161ALA_163ALA_216LEU_232LEU_bj1.pdb:LIG_270 -40.4228 2.36769 28.377 0.1793 5.69431 -4.18132 -7.57784 0 0 -1.50526 -0.70067 0 0 0 0 0 0 0 0 1.13166 -16.6379
MUT_117THR_120LEU_124LEU_161ALA_163ALA_216LEU_232LEU_bj2.pdb:LIG_270 -40.4174 2.38744 28.3779 0.1877 5.69578 -4.18078 -7.59646 0 0 -1.50681 -0.69951 0 0 0 0 0 0 0 0 1.12967 -16.6224
MUT_117THR_120LEU_124LEU_161ALA_163ALA_216LEU_232LEU_bj3.pdb:LIG_270 -40.4062 2.36006 28.3667 0.17992 5.6937 -4.17882 -7.56863 0 0 -1.50329 -0.70077 0 0 0 0 0 0 0 0 1.12145 -16.6359
MUT_117THR_120LEU_124LEU_161ALA_163ALA_216LEU_232SER_bj1.pdb:LIG_270 -39.4733 2.11737 28.5267 0.25812 5.67597 -4.21028 -7.52379 0 0 -1.50182 -0.70529 0 0 0 0 0 0 0 0 1.00011 -15.8362
MUT_117THR_120LEU_124LEU_161ALA_163ALA_216LEU_232SER_bj2.pdb:LIG_270 -39.4814 2.11807 28.5327 0.25789 5.68003 -4.21212 -7.52638 0 0 -1.5026 -0.70546 0 0 0 0 0 0 0 0 0.99858 -15.8407
MUT_117THR_120LEU_124LEU_161ALA_163ALA_216LEU_232SER_bj3.pdb:LIG_270 -39.4735 2.11469 28.5242 0.25904 5.67899 -4.21064 -7.52337 0 0 -1.50111 -0.70521 0 0 0 0 0 0 0 0 0.99861 -15.8383
MUT_117THR_120LEU_124LEU_161ASN_163CYS_216LEU_bj1.pdb:LIG_270 -42.4045 3.38237 29.7381 0.25782 5.59594 -4.33026 -8.21034 0 0 -1.47624 -1.71 0 0 0 0 0 0 0 0 1.39611 -17.7609
MUT_117THR_120LEU_124LEU_161ASN_163CYS_216LEU_bj2.pdb:LIG_270 -42.2898 3.34968 29.8379 0.23664 5.70702 -4.74118 -7.74888 0 0 -1.50212 -0.71436 0 0 0 0 0 0 0 0 1.34582 -16.5193
MUT_117THR_120LEU_124LEU_161ASN_163CYS_216LEU_bj3.pdb:LIG_270 -42.4142 3.39283 29.7329 0.26925 5.58857 -4.3533 -8.20084 0 0 -1.47502 -1.66827 0 0 0 0 0 0 0 0 1.39022 -17.7378
MUT_117THR_120LEU_124LEU_161ASN_163CYS_bj1.pdb:LIG_270 -41.9978 3.37385 29.4678 0.23638 5.76787 -4.6693 -7.60224 0 0 -1.49367 -0.71623 0 0 0 0 0 0 0 0 1.56453 -16.0688
MUT_117THR_120LEU_124LEU_161ASN_163CYS_bj2.pdb:LIG_270 -41.9611 3.35032 29.4451 0.23837 5.79081 -4.65144 -7.60221 0 0 -1.49778 -0.71603 0 0 0 0 0 0 0 0 1.57346 -16.0305
MUT_117THR_120LEU_124LEU_161ASN_163CYS_bj3.pdb:LIG_270 -41.9864 3.36466 29.4709 0.23666 5.76763 -4.66746 -7.60297 0 0 -1.49418 -0.71648 0 0 0 0 0 0 0 0 1.55345 -16.0742
MUT_117THR_120LEU_124LEU_161VAL_163ALA_216LEU_232ALA_bj1.pdb:LIG_270 -39.6383 1.93574 28.1307 0.3097 5.63031 -4.12722 -7.49445 0 0 -1.48625 -0.72957 0 0 0 0 0 0 0 0 1.08935 -16.3801
MUT_117THR_120LEU_124LEU_161VAL_163ALA_216LEU_232ALA_bj2.pdb:LIG_270 -40.191 2.19042 28.2472 0.28743 5.61176 -4.21219 -7.49974 0 0 -1.49913 -0.71332 0 0 0 0 0 0 0 0 1.05529 -16.7233
MUT_117THR_120LEU_124LEU_161VAL_163ALA_216LEU_232ALA_bj3.pdb:LIG_270 -39.3845 2.17708 27.8154 0.32744 5.73429 -3.99311 -7.64012 0 0 -1.48106 -0.72574 0 0 0 0 0 0 0 0 1.18791 -15.9825
MUT_117THR_120LEU_124LEU_161VAL_163ALA_216LEU_232LEU_bj1.pdb:LIG_270 -41.1825 2.5341 28.3473 0.21428 5.64916 -4.22001 -7.52413 0 0 -1.50171 -0.70937 0 0 0 0 0 0 0 0 1.18557 -17.2073
MUT_117THR_120LEU_124LEU_161VAL_163ALA_216LEU_232LEU_bj2.pdb:LIG_270 -41.1775 2.54343 28.364 0.19963 5.64123 -4.22485 -7.54474 0 0 -1.50279 -0.70926 0 0 0 0 0 0 0 0 1.18815 -17.2227
MUT_117THR_120LEU_124LEU_161VAL_163ALA_216LEU_232LEU_bj3.pdb:LIG_270 -40.9348 2.03377 28.6166 0.3244 5.54306 -4.18783 -7.50074 0 0 -1.47999 -1.16791 0 0 0 0 0 0 0 0 0.97543 -17.778
MUT_117THR_120LEU_124LEU_161VAL_163ALA_216LEU_232SER_bj1.pdb:LIG_270 -39.8783 1.72528 28.5571 0.34215 5.51586 -4.22558 -7.44264 0 0 -1.43082 -1.20727 0 0 0 0 0 0 0 0 1.016 -17.0282
MUT_117THR_120LEU_124LEU_161VAL_163ALA_216LEU_232SER_bj2.pdb:LIG_270 -39.8783 1.72528 28.5571 0.34215 5.51586 -4.22558 -7.44264 0 0 -1.43082 -1.20727 0 0 0 0 0 0 0 0 1.016 -17.0282
MUT_117THR_120LEU_124LEU_161VAL_163ALA_216LEU_232SER_bj3.pdb:LIG_270 -40.1122 2.07477 28.452 0.28063 5.62517 -4.28249 -7.38902 0 0 -1.4879 -0.71663 0 0 0 0 0 0 0 0 1.09357 -16.4621
MUT_117THR_120LEU_124LEU_161VAL_163ALA_216LEU_232THR_bj1.pdb:LIG_270 -40.6437 2.17494 28.6042 0.27591 5.62426 -4.24269 -7.59267 0 0 -1.49803 -0.71264 0 0 0 0 0 0 0 0 1.04944 -16.961
MUT_117THR_120LEU_124LEU_161VAL_163ALA_216LEU_232THR_bj2.pdb:LIG_270 -40.6561 1.99791 28.9856 0.39914 5.48498 -4.24009 -7.71007 0 0 -1.4956 -1.19352 0 0 0 0 0 0 0 0 0.99751 -17.4303
MUT_117THR_120LEU_124LEU_161VAL_163ALA_216LEU_232THR_bj3.pdb:LIG_270 -40.6641 2.18944 28.6134 0.27921 5.61461 -4.24736 -7.6083 0 0 -1.50073 -0.71303 0 0 0 0 0 0 0 0 1.07045 -16.9664
MUT_117THR_120LEU_124LEU_161VAL_163ALA_216LEU_232VAL_bj1.pdb:LIG_270 -40.4771 1.84537 28.1938 0.3114 5.52718 -4.20403 -7.46185 0 0 -1.43281 -1.21186 0 0 0 0 0 0 0 0 1.02078 -17.8891
MUT_117THR_120LEU_124LEU_161VAL_163ALA_216LEU_232VAL_bj2.pdb:LIG_270 -40.9529 2.35446 28.2213 0.2565 5.63971 -4.22744 -7.51377 0 0 -1.49918 -0.71027 0 0 0 0 0 0 0 0 1.12774 -17.3038
MUT_117THR_120LEU_124LEU_161VAL_163ALA_216LEU_232VAL_bj3.pdb:LIG_270 -40.9651 2.35767 28.2188 0.25811 5.64068 -4.22542 -7.51449 0 0 -1.49857 -0.71059 0 0 0 0 0 0 0 0 1.12963 -17.3093
MUT_117THR_120LEU_124LEU_161VAL_163ALA_216LEU_bj1.pdb:LIG_270 -41.9368 2.90168 28.28 0.29168 5.63586 -4.21776 -7.54038 0 0 -1.49758 -0.71519 0 0 0 0 0 0 0 0 1.2746 -17.5238
MUT_117THR_120LEU_124LEU_161VAL_163ALA_216LEU_bj2.pdb:LIG_270 -41.9145 2.90821 28.2782 0.2837 5.63191 -4.22375 -7.52826 0 0 -1.4966 -0.71541 0 0 0 0 0 0 0 0 1.26728 -17.5092
MUT_117THR_120LEU_124LEU_161VAL_163ALA_216LEU_bj3.pdb:LIG_270 -42.0897 2.51841 28.7441 0.40528 5.59202 -4.21073 -7.65901 0 0 -1.50156 -1.18691 0 0 0 0 0 0 0 0 1.1165 -18.2716
MUT_117THR_120LEU_124LEU_161VAL_163CYS_216LEU_232ALA_bj1.pdb:LIG_270 -39.8615 2.53358 28.1424 0.44446 5.83869 -3.97384 -7.69076 0 0 -1.49524 -0.70976 0 0 0 0 0 0 0 0 1.06271 -15.7093
MUT_117THR_120LEU_124LEU_161VAL_163CYS_216LEU_232ALA_bj2.pdb:LIG_270 -40.7922 2.46897 29.0321 0.55023 5.59403 -4.20668 -7.73526 0 0 -1.50498 -1.20398 0 0 0 0 0 0 0 0 1.08467 -16.7131
MUT_117THR_120LEU_124LEU_161VAL_163CYS_216LEU_232ALA_bj3.pdb:LIG_270 -40.4604 2.45446 28.4509 0.35582 5.7221 -4.20895 -7.47252 0 0 -1.49782 -0.70922 0 0 0 0 0 0 0 0 0.96159 -16.4041
MUT_117THR_120LEU_124LEU_161VAL_163CYS_216LEU_232CYS_bj1.pdb:LIG_270 -40.9102 2.44109 28.5771 0.3721 5.70144 -4.21363 -7.50248 0 0 -1.49616 -0.71086 0 0 0 0 0 0 0 0 0.97708 -16.7645
MUT_117THR_120LEU_124LEU_161VAL_163CYS_216LEU_232CYS_bj2.pdb:LIG_270 -40.9102 2.44109 28.5771 0.3721 5.70144 -4.21363 -7.50248 0 0 -1.49616 -0.71086 0 0 0 0 0 0 0 0 0.97708 -16.7645
MUT_117THR_120LEU_124LEU_161VAL_163CYS_216LEU_232CYS_bj3.pdb:LIG_270 -40.8913 2.42676 28.5637 0.37901 5.69186 -4.2115 -7.4876 0 0 -1.49454 -0.71134 0 0 0 0 0 0 0 0 0.97205 -16.7629
MUT_117THR_120LEU_124LEU_161VAL_163CYS_216LEU_232SER_bj1.pdb:LIG_270 -40.5636 2.48733 28.7561 0.35365 5.73188 -4.27725 -7.49823 0 0 -1.50051 -0.70736 0 0 0 0 0 0 0 0 0.96125 -16.2568
MUT_117THR_120LEU_124LEU_161VAL_163CYS_216LEU_232SER_bj2.pdb:LIG_270 -40.4591 2.09897 29.0936 0.37583 5.5968 -4.25051 -7.52429 0 0 -1.48197 -1.17377 0 0 0 0 0 0 0 0 0.94473 -16.7797
MUT_117THR_120LEU_124LEU_161VAL_163CYS_216LEU_232SER_bj3.pdb:LIG_270 -40.5636 2.48733 28.7561 0.35365 5.73188 -4.27725 -7.49823 0 0 -1.50051 -0.70736 0 0 0 0 0 0 0 0 0.96125 -16.2568
MUT_117THR_120LEU_124LEU_161VAL_163CYS_216LEU_232THR_bj1.pdb:LIG_270 -40.8404 2.39129 28.7565 0.36345 5.69153 -4.25102 -7.53271 0 0 -1.49496 -0.71186 0 0 0 0 0 0 0 0 0.98126 -16.6469
MUT_117THR_120LEU_124LEU_161VAL_163CYS_216LEU_232THR_bj2.pdb:LIG_270 -40.7982 2.03902 29.1008 0.31797 5.51049 -4.22135 -7.60179 0 0 -1.47907 -1.18297 0 0 0 0 0 0 0 0 1.01684 -17.2982
MUT_117THR_120LEU_124LEU_161VAL_163CYS_216LEU_232THR_bj3.pdb:LIG_270 -41.055 2.11919 29.21 0.35441 5.48912 -4.24234 -7.59817 0 0 -1.49183 -1.2106 0 0 0 0 0 0 0 0 1.00961 -17.4156
MUT_117THR_120LEU_124LEU_161VAL_163CYS_216LEU_232VAL_bj1.pdb:LIG_270 -41.2588 2.45979 28.445 0.28528 5.7009 -4.21432 -7.44765 0 0 -1.49503 -0.7094 0 0 0 0 0 0 0 0 1.06482 -17.1693
MUT_117THR_120LEU_124LEU_161VAL_163CYS_216LEU_232VAL_bj2.pdb:LIG_270 -41.094 2.42338 28.425 0.3208 5.67902 -4.21859 -7.45401 0 0 -1.49288 -0.71122 0 0 0 0 0 0 0 0 1.05411 -17.0684
MUT_117THR_120LEU_124LEU_161VAL_163CYS_216LEU_232VAL_bj3.pdb:LIG_270 -41.2577 2.45555 28.4264 0.28831 5.68928 -4.21264 -7.43968 0 0 -1.49435 -0.71018 0 0 0 0 0 0 0 0 1.07699 -17.1779
MUT_117THR_120LEU_124LEU_161VAL_163CYS_216LEU_bj1.pdb:LIG_270 -42.3983 3.44669 28.6758 0.2055 5.70443 -4.27272 -7.60983 0 0 -1.50509 -0.70836 0 0 0 0 0 0 0 0 1.46452 -16.9973
MUT_117THR_120LEU_124LEU_161VAL_163CYS_216LEU_bj2.pdb:LIG_270 -42.4137 3.43795 28.6896 0.20152 5.7117 -4.2734 -7.61088 0 0 -1.50517 -0.70984 0 0 0 0 0 0 0 0 1.47206 -17.0001
MUT_117THR_120LEU_124LEU_161VAL_163CYS_216LEU_bj3.pdb:LIG_270 -42.403 3.44831 28.6799 0.20425 5.70377 -4.2727 -7.6153 0 0 -1.50537 -0.70892 0 0 0 0 0 0 0 0 1.47495 -16.9941
MUT_117THR_120LEU_124LEU_161VAL_163LEU_216LEU_232ALA_bj1.pdb:LIG_270 -40.1774 3.13717 28.2159 0.33672 5.66925 -4.00215 -7.29373 0 0 -1.47687 -1.30104 0 0 0 0 0 0 0 0 1.33962 -15.5525
MUT_117THR_120LEU_124LEU_161VAL_163LEU_216LEU_232ALA_bj2.pdb:LIG_270 -40.1514 3.19887 28.1687 0.40096 5.71523 -3.98502 -7.34563 0 0 -1.48328 -1.28673 0 0 0 0 0 0 0 0 1.26485 -15.5035
MUT_117THR_120LEU_124LEU_161VAL_163LEU_216LEU_232ALA_bj3.pdb:LIG_270 -40.1564 3.14155 28.1965 0.34958 5.68314 -3.99851 -7.29208 0 0 -1.47599 -1.30398 0 0 0 0 0 0 0 0 1.31724 -15.5389
MUT_117THR_120LEU_124LEU_161VAL_163LEU_216LEU_232CYS_bj1.pdb:LIG_270 -40.2061 2.80582 27.9657 0.24034 5.78058 -4.09618 -7.51941 0 0 -1.46948 -0.73477 0 0 0 0 0 0 0 0 1.25472 -15.9788
MUT_117THR_120LEU_124LEU_161VAL_163LEU_216LEU_232CYS_bj2.pdb:LIG_270 -41.0156 2.60182 28.705 0.2183 5.54027 -4.27658 -7.13065 0 0 -1.49647 -1.36106 0 0 0 0 0 0 0 0 1.20597 -17.009
MUT_117THR_120LEU_124LEU_161VAL_163LEU_216LEU_232CYS_bj3.pdb:LIG_270 -40.9651 2.76212 28.7433 0.21784 5.57478 -4.23301 -7.56006 0 0 -1.50225 -1.23533 0 0 0 0 0 0 0 0 1.21472 -16.983
MUT_117THR_120LEU_124LEU_161VAL_163LEU_216LEU_232LEU_bj1.pdb:LIG_270 -41.1843 3.07482 27.8352 0.12256 5.66742 -4.06142 -7.36908 0 0 -1.46034 -1.29873 0 0 0 0 0 0 0 0 1.71222 -16.9617
MUT_117THR_120LEU_124LEU_161VAL_163LEU_216LEU_232LEU_bj2.pdb:LIG_270 -40.9377 3.24652 27.895 0.10198 5.68518 -4.02611 -7.35229 0 0 -1.46082 -1.27469 0 0 0 0 0 0 0 0 1.61184 -16.5112
MUT_117THR_120LEU_124LEU_161VAL_163LEU_216LEU_232LEU_bj3.pdb:LIG_270 -41.4237 3.10569 28.8181 0.51958 5.66592 -4.12456 -7.68078 0 0 -1.51287 -1.23461 0 0 0 0 0 0 0 0 1.18289 -16.6843
MUT_117THR_120LEU_124LEU_161VAL_163LEU_216LEU_232SER_bj1.pdb:LIG_270 -40.1081 3.24903 28.2735 0.43711 5.73201 -4.0354 -7.39235 0 0 -1.47742 -1.26117 0 0 0 0 0 0 0 0 1.29084 -15.2919
MUT_117THR_120LEU_124LEU_161VAL_163LEU_216LEU_232SER_bj2.pdb:LIG_270 -40.6664 2.76677 28.9085 0.25821 5.56074 -4.27081 -7.48382 0 0 -1.50183 -1.24233 0 0 0 0 0 0 0 0 1.35333 -16.3176
MUT_117THR_120LEU_124LEU_161VAL_163LEU_216LEU_232SER_bj3.pdb:LIG_270 -40.1022 3.24342 28.2682 0.43635 5.73201 -4.03386 -7.38425 0 0 -1.47668 -1.26154 0 0 0 0 0 0 0 0 1.28494 -15.2936
MUT_117THR_120LEU_124LEU_161VAL_163LEU_216LEU_232THR_bj1.pdb:LIG_270 -40.7977 3.17751 28.3716 0.11542 5.59272 -4.18042 -7.54544 0 0 -1.50124 -0.7164 0 0 0 0 0 0 0 0 1.82176 -15.6622
MUT_117THR_120LEU_124LEU_161VAL_163LEU_216LEU_232THR_bj2.pdb:LIG_270 -40.7952 3.17478 28.3695 0.11504 5.59217 -4.17936 -7.54265 0 0 -1.50192 -0.71605 0 0 0 0 0 0 0 0 1.81659 -15.667
MUT_117THR_120LEU_124LEU_161VAL_163LEU_216LEU_232THR_bj3.pdb:LIG_270 -40.9064 2.7638 28.7655 0.23894 5.56242 -4.23415 -7.54975 0 0 -1.50128 -1.24018 0 0 0 0 0 0 0 0 1.34585 -16.7552
MUT_117THR_120LEU_124LEU_161VAL_163LEU_216LEU_232VAL_bj1.pdb:LIG_270 -41.161 3.11031 28.1044 0.10686 5.62044 -4.20212 -7.49617 0 0 -1.50259 -0.71443 0 0 0 0 0 0 0 0 1.67753 -16.4568
MUT_117THR_120LEU_124LEU_161VAL_163LEU_216LEU_232VAL_bj2.pdb:LIG_270 -41.0462 2.69765 28.4717 0.14904 5.57296 -4.20894 -7.43318 0 0 -1.49185 -1.22573 0 0 0 0 0 0 0 0 1.23631 -17.2783
MUT_117THR_120LEU_124LEU_161VAL_163LEU_216LEU_232VAL_bj3.pdb:LIG_270 -41.0462 2.69765 28.4717 0.14904 5.57296 -4.20894 -7.43318 0 0 -1.49185 -1.22573 0 0 0 0 0 0 0 0 1.23631 -17.2783
MUT_117THR_120LEU_124LEU_161VAL_163PHE_216LEU_232ALA_bj1.pdb:LIG_270 -41.2572 3.21937 28.9603 0.43588 5.59318 -4.08393 -7.6179 0 0 -1.49708 -1.25464 0 0 0 0 0 0 0 0 1.51841 -15.9836
MUT_117THR_120LEU_124LEU_161VAL_163PHE_216LEU_232ALA_bj2.pdb:LIG_270 -40.4471 3.25012 28.2281 0.32945 5.79209 -3.90125 -7.65583 0 0 -1.47498 -0.73118 0 0 0 0 0 0 0 0 1.47518 -15.1354
MUT_117THR_120LEU_124LEU_161VAL_163PHE_216LEU_232ALA_bj3.pdb:LIG_270 -40.4214 3.22321 28.2173 0.32128 5.77955 -3.89663 -7.67277 0 0 -1.47265 -0.73051 0 0 0 0 0 0 0 0 1.49884 -15.1538
MUT_117THR_120LEU_124LEU_161VAL_163PHE_216LEU_232CYS_bj1.pdb:LIG_270 -40.682 3.3925 28.3068 0.31961 5.80645 -3.91639 -7.66808 0 0 -1.47994 -0.73178 0 0 0 0 0 0 0 0 1.49066 -15.1621
MUT_117THR_120LEU_124LEU_161VAL_163PHE_216LEU_232CYS_bj2.pdb:LIG_270 -40.679 3.39148 28.3104 0.31687 5.80278 -3.91632 -7.67411 0 0 -1.48036 -0.73156 0 0 0 0 0 0 0 0 1.49567 -15.1641
MUT_117THR_120LEU_124LEU_161VAL_163PHE_216LEU_232CYS_bj3.pdb:LIG_270 -40.672 3.38868 28.3106 0.31519 5.79715 -3.91533 -7.66898 0 0 -1.47879 -0.73168 0 0 0 0 0 0 0 0 1.48463 -15.1705
MUT_117THR_120LEU_124LEU_161VAL_163PHE_216LEU_232SER_bj1.pdb:LIG_270 -40.8975 3.19227 28.3779 0.24094 5.79147 -4.14804 -7.29999 0 0 -1.48649 -1.29379 0 0 0 0 0 0 0 0 1.6527 -15.8706
MUT_117THR_120LEU_124LEU_161VAL_163PHE_216LEU_232SER_bj2.pdb:LIG_270 -40.9862 3.37592 28.5456 0.33802 5.78122 -4.21906 -7.62736 0 0 -1.5158 -0.69808 0 0 0 0 0 0 0 0 1.54152 -15.4642
MUT_117THR_120LEU_124LEU_161VAL_163PHE_216LEU_232SER_bj3.pdb:LIG_270 -40.6324 3.28487 28.1436 0.29621 5.82272 -4.15969 -7.42705 0 0 -1.49255 -1.2649 0 0 0 0 0 0 0 0 1.64159 -15.7876
MUT_117THR_120LEU_124LEU_161VAL_163PHE_216LEU_232THR_bj1.pdb:LIG_270 -40.2304 3.28314 28.3875 0.26528 5.80563 -3.99041 -7.75516 0 0 -1.48631 -0.72922 0 0 0 0 0 0 0 0 1.4679 -14.9821
MUT_117THR_120LEU_124LEU_161VAL_163PHE_216LEU_232THR_bj2.pdb:LIG_270 -41.1983 3.31428 29.1704 0.3933 5.60193 -4.11412 -7.68361 0 0 -1.50562 -1.24619 0 0 0 0 0 0 0 0 1.48715 -15.7807
MUT_117THR_120LEU_124LEU_161VAL_163PHE_216LEU_232THR_bj3.pdb:LIG_270 -40.4633 3.43889 28.1521 0.32685 5.8201 -4.16341 -7.49498 0 0 -1.49201 -1.24188 0 0 0 0 0 0 0 0 1.56989 -15.5477
MUT_117THR_120LEU_124LEU_161VAL_163PHE_216LEU_232VAL_bj1.pdb:LIG_270 -41.2375 3.2228 28.6595 0.37483 5.61473 -4.06311 -7.50777 0 0 -1.46649 -1.26339 0 0 0 0 0 0 0 0 1.4396 -16.2268
MUT_117THR_120LEU_124LEU_161VAL_163PHE_216LEU_232VAL_bj2.pdb:LIG_270 -41.2375 3.2228 28.6595 0.37483 5.61473 -4.06311 -7.50777 0 0 -1.46649 -1.26339 0 0 0 0 0 0 0 0 1.4396 -16.2268
MUT_117THR_120LEU_124LEU_161VAL_163PHE_216LEU_232VAL_bj3.pdb:LIG_270 -40.84 3.3149 27.9658 0.28367 5.8009 -4.12517 -7.39912 0 0 -1.49066 -1.26411 0 0 0 0 0 0 0 0 1.73467 -16.0192
MUT_117THR_120LEU_124LEU_161VAL_163PHE_216LEU_bj1.pdb:LIG_270 -42.5166 4.30364 28.408 0.18247 5.81939 -4.18952 -7.66463 0 0 -1.51751 -0.69904 0 0 0 0 0 0 0 0 1.87656 -15.9972
MUT_117THR_120LEU_124LEU_161VAL_163PHE_216LEU_bj2.pdb:LIG_270 -42.5317 4.30739 28.4092 0.18156 5.81753 -4.18985 -7.67 0 0 -1.51654 -0.69902 0 0 0 0 0 0 0 0 1.87225 -16.0192
MUT_117THR_120LEU_124LEU_161VAL_163PHE_216LEU_bj3.pdb:LIG_270 -42.1716 4.2324 28.0709 0.14483 5.85287 -4.1488 -7.49701 0 0 -1.49529 -1.2504 0 0 0 0 0 0 0 0 2.04874 -16.2133
MUT_117THR_120LEU_124LEU_161VAL_163THR_216LEU_232ALA_bj1.pdb:LIG_270 -40.3336 1.94349 28.9746 0.35475 5.58582 -4.19053 -7.55701 0 0 -1.4548 -1.22026 0 0 0 0 0 0 0 0 0.98808 -16.9095
MUT_117THR_120LEU_124LEU_161VAL_163THR_216LEU_232ALA_bj2.pdb:LIG_270 -40.4278 2.22143 29.0093 0.22622 5.60643 -4.20646 -7.50067 0 0 -1.49155 -0.71493 0 0 0 0 0 0 0 0 1.22047 -16.0575
MUT_117THR_120LEU_124LEU_161VAL_163THR_216LEU_232ALA_bj3.pdb:LIG_270 -40.3265 1.94781 28.9784 0.3536 5.58728 -4.19099 -7.56508 0 0 -1.45513 -1.21722 0 0 0 0 0 0 0 0 0.98805 -16.8998
MUT_117THR_120LEU_124LEU_161VAL_163THR_216LEU_232CYS_bj1.pdb:LIG_270 -41.2144 2.18989 29.4845 0.39167 5.53636 -4.24283 -7.7598 0 0 -1.50008 -1.19869 0 0 0 0 0 0 0 0 1.00113 -17.3123
MUT_117THR_120LEU_124LEU_161VAL_163THR_216LEU_232CYS_bj2.pdb:LIG_270 -40.7743 2.00641 29.0851 0.34814 5.59772 -4.20607 -7.63796 0 0 -1.44864 -1.2165 0 0 0 0 0 0 0 0 0.9916 -17.2545
MUT_117THR_120LEU_124LEU_161VAL_163THR_216LEU_232CYS_bj3.pdb:LIG_270 -41.2093 2.18806 29.4783 0.38816 5.53765 -4.24298 -7.75962 0 0 -1.49836 -1.1984 0 0 0 0 0 0 0 0 1.00424 -17.3123
MUT_117THR_120LEU_124LEU_161VAL_163THR_216LEU_232LEU_bj1.pdb:LIG_270 -41.5213 2.20466 29.6182 0.33899 5.55616 -4.12011 -7.75796 0 0 -1.48664 -1.7415 0 0 0 0 0 0 0 0 0.99298 -17.9165
MUT_117THR_120LEU_124LEU_161VAL_163THR_216LEU_232LEU_bj2.pdb:LIG_270 -41.5149 2.5923 29.3733 0.25693 5.65098 -4.1249 -7.66483 0 0 -1.48833 -1.27903 0 0 0 0 0 0 0 0 1.05592 -17.1426
MUT_117THR_120LEU_124LEU_161VAL_163THR_216LEU_232LEU_bj3.pdb:LIG_270 -41.6781 2.32638 29.735 0.38456 5.55679 -4.1411 -7.84652 0 0 -1.49676 -1.73083 0 0 0 0 0 0 0 0 1.03317 -17.8574
MUT_117THR_120LEU_124LEU_161VAL_163THR_216LEU_232SER_bj1.pdb:LIG_270 -40.6088 2.36766 29.3458 0.3565 5.6854 -4.26135 -7.55273 0 0 -1.50539 -0.70712 0 0 0 0 0 0 0 0 0.9987 -15.8814
MUT_117THR_120LEU_124LEU_161VAL_163THR_216LEU_232SER_bj2.pdb:LIG_270 -40.952 2.314 29.6737 0.43871 5.55891 -4.21379 -7.72551 0 0 -1.50418 -1.20151 0 0 0 0 0 0 0 0 1.05061 -16.5611
MUT_117THR_120LEU_124LEU_161VAL_163THR_216LEU_232SER_bj3.pdb:LIG_270 -40.6205 2.37177 29.3537 0.36101 5.68661 -4.26059 -7.55447 0 0 -1.50704 -0.70682 0 0 0 0 0 0 0 0 0.98324 -15.8931
MUT_117THR_120LEU_124LEU_161VAL_163THR_216LEU_232THR_bj1.pdb:LIG_270 -40.9848 2.30233 29.3662 0.38205 5.66578 -4.21176 -7.63099 0 0 -1.50441 -0.70971 0 0 0 0 0 0 0 0 1.00802 -16.3172
MUT_117THR_120LEU_124LEU_161VAL_163THR_216LEU_232THR_bj2.pdb:LIG_270 -41.1086 2.18021 29.6025 0.40261 5.52765 -4.24791 -7.77514 0 0 -1.49633 -1.20049 0 0 0 0 0 0 0 0 1.0102 -17.1053
MUT_117THR_120LEU_124LEU_161VAL_163THR_216LEU_232THR_bj3.pdb:LIG_270 -40.9889 2.30719 29.3719 0.37946 5.66503 -4.21663 -7.63612 0 0 -1.50507 -0.7099 0 0 0 0 0 0 0 0 1.01406 -16.319
MUT_117THR_120LEU_124LEU_161VAL_163THR_216LEU_bj1.pdb:LIG_270 -42.3314 3.33629 29.1637 0.14021 5.71583 -4.28743 -7.65556 0 0 -1.50791 -0.70451 0 0 0 0 0 0 0 0 1.64936 -16.4814
MUT_117THR_120LEU_124LEU_161VAL_163THR_216LEU_bj2.pdb:LIG_270 -42.3461 3.33816 29.1768 0.1405 5.71614 -4.28961 -7.65218 0 0 -1.50986 -0.70393 0 0 0 0 0 0 0 0 1.6362 -16.4939
MUT_117THR_120LEU_124LEU_161VAL_163THR_216LEU_bj3.pdb:LIG_270 -42.284 3.30827 29.122 0.14006 5.72102 -4.27654 -7.63199 0 0 -1.50272 -0.70403 0 0 0 0 0 0 0 0 1.64587 -16.4621
MUT_117THR_120LEU_124LEU_161VAL_163TRP_216LEU_232ALA_bj1.pdb:LIG_270 -43.2161 4.86068 29.3144 0.81517 5.87935 -4.16275 -7.21311 0 0 -1.51106 -1.36266 0 0 0 0 0 0 0 0 3.14507 -13.451
MUT_117THR_120LEU_124LEU_161VAL_163TRP_216LEU_232ALA_bj2.pdb:LIG_270 -43.3334 4.89176 29.3544 0.79652 5.87035 -4.16806 -7.20965 0 0 -1.51242 -1.37501 0 0 0 0 0 0 0 0 3.13915 -13.5464
MUT_117THR_120LEU_124LEU_161VAL_163TRP_216LEU_232ALA_bj3.pdb:LIG_270 -43.3349 4.91503 29.3522 0.79258 5.87388 -4.16642 -7.21236 0 0 -1.51248 -1.37664 0 0 0 0 0 0 0 0 3.11368 -13.5554
MUT_117THR_120LEU_124LEU_161VAL_163TRP_216LEU_232ASN_bj1.pdb:LIG_270 -41.2747 3.76489 28.8505 0.49802 5.88951 -4.01445 -7.4667 0 0 -1.47114 -0.73527 0 0 0 0 0 0 0 0 1.96934 -13.99
MUT_117THR_120LEU_124LEU_161VAL_163TRP_216LEU_232ASN_bj2.pdb:LIG_270 -40.9177 3.88101 28.6759 0.44364 6.18628 -4.07028 -7.77392 0 0 -1.49884 -0.65757 0 0 0 0 0 0 0 0 1.80051 -13.9309
MUT_117THR_120LEU_124LEU_161VAL_163TRP_216LEU_232ASN_bj3.pdb:LIG_270 -43.7386 6.27796 29.2969 0.75373 5.90112 -4.20482 -7.13772 0 0 -1.51628 -1.36616 0 0 0 0 0 0 0 0 4.22131 -11.5125
MUT_117THR_120LEU_124LEU_161VAL_163TRP_216LEU_232ASP_bj1.pdb:LIG_270 -43.8468 5.69783 29.4627 0.66621 5.83985 -4.20728 -7.19094 0 0 -1.51003 -1.37115 0 0 0 0 0 0 0 0 3.79892 -12.6607
MUT_117THR_120LEU_124LEU_161VAL_163TRP_216LEU_232ASP_bj2.pdb:LIG_270 -43.3846 5.98297 29.3202 0.79567 6.06416 -4.16907 -7.8037 0 0 -1.5146 -1.22757 0 0 0 0 0 0 0 0 3.83188 -12.1046
MUT_117THR_120LEU_124LEU_161VAL_163TRP_216LEU_232ASP_bj3.pdb:LIG_270 -42.1824 3.89412 29.7733 0.61786 5.74035 -4.18648 -7.24791 0 0 -1.51194 -1.40828 0 0 0 0 0 0 0 0 2.22155 -14.2898
MUT_117THR_120LEU_124LEU_161VAL_163TRP_216LEU_232CYS_bj1.pdb:LIG_270 -42.5652 5.62931 28.4277 0.92056 6.12036 -4.03922 -7.51254 0 0 -1.49489 -0.68762 0 0 0 0 0 0 0 0 3.14912 -12.0525
MUT_117THR_120LEU_124LEU_161VAL_163TRP_216LEU_232CYS_bj2.pdb:LIG_270 -42.3267 5.17185 28.6513 1.00686 6.13025 -3.8906 -7.65152 0 0 -1.5023 -0.69787 0 0 0 0 0 0 0 0 3.22868 -11.88
MUT_117THR_120LEU_124LEU_161VAL_163TRP_216LEU_232CYS_bj3.pdb:LIG_270 -43.7469 5.73774 29.2451 0.77431 5.8321 -4.00087 -6.65991 0 0 -1.50487 -1.37406 0 0 0 0 0 0 0 0 4.06707 -11.6303
MUT_117THR_120LEU_124LEU_161VAL_163TRP_216LEU_232GLN_bj1.pdb:LIG_270 -43.6343 5.71435 29.3569 0.6986 5.90658 -4.17667 -7.20497 0 0 -1.51941 -1.3585 0 0 0 0 0 0 0 0 3.57917 -12.6382
MUT_117THR_120LEU_124LEU_161VAL_163TRP_216LEU_232GLN_bj2.pdb:LIG_270 -42.4026 6.15898 28.4541 0.70892 6.12444 -3.89274 -7.50442 0 0 -1.47587 -1.00684 0 0 0 0 0 0 0 0 3.70059 -11.1355
MUT_117THR_120LEU_124LEU_161VAL_163TRP_216LEU_232GLN_bj3.pdb:LIG_270 -43.2556 6.15279 29.2146 0.76102 6.10355 -4.18083 -7.75145 0 0 -1.51173 -1.23024 0 0 0 0 0 0 0 0 3.96325 -11.7347
MUT_117THR_120LEU_124LEU_161VAL_163TRP_216LEU_232GLU_bj1.pdb:LIG_270 -42.1761 5.17874 28.475 0.83763 6.19113 -3.93785 -7.59224 0 0 -1.49548 -0.66847 0 0 0 0 0 0 0 0 3.03997 -12.1477
MUT_117THR_120LEU_124LEU_161VAL_163TRP_216LEU_232GLU_bj2.pdb:LIG_270 -42.1773 5.18369 28.4727 0.83668 6.18929 -3.93556 -7.59429 0 0 -1.49349 -0.66944 0 0 0 0 0 0 0 0 3.03016 -12.1576
MUT_117THR_120LEU_124LEU_161VAL_163TRP_216LEU_232GLU_bj3.pdb:LIG_270 -42.2316 5.19618 28.5491 0.89047 6.12441 -3.90625 -7.57715 0 0 -1.48163 -0.67137 0 0 0 0 0 0 0 0 3.15074 -11.9571
MUT_117THR_120LEU_124LEU_161VAL_163TRP_216LEU_232GLY_bj1.pdb:LIG_270 -42.1614 5.01017 28.728 0.23013 5.94126 -4.0151 -7.46477 0 0 -1.49414 -1.23556 0 0 0 0 0 0 0 0 2.67935 -13.782
MUT_117THR_120LEU_124LEU_161VAL_163TRP_216LEU_232GLY_bj2.pdb:LIG_270 -41.6275 4.93942 28.2665 0.19021 5.96357 -4.09843 -7.38244 0 0 -1.47453 -1.17964 0 0 0 0 0 0 0 0 2.68977 -13.7131
MUT_117THR_120LEU_124LEU_161VAL_163TRP_216LEU_232GLY_bj3.pdb:LIG_270 -42.8442 4.48203 29.2275 0.86739 5.77278 -4.16156 -7.63575 0 0 -1.50296 -1.25233 0 0 0 0 0 0 0 0 2.52399 -14.5231
MUT_117THR_120LEU_124LEU_161VAL_163TRP_216LEU_232ILE_bj1.pdb:LIG_270 -43.6925 4.02319 28.6717 0.70865 6.05933 -4.028 -7.01285 0 0 -1.51949 -1.38697 0 0 0 0 0 0 0 0 2.74565 -15.4313
MUT_117THR_120LEU_124LEU_161VAL_163TRP_216LEU_232ILE_bj2.pdb:LIG_270 -43.685 6.049 29.1518 0.65277 5.91712 -4.17335 -7.15473 0 0 -1.51909 -1.36806 0 0 0 0 0 0 0 0 3.93254 -12.197
MUT_117THR_120LEU_124LEU_161VAL_163TRP_216LEU_232ILE_bj3.pdb:LIG_270 -43.6892 6.07176 29.1588 0.653 5.92535 -4.17005 -7.16585 0 0 -1.51858 -1.36826 0 0 0 0 0 0 0 0 3.90387 -12.1992
MUT_117THR_120LEU_124LEU_161VAL_163TRP_216LEU_232LEU_bj1.pdb:LIG_270 -41.4386 2.73239 28.6135 0.13753 5.94585 -4.11458 -7.15608 0 0 -1.45153 -1.32012 0 0 0 0 0 0 0 0 1.32744 -16.7242
MUT_117THR_120LEU_124LEU_161VAL_163TRP_216LEU_232LEU_bj2.pdb:LIG_270 -43.4571 6.7002 29.1059 0.848 6.11413 -4.16597 -7.64915 0 0 -1.51058 -1.21694 0 0 0 0 0 0 0 0 4.67985 -10.5517
MUT_117THR_120LEU_124LEU_161VAL_163TRP_216LEU_232LEU_bj3.pdb:LIG_270 -41.6505 4.3869 28.6746 0.14592 5.97506 -4.20029 -7.51648 0 0 -1.52052 -0.7016 0 0 0 0 0 0 0 0 2.86493 -13.5419
MUT_117THR_120LEU_124LEU_161VAL_163TRP_216LEU_232LYS_bj1.pdb:LIG_270 -42.6687 3.93446 30.4536 0.58615 5.83986 -3.93684 -7.30845 0 0 -1.49928 -1.24338 0 0 0 0 0 0 0 0 2.30008 -13.5425
MUT_117THR_120LEU_124LEU_161VAL_163TRP_216LEU_232LYS_bj2.pdb:LIG_270 -43.4923 5.49474 29.356 0.67387 5.903 -4.15868 -7.10976 0 0 -1.51857 -1.36359 0 0 0 0 0 0 0 0 3.34984 -12.8655
MUT_117THR_120LEU_124LEU_161VAL_163TRP_216LEU_232LYS_bj3.pdb:LIG_270 -42.3282 5.4819 28.6861 0.74819 6.05387 -3.9312 -7.21167 0 0 -1.48712 -0.70082 0 0 0 0 0 0 0 0 3.1157 -11.5732
MUT_117THR_120LEU_124LEU_161VAL_163TRP_216LEU_232MET_bj1.pdb:LIG_270 -43.7537 5.68742 28.9814 0.64657 5.92666 -4.1045 -7.16862 0 0 -1.52179 -1.35879 0 0 0 0 0 0 0 0 3.52362 -13.1417
MUT_117THR_120LEU_124LEU_161VAL_163TRP_216LEU_232MET_bj2.pdb:LIG_270 -42.5805 5.65694 28.0172 0.75389 6.05989 -3.85504 -7.33474 0 0 -1.49807 -0.70609 0 0 0 0 0 0 0 0 3.3342 -12.1523
MUT_117THR_120LEU_124LEU_161VAL_163TRP_216LEU_232MET_bj3.pdb:LIG_270 -43.7557 5.70782 28.9828 0.64914 5.92624 -4.1032 -7.1695 0 0 -1.52025 -1.35871 0 0 0 0 0 0 0 0 3.48791 -13.1535
MUT_117THR_120LEU_124LEU_161VAL_163TRP_216LEU_232PRO_bj1.pdb:LIG_270 -43.5112 6.63643 29.2619 1.2181 6.12809 -4.22007 -7.32254 0 0 -1.51155 -1.43254 0 0 0 0 0 0 0 0 5.9918 -8.76158
MUT_117THR_120LEU_124LEU_161VAL_163TRP_216LEU_232PRO_bj2.pdb:LIG_270 -43.4979 6.65485 29.2514 1.21481 6.12565 -4.21882 -7.32708 0 0 -1.50992 -1.4327 0 0 0 0 0 0 0 0 5.98385 -8.75586
MUT_117THR_120LEU_124LEU_161VAL_163TRP_216LEU_232PRO_bj3.pdb:LIG_270 -43.1762 5.69493 29.2377 1.02802 6.16393 -4.19486 -7.72896 0 0 -1.49546 -1.21648 0 0 0 0 0 0 0 0 4.57928 -11.1081
MUT_117THR_120LEU_124LEU_161VAL_163TRP_216LEU_232SER_bj1.pdb:LIG_270 -43.6286 5.24662 29.2367 0.68329 5.79581 -4.00933 -6.67699 0 0 -1.5013 -1.3782 0 0 0 0 0 0 0 0 3.6119 -12.6201
MUT_117THR_120LEU_124LEU_161VAL_163TRP_216LEU_232SER_bj2.pdb:LIG_270 -43.6843 5.33624 29.387 0.67876 5.79844 -4.19093 -7.20131 0 0 -1.50992 -1.3637 0 0 0 0 0 0 0 0 3.48744 -13.2624
MUT_117THR_120LEU_124LEU_161VAL_163TRP_216LEU_232SER_bj3.pdb:LIG_270 -43.682 5.33834 29.3787 0.68252 5.79821 -4.18905 -7.19823 0 0 -1.50835 -1.36314 0 0 0 0 0 0 0 0 3.48782 -13.2551
MUT_117THR_120LEU_124LEU_161VAL_163TRP_216LEU_232THR_bj1.pdb:LIG_270 -41.9426 3.64162 29.5285 0.52107 5.72707 -4.18241 -7.54601 0 0 -1.49451 -1.25954 0 0 0 0 0 0 0 0 2.05448 -14.9523
MUT_117THR_120LEU_124LEU_161VAL_163TRP_216LEU_232THR_bj2.pdb:LIG_270 -41.9988 3.75734 29.6142 0.59099 5.71964 -4.13223 -7.15587 0 0 -1.51171 -1.40352 0 0 0 0 0 0 0 0 2.18139 -14.3386
MUT_117THR_120LEU_124LEU_161VAL_163TRP_216LEU_232THR_bj3.pdb:LIG_270 -40.9276 3.69552 28.9542 0.31172 5.86501 -3.99221 -7.72847 0 0 -1.49133 -0.72431 0 0 0 0 0 0 0 0 1.61056 -14.4269
MUT_117THR_120LEU_124LEU_161VAL_163TRP_216LEU_232VAL_bj1.pdb:LIG_270 -43.5595 6.11318 29.1658 0.73149 5.9485 -4.11569 -7.16645 0 0 -1.52166 -1.35526 0 0 0 0 0 0 0 0 3.82802 -11.9316
MUT_117THR_120LEU_124LEU_161VAL_163TRP_216LEU_232VAL_bj2.pdb:LIG_270 -42.0221 2.08768 29.4932 0.45873 6.00094 -4.30605 -7.59646 0 0 -1.51029 -1.19472 0 0 0 0 0 0 0 0 1.5069 -17.0821
MUT_117THR_120LEU_124LEU_161VAL_163TRP_216LEU_232VAL_bj3.pdb:LIG_270 -43.4557 6.07817 29.1218 0.76762 5.94596 -4.11274 -7.15233 0 0 -1.51856 -1.34515 0 0 0 0 0 0 0 0 3.79188 -11.879
MUT_117THR_120LEU_124LEU_161VAL_163TRP_216LEU_bj1.pdb:LIG_270 -42.751 3.62381 29.2774 0.5635 5.88773 -4.35683 -7.33295 0 0 -1.50966 -1.37094 0 0 0 0 0 0 0 0 1.83371 -16.1351
MUT_117THR_120LEU_124LEU_161VAL_163TRP_216LEU_bj2.pdb:LIG_270 -42.3581 4.02933 29.2884 0.10637 5.96139 -3.98926 -7.26844 0 0 -1.48489 -1.27102 0 0 0 0 0 0 0 0 1.88797 -15.0982
MUT_117THR_120LEU_124LEU_161VAL_163TRP_216LEU_bj3.pdb:LIG_270 -42.9176 3.68578 29.3541 0.63378 5.90381 -4.3039 -7.39062 0 0 -1.51759 -1.37178 0 0 0 0 0 0 0 0 1.76928 -16.1547
MUT_117THR_120LEU_124LEU_161VAL_163VAL_216LEU_232ALA_bj1.pdb:LIG_270 -40.7368 2.18392 28.7404 0.18415 5.52857 -4.23786 -7.45946 0 0 -1.49739 -1.19698 0 0 0 0 0 0 0 0 1.10007 -17.3914
MUT_117THR_120LEU_124LEU_161VAL_163VAL_216LEU_232ALA_bj2.pdb:LIG_270 -40.7245 2.18328 28.7296 0.18302 5.52667 -4.23538 -7.46061 0 0 -1.49677 -1.19644 0 0 0 0 0 0 0 0 1.10785 -17.3833
MUT_117THR_120LEU_124LEU_161VAL_163VAL_216LEU_232ALA_bj3.pdb:LIG_270 -40.5286 2.61856 28.2084 0.39753 5.74113 -4.1869 -7.38773 0 0 -1.49704 -0.70866 0 0 0 0 0 0 0 0 0.99253 -16.3507
MUT_117THR_120LEU_124LEU_161VAL_163VAL_216LEU_232CYS_bj1.pdb:LIG_270 -41.0813 2.51414 28.4974 0.2386 5.63602 -4.19055 -7.46917 0 0 -1.49315 -0.71417 0 0 0 0 0 0 0 0 1.16692 -16.8953
MUT_117THR_120LEU_124LEU_161VAL_163VAL_216LEU_232CYS_bj2.pdb:LIG_270 -41.0866 2.50867 28.5016 0.23856 5.63694 -4.19238 -7.46549 0 0 -1.49363 -0.71373 0 0 0 0 0 0 0 0 1.16616 -16.8999
MUT_117THR_120LEU_124LEU_161VAL_163VAL_216LEU_232CYS_bj3.pdb:LIG_270 -41.0813 2.51414 28.4974 0.2386 5.63602 -4.19055 -7.46917 0 0 -1.49315 -0.71417 0 0 0 0 0 0 0 0 1.16692 -16.8953
MUT_117THR_120LEU_124LEU_161VAL_163VAL_216LEU_232SER_bj1.pdb:LIG_270 -40.6448 2.65702 28.529 0.41738 5.74971 -4.25484 -7.40974 0 0 -1.50109 -0.70695 0 0 0 0 0 0 0 0 0.98714 -16.1771
MUT_117THR_120LEU_124LEU_161VAL_163VAL_216LEU_232SER_bj2.pdb:LIG_270 -40.6448 2.65702 28.529 0.41738 5.74971 -4.25484 -7.40974 0 0 -1.50109 -0.70695 0 0 0 0 0 0 0 0 0.98714 -16.1771
MUT_117THR_120LEU_124LEU_161VAL_163VAL_216LEU_232SER_bj3.pdb:LIG_270 -40.631 2.64952 28.5194 0.41748 5.73912 -4.25314 -7.40588 0 0 -1.50006 -0.70757 0 0 0 0 0 0 0 0 0.993 -16.1792
MUT_117THR_120LEU_124LEU_161VAL_163VAL_216LEU_232THR_bj1.pdb:LIG_270 -40.992 2.51272 28.6608 0.25229 5.64048 -4.21788 -7.45719 0 0 -1.49311 -0.7145 0 0 0 0 0 0 0 0 1.13055 -16.6778
MUT_117THR_120LEU_124LEU_161VAL_163VAL_216LEU_232THR_bj2.pdb:LIG_270 -41.1209 2.2133 28.985 0.19909 5.53415 -4.26404 -7.53701 0 0 -1.49901 -1.19927 0 0 0 0 0 0 0 0 1.12514 -17.5636
MUT_117THR_120LEU_124LEU_161VAL_163VAL_216LEU_232THR_bj3.pdb:LIG_270 -41.1034 2.67579 28.6306 0.44226 5.7047 -4.20238 -7.55601 0 0 -1.50441 -0.70933 0 0 0 0 0 0 0 0 1.05428 -16.5679
MUT_117THR_120LEU_124LEU_161VAL_163VAL_216LEU_232VAL_bj1.pdb:LIG_270 -41.3248 2.24134 28.6559 0.15437 5.55801 -4.2486 -7.46769 0 0 -1.49461 -1.19638 0 0 0 0 0 0 0 0 1.05561 -18.0668
MUT_117THR_120LEU_124LEU_161VAL_163VAL_216LEU_232VAL_bj2.pdb:LIG_270 -41.3078 2.57481 28.3086 0.22604 5.65417 -4.19537 -7.42042 0 0 -1.4963 -0.71263 0 0 0 0 0 0 0 0 1.22884 -17.1401
MUT_117THR_120LEU_124LEU_161VAL_163VAL_216LEU_232VAL_bj3.pdb:LIG_270 -41.3053 2.57828 28.3048 0.22578 5.65428 -4.19378 -7.42501 0 0 -1.49547 -0.71225 0 0 0 0 0 0 0 0 1.23055 -17.1381
MUT_117THR_120LEU_124LEU_161VAL_163VAL_216LEU_bj1.pdb:LIG_270 -42.6121 3.79394 28.4285 0.23068 5.75274 -4.27974 -7.51587 0 0 -1.50708 -0.70814 0 0 0 0 0 0 0 0 1.60988 -16.8072
MUT_117THR_120LEU_124LEU_161VAL_163VAL_216LEU_bj2.pdb:LIG_270 -42.8197 3.42009 29.0731 0.14224 5.61645 -4.29577 -7.65349 0 0 -1.5084 -1.20807 0 0 0 0 0 0 0 0 1.54221 -17.6914
MUT_117THR_120LEU_124LEU_161VAL_163VAL_216LEU_bj3.pdb:LIG_270 -42.5894 3.79983 28.3972 0.23129 5.74685 -4.27401 -7.50597 0 0 -1.50517 -0.70757 0 0 0 0 0 0 0 0 1.60393 -16.8031
MUT_120CYS_124VAL_161GLN_163CYS_216CYS_bj1.pdb:LIG_270 -41.4368 2.66848 28.8386 0.13102 5.86175 -4.82266 -6.00894 0 0 -1.45299 -0.67386 0 0 0 0 0 0 0 0 1.43586 -15.4595
MUT_120CYS_124VAL_161GLN_163CYS_216CYS_bj2.pdb:LIG_270 -41.3083 2.88991 28.4429 0.1796 5.8145 -4.82016 -6.15018 0 0 -1.43484 -0.66254 0 0 0 0 0 0 0 0 1.54908 -15.5
MUT_120CYS_124VAL_161GLN_163CYS_216CYS_bj3.pdb:LIG_270 -41.9539 2.67007 28.6183 0.30454 5.69114 -4.87795 -5.84438 0 0 -1.42049 -0.63861 0 0 0 0 0 0 0 0 1.84892 -15.6023
MUT_120ILE_121PHE_122TYR_123ASN_124TYR_163PHE_bj1.pdb:LIG_270 -41.4048 3.48181 27.0282 0.67648 6.09143 -4.13451 -6.73976 0 0 -1.50131 -0.70224 0 0 0 0 0 0 0 0 2.82766 -14.377
MUT_120ILE_121PHE_122TYR_123ASN_124TYR_163PHE_bj2.pdb:LIG_270 -41.388 3.46345 27.0177 0.68052 6.08995 -4.12806 -6.74051 0 0 -1.50022 -0.70203 0 0 0 0 0 0 0 0 2.81944 -14.3877
MUT_120ILE_121PHE_122TYR_123ASN_124TYR_163PHE_bj3.pdb:LIG_270 -41.3996 3.48421 27.0187 0.66408 6.08715 -4.13115 -6.73845 0 0 -1.49942 -0.70189 0 0 0 0 0 0 0 0 2.84607 -14.3702
MUT_120ILE_121PHE_124ALA_161ASN_163PHE_199TYR_bj1.pdb:LIG_270 -41.848 3.44861 28.2105 1.14128 6.13008 -4.38433 -7.19002 0 0 -1.51644 -1.55933 0 0 0 0 0 0 0 0 3.02098 -14.5466
MUT_120ILE_121PHE_124ALA_161ASN_163PHE_199TYR_bj2.pdb:LIG_270 -41.8492 3.45796 28.2102 1.14069 6.1298 -4.38286 -7.1959 0 0 -1.51604 -1.55892 0 0 0 0 0 0 0 0 3.01249 -14.5518
MUT_120ILE_121PHE_124ALA_161ASN_163PHE_199TYR_bj3.pdb:LIG_270 -41.8441 3.44088 28.205 1.14603 6.13405 -4.38328 -7.19363 0 0 -1.51651 -1.55899 0 0 0 0 0 0 0 0 3.03056 -14.54
MUT_120LEU_121ALA_124LEU_161ASN_163CYS_199TYR_bj1.pdb:LIG_270 -40.9377 1.96431 28.4901 0.15023 5.8364 -4.49838 -7.04626 0 0 -1.48376 -1.43357 0 0 0 0 0 0 0 0 1.41575 -17.5429
MUT_120LEU_121ALA_124LEU_161ASN_163CYS_199TYR_bj2.pdb:LIG_270 -40.9778 2.04935 28.514 0.13468 5.84061 -4.46422 -7.20039 0 0 -1.49069 -1.36651 0 0 0 0 0 0 0 0 1.34018 -17.6208
MUT_120LEU_121ALA_124LEU_161ASN_163CYS_199TYR_bj3.pdb:LIG_270 -40.9648 1.97233 28.5032 0.15382 5.83636 -4.50058 -7.04667 0 0 -1.48424 -1.43293 0 0 0 0 0 0 0 0 1.41414 -17.5493
MUT_120LEU_121ALA_124LEU_161ASN_163CYS_bj1.pdb:LIG_270 -40.3755 2.40321 26.9307 0.12332 5.54391 -3.92745 -6.33817 0 0 -1.45862 -0.7172 0 0 0 0 0 0 0 0 1.48501 -16.3309
MUT_120LEU_121ALA_124LEU_161ASN_163CYS_bj2.pdb:LIG_270 -40.4827 1.93817 27.5546 0.11427 5.81025 -4.44294 -6.80529 0 0 -1.48475 -0.66336 0 0 0 0 0 0 0 0 1.32675 -17.135
MUT_120LEU_121ALA_124LEU_161ASN_163CYS_bj3.pdb:LIG_270 -40.3581 2.39494 26.9286 0.12337 5.54072 -3.92393 -6.33031 0 0 -1.45727 -0.71797 0 0 0 0 0 0 0 0 1.4925 -16.3074
MUT_120LEU_121ALA_161ASN_163ALA_199TYR_bj1.pdb:LIG_270 -41.3774 1.95944 28.7496 0.09517 5.73556 -4.44176 -7.19178 0 0 -1.46687 -1.3658 0 0 0 0 0 0 0 0 1.4539 -17.85
MUT_120LEU_121ALA_161ASN_163ALA_199TYR_bj2.pdb:LIG_270 -41.0834 2.09055 28.4761 0.08177 5.5376 -4.29297 -7.21351 0 0 -1.44896 -1.39557 0 0 0 0 0 0 0 0 2.10349 -17.1449
MUT_120LEU_121ALA_161ASN_163ALA_199TYR_bj3.pdb:LIG_270 -41.3794 1.97003 28.7519 0.09488 5.74153 -4.43989 -7.19326 0 0 -1.46789 -1.36331 0 0 0 0 0 0 0 0 1.42548 -17.8599
MUT_120LEU_121CYS_124LEU_161ASN_163SER_216CYS_bj1.pdb:LIG_270 -40.5015 2.54022 28.829 0.41178 5.70284 -4.44433 -6.87466 0 0 -1.51018 -0.69717 0 0 0 0 0 0 0 0 1.57439 -14.9697
MUT_120LEU_121CYS_124LEU_161ASN_163SER_216CYS_bj2.pdb:LIG_270 -39.8066 2.009 28.7662 0.33565 5.66345 -4.26763 -6.21802 0 0 -1.47977 -0.71395 0 0 0 0 0 0 0 0 1.27692 -14.4348
MUT_120LEU_121CYS_124LEU_161ASN_163SER_216CYS_bj3.pdb:LIG_270 -39.8136 1.9969 28.8113 0.33041 5.66735 -4.22931 -6.22546 0 0 -1.48069 -0.71349 0 0 0 0 0 0 0 0 1.26769 -14.3889
MUT_120LEU_121CYS_124LEU_161GLN_163CYS_216CYS_bj1.pdb:LIG_270 -41.0882 2.48796 28.3994 0.07458 5.72035 -4.70768 -6.88451 0 0 -1.43235 -0.65667 0 0 0 0 0 0 0 0 1.57469 -16.5124
MUT_120LEU_121CYS_124LEU_161GLN_163CYS_216CYS_bj2.pdb:LIG_270 -41.0621 2.36161 28.3598 0.07333 5.67928 -4.69787 -6.87007 0 0 -1.42789 -0.65607 0 0 0 0 0 0 0 0 1.43855 -16.8015
MUT_120LEU_121CYS_124LEU_161GLN_163CYS_216CYS_bj3.pdb:LIG_270 -41.0265 2.34444 28.3437 0.07353 5.67992 -4.69605 -6.86176 0 0 -1.42945 -0.65571 0 0 0 0 0 0 0 0 1.42012 -16.8078
MUT_120LEU_121GLY_124LEU_161ASN_163ALA_220ARG_bj1.pdb:LIG_270 -39.609 1.62437 27.4519 0.08935 5.77165 -4.48871 -6.75451 0 0 -1.48506 -0.65914 0 0 0 0 0 0 0 0 1.42708 -16.632
MUT_120LEU_121GLY_124LEU_161ASN_163ALA_220ARG_bj2.pdb:LIG_270 -39.5841 1.61664 27.428 0.09078 5.76934 -4.51943 -6.74875 0 0 -1.48295 -0.66053 0 0 0 0 0 0 0 0 1.40219 -16.6888
MUT_120LEU_121GLY_124LEU_161ASN_163ALA_220ARG_bj3.pdb:LIG_270 -39.6676 1.67984 27.7202 0.30275 5.69857 -4.22384 -6.21179 0 0 -1.49543 -0.71115 0 0 0 0 0 0 0 0 0.9886 -15.9198
MUT_120LEU_121GLY_124LEU_161ASN_163CYS_220ARG_bj1.pdb:LIG_270 -40.1309 1.72837 27.731 0.10246 5.79004 -4.45594 -6.76249 0 0 -1.48736 -0.6594 0 0 0 0 0 0 0 0 1.38064 -16.7636
MUT_120LEU_121GLY_124LEU_161ASN_163CYS_220ARG_bj2.pdb:LIG_270 -40.1345 1.73237 27.7297 0.10286 5.79433 -4.45545 -6.76225 0 0 -1.48663 -0.65779 0 0 0 0 0 0 0 0 1.3775 -16.7598
MUT_120LEU_121GLY_124LEU_161ASN_163CYS_220ARG_bj3.pdb:LIG_270 -40.1341 1.72948 27.7351 0.10272 5.78984 -4.45524 -6.76599 0 0 -1.48801 -0.65929 0 0 0 0 0 0 0 0 1.38037 -16.7651
MUT_120LEU_121GLY_124LEU_161ASN_163CYS_bj1.pdb:LIG_270 -40.0597 2.26477 27.3389 0.16095 5.54699 -3.9795 -6.3035 0 0 -1.462 -0.72425 0 0 0 0 0 0 0 0 1.50377 -15.7136
MUT_120LEU_121GLY_124LEU_161ASN_163CYS_bj2.pdb:LIG_270 -40.275 1.82078 27.6964 0.10924 5.78819 -4.43357 -6.8002 0 0 -1.48476 -0.66465 0 0 0 0 0 0 0 0 1.40938 -16.8342
MUT_120LEU_121GLY_124LEU_161ASN_163CYS_bj3.pdb:LIG_270 -40.2668 1.81577 27.6878 0.10869 5.7886 -4.43424 -6.80161 0 0 -1.48334 -0.66444 0 0 0 0 0 0 0 0 1.41099 -16.8386
MUT_120LEU_121GLY_124LEU_161ASN_163PHE_bj1.pdb:LIG_270 -41.2308 2.1044 26.6821 0.11597 5.72117 -4.12673 -6.30081 0 0 -1.4928 -0.59948 0 0 0 0 0 0 0 0 1.55527 -17.5717
MUT_120LEU_121GLY_124LEU_161ASN_163PHE_bj2.pdb:LIG_270 -41.2277 2.10254 26.6781 0.11707 5.71907 -4.12672 -6.29122 0 0 -1.49159 -0.59901 0 0 0 0 0 0 0 0 1.54453 -17.5749
MUT_120LEU_121GLY_124LEU_161ASN_163PHE_bj3.pdb:LIG_270 -41.2323 2.0924 26.6762 0.11644 5.72385 -4.12853 -6.28568 0 0 -1.49412 -0.59961 0 0 0 0 0 0 0 0 1.56755 -17.5639
MUT_120LEU_121GLY_124LEU_161ASN_163SER_bj1.pdb:LIG_270 -39.7779 1.6632 28.1261 0.09465 5.80468 -4.48255 -6.84297 0 0 -1.49036 -0.66844 0 0 0 0 0 0 0 0 1.35222 -16.2213
MUT_120LEU_121GLY_124LEU_161ASN_163SER_bj2.pdb:LIG_270 -39.7731 1.65931 28.1235 0.09436 5.80328 -4.48198 -6.84787 0 0 -1.49099 -0.66848 0 0 0 0 0 0 0 0 1.36626 -16.2158
MUT_120LEU_121GLY_124LEU_161ASN_163SER_bj3.pdb:LIG_270 -39.7732 1.6671 28.1161 0.09529 5.80763 -4.48309 -6.8421 0 0 -1.48869 -0.66797 0 0 0 0 0 0 0 0 1.34923 -16.2197
MUT_120LEU_121LEU_124ALA_161ASN_163SER_bj1.pdb:LIG_270 -40.1872 2.44228 28.6014 0.53212 5.94669 -4.18728 -6.44324 0 0 -1.50713 -0.69362 0 0 0 0 0 0 0 0 1.55745 -13.9386
MUT_120LEU_121LEU_124ALA_161ASN_163SER_bj2.pdb:LIG_270 -40.0626 2.9377 28.2527 0.29887 5.99861 -4.6116 -6.92454 0 0 -1.53407 -0.68978 0 0 0 0 0 0 0 0 1.43141 -14.9033
MUT_120LEU_121LEU_124ALA_161ASN_163SER_bj3.pdb:LIG_270 -40.0739 2.94011 28.2501 0.29762 5.99648 -4.61499 -6.918 0 0 -1.53174 -0.68978 0 0 0 0 0 0 0 0 1.4292 -14.9149
MUT_120LEU_121MET_124GLY_161ASN_163ALA_199TYR_bj1.pdb:LIG_270 -41.049 2.43596 28.708 0.10867 5.65922 -4.5 -6.94097 0 0 -1.43281 -1.47377 0 0 0 0 0 0 0 0 1.45035 -17.0344
MUT_120LEU_121MET_124GLY_161ASN_163ALA_199TYR_bj2.pdb:LIG_270 -41.0256 2.43357 28.6901 0.10937 5.66294 -4.49356 -6.94074 0 0 -1.4325 -1.47231 0 0 0 0 0 0 0 0 1.43009 -17.0387
MUT_120LEU_121MET_124GLY_161ASN_163ALA_199TYR_bj3.pdb:LIG_270 -40.7533 2.22111 28.4917 0.09691 5.65391 -4.73507 -6.59296 0 0 -1.42429 -0.70131 0 0 0 0 0 0 0 0 1.47877 -16.2646
MUT_120LEU_121MET_124GLY_161ASN_163ALA_bj1.pdb:LIG_270 -40.668 2.49828 27.4304 0.1127 5.65049 -4.37311 -6.59186 0 0 -1.46863 -0.6633 0 0 0 0 0 0 0 0 1.60266 -16.4704
MUT_120LEU_121MET_124GLY_161ASN_163ALA_bj2.pdb:LIG_270 -39.7735 2.72346 26.7801 0.26625 5.65292 -4.19385 -6.72996 0 0 -1.50292 -0.72118 0 0 0 0 0 0 0 0 0.95551 -16.5432
MUT_120LEU_121MET_124GLY_161ASN_163ALA_bj3.pdb:LIG_270 -40.2341 2.51254 27.9672 0.64081 5.76678 -4.22126 -6.22813 0 0 -1.47742 -0.72286 0 0 0 0 0 0 0 0 1.46881 -14.5277
MUT_120LEU_121PHE_124ALA_161ASN_163THR_199TYR_220ALA_230GLU_bj1.pdb:LIG_270 -41.5883 2.38014 29.2386 0.1645 5.80477 -4.56181 -7.24079 0 0 -1.47598 -1.37247 0 0 0 0 0 0 0 0 1.16757 -17.4837
MUT_120LEU_121PHE_124ALA_161ASN_163THR_199TYR_220ALA_230GLU_bj2.pdb:LIG_270 -41.593 2.3771 29.2557 0.16439 5.80589 -4.56569 -7.2508 0 0 -1.48255 -1.37191 0 0 0 0 0 0 0 0 1.17884 -17.482
MUT_120LEU_121PHE_124ALA_161ASN_163THR_199TYR_220ALA_230GLU_bj3.pdb:LIG_270 -41.3973 2.22775 28.9851 0.1679 5.8054 -4.73289 -6.7113 0 0 -1.4662 -0.69581 0 0 0 0 0 0 0 0 1.20823 -16.6091
MUT_120LEU_121PHE_124ALA_161ASN_163THR_bj1.pdb:LIG_270 -40.9538 2.6253 28.4026 0.1886 5.80121 -4.48694 -6.93621 0 0 -1.52617 -0.6875 0 0 0 0 0 0 0 0 1.47807 -16.0948
MUT_120LEU_121PHE_124ALA_161ASN_163THR_bj2.pdb:LIG_270 -40.8802 2.66994 28.3666 0.21643 5.81362 -4.52759 -6.9159 0 0 -1.52439 -0.68927 0 0 0 0 0 0 0 0 1.41122 -16.0595
MUT_120LEU_121PHE_124ALA_161ASN_163THR_bj3.pdb:LIG_270 -40.817 2.40881 28.5681 0.38195 5.77304 -4.22041 -6.3659 0 0 -1.48656 -0.71281 0 0 0 0 0 0 0 0 1.37873 -15.0921
MUT_120LEU_124ALA_161ASN_163ALA_bj1.pdb:LIG_270 -40.8552 2.13751 27.5525 0.17537 5.64035 -4.56624 -6.70784 0 0 -1.44416 -0.64977 0 0 0 0 0 0 0 0 1.17959 -17.5378
MUT_120LEU_124ALA_161ASN_163ALA_bj2.pdb:LIG_270 -40.8641 2.14372 27.5608 0.17638 5.64304 -4.56673 -6.71165 0 0 -1.44537 -0.6506 0 0 0 0 0 0 0 0 1.18652 -17.528
MUT_120LEU_124ALA_161ASN_163ALA_bj3.pdb:LIG_270 -40.843 2.13268 27.5443 0.17529 5.63915 -4.56682 -6.70559 0 0 -1.44188 -0.65048 0 0 0 0 0 0 0 0 1.18107 -17.5353
MUT_120LEU_124ALA_161ASN_163CYS_199TYR_bj1.pdb:LIG_270 -41.6527 2.50632 29.01 0.1287 5.84836 -4.70934 -6.74064 0 0 -1.47377 -0.69364 0 0 0 0 0 0 0 0 1.5191 -16.2575
MUT_120LEU_124ALA_161ASN_163CYS_199TYR_bj2.pdb:LIG_270 -41.432 2.69332 28.5428 0.62114 5.76038 -4.24753 -6.52683 0 0 -1.42624 -1.46793 0 0 0 0 0 0 0 0 1.94224 -15.5406
MUT_120LEU_124ALA_161ASN_163CYS_199TYR_bj3.pdb:LIG_270 -41.7806 2.54627 29.2365 0.13715 5.82791 -4.559 -7.13176 0 0 -1.47599 -1.47583 0 0 0 0 0 0 0 0 1.57046 -17.1049
MUT_120LEU_124ALA_161ASN_163CYS_230GLU_bj1.pdb:LIG_270 -41.4155 2.59549 28.0575 0.13489 5.8125 -4.51527 -6.83683 0 0 -1.47769 -0.66648 0 0 0 0 0 0 0 0 1.47461 -16.8367
MUT_120LEU_124ALA_161ASN_163CYS_230GLU_bj2.pdb:LIG_270 -41.4118 2.58105 28.065 0.13582 5.81163 -4.5154 -6.83611 0 0 -1.47695 -0.66688 0 0 0 0 0 0 0 0 1.4798 -16.8339
MUT_120LEU_124ALA_161ASN_163CYS_230GLU_bj3.pdb:LIG_270 -41.4187 2.5842 28.0667 0.13573 5.81247 -4.51627 -6.83686 0 0 -1.47572 -0.66542 0 0 0 0 0 0 0 0 1.48811 -16.8258
MUT_120LEU_124ALA_161ASN_163CYS_bj1.pdb:LIG_270 -41.409 2.582 28.0641 0.13534 5.81154 -4.51252 -6.83541 0 0 -1.47626 -0.66706 0 0 0 0 0 0 0 0 1.483 -16.8243
MUT_120LEU_124ALA_161ASN_163CYS_bj2.pdb:LIG_270 -41.634 2.86563 28.2919 0.31613 5.58197 -4.07505 -6.84351 0 0 -1.43471 -0.71797 0 0 0 0 0 0 0 0 1.18182 -16.4678
MUT_120LEU_124ALA_161ASN_163CYS_bj3.pdb:LIG_270 -41.4096 2.58318 28.0641 0.13559 5.81207 -4.51449 -6.83554 0 0 -1.47618 -0.66698 0 0 0 0 0 0 0 0 1.48722 -16.8207
MUT_120LEU_124ALA_161ASN_163ILE_199TYR_bj1.pdb:LIG_270 -42.0866 3.14229 28.9323 0.68504 6.29167 -4.07917 -7.21546 0 0 -1.52011 -0.6112 0 0 0 0 0 0 0 0 2.32499 -14.1362
MUT_120LEU_124ALA_161ASN_163ILE_199TYR_bj2.pdb:LIG_270 -41.4469 3.17409 29.0559 0.1309 6.20816 -4.38835 -6.84022 0 0 -1.52211 -0.63796 0 0 0 0 0 0 0 0 2.40161 -13.8648
MUT_120LEU_124ALA_161ASN_163ILE_199TYR_bj3.pdb:LIG_270 -41.4482 3.19292 29.0599 0.1305 6.21166 -4.38895 -6.84349 0 0 -1.52196 -0.63614 0 0 0 0 0 0 0 0 2.37797 -13.8658
MUT_120LEU_124ALA_161ASN_163PHE_199TYR_250ARG_bj1.pdb:LIG_270 -41.8041 4.45247 29.007 0.188 5.84627 -4.64291 -6.56029 0 0 -1.46923 -0.72213 0 0 0 0 0 0 0 0 2.31763 -13.3873
MUT_120LEU_124ALA_161ASN_163PHE_199TYR_250ARG_bj2.pdb:LIG_270 -41.7698 4.44759 28.9607 0.18206 5.84739 -4.63772 -6.55394 0 0 -1.46787 -0.72148 0 0 0 0 0 0 0 0 2.31578 -13.3972
MUT_120LEU_124ALA_161ASN_163PHE_199TYR_250ARG_bj3.pdb:LIG_270 -41.806 4.46752 29.0162 0.18983 5.84523 -4.64238 -6.56558 0 0 -1.46881 -0.72197 0 0 0 0 0 0 0 0 2.29738 -13.3886
MUT_120LEU_124ALA_161ASN_163PHE_199TYR_bj1.pdb:LIG_270 -41.5687 4.295 28.9993 0.22142 5.8701 -4.64129 -6.62799 0 0 -1.49209 -0.71949 0 0 0 0 0 0 0 0 2.174 -13.4897
MUT_120LEU_124ALA_161ASN_163PHE_199TYR_bj2.pdb:LIG_270 -41.5687 4.295 28.9993 0.22142 5.8701 -4.64129 -6.62799 0 0 -1.49209 -0.71949 0 0 0 0 0 0 0 0 2.174 -13.4897
MUT_120LEU_124ALA_161ASN_163PHE_199TYR_bj3.pdb:LIG_270 -42.2021 4.27785 28.7722 0.17403 5.8532 -4.67736 -6.65273 0 0 -1.44252 -0.69834 0 0 0 0 0 0 0 0 3.28411 -13.3116
MUT_120LEU_124ALA_161ASN_163PHE_bj1.pdb:LIG_270 -41.6969 4.29693 27.9038 0.11579 5.94624 -4.54521 -6.75274 0 0 -1.49492 -0.67976 0 0 0 0 0 0 0 0 2.31119 -14.5956
MUT_120LEU_124ALA_161ASN_163PHE_bj2.pdb:LIG_270 -41.6793 4.27377 27.8926 0.11376 5.95384 -4.54599 -6.74648 0 0 -1.49169 -0.67907 0 0 0 0 0 0 0 0 2.32591 -14.5827
MUT_120LEU_124ALA_161ASN_163PHE_bj3.pdb:LIG_270 -41.8182 4.35529 27.7072 0.15613 5.83265 -4.5738 -6.66801 0 0 -1.44799 -0.65417 0 0 0 0 0 0 0 0 2.81249 -14.2984
MUT_120LEU_124ALA_161ASN_163SER_199TYR_bj1.pdb:LIG_270 -41.3251 2.23677 29.5484 0.15455 5.73211 -4.58539 -7.24161 0 0 -1.46144 -1.3671 0 0 0 0 0 0 0 0 1.10705 -17.2018
MUT_120LEU_124ALA_161ASN_163SER_199TYR_bj2.pdb:LIG_270 -41.3026 2.3011 29.4142 0.47213 5.57969 -4.21945 -6.73373 0 0 -1.4554 -0.71489 0 0 0 0 0 0 0 0 1.00254 -15.6564
MUT_120LEU_124ALA_161ASN_163SER_199TYR_bj3.pdb:LIG_270 -41.3226 2.23079 29.5474 0.15357 5.73588 -4.58389 -7.23743 0 0 -1.46248 -1.3678 0 0 0 0 0 0 0 0 1.09738 -17.2092
MUT_120LEU_124ALA_161ASN_163SER_216CYS_bj1.pdb:LIG_270 -40.5879 2.20952 28.7016 0.38196 5.56468 -4.09395 -6.82138 0 0 -1.44077 -0.71385 0 0 0 0 0 0 0 0 1.07911 -15.721
MUT_120LEU_124ALA_161ASN_163SER_216CYS_bj2.pdb:LIG_270 -40.5146 2.04309 28.7493 0.15466 5.7182 -4.56327 -6.7395 0 0 -1.4608 -0.65761 0 0 0 0 0 0 0 0 1.08641 -16.1841
MUT_120LEU_124ALA_161ASN_163SER_216CYS_bj3.pdb:LIG_270 -40.5135 2.04526 28.7467 0.15441 5.71812 -4.56382 -6.73681 0 0 -1.45915 -0.65733 0 0 0 0 0 0 0 0 1.08109 -16.185
MUT_120LEU_124ALA_161ASN_163SER_bj1.pdb:LIG_270 -40.3687 2.53523 27.7033 0.31782 5.60384 -4.20654 -6.64398 0 0 -1.51846 -0.70902 0 0 0 0 0 0 0 0 0.9837 -16.3027
MUT_120LEU_124ALA_161ASN_163SER_bj2.pdb:LIG_270 -40.9176 2.12827 28.3236 0.16809 5.70422 -4.57004 -6.77961 0 0 -1.45346 -0.6596 0 0 0 0 0 0 0 0 1.10926 -16.9469
MUT_120LEU_124ALA_161ASN_163SER_bj3.pdb:LIG_270 -40.9187 2.1275 28.3253 0.16787 5.70311 -4.56981 -6.77953 0 0 -1.45303 -0.66004 0 0 0 0 0 0 0 0 1.10282 -16.9545
MUT_120LEU_124ALA_161ASN_163THR_bj1.pdb:LIG_270 -41.427 2.39377 28.2537 0.21554 5.76576 -4.51549 -6.77035 0 0 -1.4641 -0.65971 0 0 0 0 0 0 0 0 1.21569 -16.9922
MUT_120LEU_124ALA_161ASN_163THR_bj2.pdb:LIG_270 -41.3091 2.4922 28.3955 0.55837 5.54915 -4.11566 -6.1463 0 0 -1.45524 -0.73131 0 0 0 0 0 0 0 0 1.43106 -15.3312
MUT_120LEU_124ALA_161ASN_163THR_bj3.pdb:LIG_270 -41.4291 2.3919 28.253 0.21516 5.76674 -4.51651 -6.77005 0 0 -1.46589 -0.65886 0 0 0 0 0 0 0 0 1.22071 -16.9929
MUT_120LEU_124ALA_161ASN_163VAL_199TYR_bj1.pdb:LIG_270 -41.6374 2.98304 28.5884 0.18057 5.68547 -4.31126 -7.24605 0 0 -1.45554 -1.39474 0 0 0 0 0 0 0 0 2.28512 -16.3224
MUT_120LEU_124ALA_161ASN_163VAL_199TYR_bj2.pdb:LIG_270 -41.8399 2.78463 28.7293 0.12705 5.90525 -4.67441 -6.73435 0 0 -1.48898 -0.69071 0 0 0 0 0 0 0 0 1.65862 -16.2235
MUT_120LEU_124ALA_161ASN_163VAL_199TYR_bj3.pdb:LIG_270 -41.6495 3.10765 28.5567 0.19178 5.84308 -4.44206 -7.21744 0 0 -1.45466 -1.42713 0 0 0 0 0 0 0 0 1.9414 -16.5502
MUT_120LEU_124ALA_161ASN_163VAL_bj1.pdb:LIG_270 -41.5772 2.87021 27.8128 0.1351 5.87712 -4.4727 -6.84742 0 0 -1.49211 -0.66809 0 0 0 0 0 0 0 0 1.60378 -16.7585
MUT_120LEU_124ALA_161ASN_163VAL_bj2.pdb:LIG_270 -41.5731 2.87691 27.8065 0.13491 5.87942 -4.46978 -6.84809 0 0 -1.49115 -0.6681 0 0 0 0 0 0 0 0 1.59478 -16.7577
MUT_120LEU_124ALA_161ASN_163VAL_bj3.pdb:LIG_270 -41.569 2.87028 27.8058 0.13453 5.87885 -4.47047 -6.84806 0 0 -1.49182 -0.66825 0 0 0 0 0 0 0 0 1.59847 -16.7597
MUT_120LEU_124ALA_161GLN_163CYS_216CYS_bj1.pdb:LIG_270 -41.3671 2.58822 29.0464 0.12236 5.85097 -4.68644 -7.16633 0 0 -1.44407 -0.68624 0 0 0 0 0 0 0 0 1.41625 -16.3259
MUT_120LEU_124ALA_161GLN_163CYS_216CYS_bj2.pdb:LIG_270 -41.3699 2.59635 29.0488 0.12166 5.85018 -4.68559 -7.16967 0 0 -1.44407 -0.68544 0 0 0 0 0 0 0 0 1.41704 -16.3207
MUT_120LEU_124ALA_161GLN_163CYS_216CYS_bj3.pdb:LIG_270 -41.3654 2.59088 29.0431 0.12243 5.84677 -4.68418 -7.16681 0 0 -1.44419 -0.6855 0 0 0 0 0 0 0 0 1.40973 -16.3331
MUT_120LEU_124LEU_161ASN_163CYS_199TRP_bj1.pdb:LIG_270 -43.1039 3.40974 29.0558 0.23011 5.72752 -4.7798 -6.92603 0 0 -1.5005 -0.6875 0 0 0 0 0 0 0 0 1.46331 -17.1112
MUT_120LEU_124LEU_161ASN_163CYS_199TRP_bj2.pdb:LIG_270 -43.6291 3.30294 29.3763 0.09221 5.6937 -4.39905 -7.1037 0 0 -1.52114 -0.66871 0 0 0 0 0 0 0 0 1.8771 -16.9794
MUT_120LEU_124LEU_161ASN_163CYS_199TRP_bj3.pdb:LIG_270 -43.0959 3.39837 29.0532 0.23128 5.72466 -4.77747 -6.92827 0 0 -1.50041 -0.68767 0 0 0 0 0 0 0 0 1.47205 -17.1102
MUT_120LEU_124LEU_161ASN_163CYS_199TYR_bj1.pdb:LIG_270 -42.4261 2.77849 29.0424 0.27164 5.7663 -4.56749 -7.07949 0 0 -1.45292 -1.47953 0 0 0 0 0 0 0 0 1.7083 -17.4384
MUT_120LEU_124LEU_161ASN_163CYS_199TYR_bj2.pdb:LIG_270 -42.3981 2.76402 29.0333 0.27067 5.75282 -4.57016 -7.07621 0 0 -1.44752 -1.47947 0 0 0 0 0 0 0 0 1.71324 -17.4374
MUT_120LEU_124LEU_161ASN_163CYS_199TYR_bj3.pdb:LIG_270 -42.4011 2.76709 29.0439 0.27019 5.75942 -4.56955 -7.07665 0 0 -1.45114 -1.47908 0 0 0 0 0 0 0 0 1.69756 -17.4394
MUT_120LEU_124LEU_161ASN_163CYS_bj1.pdb:LIG_270 -41.9714 2.80341 27.7752 0.28166 5.75469 -4.55087 -6.72884 0 0 -1.44902 -0.64436 0 0 0 0 0 0 0 0 1.67398 -17.0555
MUT_120LEU_124LEU_161ASN_163CYS_bj2.pdb:LIG_270 -41.8465 3.11143 28.3001 0.38478 5.79688 -4.17964 -6.48845 0 0 -1.49949 -0.71354 0 0 0 0 0 0 0 0 1.35565 -15.7788
MUT_120LEU_124LEU_161ASN_163CYS_bj3.pdb:LIG_270 -41.8634 3.12014 28.3263 0.38219 5.79416 -4.18271 -6.49836 0 0 -1.50025 -0.71279 0 0 0 0 0 0 0 0 1.36341 -15.7713
MUT_120LEU_124LEU_161ASN_163PHE_199TRP_bj1.pdb:LIG_270 -43.5769 4.29308 28.6353 0.09187 5.64175 -4.76917 -6.75996 0 0 -1.45612 -0.68402 0 0 0 0 0 0 0 0 2.47085 -16.1133
MUT_120LEU_124LEU_161ASN_163PHE_199TRP_bj2.pdb:LIG_270 -44.0879 4.58732 28.7234 0.6112 5.51755 -4.29843 -6.87741 0 0 -1.46852 -0.7152 0 0 0 0 0 0 0 0 2.71855 -15.2895
MUT_120LEU_124LEU_161ASN_163PHE_199TRP_bj3.pdb:LIG_270 -43.5754 4.28659 28.6456 0.09196 5.64473 -4.76842 -6.75776 0 0 -1.45549 -0.68423 0 0 0 0 0 0 0 0 2.47257 -16.0998
MUT_120LEU_124LEU_161ASN_163PHE_bj1.pdb:LIG_270 -42.2573 3.80171 27.3515 0.1116 5.6994 -4.54991 -6.58827 0 0 -1.42841 -0.63281 0 0 0 0 0 0 0 0 2.6282 -15.8643
MUT_120LEU_124LEU_161ASN_163PHE_bj2.pdb:LIG_270 -42.1247 3.83338 27.4428 0.1672 5.72324 -4.49108 -6.60325 0 0 -1.43133 -0.63173 0 0 0 0 0 0 0 0 2.92355 -15.1919
MUT_120LEU_124LEU_161ASN_163PHE_bj3.pdb:LIG_270 -42.2465 4.0007 26.9891 0.55682 5.30311 -3.91796 -5.69616 0 0 -1.41433 -0.71964 0 0 0 0 0 0 0 0 2.44696 -14.6979
MUT_120LEU_124LEU_161ASN_163SER_bj1.pdb:LIG_270 -41.4549 2.29237 28.3319 0.13754 5.80557 -4.55682 -6.84049 0 0 -1.47896 -0.6654 0 0 0 0 0 0 0 0 1.13631 -17.2928
MUT_120LEU_124LEU_161ASN_163SER_bj2.pdb:LIG_270 -41.4696 2.28513 28.3442 0.17995 5.79996 -4.56509 -6.82294 0 0 -1.4756 -0.66759 0 0 0 0 0 0 0 0 1.07895 -17.3126
MUT_120LEU_124LEU_161ASN_163SER_bj3.pdb:LIG_270 -41.4864 2.30631 28.3423 0.17934 5.8024 -4.56685 -6.83094 0 0 -1.47681 -0.66616 0 0 0 0 0 0 0 0 1.07773 -17.3191
MUT_120LEU_124LEU_161ASN_163THR_181LEU_199TYR_211LYS_249CYS_250ILE_bj1.pdb:LIG_270 -42.0774 2.42447 28.891 0.16794 5.8065 -4.58471 -6.92438 0 0 -1.46909 -0.7103 0 0 0 0 0 0 0 0 1.27719 -17.1988
MUT_120LEU_124LEU_161ASN_163THR_181LEU_199TYR_211LYS_249CYS_250ILE_bj2.pdb:LIG_270 -42.0855 2.41421 28.8887 0.17069 5.8125 -4.58708 -6.91986 0 0 -1.46781 -0.71058 0 0 0 0 0 0 0 0 1.27798 -17.2067
MUT_120LEU_124LEU_161ASN_163THR_181LEU_199TYR_211LYS_249CYS_250ILE_bj3.pdb:LIG_270 -42.0863 2.42474 28.8926 0.16609 5.8066 -4.58324 -6.9279 0 0 -1.47009 -0.71014 0 0 0 0 0 0 0 0 1.27982 -17.2078
MUT_120LEU_124LEU_161ASN_163THR_bj1.pdb:LIG_270 -41.9655 2.51894 28.2732 0.20693 5.82253 -4.51791 -6.81578 0 0 -1.47785 -0.66425 0 0 0 0 0 0 0 0 1.1981 -17.4216
MUT_120LEU_124LEU_161ASN_163THR_bj2.pdb:LIG_270 -41.9541 2.52267 28.26 0.20151 5.82601 -4.51734 -6.81442 0 0 -1.47977 -0.66236 0 0 0 0 0 0 0 0 1.17325 -17.4446
MUT_120LEU_124LEU_161ASN_163THR_bj3.pdb:LIG_270 -41.9815 2.51398 28.388 0.17896 5.80665 -4.54134 -6.88831 0 0 -1.49565 -0.65575 0 0 0 0 0 0 0 0 1.19589 -17.4791
MUT_120LEU_124LEU_161GLN_163ALA_199TYR_216MET_bj1.pdb:LIG_270 -43.9025 3.04764 30.3131 0.34405 5.69039 -4.77637 -6.90506 0 0 -1.50566 -1.28666 0 0 0 0 0 0 0 0 1.48164 -17.4995
MUT_120LEU_124LEU_161GLN_163ALA_199TYR_216MET_bj2.pdb:LIG_270 -43.8201 3.00939 30.2136 0.32618 5.74848 -4.70672 -6.77347 0 0 -1.49461 -1.29086 0 0 0 0 0 0 0 0 1.19469 -17.5935
MUT_120LEU_124LEU_161GLN_163ALA_199TYR_216MET_bj3.pdb:LIG_270 -43.9002 3.05191 30.3079 0.34239 5.69099 -4.77436 -6.90733 0 0 -1.50544 -1.28654 0 0 0 0 0 0 0 0 1.49291 -17.4877
MUT_120LEU_124LEU_161GLN_163THR_199TYR_216MET_bj1.pdb:LIG_270 -43.4888 3.05133 29.9836 0.38607 5.86819 -4.74963 -7.51026 0 0 -1.44207 -1.40045 0 0 0 0 0 0 0 0 1.34269 -17.9593
MUT_120LEU_124LEU_161GLN_163THR_199TYR_216MET_bj2.pdb:LIG_270 -44.0525 3.07212 30.2745 0.37976 5.58757 -4.65754 -6.61416 0 0 -1.42501 -0.71655 0 0 0 0 0 0 0 0 1.5373 -16.6145
MUT_120LEU_124LEU_161GLN_163THR_199TYR_216MET_bj3.pdb:LIG_270 -44.0249 3.0516 30.3065 0.28642 5.86983 -4.76333 -6.22665 0 0 -1.44262 -0.70325 0 0 0 0 0 0 0 0 1.17822 -16.4682
MUT_120LEU_124LEU_bj1.pdb:LIG_270 -39.731 1.99209 28.0896 0.23394 5.71681 -4.38834 -6.61511 0 0 -1.48306 -0.70921 0 0 0 0 0 0 0 0 0.871 -16.0233
MUT_120LEU_124LEU_bj2.pdb:LIG_270 -39.731 1.99209 28.0896 0.23394 5.71681 -4.38834 -6.61511 0 0 -1.48306 -0.70921 0 0 0 0 0 0 0 0 0.871 -16.0233
MUT_120LEU_124LEU_bj3.pdb:LIG_270 -40.0667 1.8387 27.9815 0.23738 5.76779 -4.38617 -6.67024 0 0 -1.49137 -0.70706 0 0 0 0 0 0 0 0 0.83285 -16.6633
MUT_120LEU_124VAL_161ASN_163PHE_199TYR_bj1.pdb:LIG_270 -41.886 4.34491 29.1948 0.43087 5.79025 -4.55008 -6.72971 0 0 -1.49642 -0.72063 0 0 0 0 0 0 0 0 2.04487 -13.5771
MUT_120LEU_124VAL_161ASN_163PHE_199TYR_bj2.pdb:LIG_270 -41.8845 4.32658 29.1937 0.44681 5.7945 -4.55032 -6.73675 0 0 -1.49643 -0.72024 0 0 0 0 0 0 0 0 2.05571 -13.5709
MUT_120LEU_124VAL_161ASN_163PHE_199TYR_bj3.pdb:LIG_270 -42.0339 4.36052 29.1706 0.4116 5.77458 -4.5564 -6.72444 0 0 -1.49699 -0.72162 0 0 0 0 0 0 0 0 2.02317 -13.7929
MUT_29ASN_91ASN_120LEU_121ALA_124LEU_161ASN_163CYS_220ARG_228SER_bj1.pdb:LIG_270 -39.1898 2.33296 26.8279 0.14304 5.81906 -4.08869 -6.4239 0 0 -1.5 -0.70315 0 0 0 0 0 0 0 0 0.89929 -15.8832
MUT_29ASN_91ASN_120LEU_121ALA_124LEU_161ASN_163CYS_220ARG_228SER_bj2.pdb:LIG_270 -40.0983 1.85324 27.9424 0.11262 5.82308 -4.49859 -6.75166 0 0 -1.49051 -0.6951 0 0 0 0 0 0 0 0 1.33713 -16.4656
MUT_29ASN_91ASN_120LEU_121ALA_124LEU_161ASN_163CYS_220ARG_228SER_bj3.pdb:LIG_270 -40.0816 1.84284 27.9287 0.11157 5.82254 -4.49678 -6.74871 0 0 -1.48985 -0.69472 0 0 0 0 0 0 0 0 1.33843 -16.4676
MUT_29ASN_91ASN_120LEU_121GLY_124LEU_161ASN_163CYS_220ARG_228SER_bj1.pdb:LIG_270 -39.8574 1.74961 28.0723 0.10942 5.8137 -4.48901 -6.74319 0 0 -1.48978 -0.69484 0 0 0 0 0 0 0 0 1.37663 -16.1525
MUT_29ASN_91ASN_120LEU_121GLY_124LEU_161ASN_163CYS_220ARG_228SER_bj2.pdb:LIG_270 -39.8064 1.74878 27.9849 0.11278 5.8089 -4.47475 -6.73031 0 0 -1.48405 -0.69179 0 0 0 0 0 0 0 0 1.34484 -16.187
MUT_29ASN_91ASN_120LEU_121GLY_124LEU_161ASN_163CYS_220ARG_228SER_bj3.pdb:LIG_270 -39.8619 1.7511 28.0747 0.10991 5.81571 -4.48855 -6.74464 0 0 -1.48917 -0.69469 0 0 0 0 0 0 0 0 1.37936 -16.1482
MUT_29ASN_91ASN_120LEU_121GLY_124LEU_161ASN_163CYS_228SER_bj1.pdb:LIG_270 -39.9318 1.8265 27.9577 0.11863 5.81691 -4.462 -6.71177 0 0 -1.48239 -0.69173 0 0 0 0 0 0 0 0 1.36225 -16.1977
MUT_29ASN_91ASN_120LEU_121GLY_124LEU_161ASN_163CYS_228SER_bj2.pdb:LIG_270 -39.9511 1.83254 27.9802 0.11913 5.81111 -4.46335 -6.71651 0 0 -1.48479 -0.69193 0 0 0 0 0 0 0 0 1.36705 -16.1976
MUT_29ASN_91ASN_120LEU_121GLY_124LEU_161ASN_163CYS_228SER_bj3.pdb:LIG_270 -39.0506 2.31287 26.8271 0.122 5.78449 -4.27781 -6.45885 0 0 -1.50288 -0.70489 0 0 0 0 0 0 0 0 0.99585 -15.9526
MUT_91PHE_117SER_120LEU_121CYS_161ASN_163CYS_199TYR_bj1.pdb:LIG_270 -42.8911 2.48216 30.9471 0.0803 5.78217 -4.37671 -6.87801 0 0 -1.47774 -1.53056 0 0 0 0 0 0 0 0 1.73771 -16.1247
MUT_91PHE_117SER_120LEU_121CYS_161ASN_163CYS_199TYR_bj2.pdb:LIG_270 -41.3187 2.05473 29.5674 0.07693 5.81893 -4.54272 -6.61274 0 0 -1.46046 -0.70219 0 0 0 0 0 0 0 0 1.68385 -15.4349
MUT_91PHE_117SER_120LEU_121CYS_161ASN_163CYS_199TYR_bj3.pdb:LIG_270 -42.8341 2.36675 30.6529 0.09667 5.75371 -4.49438 -6.7987 0 0 -1.45508 -1.52834 0 0 0 0 0 0 0 0 1.67971 -16.5608
MUT_91PRO_120LEU_124LEU_161GLN_163ALA_199TYR_216MET_bj1.pdb:LIG_270 -42.8696 2.69945 29.5777 0.30163 5.68578 -4.8591 -7.26389 0 0 -1.40677 -1.3987 0 0 0 0 0 0 0 0 1.23443 -18.2991
MUT_91PRO_120LEU_124LEU_161GLN_163ALA_199TYR_216MET_bj2.pdb:LIG_270 -43.1095 2.80178 29.4582 0.37309 5.67703 -4.76455 -6.28864 0 0 -1.50077 -0.72162 0 0 0 0 0 0 0 0 1.16068 -16.9143
MUT_91PRO_120LEU_124LEU_161GLN_163ALA_199TYR_216MET_bj3.pdb:LIG_270 -43.0168 2.71944 29.381 0.35285 5.68934 -4.74287 -6.28704 0 0 -1.50271 -0.72153 0 0 0 0 0 0 0 0 1.11949 -17.0089
WT_bj1.pdb:LIG_270 -40.7583 1.98791 28.195 0.18092 5.67759 -4.34677 -6.51925 0 0 -1.49026 -0.7097 0 0 0 0 0 0 0 0 1.01444 -16.7685
WT_bj2.pdb:LIG_270 -40.7604 1.98809 28.1969 0.18136 5.67756 -4.34631 -6.51824 0 0 -1.49123 -0.70946 0 0 0 0 0 0 0 0 1.01673 -16.765
WT_bj3.pdb:LIG_270 -40.7556 1.98655 28.1988 0.18189 5.67731 -4.34621 -6.51368 0 0 -1.49054 -0.71004 0 0 0 0 0 0 0 0 1.01237 -16.7591
