P1,-41.4256,  3.4795, 27.9   ,  0.3985,  6.2365, -4.2804, -6.71  ,  0.    ,  0.    , -1.4955, -1.4757,  0.    ,  0.    ,  0.    ,  0.    ,  0.    ,  0.    ,  0.    ,  0.    ,  2.5088,-14.8639
G6,-39.5683,  1.6123, 28.2652,  0.1472,  5.5436, -4.2948, -7.586 ,  0.    ,  0.    , -1.5022, -1.2225,  0.    ,  0.    ,  0.    ,  0.    ,  0.    ,  0.    ,  0.    ,  0.    ,  1.1397,-17.466 
G12,-41.2253,  2.1356, 28.8097,  0.127 ,  5.6126, -4.1884, -7.5741,  0.    ,  0.    , -1.4841, -1.2209,  0.    ,  0.    ,  0.    ,  0.    ,  0.    ,  0.    ,  0.    ,  0.    ,  1.3346,-17.6733
G5,-39.8447,  2.3865, 28.1172,  0.1389,  5.7547, -4.1959, -7.3145,  0.    ,  0.    , -1.49  , -0.7033,  0.    ,  0.    ,  0.    ,  0.    ,  0.    ,  0.    ,  0.    ,  0.    ,  1.0252,-16.1257
G7,-40.2545,  2.3014, 28.5806,  0.3726,  5.6522, -4.2706, -7.4025,  0.    ,  0.    , -1.4973, -0.7103,  0.    ,  0.    ,  0.    ,  0.    ,  0.    ,  0.    ,  0.    ,  0.    ,  1.178 ,-16.0503
G11,-42.3212,  3.3565, 28.9917,  0.5426,  5.7885, -4.2621, -7.7347,  0.    ,  0.    , -1.4965, -1.0994,  0.    ,  0.    ,  0.    ,  0.    ,  0.    ,  0.    ,  0.    ,  0.    ,  1.6566,-16.5781
G9,-40.3467,  2.2232, 28.4628,  0.296 ,  5.649 , -4.2419, -7.5028,  0.    ,  0.    , -1.5016, -0.712 ,  0.    ,  0.    ,  0.    ,  0.    ,  0.    ,  0.    ,  0.    ,  0.    ,  1.0464,-16.6276
G8,-39.6133,  1.6022, 28.6198,  0.2322,  5.4595, -4.2832, -7.5123,  0.    ,  0.    , -1.4917, -1.207 ,  0.    ,  0.    ,  0.    ,  0.    ,  0.    ,  0.    ,  0.    ,  0.    ,  0.9977,-17.196 
G10,-39.3152,  1.61  , 28.5035,  0.0913,  5.5183, -4.277 , -7.4626,  0.    ,  0.    , -1.4849, -1.0518,  0.    ,  0.    ,  0.    ,  0.    ,  0.    ,  0.    ,  0.    ,  0.    ,  0.9997,-16.8688
C6,-39.9307,  2.1226, 28.4635,  0.242 ,  5.7063, -4.1807, -7.6231,  0.    ,  0.    , -1.4989, -0.8539,  0.    ,  0.    ,  0.    ,  0.    ,  0.    ,  0.    ,  0.    ,  0.    ,  0.9708,-16.5821
C4,-40.4155,  2.3717, 28.3739,  0.1823,  5.6946, -4.1803, -7.581 ,  0.    ,  0.    , -1.5051, -0.7003,  0.    ,  0.    ,  0.    ,  0.    ,  0.    ,  0.    ,  0.    ,  0.    ,  1.1276,-16.6321
C7,-39.4761,  2.1167, 28.5279,  0.2584,  5.6783, -4.211 , -7.5245,  0.    ,  0.    , -1.5018, -0.7053,  0.    ,  0.    ,  0.    ,  0.    ,  0.    ,  0.    ,  0.    ,  0.    ,  0.9991,-15.8384
B4,-42.3695,  3.375 , 29.7696,  0.2546,  5.6305, -4.4749, -8.0534,  0.    ,  0.    , -1.4845, -1.3642,  0.    ,  0.    ,  0.    ,  0.    ,  0.    ,  0.    ,  0.    ,  0.    ,  1.3774,-17.3393
B3,-41.9818,  3.3629, 29.4613,  0.2371,  5.7754, -4.6627, -7.6025,  0.    ,  0.    , -1.4952, -0.7162,  0.    ,  0.    ,  0.    ,  0.    ,  0.    ,  0.    ,  0.    ,  0.    ,  1.5638,-16.0578
C5,-39.7379,  2.1011, 28.0644,  0.3082,  5.6588, -4.1108, -7.5448,  0.    ,  0.    , -1.4888, -0.7229,  0.    ,  0.    ,  0.    ,  0.    ,  0.    ,  0.    ,  0.    ,  0.    ,  1.1108,-16.362 
C9,-39.7379,  2.1011, 28.0644,  0.3082,  5.6588, -4.1108, -7.5448,  0.    ,  0.    , -1.4888, -0.7229,  0.    ,  0.    ,  0.    ,  0.    ,  0.    ,  0.    ,  0.    ,  0.    ,  1.1108,-16.362 
D11,-41.0983,  2.3704, 28.4426,  0.2461,  5.6111, -4.2109, -7.5232,  0.    ,  0.    , -1.4948, -0.8622,  0.    ,  0.    ,  0.    ,  0.    ,  0.    ,  0.    ,  0.    ,  0.    ,  1.1164,-17.4027
E4,-39.9563,  1.8418, 28.5221,  0.3216,  5.5523, -4.2446, -7.4248,  0.    ,  0.    , -1.4498, -1.0437,  0.    ,  0.    ,  0.    ,  0.    ,  0.    ,  0.    ,  0.    ,  0.    ,  1.0419,-16.8395
E11,-40.6546,  2.1208, 28.7344,  0.3181,  5.5746, -4.2434, -7.637 ,  0.    ,  0.    , -1.4981, -0.8731,  0.    ,  0.    ,  0.    ,  0.    ,  0.    ,  0.    ,  0.    ,  0.    ,  1.0391,-17.1192
F5,-40.7984,  2.1858, 28.2113,  0.2753,  5.6025, -4.219 , -7.4967,  0.    ,  0.    , -1.4769, -0.8776,  0.    ,  0.    ,  0.    ,  0.    ,  0.    ,  0.    ,  0.    ,  0.    ,  1.0927,-17.5007
F10,-41.9803,  2.7761, 28.4341,  0.3269,  5.6199, -4.2174, -7.5759,  0.    ,  0.    , -1.4986, -0.8725,  0.    ,  0.    ,  0.    ,  0.    ,  0.    ,  0.    ,  0.    ,  0.    ,  1.2195,-17.7682
C10,-40.3714,  2.4857, 28.5418,  0.4502,  5.7183, -4.1298, -7.6328,  0.    ,  0.    , -1.4993, -0.8743,  0.    ,  0.    ,  0.    ,  0.    ,  0.    ,  0.    ,  0.    ,  0.    ,  1.0363,-16.2755
D10,-40.9039,  2.4363, 28.5726,  0.3744,  5.6982, -4.2129, -7.4975,  0.    ,  0.    , -1.4956, -0.711 ,  0.    ,  0.    ,  0.    ,  0.    ,  0.    ,  0.    ,  0.    ,  0.    ,  0.9754,-16.764 
E5,-40.5288,  2.3579, 28.8686,  0.361 ,  5.6869, -4.2683, -7.5069,  0.    ,  0.    , -1.4943, -0.8628,  0.    ,  0.    ,  0.    ,  0.    ,  0.    ,  0.    ,  0.    ,  0.    ,  0.9557,-16.4311
G1,-40.8979,  2.1832, 29.0224,  0.3453,  5.5637, -4.2382, -7.5776,  0.    ,  0.    , -1.4886, -1.0351,  0.    ,  0.    ,  0.    ,  0.    ,  0.    ,  0.    ,  0.    ,  0.    ,  1.0026,-17.1202
F6,-41.2035,  2.4462, 28.4321,  0.2981,  5.6897, -4.2152, -7.4471,  0.    ,  0.    , -1.4941, -0.7103,  0.    ,  0.    ,  0.    ,  0.    ,  0.    ,  0.    ,  0.    ,  0.    ,  1.0653,-17.1385
F11,-42.405 ,  3.4443, 28.6818,  0.2038,  5.7066, -4.2729, -7.612 ,  0.    ,  0.    , -1.5052, -0.709 ,  0.    ,  0.    ,  0.    ,  0.    ,  0.    ,  0.    ,  0.    ,  0.    ,  1.4705,-16.9972
C12,-40.1617,  3.1592, 28.1937,  0.3624,  5.6892, -3.9952, -7.3105,  0.    ,  0.    , -1.4787, -1.2973,  0.    ,  0.    ,  0.    ,  0.    ,  0.    ,  0.    ,  0.    ,  0.    ,  1.3072,-15.5316
D7,-40.7289,  2.7233, 28.4713,  0.2255,  5.6319, -4.2019, -7.4034,  0.    ,  0.    , -1.4894, -1.1104,  0.    ,  0.    ,  0.    ,  0.    ,  0.    ,  0.    ,  0.    ,  0.    ,  1.2251,-16.6569
D12,-41.1819,  3.1423, 28.1828,  0.248 ,  5.6728, -4.0707, -7.4674,  0.    ,  0.    , -1.478 , -1.2693,  0.    ,  0.    ,  0.    ,  0.    ,  0.    ,  0.    ,  0.    ,  0.    ,  1.5023,-16.7191
E7,-40.2922,  3.0864, 28.4834,  0.3772,  5.6749, -4.1134, -7.4201,  0.    ,  0.    , -1.4853, -1.255 ,  0.    ,  0.    ,  0.    ,  0.    ,  0.    ,  0.    ,  0.    ,  0.    ,  1.3097,-15.6344
F1,-40.8331,  3.0387, 28.5022,  0.1565,  5.5824, -4.198 , -7.5459,  0.    ,  0.    , -1.5015, -0.8909,  0.    ,  0.    ,  0.    ,  0.    ,  0.    ,  0.    ,  0.    ,  0.    ,  1.6614,-16.0281
F8,-41.0845,  2.8352, 28.3493,  0.135 ,  5.5888, -4.2067, -7.4542,  0.    ,  0.    , -1.4954, -1.0553,  0.    ,  0.    ,  0.    ,  0.    ,  0.    ,  0.    ,  0.    ,  0.    ,  1.3834,-17.0045
C11,-40.7086,  3.2309, 28.4686,  0.3622,  5.7216, -3.9606, -7.6488,  0.    ,  0.    , -1.4816, -0.9054,  0.    ,  0.    ,  0.    ,  0.    ,  0.    ,  0.    ,  0.    ,  0.    ,  1.4975,-15.4243
D6,-40.6777,  3.3909, 28.3093,  0.3172,  5.8021, -3.916 , -7.6704,  0.    ,  0.    , -1.4797, -0.7317,  0.    ,  0.    ,  0.    ,  0.    ,  0.    ,  0.    ,  0.    ,  0.    ,  1.4903,-15.1656
E6,-40.8387,  3.2844, 28.3557,  0.2917,  5.7985, -4.1756, -7.4515,  0.    ,  0.    , -1.4983, -1.0856,  0.    ,  0.    ,  0.    ,  0.    ,  0.    ,  0.    ,  0.    ,  0.    ,  1.6119,-15.7075
F2,-40.6307,  3.3454, 28.57  ,  0.3285,  5.7426, -4.0893, -7.6446,  0.    ,  0.    , -1.4946, -1.0724,  0.    ,  0.    ,  0.    ,  0.    ,  0.    ,  0.    ,  0.    ,  0.    ,  1.5083,-15.4368
F7,-41.105 ,  3.2535, 28.4283,  0.3444,  5.6768, -4.0838, -7.4716,  0.    ,  0.    , -1.4745, -1.2636,  0.    ,  0.    ,  0.    ,  0.    ,  0.    ,  0.    ,  0.    ,  0.    ,  1.538 ,-16.1576
F12,-42.4066,  4.2811, 28.296 ,  0.1696,  5.8299, -4.1761, -7.6105,  0.    ,  0.    , -1.5098, -0.8828,  0.    ,  0.    ,  0.    ,  0.    ,  0.    ,  0.    ,  0.    ,  0.    ,  1.9325,-16.0766
D1,-40.3626,  2.0376, 28.9874,  0.3115,  5.5932, -4.196 , -7.5409,  0.    ,  0.    , -1.4672, -1.0508,  0.    ,  0.    ,  0.    ,  0.    ,  0.    ,  0.    ,  0.    ,  0.    ,  1.0655,-16.6223
D8,-41.066 ,  2.1281, 29.3493,  0.376 ,  5.5572, -4.2306, -7.7191,  0.    ,  0.    , -1.4824, -1.2045,  0.    ,  0.    ,  0.    ,  0.    ,  0.    ,  0.    ,  0.    ,  0.    ,  0.999 ,-17.293 
E1,-41.5714,  2.3744, 29.5755,  0.3268,  5.588 , -4.1287, -7.7564,  0.    ,  0.    , -1.4906, -1.5838,  0.    ,  0.    ,  0.    ,  0.    ,  0.    ,  0.    ,  0.    ,  0.    ,  1.0274,-17.6388
E8,-40.7271,  2.3511, 29.4577,  0.3854,  5.6436, -4.2452, -7.6109,  0.    ,  0.    , -1.5055, -0.8718,  0.    ,  0.    ,  0.    ,  0.    ,  0.    ,  0.    ,  0.    ,  0.    ,  1.0109,-16.1119
E12,-41.0274,  2.2632, 29.4469,  0.388 ,  5.6195, -4.2254, -7.6808,  0.    ,  0.    , -1.5019, -0.8734,  0.    ,  0.    ,  0.    ,  0.    ,  0.    ,  0.    ,  0.    ,  0.    ,  1.0108,-16.5805
G2,-42.3205,  3.3276, 29.1542,  0.1403,  5.7177, -4.2845, -7.6466,  0.    ,  0.    , -1.5068, -0.7042,  0.    ,  0.    ,  0.    ,  0.    ,  0.    ,  0.    ,  0.    ,  0.    ,  1.6438,-16.4791
C3,-43.2948,  4.8892, 29.3403,  0.8014,  5.8745, -4.1657, -7.2117,  0.    ,  0.    , -1.512 , -1.3714,  0.    ,  0.    ,  0.    ,  0.    ,  0.    ,  0.    ,  0.    ,  0.    ,  3.1326,-13.5176
D3,-43.2948,  4.8892, 29.3403,  0.8014,  5.8745, -4.1657, -7.2117,  0.    ,  0.    , -1.512 , -1.3714,  0.    ,  0.    ,  0.    ,  0.    ,  0.    ,  0.    ,  0.    ,  0.    ,  3.1326,-13.5176
B9,-41.977 ,  4.6413, 28.9411,  0.5651,  5.9923, -4.0965, -7.4594,  0.    ,  0.    , -1.4954, -0.9197,  0.    ,  0.    ,  0.    ,  0.    ,  0.    ,  0.    ,  0.    ,  0.    ,  2.6637,-13.1445
B12,-43.1379,  5.1916, 29.5187,  0.6932,  5.8815, -4.1876, -7.4142,  0.    ,  0.    , -1.5122, -1.3357,  0.    ,  0.    ,  0.    ,  0.    ,  0.    ,  0.    ,  0.    ,  0.    ,  3.2841,-13.0184
D4,-42.8796,  5.513 , 28.7747,  0.9006,  6.0276, -3.9769, -7.2747,  0.    ,  0.    , -1.5007, -0.9198,  0.    ,  0.    ,  0.    ,  0.    ,  0.    ,  0.    ,  0.    ,  0.    ,  3.4816,-11.8543
D5,-42.8796,  5.513 , 28.7747,  0.9006,  6.0276, -3.9769, -7.2747,  0.    ,  0.    , -1.5007, -0.9198,  0.    ,  0.    ,  0.    ,  0.    ,  0.    ,  0.    ,  0.    ,  0.    ,  3.4816,-11.8543
C2,-43.0975,  6.0087, 29.0085,  0.7228,  6.0449, -4.0834, -7.4869,  0.    ,  0.    , -1.5023, -1.1985,  0.    ,  0.    ,  0.    ,  0.    ,  0.    ,  0.    ,  0.    ,  0.    ,  3.7477,-11.8361
B6,-42.195 ,  5.1862, 28.4989,  0.8549,  6.1683, -3.9266, -7.5879,  0.    ,  0.    , -1.4902, -0.6698,  0.    ,  0.    ,  0.    ,  0.    ,  0.    ,  0.    ,  0.    ,  0.    ,  3.0736,-12.0875
B7,-42.211 ,  4.8105, 28.7407,  0.4292,  5.8925, -4.0917, -7.4943,  0.    ,  0.    , -1.4905, -1.2225,  0.    ,  0.    ,  0.    ,  0.    ,  0.    ,  0.    ,  0.    ,  0.    ,  2.631 ,-14.0061
B8,-43.6889,  5.3813, 28.9941,  0.6715,  5.9673, -4.1238, -7.1111,  0.    ,  0.    , -1.5191, -1.3744,  0.    ,  0.    ,  0.    ,  0.    ,  0.    ,  0.    ,  0.    ,  0.    ,  3.5274,-13.2758
E2,-42.1821,  4.6065, 28.798 ,  0.3772,  6.0117, -4.1603, -7.4406,  0.    ,  0.    , -1.4942, -1.0796,  0.    ,  0.    ,  0.    ,  0.    ,  0.    ,  0.    ,  0.    ,  0.    ,  2.9574,-13.6059
E3,-42.1821,  4.6065, 28.798 ,  0.3772,  6.0117, -4.1603, -7.4406,  0.    ,  0.    , -1.4942, -1.0796,  0.    ,  0.    ,  0.    ,  0.    ,  0.    ,  0.    ,  0.    ,  0.    ,  2.9574,-13.6059
B11,-42.8297,  4.9704, 29.4986,  0.6694,  5.9322, -4.0089, -7.21  ,  0.    ,  0.    , -1.5017, -1.1026,  0.    ,  0.    ,  0.    ,  0.    ,  0.    ,  0.    ,  0.    ,  0.    ,  2.9219,-12.6604
B10,-43.3633,  5.6841, 28.6605,  0.6832,  5.9709, -4.0209, -7.2243,  0.    ,  0.    , -1.5134, -1.1412,  0.    ,  0.    ,  0.    ,  0.    ,  0.    ,  0.    ,  0.    ,  0.    ,  3.4486,-12.8158
C1,-43.3951,  6.3287, 29.2503,  1.1536,  6.1392, -4.2113, -7.4595,  0.    ,  0.    , -1.5056, -1.3606,  0.    ,  0.    ,  0.    ,  0.    ,  0.    ,  0.    ,  0.    ,  0.    ,  5.5183, -9.5418
E10,-43.665 ,  5.3071, 29.3341,  0.6815,  5.7975, -4.1298, -7.0255,  0.    ,  0.    , -1.5065, -1.3683,  0.    ,  0.    ,  0.    ,  0.    ,  0.    ,  0.    ,  0.    ,  0.    ,  3.5291,-13.0459
F4,-41.623 ,  3.6982, 29.3656,  0.4746,  5.7706, -4.1023, -7.4768,  0.    ,  0.    , -1.4992, -1.1291,  0.    ,  0.    ,  0.    ,  0.    ,  0.    ,  0.    ,  0.    ,  0.    ,  1.9488,-14.5726
F9,-43.0124,  4.7597, 29.2603,  0.6526,  5.9651, -4.1782, -7.3051,  0.    ,  0.    , -1.5168, -1.2984,  0.    ,  0.    ,  0.    ,  0.    ,  0.    ,  0.    ,  0.    ,  0.    ,  3.0423,-13.6309
A10,-42.6756,  3.7796, 29.3066,  0.4345,  5.9176, -4.2167, -7.3307,  0.    ,  0.    , -1.504 , -1.3379,  0.    ,  0.    ,  0.    ,  0.    ,  0.    ,  0.    ,  0.    ,  0.    ,  1.8303,-15.796 
G4,-42.6756,  3.7796, 29.3066,  0.4345,  5.9176, -4.2167, -7.3307,  0.    ,  0.    , -1.504 , -1.3379,  0.    ,  0.    ,  0.    ,  0.    ,  0.    ,  0.    ,  0.    ,  0.    ,  1.8303,-15.796 
D2,-40.6633,  2.3286, 28.5595,  0.2549,  5.5988, -4.22  , -7.4359,  0.    ,  0.    , -1.4971, -1.034 ,  0.    ,  0.    ,  0.    ,  0.    ,  0.    ,  0.    ,  0.    ,  0.    ,  1.0668,-17.0418
D9,-41.0831,  2.5123, 28.4988,  0.2386,  5.6363, -4.1912, -7.4679,  0.    ,  0.    , -1.4933, -0.714 ,  0.    ,  0.    ,  0.    ,  0.    ,  0.    ,  0.    ,  0.    ,  0.    ,  1.1667,-16.8968
E9,-40.6402,  2.6545, 28.5258,  0.4174,  5.7462, -4.2543, -7.4085,  0.    ,  0.    , -1.5007, -0.7072,  0.    ,  0.    ,  0.    ,  0.    ,  0.    ,  0.    ,  0.    ,  0.    ,  0.9891,-16.1778
F3,-41.0721,  2.4673, 28.7588,  0.2979,  5.6264, -4.2281, -7.5167,  0.    ,  0.    , -1.4988, -0.8744,  0.    ,  0.    ,  0.    ,  0.    ,  0.    ,  0.    ,  0.    ,  0.    ,  1.1033,-16.9364
C8,-41.3126,  2.4648, 28.4231,  0.2021,  5.6222, -4.2126, -7.4377,  0.    ,  0.    , -1.4955, -0.8738,  0.    ,  0.    ,  0.    ,  0.    ,  0.    ,  0.    ,  0.    ,  0.    ,  1.1717,-17.4483
G3,-42.6737,  3.6713, 28.6329,  0.2014,  5.7053, -4.2832, -7.5584,  0.    ,  0.    , -1.5069, -0.8746,  0.    ,  0.    ,  0.    ,  0.    ,  0.    ,  0.    ,  0.    ,  0.    ,  1.5853,-17.1006
N9,-41.5663,  2.7428, 28.6333,  0.2051,  5.7891, -4.8403, -6.0012,  0.    ,  0.    , -1.4361, -0.6583,  0.    ,  0.    ,  0.    ,  0.    ,  0.    ,  0.    ,  0.    ,  0.    ,  1.6113,-15.5206
B2,-41.3975,  3.4765, 27.0215,  0.6737,  6.0895, -4.1312, -6.7396,  0.    ,  0.    , -1.5003, -0.7021,  0.    ,  0.    ,  0.    ,  0.    ,  0.    ,  0.    ,  0.    ,  0.    ,  2.8311,-14.3783
P3,-41.8471,  3.4491, 28.2086,  1.1427,  6.1313, -4.3835, -7.1932,  0.    ,  0.    , -1.5163, -1.5591,  0.    ,  0.    ,  0.    ,  0.    ,  0.    ,  0.    ,  0.    ,  0.    ,  3.0213,-14.5461
A11,-40.9601,  1.9953, 28.5024,  0.1462,  5.8378, -4.4877, -7.0978,  0.    ,  0.    , -1.4862, -1.411 ,  0.    ,  0.    ,  0.    ,  0.    ,  0.    ,  0.    ,  0.    ,  0.    ,  1.39  ,-17.571 
A3,-40.4054,  2.2454, 27.138 ,  0.1203,  5.6316, -4.0981, -6.4913,  0.    ,  0.    , -1.4669, -0.6995,  0.    ,  0.    ,  0.    ,  0.    ,  0.    ,  0.    ,  0.    ,  0.    ,  1.4348,-16.5911
A8,-41.2801,  2.0067, 28.6592,  0.0906,  5.6716, -4.3915, -7.1995,  0.    ,  0.    , -1.4612, -1.3749,  0.    ,  0.    ,  0.    ,  0.    ,  0.    ,  0.    ,  0.    ,  0.    ,  1.661 ,-17.6183
N7,-40.0406,  2.182 , 28.8022,  0.3593,  5.6779, -4.3138, -6.4394,  0.    ,  0.    , -1.4902, -0.7082,  0.    ,  0.    ,  0.    ,  0.    ,  0.    ,  0.    ,  0.    ,  0.    ,  1.373 ,-14.5978
N5,-41.0589,  2.398 , 28.3676,  0.0738,  5.6932, -4.7005, -6.8721,  0.    ,  0.    , -1.4299, -0.6562,  0.    ,  0.    ,  0.    ,  0.    ,  0.    ,  0.    ,  0.    ,  0.    ,  1.4778,-16.7072
N12,-39.6202,  1.6403, 27.5334,  0.161 ,  5.7465, -4.4107, -6.5717,  0.    ,  0.    , -1.4878, -0.6769,  0.    ,  0.    ,  0.    ,  0.    ,  0.    ,  0.    ,  0.    ,  0.    ,  1.2726,-16.4135
H6,-40.1332,  1.7301, 27.7319,  0.1027,  5.7914, -4.4555, -6.7636,  0.    ,  0.    , -1.4873, -0.6588,  0.    ,  0.    ,  0.    ,  0.    ,  0.    ,  0.    ,  0.    ,  0.    ,  1.3795,-16.7628
H5,-40.2005,  1.9671, 27.5744,  0.1263,  5.7079, -4.2824, -6.6351,  0.    ,  0.    , -1.4767, -0.6844,  0.    ,  0.    ,  0.    ,  0.    ,  0.    ,  0.    ,  0.    ,  0.    ,  1.4414,-16.4621
N11,-41.2303,  2.0998, 26.6788,  0.1165,  5.7214, -4.1273, -6.2926,  0.    ,  0.    , -1.4928, -0.5994,  0.    ,  0.    ,  0.    ,  0.    ,  0.    ,  0.    ,  0.    ,  0.    ,  1.5558,-17.5702
N10,-39.7747,  1.6632, 28.1219,  0.0948,  5.8052, -4.4825, -6.8443,  0.    ,  0.    , -1.49  , -0.6683,  0.    ,  0.    ,  0.    ,  0.    ,  0.    ,  0.    ,  0.    ,  0.    ,  1.3559,-16.2189
Q1,-40.1079,  2.7734, 28.3681,  0.3762,  5.9806, -4.4713, -6.7619,  0.    ,  0.    , -1.5243, -0.6911,  0.    ,  0.    ,  0.    ,  0.    ,  0.    ,  0.    ,  0.    ,  0.    ,  1.4727,-14.5856
A4,-40.9426,  2.3635, 28.6299,  0.105 ,  5.6587, -4.5762, -6.8249,  0.    ,  0.    , -1.4299, -1.2158,  0.    ,  0.    ,  0.    ,  0.    ,  0.    ,  0.    ,  0.    ,  0.    ,  1.4531,-16.7792
A12,-40.2252,  2.5781, 27.3926,  0.3399,  5.6901, -4.2627, -6.5166,  0.    ,  0.    , -1.483 , -0.7024,  0.    ,  0.    ,  0.    ,  0.    ,  0.    ,  0.    ,  0.    ,  0.    ,  1.3423,-15.8471
P5,-41.5262,  2.3283, 29.1598,  0.1656,  5.8054, -4.6201, -7.0676,  0.    ,  0.    , -1.4749, -1.1467,  0.    ,  0.    ,  0.    ,  0.    ,  0.    ,  0.    ,  0.    ,  0.    ,  1.1849,-17.1916
Q9,-40.8837,  2.568 , 28.4458,  0.2623,  5.796 , -4.4116, -6.7393,  0.    ,  0.    , -1.5124, -0.6965,  0.    ,  0.    ,  0.    ,  0.    ,  0.    ,  0.    ,  0.    ,  0.    ,  1.4227,-15.7488
B5,-40.8541,  2.138 , 27.5525,  0.1757,  5.6408, -4.5666, -6.7084,  0.    ,  0.    , -1.4438, -0.6503,  0.    ,  0.    ,  0.    ,  0.    ,  0.    ,  0.    ,  0.    ,  0.    ,  1.1824,-17.5337
P9,-41.6218,  2.582 , 28.9298,  0.2957,  5.8122, -4.5053, -6.7997,  0.    ,  0.    , -1.4587, -1.2125,  0.    ,  0.    ,  0.    ,  0.    ,  0.    ,  0.    ,  0.    ,  0.    ,  1.6773,-16.301 
P12,-41.4153,  2.5869, 28.0631,  0.1355,  5.8122, -4.5156, -6.8366,  0.    ,  0.    , -1.4768, -0.6663,  0.    ,  0.    ,  0.    ,  0.    ,  0.    ,  0.    ,  0.    ,  0.    ,  1.4808,-16.8321
Q4,-41.4842,  2.6769, 28.14  ,  0.1957,  5.7352, -4.3674, -6.8382,  0.    ,  0.    , -1.4624, -0.684 ,  0.    ,  0.    ,  0.    ,  0.    ,  0.    ,  0.    ,  0.    ,  0.    ,  1.384 ,-16.7043
P7,-41.6606,  3.1698, 29.016 ,  0.3155,  6.2372, -4.2855, -6.9664,  0.    ,  0.    , -1.5214, -0.6284,  0.    ,  0.    ,  0.    ,  0.    ,  0.    ,  0.    ,  0.    ,  0.    ,  2.3682,-13.9556
Q12,-41.7933,  4.4559, 28.9946,  0.1866,  5.8463, -4.641 , -6.5599,  0.    ,  0.    , -1.4686, -0.7219,  0.    ,  0.    ,  0.    ,  0.    ,  0.    ,  0.    ,  0.    ,  0.    ,  2.3103,-13.391 
P2,-41.7798,  4.2893, 28.9236,  0.2056,  5.8645, -4.6533, -6.6362,  0.    ,  0.    , -1.4756, -0.7124,  0.    ,  0.    ,  0.    ,  0.    ,  0.    ,  0.    ,  0.    ,  0.    ,  2.544 ,-13.4303
Q5,-41.7798,  4.2893, 28.9236,  0.2056,  5.8645, -4.6533, -6.6362,  0.    ,  0.    , -1.4756, -0.7124,  0.    ,  0.    ,  0.    ,  0.    ,  0.    ,  0.    ,  0.    ,  0.    ,  2.544 ,-13.4303
Q10,-41.7798,  4.2893, 28.9236,  0.2056,  5.8645, -4.6533, -6.6362,  0.    ,  0.    , -1.4756, -0.7124,  0.    ,  0.    ,  0.    ,  0.    ,  0.    ,  0.    ,  0.    ,  0.    ,  2.544 ,-13.4303
Q11,-41.7315,  4.3087, 27.8345,  0.1286,  5.9109, -4.555 , -6.7224,  0.    ,  0.    , -1.4782, -0.671 ,  0.    ,  0.    ,  0.    ,  0.    ,  0.    ,  0.    ,  0.    ,  0.    ,  2.4832,-14.4922
P8,-41.3168,  2.2562, 29.5033,  0.2601,  5.6826, -4.4629, -7.0709,  0.    ,  0.    , -1.4598, -1.1499,  0.    ,  0.    ,  0.    ,  0.    ,  0.    ,  0.    ,  0.    ,  0.    ,  1.069 ,-16.6891
N6,-40.5387,  2.0993, 28.7325,  0.2303,  5.667 , -4.407 , -6.7659,  0.    ,  0.    , -1.4536, -0.6763,  0.    ,  0.    ,  0.    ,  0.    ,  0.    ,  0.    ,  0.    ,  0.    ,  1.0822,-16.03  
A2,-40.735 ,  2.2637, 28.1174,  0.2179,  5.6704, -4.4488, -6.7344,  0.    ,  0.    , -1.475 , -0.6762,  0.    ,  0.    ,  0.    ,  0.    ,  0.    ,  0.    ,  0.    ,  0.    ,  1.0653,-16.7347
A6,-40.735 ,  2.2637, 28.1174,  0.2179,  5.6704, -4.4488, -6.7344,  0.    ,  0.    , -1.475 , -0.6762,  0.    ,  0.    ,  0.    ,  0.    ,  0.    ,  0.    ,  0.    ,  0.    ,  1.0653,-16.7347
Q2,-41.3884,  2.426 , 28.3007,  0.3297,  5.6939, -4.3826, -6.5622,  0.    ,  0.    , -1.4617, -0.6833,  0.    ,  0.    ,  0.    ,  0.    ,  0.    ,  0.    ,  0.    ,  0.    ,  1.2892,-16.4388
P10,-41.7089,  2.9584, 28.6248,  0.1665,  5.8113, -4.4759, -7.0659,  0.    ,  0.    , -1.4664, -1.1709,  0.    ,  0.    ,  0.    ,  0.    ,  0.    ,  0.    ,  0.    ,  0.    ,  1.9617,-16.3654
P11,-41.5731,  2.8725, 27.8084,  0.1348,  5.8785, -4.471 , -6.8479,  0.    ,  0.    , -1.4917, -0.6681,  0.    ,  0.    ,  0.    ,  0.    ,  0.    ,  0.    ,  0.    ,  0.    ,  1.599 ,-16.7586
N8,-41.3675,  2.5918, 29.0461,  0.1221,  5.8493, -4.6854, -7.1676,  0.    ,  0.    , -1.4441, -0.6857,  0.    ,  0.    ,  0.    ,  0.    ,  0.    ,  0.    ,  0.    ,  0.    ,  1.4143,-16.3266
A7,-43.2763,  3.3704, 29.1618,  0.1845,  5.7153, -4.6521, -6.986 ,  0.    ,  0.    , -1.5073, -0.6813,  0.    ,  0.    ,  0.    ,  0.    ,  0.    ,  0.    ,  0.    ,  0.    ,  1.6042,-17.0669
A1,-42.4084,  2.7699, 29.0399,  0.2708,  5.7595, -4.5691, -7.0774,  0.    ,  0.    , -1.4505, -1.4794,  0.    ,  0.    ,  0.    ,  0.    ,  0.    ,  0.    ,  0.    ,  0.    ,  1.7064,-17.4384
A5,-41.8938,  3.0117, 28.1339,  0.3495,  5.7819, -4.3044, -6.5719,  0.    ,  0.    , -1.4829, -0.6902,  0.    ,  0.    ,  0.    ,  0.    ,  0.    ,  0.    ,  0.    ,  0.    ,  1.4643,-16.2019
Q7,-43.7467,  4.389 , 28.6681,  0.265 ,  5.6013, -4.612 , -6.7984,  0.    ,  0.    , -1.46  , -0.6945,  0.    ,  0.    ,  0.    ,  0.    ,  0.    ,  0.    ,  0.    ,  0.    ,  2.554 ,-15.8342
Q6,-42.2095,  3.8786, 27.2611,  0.2785,  5.5752, -4.3197, -6.2959,  0.    ,  0.    , -1.4247, -0.6614,  0.    ,  0.    ,  0.    ,  0.    ,  0.    ,  0.    ,  0.    ,  0.    ,  2.6662,-15.2514
Q3,-41.4703,  2.2946, 28.3395,  0.1656,  5.8026, -4.5629, -6.8315,  0.    ,  0.    , -1.4771, -0.6664,  0.    ,  0.    ,  0.    ,  0.    ,  0.    ,  0.    ,  0.    ,  0.    ,  1.0977,-17.3082
Q8,-42.0831,  2.4211, 28.8908,  0.1682,  5.8085, -4.585 , -6.924 ,  0.    ,  0.    , -1.469 , -0.7103,  0.    ,  0.    ,  0.    ,  0.    ,  0.    ,  0.    ,  0.    ,  0.    ,  1.2783,-17.2044
P6,-41.967 ,  2.5185, 28.3071,  0.1958,  5.8184, -4.5255, -6.8395,  0.    ,  0.    , -1.4844, -0.6608,  0.    ,  0.    ,  0.    ,  0.    ,  0.    ,  0.    ,  0.    ,  0.    ,  1.1891,-17.4484
H10,-43.8743,  3.0363, 30.2782,  0.3375,  5.71  , -4.7525, -6.862 ,  0.    ,  0.    , -1.5019, -1.288 ,  0.    ,  0.    ,  0.    ,  0.    ,  0.    ,  0.    ,  0.    ,  0.    ,  1.3897,-17.5269
H12,-43.8554,  3.0584, 30.1882,  0.3507,  5.7752, -4.7235, -6.7837,  0.    ,  0.    , -1.4366, -0.9401,  0.    ,  0.    ,  0.    ,  0.    ,  0.    ,  0.    ,  0.    ,  0.    ,  1.3527,-17.014 
H4,-39.8429,  1.941 , 28.0536,  0.2351,  5.7338, -4.3876, -6.6335,  0.    ,  0.    , -1.4858, -0.7085,  0.    ,  0.    ,  0.    ,  0.    ,  0.    ,  0.    ,  0.    ,  0.    ,  0.8583,-16.2366
P4,-41.9348,  4.344 , 29.1864,  0.4298,  5.7864, -4.5523, -6.7303,  0.    ,  0.    , -1.4966, -0.7208,  0.    ,  0.    ,  0.    ,  0.    ,  0.    ,  0.    ,  0.    ,  0.    ,  2.0412,-13.647 
H9,-39.7899,  2.0097, 27.5663,  0.1224,  5.8216, -4.3614, -6.6414,  0.    ,  0.    , -1.4935, -0.6977,  0.    ,  0.    ,  0.    ,  0.    ,  0.    ,  0.    ,  0.    ,  0.    ,  1.1916,-16.2721
H8,-39.8419,  1.7498, 28.044 ,  0.1107,  5.8128, -4.4841, -6.7394,  0.    ,  0.    , -1.4877, -0.6938,  0.    ,  0.    ,  0.    ,  0.    ,  0.    ,  0.    ,  0.    ,  0.    ,  1.3669,-16.1626
H7,-39.6445,  1.9906, 27.5883,  0.1199,  5.8042, -4.4011, -6.629 ,  0.    ,  0.    , -1.49  , -0.6962,  0.    ,  0.    ,  0.    ,  0.    ,  0.    ,  0.    ,  0.    ,  0.    ,  1.2417,-16.116 
A9,-42.348 ,  2.3012, 30.3891,  0.0846,  5.7849, -4.4713, -6.7631,  0.    ,  0.    , -1.4644, -1.2537,  0.    ,  0.    ,  0.    ,  0.    ,  0.    ,  0.    ,  0.    ,  0.    ,  1.7004,-16.0401
H11,-42.9986,  2.7402, 29.4723,  0.3425,  5.684 , -4.7888, -6.6132,  0.    ,  0.    , -1.4701, -0.9473,  0.    ,  0.    ,  0.    ,  0.    ,  0.    ,  0.    ,  0.    ,  0.    ,  1.1715,-17.4074
B1,-40.7581,  1.9875, 28.1969,  0.1814,  5.6775, -4.3464, -6.5171,  0.    ,  0.    , -1.4907, -0.7097,  0.    ,  0.    ,  0.    ,  0.    ,  0.    ,  0.    ,  0.    ,  0.    ,  1.0145,-16.7642
