P1,-40.4924,  4.0949, 22.3134,  0.1063,  5.7038, -3.9438, -7.119 ,  0.    ,  0.    , -1.9543, -1.5178,  0.    ,  0.    ,  0.    ,  0.    ,  0.    ,  0.    ,  0.    ,  0.    ,  1.9892,-20.8197
G6,-38.8343,  2.0547, 23.4397,  0.068 ,  5.1323, -3.8713, -7.4297,  0.    ,  0.    , -1.9094, -1.3198,  0.    ,  0.    ,  0.    ,  0.    ,  0.    ,  0.    ,  0.    ,  0.    ,  0.8848,-21.785 
G12,-41.1491,  2.7693, 23.174 ,  0.1483,  5.1745, -3.9309, -7.2965,  0.    ,  0.    , -1.9148, -1.0884,  0.    ,  0.    ,  0.    ,  0.    ,  0.    ,  0.    ,  0.    ,  0.    ,  1.1348,-22.9788
G5,-39.2468,  2.3801, 23.4457,  0.0987,  5.6039, -3.7411, -7.4845,  0.    ,  0.    , -1.9434, -1.2911,  0.    ,  0.    ,  0.    ,  0.    ,  0.    ,  0.    ,  0.    ,  0.    ,  1.0001,-21.1785
G7,-39.0466,  1.9256, 24.1322,  0.1104,  5.479 , -3.883 , -7.4614,  0.    ,  0.    , -1.9422, -1.2945,  0.    ,  0.    ,  0.    ,  0.    ,  0.    ,  0.    ,  0.    ,  0.    ,  0.9115,-21.069 
G11,-41.0692,  3.7597, 23.962 ,  0.1034,  5.4788, -3.8384, -7.4781,  0.    ,  0.    , -1.9454, -1.2857,  0.    ,  0.    ,  0.    ,  0.    ,  0.    ,  0.    ,  0.    ,  0.    ,  1.0434,-21.2695
G9,-39.507 ,  2.118 , 24.1206,  0.1191,  5.5211, -3.8871, -7.5495,  0.    ,  0.    , -1.9492, -1.316 ,  0.    ,  0.    ,  0.    ,  0.    ,  0.    ,  0.    ,  0.    ,  0.    ,  0.9387,-21.3913
G8,-38.4483,  2.0471, 24.0928,  0.0845,  5.2089, -3.9397, -7.2301,  0.    ,  0.    , -1.9196, -1.2272,  0.    ,  0.    ,  0.    ,  0.    ,  0.    ,  0.    ,  0.    ,  0.    ,  0.812 ,-20.5195
G10,-38.4875,  1.7235, 24.2366,  0.0739,  5.2136, -3.8908, -7.3249,  0.    ,  0.    , -1.9221, -1.2998,  0.    ,  0.    ,  0.    ,  0.    ,  0.    ,  0.    ,  0.    ,  0.    ,  0.7537,-20.9239
C6,-38.7931,  1.8684, 23.5012,  0.0798,  5.3879, -3.9141, -7.4331,  0.    ,  0.    , -1.9281, -1.3196,  0.    ,  0.    ,  0.    ,  0.    ,  0.    ,  0.    ,  0.    ,  0.    ,  0.681 ,-21.8698
C4,-39.8807,  2.181 , 23.4126,  0.0731,  5.1462, -3.9136, -7.4492,  0.    ,  0.    , -1.9118, -1.319 ,  0.    ,  0.    ,  0.    ,  0.    ,  0.    ,  0.    ,  0.    ,  0.    ,  0.8206,-22.8407
C7,-38.8116,  1.9237, 24.2902,  0.0714,  5.2672, -3.9222, -7.3646,  0.    ,  0.    , -1.9203, -1.3061,  0.    ,  0.    ,  0.    ,  0.    ,  0.    ,  0.    ,  0.    ,  0.    ,  0.7151,-21.057 
B4,-42.1359,  3.4816, 24.3582,  0.0787,  5.1608, -4.2126, -7.4976,  0.    ,  0.    , -1.9119, -0.8995,  0.    ,  0.    ,  0.    ,  0.    ,  0.    ,  0.    ,  0.    ,  0.    ,  1.1323,-22.4459
B3,-42.0753,  3.3023, 24.1409,  0.0744,  5.2962, -4.2616, -7.5409,  0.    ,  0.    , -1.9234, -1.0613,  0.    ,  0.    ,  0.    ,  0.    ,  0.    ,  0.    ,  0.    ,  0.    ,  1.1413,-22.9073
C5,-38.9743,  1.9088, 23.6343,  0.0805,  5.2811, -4.0154, -7.5073,  0.    ,  0.    , -1.9242, -1.3032,  0.    ,  0.    ,  0.    ,  0.    ,  0.    ,  0.    ,  0.    ,  0.    ,  0.7734,-22.0464
C9,-38.9743,  1.9088, 23.6343,  0.0805,  5.2811, -4.0154, -7.5073,  0.    ,  0.    , -1.9242, -1.3032,  0.    ,  0.    ,  0.    ,  0.    ,  0.    ,  0.    ,  0.    ,  0.    ,  0.7734,-22.0464
D11,-40.156 ,  2.1819, 23.1442,  0.0789,  5.2233, -3.981 , -7.5083,  0.    ,  0.    , -1.9179, -1.3002,  0.    ,  0.    ,  0.    ,  0.    ,  0.    ,  0.    ,  0.    ,  0.    ,  0.8354,-23.3997
E4,-39.1106,  1.9506, 24.0915,  0.0811,  5.3044, -4.0247, -7.4413,  0.    ,  0.    , -1.9267, -1.2988,  0.    ,  0.    ,  0.    ,  0.    ,  0.    ,  0.    ,  0.    ,  0.    ,  0.7799,-21.5947
E11,-39.1505,  2.4102, 23.6848,  0.145 ,  5.346 , -4.0743, -7.427 ,  0.    ,  0.    , -1.9254, -1.0979,  0.    ,  0.    ,  0.    ,  0.    ,  0.    ,  0.    ,  0.    ,  0.    ,  0.8521,-21.237 
F5,-39.4583,  2.0526, 23.0555,  0.0872,  5.3617, -3.9374, -7.5647,  0.    ,  0.    , -1.9296, -1.3163,  0.    ,  0.    ,  0.    ,  0.    ,  0.    ,  0.    ,  0.    ,  0.    ,  0.7802,-22.869 
F10,-41.6867,  2.8212, 23.1899,  0.0704,  5.0746, -3.9782, -7.373 ,  0.    ,  0.    , -1.9074, -1.3014,  0.    ,  0.    ,  0.    ,  0.    ,  0.    ,  0.    ,  0.    ,  0.    ,  1.07  ,-24.0207
C10,-39.4359,  2.2028, 23.7683,  0.088 ,  5.2873, -4.0078, -7.4993,  0.    ,  0.    , -1.9244, -1.2272,  0.    ,  0.    ,  0.    ,  0.    ,  0.    ,  0.    ,  0.    ,  0.    ,  0.8795,-21.8689
D10,-39.8665,  1.941 , 23.8298,  0.0886,  5.3639, -3.9769, -7.551 ,  0.    ,  0.    , -1.9302, -1.3161,  0.    ,  0.    ,  0.    ,  0.    ,  0.    ,  0.    ,  0.    ,  0.    ,  0.7476,-22.6698
E5,-39.7617,  2.0056, 24.4233,  0.0836,  5.3152, -4.0311, -7.51  ,  0.    ,  0.    , -1.9278, -1.2992,  0.    ,  0.    ,  0.    ,  0.    ,  0.    ,  0.    ,  0.    ,  0.    ,  0.7789,-21.9231
G1,-40.0381,  2.2456, 24.1566,  0.0955,  5.3973, -4.0088, -7.5481,  0.    ,  0.    , -1.934 , -1.297 ,  0.    ,  0.    ,  0.    ,  0.    ,  0.    ,  0.    ,  0.    ,  0.    ,  0.8481,-22.0828
F6,-39.9221,  2.0402, 23.3067,  0.0886,  5.3781, -3.9347, -7.613 ,  0.    ,  0.    , -1.9319, -1.3176,  0.    ,  0.    ,  0.    ,  0.    ,  0.    ,  0.    ,  0.    ,  0.    ,  0.7657,-23.1402
F11,-41.8369,  3.1202, 23.4611,  0.0751,  5.2333, -3.9681, -7.5657,  0.    ,  0.    , -1.9207, -1.2919,  0.    ,  0.    ,  0.    ,  0.    ,  0.    ,  0.    ,  0.    ,  0.    ,  0.9605,-23.733 
C12,-39.3531,  2.1423, 23.3614,  0.0981,  5.2499, -4.0509, -7.3882,  0.    ,  0.    , -1.9218, -1.2251,  0.    ,  0.    ,  0.    ,  0.    ,  0.    ,  0.    ,  0.    ,  0.    ,  0.9034,-22.184 
D7,-39.507 ,  2.3856, 22.9237,  0.1267,  5.3978, -3.921 , -7.4374,  0.    ,  0.    , -1.9379, -1.2786,  0.    ,  0.    ,  0.    ,  0.    ,  0.    ,  0.    ,  0.    ,  0.    ,  0.9208,-22.3272
D12,-40.4641,  2.6781, 23.2216,  0.0904,  5.3331, -4.0319, -7.5522,  0.    ,  0.    , -1.9287, -1.295 ,  0.    ,  0.    ,  0.    ,  0.    ,  0.    ,  0.    ,  0.    ,  0.    ,  0.7595,-23.1891
E7,-39.7297,  1.9746, 23.9766,  0.0905,  5.2889, -3.9718, -7.3842,  0.    ,  0.    , -1.9258, -1.2903,  0.    ,  0.    ,  0.    ,  0.    ,  0.    ,  0.    ,  0.    ,  0.    ,  0.7492,-22.2221
F1,-39.5356,  2.5818, 23.3284,  0.1371,  5.3167, -4.0288, -7.2187,  0.    ,  0.    , -1.9267, -1.144 ,  0.    ,  0.    ,  0.    ,  0.    ,  0.    ,  0.    ,  0.    ,  0.    ,  0.9983,-21.4915
F8,-39.6556,  2.6249, 22.5172,  0.1229,  5.4061, -3.913 , -7.4576,  0.    ,  0.    , -1.9378, -1.266 ,  0.    ,  0.    ,  0.    ,  0.    ,  0.    ,  0.    ,  0.    ,  0.    ,  1.0395,-22.5195
C11,-39.4153,  2.2263, 22.8506,  0.154 ,  5.5355, -3.7471, -7.4529,  0.    ,  0.    , -1.9497, -1.3177,  0.    ,  0.    ,  0.    ,  0.    ,  0.    ,  0.    ,  0.    ,  0.    ,  0.9919,-22.1244
D6,-40.1873,  2.4889, 22.466 ,  0.1302,  5.555 , -3.8496, -7.3569,  0.    ,  0.    , -1.9281, -1.2965,  0.    ,  0.    ,  0.    ,  0.    ,  0.    ,  0.    ,  0.    ,  0.    ,  1.1388,-22.8397
E6,-39.4649,  2.4279, 23.0306,  0.1432,  5.5079, -3.7997, -7.4225,  0.    ,  0.    , -1.9458, -1.2941,  0.    ,  0.    ,  0.    ,  0.    ,  0.    ,  0.    ,  0.    ,  0.    ,  1.016 ,-21.8015
F2,-39.8184,  2.2467, 22.991 ,  0.1499,  5.5335, -3.7582, -7.3873,  0.    ,  0.    , -1.9459, -1.3153,  0.    ,  0.    ,  0.    ,  0.    ,  0.    ,  0.    ,  0.    ,  0.    ,  1.0788,-22.2253
F7,-39.8099,  2.4789, 22.3253,  0.1367,  5.4993, -3.7911, -7.4161,  0.    ,  0.    , -1.9426, -1.2945,  0.    ,  0.    ,  0.    ,  0.    ,  0.    ,  0.    ,  0.    ,  0.    ,  1.0995,-22.7146
F12,-41.809 ,  4.4125, 22.2784,  0.1465,  5.6178, -3.9407, -7.5006,  0.    ,  0.    , -1.9473, -1.2724,  0.    ,  0.    ,  0.    ,  0.    ,  0.    ,  0.    ,  0.    ,  0.    ,  1.6427,-22.3721
D1,-39.3611,  1.808 , 24.4533,  0.097 ,  5.3499, -3.9349, -7.3724,  0.    ,  0.    , -1.929 , -1.3136,  0.    ,  0.    ,  0.    ,  0.    ,  0.    ,  0.    ,  0.    ,  0.    ,  0.7087,-21.4941
D8,-39.6743,  1.8707, 24.2893,  0.094 ,  5.3834, -3.9046, -7.4193,  0.    ,  0.    , -1.9333, -1.3176,  0.    ,  0.    ,  0.    ,  0.    ,  0.    ,  0.    ,  0.    ,  0.    ,  0.7154,-21.8963
E1,-40.0998,  2.7522, 23.5675,  0.0973,  5.4104, -3.8568, -7.3765,  0.    ,  0.    , -1.931 , -1.2153,  0.    ,  0.    ,  0.    ,  0.    ,  0.    ,  0.    ,  0.    ,  0.    ,  0.9155,-21.7364
E8,-39.5391,  1.9647, 24.7814,  0.0895,  5.3589, -3.9377, -7.2709,  0.    ,  0.    , -1.9327, -1.2988,  0.    ,  0.    ,  0.    ,  0.    ,  0.    ,  0.    ,  0.    ,  0.    ,  0.7451,-21.0396
E12,-39.5716,  2.3683, 24.326 ,  0.1026,  5.3963, -3.9302, -7.2181,  0.    ,  0.    , -1.9333, -1.2187,  0.    ,  0.    ,  0.    ,  0.    ,  0.    ,  0.    ,  0.    ,  0.    ,  0.8844,-20.7944
G2,-41.8129,  3.5595, 23.6173,  0.1051,  5.2417, -3.8835, -7.3785,  0.    ,  0.    , -1.9197, -1.1787,  0.    ,  0.    ,  0.    ,  0.    ,  0.    ,  0.    ,  0.    ,  0.    ,  1.0927,-22.557 
C3,-41.2629,  3.6329, 22.3835,  0.2592,  5.7623, -3.9688, -7.1406,  0.    ,  0.    , -1.8733, -1.0426,  0.    ,  0.    ,  0.    ,  0.    ,  0.    ,  0.    ,  0.    ,  0.    ,  1.8584,-21.3919
D3,-41.2629,  3.6329, 22.3835,  0.2592,  5.7623, -3.9688, -7.1406,  0.    ,  0.    , -1.8733, -1.0426,  0.    ,  0.    ,  0.    ,  0.    ,  0.    ,  0.    ,  0.    ,  0.    ,  1.8584,-21.3919
B9,-40.5249,  3.2538, 23.4117,  0.1918,  5.75  , -3.9263, -7.375 ,  0.    ,  0.    , -1.9487, -1.305 ,  0.    ,  0.    ,  0.    ,  0.    ,  0.    ,  0.    ,  0.    ,  0.    ,  1.7165,-20.7562
B12,-42.131 ,  4.2518, 22.9756,  0.2795,  6.0533, -4.0583, -7.2256,  0.    ,  0.    , -1.9456, -1.0655,  0.    ,  0.    ,  0.    ,  0.    ,  0.    ,  0.    ,  0.    ,  0.    ,  1.7166,-21.1494
D4,-41.5324,  4.2624, 22.4497,  0.349 ,  5.9111, -4.0014, -6.9733,  0.    ,  0.    , -1.8915, -1.0038,  0.    ,  0.    ,  0.    ,  0.    ,  0.    ,  0.    ,  0.    ,  0.    ,  1.5876,-20.8428
D5,-41.5324,  4.2624, 22.4497,  0.349 ,  5.9111, -4.0014, -6.9733,  0.    ,  0.    , -1.8915, -1.0038,  0.    ,  0.    ,  0.    ,  0.    ,  0.    ,  0.    ,  0.    ,  0.    ,  1.5876,-20.8428
C2,-41.959 ,  4.346 , 22.5745,  0.5358,  6.1943, -3.9071, -7.1144,  0.    ,  0.    , -1.9323, -0.9492,  0.    ,  0.    ,  0.    ,  0.    ,  0.    ,  0.    ,  0.    ,  0.    ,  1.5875,-20.624 
B6,-41.9278,  4.6452, 23.1079,  0.4787,  6.2268, -3.7785, -7.3861,  0.    ,  0.    , -1.9472, -1.0253,  0.    ,  0.    ,  0.    ,  0.    ,  0.    ,  0.    ,  0.    ,  0.    ,  1.7749,-19.8314
B7,-40.6539,  3.2761, 22.5537,  0.308 ,  5.8935, -3.8265, -7.3   ,  0.    ,  0.    , -1.9223, -1.0124,  0.    ,  0.    ,  0.    ,  0.    ,  0.    ,  0.    ,  0.    ,  0.    ,  1.4376,-21.2462
B8,-41.6575,  4.2319, 22.2427,  0.2736,  5.9973, -3.9927, -7.1469,  0.    ,  0.    , -1.9546, -1.1495,  0.    ,  0.    ,  0.    ,  0.    ,  0.    ,  0.    ,  0.    ,  0.    ,  1.4734,-21.6822
E2,-40.9453,  2.5954, 22.8089,  0.1273,  5.652 , -3.8335, -7.5758,  0.    ,  0.    , -1.9573, -1.2965,  0.    ,  0.    ,  0.    ,  0.    ,  0.    ,  0.    ,  0.    ,  0.    ,  1.0142,-23.4105
E3,-40.9453,  2.5954, 22.8089,  0.1273,  5.652 , -3.8335, -7.5758,  0.    ,  0.    , -1.9573, -1.2965,  0.    ,  0.    ,  0.    ,  0.    ,  0.    ,  0.    ,  0.    ,  0.    ,  1.0142,-23.4105
B11,-42.1416,  4.3943, 22.6065,  0.4236,  6.0875, -3.9759, -6.7713,  0.    ,  0.    , -1.9559, -1.1808,  0.    ,  0.    ,  0.    ,  0.    ,  0.    ,  0.    ,  0.    ,  0.    ,  1.7256,-20.7879
B10,-41.7546,  4.4104, 22.1115,  0.3345,  6.0978, -3.9381, -7.1047,  0.    ,  0.    , -1.9565, -1.116 ,  0.    ,  0.    ,  0.    ,  0.    ,  0.    ,  0.    ,  0.    ,  0.    ,  2.2615,-20.6543
C1,-42.196 ,  4.1018, 23.3688,  0.3971,  5.4139, -4.0938, -7.159 ,  0.    ,  0.    , -1.891 , -1.1336,  0.    ,  0.    ,  0.    ,  0.    ,  0.    ,  0.    ,  0.    ,  0.    ,  1.3296,-21.8622
E10,-41.0904,  3.7224, 22.5101,  0.2889,  5.8659, -3.9541, -7.1123,  0.    ,  0.    , -1.8865, -1.03  ,  0.    ,  0.    ,  0.    ,  0.    ,  0.    ,  0.    ,  0.    ,  0.    ,  1.7026,-20.9835
F4,-42.0008,  4.6477, 22.6467,  0.3526,  5.8866, -4.0612, -6.9167,  0.    ,  0.    , -1.9209, -1.0553,  0.    ,  0.    ,  0.    ,  0.    ,  0.    ,  0.    ,  0.    ,  0.    ,  1.5936,-20.8278
F9,-41.5923,  4.5718, 23.1316,  0.3821,  5.5933, -3.9818, -7.0903,  0.    ,  0.    , -1.9203, -1.1758,  0.    ,  0.    ,  0.    ,  0.    ,  0.    ,  0.    ,  0.    ,  0.    ,  2.0613,-20.0203
A10,-41.7538,  4.1242, 22.8087,  0.1904,  5.7421, -3.9913, -7.5126,  0.    ,  0.    , -1.9543, -1.2632,  0.    ,  0.    ,  0.    ,  0.    ,  0.    ,  0.    ,  0.    ,  0.    ,  2.0487,-21.5611
G4,-41.7538,  4.1242, 22.8087,  0.1904,  5.7421, -3.9913, -7.5126,  0.    ,  0.    , -1.9543, -1.2632,  0.    ,  0.    ,  0.    ,  0.    ,  0.    ,  0.    ,  0.    ,  0.    ,  2.0487,-21.5611
D2,-39.4872,  1.7885, 23.338 ,  0.0976,  5.3944, -3.913 , -7.5297,  0.    ,  0.    , -1.933 , -1.3164,  0.    ,  0.    ,  0.    ,  0.    ,  0.    ,  0.    ,  0.    ,  0.    ,  0.7103,-22.8503
D9,-39.8513,  2.0469, 23.2426,  0.106 ,  5.4258, -3.8798, -7.5342,  0.    ,  0.    , -1.937 , -1.3179,  0.    ,  0.    ,  0.    ,  0.    ,  0.    ,  0.    ,  0.    ,  0.    ,  0.7125,-22.9865
E9,-39.569 ,  1.9067, 23.7739,  0.1024,  5.4197, -3.8525, -7.5084,  0.    ,  0.    , -1.9357, -1.3187,  0.    ,  0.    ,  0.    ,  0.    ,  0.    ,  0.    ,  0.    ,  0.    ,  0.7215,-22.2601
F3,-39.9148,  1.9642, 23.5614,  0.1032,  5.4163, -3.849 , -7.4564,  0.    ,  0.    , -1.9359, -1.317 ,  0.    ,  0.    ,  0.    ,  0.    ,  0.    ,  0.    ,  0.    ,  0.    ,  0.7382,-22.6898
C8,-40.0569,  2.1582, 22.8074,  0.107 ,  5.4217, -3.8614, -7.5508,  0.    ,  0.    , -1.9368, -1.3168,  0.    ,  0.    ,  0.    ,  0.    ,  0.    ,  0.    ,  0.    ,  0.    ,  0.7766,-23.4518
G3,-41.3125,  3.3243, 22.6213,  0.09  ,  5.3902, -3.9658, -7.4688,  0.    ,  0.    , -1.9323, -1.2984,  0.    ,  0.    ,  0.    ,  0.    ,  0.    ,  0.    ,  0.    ,  0.    ,  1.0173,-23.5347
N9,-41.0225,  2.7061, 24.2345,  0.073 ,  5.2132, -4.3869, -7.054 ,  0.    ,  0.    , -1.9131, -1.2996,  0.    ,  0.    ,  0.    ,  0.    ,  0.    ,  0.    ,  0.    ,  0.    ,  1.1788,-22.2706
B2,-42.9358,  4.8222, 20.1795,  0.1902,  4.6617, -4.2762, -6.6127,  0.    ,  0.    , -1.8501, -0.649 ,  0.    ,  0.    ,  0.    ,  0.    ,  0.    ,  0.    ,  0.    ,  0.    ,  2.8119,-23.6581
P3,-42.5451,  3.8657, 22.92  ,  0.1051,  4.9543, -3.8522, -7.1812,  0.    ,  0.    , -1.8884, -1.5311,  0.    ,  0.    ,  0.    ,  0.    ,  0.    ,  0.    ,  0.    ,  0.    ,  2.9361,-22.2169
A11,-40.4203,  2.087 , 23.5955,  0.0948,  5.1313, -4.1656, -7.2488,  0.    ,  0.    , -1.9107, -1.4041,  0.    ,  0.    ,  0.    ,  0.    ,  0.    ,  0.    ,  0.    ,  0.    ,  1.0437,-23.1972
A3,-40.5028,  2.0745, 23.1701,  0.1001,  5.0582, -4.1026, -7.0472,  0.    ,  0.    , -1.9074, -1.1402,  0.    ,  0.    ,  0.    ,  0.    ,  0.    ,  0.    ,  0.    ,  0.    ,  1.3336,-22.9636
A8,-40.1455,  2.1071, 23.4408,  0.0801,  5.1411, -4.0955, -6.9999,  0.    ,  0.    , -1.9109, -1.4604,  0.    ,  0.    ,  0.    ,  0.    ,  0.    ,  0.    ,  0.    ,  0.    ,  1.1671,-22.676 
N7,-39.4762,  2.335 , 23.8594,  0.0813,  5.1367, -4.1916, -7.0032,  0.    ,  0.    , -1.9161, -0.9333,  0.    ,  0.    ,  0.    ,  0.    ,  0.    ,  0.    ,  0.    ,  0.    ,  1.2189,-20.8893
N5,-41.0703,  2.5522, 24.0677,  0.0826,  4.9924, -4.2489, -6.9067,  0.    ,  0.    , -1.9251, -0.8691,  0.    ,  0.    ,  0.    ,  0.    ,  0.    ,  0.    ,  0.    ,  0.    ,  1.0355,-22.2897
N12,-39.994 ,  1.8547, 23.6766,  0.0935,  4.9108, -4.1379, -7.0562,  0.    ,  0.    , -1.9048, -1.4071,  0.    ,  0.    ,  0.    ,  0.    ,  0.    ,  0.    ,  0.    ,  0.    ,  1.3443,-22.6202
H6,-40.4667,  2.0274, 23.6642,  0.1078,  4.8924, -4.0049, -7.038 ,  0.    ,  0.    , -1.9023, -1.1668,  0.    ,  0.    ,  0.    ,  0.    ,  0.    ,  0.    ,  0.    ,  0.    ,  1.3229,-22.5642
H5,-40.054 ,  2.0687, 23.1388,  0.0927,  5.1471, -4.0798, -7.0048,  0.    ,  0.    , -1.908 , -0.9036,  0.    ,  0.    ,  0.    ,  0.    ,  0.    ,  0.    ,  0.    ,  0.    ,  1.3754,-22.1275
N11,-40.5602,  2.2328, 22.7369,  0.0919,  5.2278, -3.7821, -7.1583,  0.    ,  0.    , -1.9262, -1.5011,  0.    ,  0.    ,  0.    ,  0.    ,  0.    ,  0.    ,  0.    ,  0.    ,  1.8501,-22.7883
N10,-39.6119,  1.8593, 23.8321,  0.0889,  5.0656, -4.1997, -7.0175,  0.    ,  0.    , -1.9096, -1.165 ,  0.    ,  0.    ,  0.    ,  0.    ,  0.    ,  0.    ,  0.    ,  0.    ,  1.3471,-21.7105
Q1,-40.4713,  2.5436, 24.5247,  0.0709,  5.0161, -3.9959, -7.1057,  0.    ,  0.    , -1.9134, -1.1767,  0.    ,  0.    ,  0.    ,  0.    ,  0.    ,  0.    ,  0.    ,  0.    ,  1.0725,-21.4352
A4,-40.7262,  2.5039, 25.1737,  0.0675,  4.911 , -4.2078, -7.2553,  0.    ,  0.    , -1.9141, -1.4438,  0.    ,  0.    ,  0.    ,  0.    ,  0.    ,  0.    ,  0.    ,  0.    ,  1.1802,-21.711 
A12,-40.1389,  2.5329, 23.961 ,  0.0703,  4.9622, -4.0503, -6.9543,  0.    ,  0.    , -1.9024, -1.1892,  0.    ,  0.    ,  0.    ,  0.    ,  0.    ,  0.    ,  0.    ,  0.    ,  1.1099,-21.5989
P5,-41.3616,  2.478 , 24.2399,  0.0711,  5.1468, -4.1071, -7.1069,  0.    ,  0.    , -1.9147, -1.4632,  0.    ,  0.    ,  0.    ,  0.    ,  0.    ,  0.    ,  0.    ,  0.    ,  1.0153,-23.0025
Q9,-41.7918,  2.5718, 24.1683,  0.0734,  5.0494, -4.0136, -7.179 ,  0.    ,  0.    , -1.9288, -1.4519,  0.    ,  0.    ,  0.    ,  0.    ,  0.    ,  0.    ,  0.    ,  0.    ,  0.9598,-23.5425
B5,-40.9755,  2.4352, 23.3871,  0.0695,  5.0923, -4.2226, -7.069 ,  0.    ,  0.    , -1.921 , -1.1441,  0.    ,  0.    ,  0.    ,  0.    ,  0.    ,  0.    ,  0.    ,  0.    ,  1.1456,-23.2024
P9,-41.6594,  2.6319, 23.7981,  0.0691,  5.1847, -4.1681, -7.1441,  0.    ,  0.    , -1.9114, -1.4813,  0.    ,  0.    ,  0.    ,  0.    ,  0.    ,  0.    ,  0.    ,  0.    ,  1.2871,-23.3936
P12,-42.1293,  2.3174, 23.9369,  0.0697,  4.9461, -4.1574, -7.1576,  0.    ,  0.    , -1.9068, -1.4695,  0.    ,  0.    ,  0.    ,  0.    ,  0.    ,  0.    ,  0.    ,  0.    ,  0.9618,-24.5887
Q4,-41.8094,  2.5006, 23.5708,  0.07  ,  5.0776, -4.1721, -7.1083,  0.    ,  0.    , -1.9149, -1.1853,  0.    ,  0.    ,  0.    ,  0.    ,  0.    ,  0.    ,  0.    ,  0.    ,  1.113 ,-23.858 
P7,-41.5392,  3.2764, 23.5674,  0.0797,  5.2039, -4.1374, -7.235 ,  0.    ,  0.    , -1.9193, -1.4661,  0.    ,  0.    ,  0.    ,  0.    ,  0.    ,  0.    ,  0.    ,  0.    ,  1.5095,-22.66  
Q12,-42.1903,  3.5489, 23.36  ,  0.1489,  5.0655, -4.008 , -7.0867,  0.    ,  0.    , -1.8803, -1.7609,  0.    ,  0.    ,  0.    ,  0.    ,  0.    ,  0.    ,  0.    ,  0.    ,  2.3702,-22.4326
P2,-41.4119,  3.8656, 23.1161,  0.124 ,  5.5572, -4.0454, -7.005 ,  0.    ,  0.    , -1.9306, -1.5451,  0.    ,  0.    ,  0.    ,  0.    ,  0.    ,  0.    ,  0.    ,  0.    ,  1.7572,-21.5179
Q5,-41.4119,  3.8656, 23.1161,  0.124 ,  5.5572, -4.0454, -7.005 ,  0.    ,  0.    , -1.9306, -1.5451,  0.    ,  0.    ,  0.    ,  0.    ,  0.    ,  0.    ,  0.    ,  0.    ,  1.7572,-21.5179
Q10,-41.4119,  3.8656, 23.1161,  0.124 ,  5.5572, -4.0454, -7.005 ,  0.    ,  0.    , -1.9306, -1.5451,  0.    ,  0.    ,  0.    ,  0.    ,  0.    ,  0.    ,  0.    ,  0.    ,  1.7572,-21.5179
Q11,-41.8809,  3.5225, 22.6677,  0.182 ,  4.9312, -3.9859, -6.9891,  0.    ,  0.    , -1.8894, -1.4669,  0.    ,  0.    ,  0.    ,  0.    ,  0.    ,  0.    ,  0.    ,  0.    ,  2.0437,-22.8652
P8,-41.3734,  2.135 , 25.2829,  0.0679,  5.03  , -4.3573, -7.3317,  0.    ,  0.    , -1.9101, -1.446 ,  0.    ,  0.    ,  0.    ,  0.    ,  0.    ,  0.    ,  0.    ,  0.    ,  1.0357,-22.867 
N6,-40.4911,  1.9877, 24.6666,  0.0702,  5.0133, -4.1475, -7.0523,  0.    ,  0.    , -1.9069, -1.2202,  0.    ,  0.    ,  0.    ,  0.    ,  0.    ,  0.    ,  0.    ,  0.    ,  0.966 ,-22.1142
A2,-40.9366,  2.3674, 24.3198,  0.0701,  5.1649, -4.2286, -7.1662,  0.    ,  0.    , -1.9275, -1.1609,  0.    ,  0.    ,  0.    ,  0.    ,  0.    ,  0.    ,  0.    ,  0.    ,  1.0491,-22.4485
A6,-40.9366,  2.3674, 24.3198,  0.0701,  5.1649, -4.2286, -7.1662,  0.    ,  0.    , -1.9275, -1.1609,  0.    ,  0.    ,  0.    ,  0.    ,  0.    ,  0.    ,  0.    ,  0.    ,  1.0491,-22.4485
Q2,-41.3577,  2.6393, 23.8689,  0.0734,  5.2224, -4.0861, -7.0769,  0.    ,  0.    , -1.9245, -1.2157,  0.    ,  0.    ,  0.    ,  0.    ,  0.    ,  0.    ,  0.    ,  0.    ,  1.0364,-22.8204
P10,-41.3104,  2.9358, 23.6921,  0.0787,  5.227 , -4.1888, -7.1884,  0.    ,  0.    , -1.9233, -1.4644,  0.    ,  0.    ,  0.    ,  0.    ,  0.    ,  0.    ,  0.    ,  0.    ,  1.2359,-22.9057
P11,-41.1449,  2.8004, 22.8756,  0.0753,  5.3148, -4.0666, -7.0798,  0.    ,  0.    , -1.9311, -1.2122,  0.    ,  0.    ,  0.    ,  0.    ,  0.    ,  0.    ,  0.    ,  0.    ,  1.0897,-23.2787
N8,-41.3833,  2.5901, 23.8418,  0.0794,  5.2108, -4.4101, -6.8182,  0.    ,  0.    , -1.9178, -1.1105,  0.    ,  0.    ,  0.    ,  0.    ,  0.    ,  0.    ,  0.    ,  0.    ,  1.0584,-22.8594
A7,-42.4821,  2.9456, 23.4103,  0.0773,  5.4005, -4.3266, -7.2692,  0.    ,  0.    , -1.9353, -0.9226,  0.    ,  0.    ,  0.    ,  0.    ,  0.    ,  0.    ,  0.    ,  0.    ,  1.0971,-24.0049
A1,-41.2362,  3.041 , 23.421 ,  0.0789,  5.4123, -4.2064, -7.2682,  0.    ,  0.    , -1.9261, -1.4623,  0.    ,  0.    ,  0.    ,  0.    ,  0.    ,  0.    ,  0.    ,  0.    ,  1.0383,-23.1076
A5,-41.289 ,  3.1165, 22.9987,  0.0799,  5.5221, -4.0749, -7.0774,  0.    ,  0.    , -1.9379, -0.9199,  0.    ,  0.    ,  0.    ,  0.    ,  0.    ,  0.    ,  0.    ,  0.    ,  1.0529,-22.529 
Q7,-44.3214,  4.6505, 22.9934,  0.2972,  5.1282, -4.0587, -7.0556,  0.    ,  0.    , -1.9351, -1.5555,  0.    ,  0.    ,  0.    ,  0.    ,  0.    ,  0.    ,  0.    ,  0.    ,  2.4031,-23.4541
Q6,-42.8368,  4.1483, 21.9285,  0.244 ,  5.0447, -3.9671, -6.7525,  0.    ,  0.    , -1.8905, -1.4439,  0.    ,  0.    ,  0.    ,  0.    ,  0.    ,  0.    ,  0.    ,  0.    ,  2.2312,-23.2942
Q3,-41.4415,  2.6248, 24.013 ,  0.0729,  5.1794, -4.2666, -7.124 ,  0.    ,  0.    , -1.9275, -1.136 ,  0.    ,  0.    ,  0.    ,  0.    ,  0.    ,  0.    ,  0.    ,  0.    ,  1.0114,-22.9942
Q8,-42.396 ,  2.846 , 25.6389,  0.0788,  5.2612, -4.3293, -7.8773,  0.    ,  0.    , -1.9137, -1.4179,  0.    ,  0.    ,  0.    ,  0.    ,  0.    ,  0.    ,  0.    ,  0.    ,  1.1883,-22.921 
P6,-41.4896,  3.0751, 23.8237,  0.0825,  5.4084, -4.0989, -7.2119,  0.    ,  0.    , -1.9453, -1.1408,  0.    ,  0.    ,  0.    ,  0.    ,  0.    ,  0.    ,  0.    ,  0.    ,  1.2352,-22.2617
H10,-42.9402,  3.2952, 24.5255,  0.0866,  5.1842, -4.4568, -6.8671,  0.    ,  0.    , -1.9117, -1.6062,  0.    ,  0.    ,  0.    ,  0.    ,  0.    ,  0.    ,  0.    ,  0.    ,  1.3349,-23.3556
H12,-43.0529,  3.371 , 24.8768,  0.094 ,  5.4481, -4.286 , -7.0305,  0.    ,  0.    , -1.9372, -1.7452,  0.    ,  0.    ,  0.    ,  0.    ,  0.    ,  0.    ,  0.    ,  0.    ,  1.1839,-23.0781
H4,-39.3129,  2.0587, 22.3909,  0.0734,  5.4593, -3.9643, -6.7696,  0.    ,  0.    , -1.9232, -0.7255,  0.    ,  0.    ,  0.    ,  0.    ,  0.    ,  0.    ,  0.    ,  0.    ,  0.7956,-21.9177
P4,-42.2422,  3.399 , 23.059 ,  0.1303,  5.2476, -4.0234, -6.7914,  0.    ,  0.    , -1.9108, -1.788 ,  0.    ,  0.    ,  0.    ,  0.    ,  0.    ,  0.    ,  0.    ,  0.    ,  2.0893,-22.8306
H9,-39.8332,  1.9478, 23.6384,  0.0961,  5.0776, -4.0934, -7.0394,  0.    ,  0.    , -1.9115, -1.1637,  0.    ,  0.    ,  0.    ,  0.    ,  0.    ,  0.    ,  0.    ,  0.    ,  1.283 ,-21.9983
H8,-39.3617,  1.9276, 23.5465,  0.0992,  5.0588, -4.0083, -7.0114,  0.    ,  0.    , -1.9099, -0.9366,  0.    ,  0.    ,  0.    ,  0.    ,  0.    ,  0.    ,  0.    ,  0.    ,  1.1966,-21.3992
H7,-39.3716,  1.9545, 23.5339,  0.0919,  5.206 , -4.0862, -6.9699,  0.    ,  0.    , -1.9113, -0.9505,  0.    ,  0.    ,  0.    ,  0.    ,  0.    ,  0.    ,  0.    ,  0.    ,  1.21  ,-21.2931
A9,-41.1134,  2.0819, 24.8355,  0.0673,  5.1433, -4.4033, -6.9132,  0.    ,  0.    , -1.9074, -1.49  ,  0.    ,  0.    ,  0.    ,  0.    ,  0.    ,  0.    ,  0.    ,  0.    ,  0.7986,-22.9008
H11,-42.8068,  2.8748, 24.149 ,  0.0852,  4.8909, -4.5025, -6.7005,  0.    ,  0.    , -1.9037, -1.1143,  0.    ,  0.    ,  0.    ,  0.    ,  0.    ,  0.    ,  0.    ,  0.    ,  1.1857,-23.8422
B1,-40.6716,  2.0271, 23.5366,  0.0744,  5.0754, -4.1733, -6.6221,  0.    ,  0.    , -1.9104, -0.7101,  0.    ,  0.    ,  0.    ,  0.    ,  0.    ,  0.    ,  0.    ,  0.    ,  0.7419,-22.6322
