P1,-43.2496,  3.3636, 23.509 ,  0.0999,  5.457 , -4.0283, -7.4211,  0.    ,  0.    , -1.8468, -1.4278,  0.    ,  0.    ,  0.    ,  0.    ,  0.    ,  0.    ,  0.    ,  0.    ,  1.2916,-24.2525
G6,-40.2396,  1.6464, 25.1046,  0.1276,  5.1325, -4.5059, -7.3257,  0.    ,  0.    , -1.8562, -0.7063,  0.    ,  0.    ,  0.    ,  0.    ,  0.    ,  0.    ,  0.    ,  0.    ,  0.8188,-21.8038
G12,-41.8158,  2.8102, 25.3128,  0.1477,  5.4074, -4.339 , -7.579 ,  0.    ,  0.    , -1.8565, -0.7057,  0.    ,  0.    ,  0.    ,  0.    ,  0.    ,  0.    ,  0.    ,  0.    ,  1.223 ,-21.3948
G5,-40.9294,  3.1396, 24.2742,  0.172 ,  5.3095, -4.4249, -7.4926,  0.    ,  0.    , -1.8654, -0.6932,  0.    ,  0.    ,  0.    ,  0.    ,  0.    ,  0.    ,  0.    ,  0.    ,  1.1167,-21.3933
G7,-41.1476,  2.3699, 25.4227,  0.1575,  5.3803, -4.2947, -7.4544,  0.    ,  0.    , -1.8425, -0.6972,  0.    ,  0.    ,  0.    ,  0.    ,  0.    ,  0.    ,  0.    ,  0.    ,  0.9538,-21.1523
G11,-42.9524,  3.4225, 24.5698,  0.1489,  5.4665, -4.2502, -7.6102,  0.    ,  0.    , -1.8498, -0.6949,  0.    ,  0.    ,  0.    ,  0.    ,  0.    ,  0.    ,  0.    ,  0.    ,  1.494 ,-22.2556
G9,-41.5483,  2.4437, 25.3575,  0.1628,  5.3513, -4.2983, -7.4477,  0.    ,  0.    , -1.8455, -0.6931,  0.    ,  0.    ,  0.    ,  0.    ,  0.    ,  0.    ,  0.    ,  0.    ,  0.9503,-21.5672
G8,-40.4121,  1.6396, 26.3394,  0.1041,  5.1485, -4.3055, -7.5157,  0.    ,  0.    , -1.8381, -0.7031,  0.    ,  0.    ,  0.    ,  0.    ,  0.    ,  0.    ,  0.    ,  0.    ,  0.7434,-20.7996
G10,-40.9658,  2.1251, 25.2676,  0.1339,  5.249 , -4.3629, -7.4059,  0.    ,  0.    , -1.8413, -0.6973,  0.    ,  0.    ,  0.    ,  0.    ,  0.    ,  0.    ,  0.    ,  0.    ,  0.812 ,-21.6856
C6,-40.8555,  2.0134, 24.6147,  0.1077,  5.2094, -4.5194, -7.6205,  0.    ,  0.    , -1.8401, -0.7089,  0.    ,  0.    ,  0.    ,  0.    ,  0.    ,  0.    ,  0.    ,  0.    ,  0.9427,-22.6565
C4,-41.2697,  2.4911, 24.124 ,  0.1141,  5.2837, -4.5051, -7.649 ,  0.    ,  0.    , -1.8437, -0.7053,  0.    ,  0.    ,  0.    ,  0.    ,  0.    ,  0.    ,  0.    ,  0.    ,  0.953 ,-23.0069
C7,-40.586 ,  1.8186, 25.2695,  0.1125,  5.1701, -4.5228, -7.5278,  0.    ,  0.    , -1.8366, -0.7109,  0.    ,  0.    ,  0.    ,  0.    ,  0.    ,  0.    ,  0.    ,  0.    ,  0.9672,-21.8463
B4,-43.502 ,  3.6898, 24.8412,  0.1219,  5.3119, -4.3982, -7.5009,  0.    ,  0.    , -1.8416, -0.6954,  0.    ,  0.    ,  0.    ,  0.    ,  0.    ,  0.    ,  0.    ,  0.    ,  1.5406,-22.4326
B3,-43.0581,  3.1429, 24.7311,  0.191 ,  5.4877, -4.151 , -7.2132,  0.    ,  0.    , -1.8809, -0.6639,  0.    ,  0.    ,  0.    ,  0.    ,  0.    ,  0.    ,  0.    ,  0.    ,  0.9725,-22.4418
C5,-41.106 ,  2.0158, 24.5669,  0.1214,  5.28  , -4.4421, -7.4255,  0.    ,  0.    , -1.8384, -0.7058,  0.    ,  0.    ,  0.    ,  0.    ,  0.    ,  0.    ,  0.    ,  0.    ,  0.8082,-22.7256
C9,-41.106 ,  2.0158, 24.5669,  0.1214,  5.28  , -4.4421, -7.4255,  0.    ,  0.    , -1.8384, -0.7058,  0.    ,  0.    ,  0.    ,  0.    ,  0.    ,  0.    ,  0.    ,  0.    ,  0.8082,-22.7256
D11,-41.8744,  2.5477, 24.2766,  0.124 ,  5.2493, -4.4372, -7.5578,  0.    ,  0.    , -1.8409, -0.7007,  0.    ,  0.    ,  0.    ,  0.    ,  0.    ,  0.    ,  0.    ,  0.    ,  0.9717,-23.2419
E4,-40.9939,  1.8152, 25.2242,  0.1039,  5.2205, -4.4562, -7.518 ,  0.    ,  0.    , -1.8371, -0.7139,  0.    ,  0.    ,  0.    ,  0.    ,  0.    ,  0.    ,  0.    ,  0.    ,  0.928 ,-22.2271
E11,-41.1802,  1.9385, 24.8878,  0.0999,  5.2534, -4.4766, -7.5397,  0.    ,  0.    , -1.8399, -0.7121,  0.    ,  0.    ,  0.    ,  0.    ,  0.    ,  0.    ,  0.    ,  0.    ,  0.9135,-22.6554
F5,-41.6115,  2.1511, 24.0167,  0.1046,  5.3071, -4.4558, -7.6073,  0.    ,  0.    , -1.8422, -0.7086,  0.    ,  0.    ,  0.    ,  0.    ,  0.    ,  0.    ,  0.    ,  0.    ,  0.8959,-23.75  
F10,-43.7543,  3.3585, 24.2   ,  0.1394,  5.3025, -4.5334, -7.5773,  0.    ,  0.    , -1.8461, -0.714 ,  0.    ,  0.    ,  0.    ,  0.    ,  0.    ,  0.    ,  0.    ,  0.    ,  1.3006,-24.1242
C10,-41.727 ,  2.1173, 24.8807,  0.1231,  5.3343, -4.4514, -7.4018,  0.    ,  0.    , -1.8437, -0.6983,  0.    ,  0.    ,  0.    ,  0.    ,  0.    ,  0.    ,  0.    ,  0.    ,  0.808 ,-22.8588
D10,-41.9341,  2.4633, 25.4775,  0.1332,  5.3251, -4.3698, -7.5367,  0.    ,  0.    , -1.8507, -0.6921,  0.    ,  0.    ,  0.    ,  0.    ,  0.    ,  0.    ,  0.    ,  0.    ,  0.9187,-22.0656
E5,-41.8649,  2.3502, 25.348 ,  0.1342,  5.3606, -4.397 , -7.3917,  0.    ,  0.    , -1.846 , -0.6942,  0.    ,  0.    ,  0.    ,  0.    ,  0.    ,  0.    ,  0.    ,  0.    ,  0.8905,-22.1102
G1,-41.9866,  2.3033, 25.7701,  0.1327,  5.3341, -4.4022, -7.4339,  0.    ,  0.    , -1.8488, -0.6933,  0.    ,  0.    ,  0.    ,  0.    ,  0.    ,  0.    ,  0.    ,  0.    ,  0.9089,-21.9157
F6,-41.7666,  2.5196, 24.1535,  0.096 ,  5.3953, -4.3657, -7.5046,  0.    ,  0.    , -1.8461, -0.7035,  0.    ,  0.    ,  0.    ,  0.    ,  0.    ,  0.    ,  0.    ,  0.    ,  1.0744,-22.9475
F11,-43.7654,  3.4013, 24.1198,  0.1078,  5.4183, -4.4247, -7.5121,  0.    ,  0.    , -1.8417, -0.7041,  0.    ,  0.    ,  0.    ,  0.    ,  0.    ,  0.    ,  0.    ,  0.    ,  1.3722,-23.8285
C12,-42.4637,  2.4092, 23.894 ,  0.0822,  5.2602, -4.4676, -7.3873,  0.    ,  0.    , -1.8425, -0.7189,  0.    ,  0.    ,  0.    ,  0.    ,  0.    ,  0.    ,  0.    ,  0.    ,  1.1646,-24.0698
D7,-41.8224,  2.6649, 23.8387,  0.0788,  5.4017, -4.1639, -7.5549,  0.    ,  0.    , -1.8394, -0.6972,  0.    ,  0.    ,  0.    ,  0.    ,  0.    ,  0.    ,  0.    ,  0.    ,  2.1112,-21.9826
D12,-42.2597,  3.299 , 23.4101,  0.0768,  5.424 , -4.2025, -7.4538,  0.    ,  0.    , -1.8455, -0.6962,  0.    ,  0.    ,  0.    ,  0.    ,  0.    ,  0.    ,  0.    ,  0.    ,  1.5895,-22.6584
E7,-42.6913,  2.4755, 24.5045,  0.0847,  5.2938, -4.4183, -7.404 ,  0.    ,  0.    , -1.8443, -0.7171,  0.    ,  0.    ,  0.    ,  0.    ,  0.    ,  0.    ,  0.    ,  0.    ,  1.2565,-23.4601
F1,-43.0163,  3.0784, 24.2024,  0.0936,  5.3876, -4.4106, -7.5607,  0.    ,  0.    , -1.8442, -0.7155,  0.    ,  0.    ,  0.    ,  0.    ,  0.    ,  0.    ,  0.    ,  0.    ,  2.5402,-22.2451
F8,-43.2272,  3.2458, 23.5708,  0.0944,  5.3715, -4.4437, -7.5436,  0.    ,  0.    , -1.8431, -0.7169,  0.    ,  0.    ,  0.    ,  0.    ,  0.    ,  0.    ,  0.    ,  0.    ,  2.5896,-22.9024
C11,-42.1874,  2.7327, 23.7743,  0.0748,  5.366 , -4.1767, -7.4097,  0.    ,  0.    , -1.8426, -0.6996,  0.    ,  0.    ,  0.    ,  0.    ,  0.    ,  0.    ,  0.    ,  0.    ,  1.188 ,-23.1803
D6,-42.6115,  2.706 , 23.7796,  0.0748,  5.3554, -4.1833, -7.4782,  0.    ,  0.    , -1.8416, -0.7011,  0.    ,  0.    ,  0.    ,  0.    ,  0.    ,  0.    ,  0.    ,  0.    ,  1.1827,-23.7172
E6,-42.265 ,  2.6592, 24.162 ,  0.0748,  5.3484, -4.1776, -7.4234,  0.    ,  0.    , -1.8402, -0.7023,  0.    ,  0.    ,  0.    ,  0.    ,  0.    ,  0.    ,  0.    ,  0.    ,  1.1605,-23.0037
F2,-42.4736,  2.7215, 23.8969,  0.0748,  5.3533, -4.1948, -7.4119,  0.    ,  0.    , -1.8408, -0.7037,  0.    ,  0.    ,  0.    ,  0.    ,  0.    ,  0.    ,  0.    ,  0.    ,  1.2015,-23.3767
F7,-42.5596,  2.7679, 23.4657,  0.0747,  5.3483, -4.1964, -7.4533,  0.    ,  0.    , -1.841 , -0.7045,  0.    ,  0.    ,  0.    ,  0.    ,  0.    ,  0.    ,  0.    ,  0.    ,  1.2202,-23.8781
F12,-44.08  ,  3.5172, 23.3956,  0.0759,  5.3852, -4.2498, -7.5037,  0.    ,  0.    , -1.8441, -0.6997,  0.    ,  0.    ,  0.    ,  0.    ,  0.    ,  0.    ,  0.    ,  0.    ,  1.382 ,-24.6214
D1,-41.0685,  2.0799, 25.5227,  0.1278,  5.3746, -4.3807, -7.4004,  0.    ,  0.    , -1.8442, -0.6995,  0.    ,  0.    ,  0.    ,  0.    ,  0.    ,  0.    ,  0.    ,  0.    ,  0.8514,-21.437 
D8,-41.6265,  2.3459, 25.1099,  0.1069,  5.351 , -4.3673, -7.5789,  0.    ,  0.    , -1.8463, -0.7064,  0.    ,  0.    ,  0.    ,  0.    ,  0.    ,  0.    ,  0.    ,  0.    ,  1.0728,-22.1389
E1,-41.8625,  2.7578, 24.4772,  0.0921,  5.3932, -4.2546, -7.6297,  0.    ,  0.    , -1.8439, -0.6981,  0.    ,  0.    ,  0.    ,  0.    ,  0.    ,  0.    ,  0.    ,  0.    ,  1.1015,-22.467 
E8,-41.3855,  2.0729, 25.7395,  0.1212,  5.3139, -4.2851, -7.4427,  0.    ,  0.    , -1.8426, -0.7062,  0.    ,  0.    ,  0.    ,  0.    ,  0.    ,  0.    ,  0.    ,  0.    ,  1.0456,-21.3689
E12,-41.4801,  2.2462, 25.4471,  0.0992,  5.343 , -4.3683, -7.5163,  0.    ,  0.    , -1.8434, -0.707 ,  0.    ,  0.    ,  0.    ,  0.    ,  0.    ,  0.    ,  0.    ,  0.    ,  1.0474,-21.7323
G2,-44.4872,  4.1078, 24.6716,  0.183 ,  5.3793, -4.5397, -7.5527,  0.    ,  0.    , -1.8485, -0.7151,  0.    ,  0.    ,  0.    ,  0.    ,  0.    ,  0.    ,  0.    ,  0.    ,  1.7156,-23.086 
C3,-43.82  ,  3.8067, 23.8846,  0.0867,  5.6823, -4.3297, -7.2173,  0.    ,  0.    , -1.8528, -0.6451,  0.    ,  0.    ,  0.    ,  0.    ,  0.    ,  0.    ,  0.    ,  0.    ,  2.0509,-22.3538
D3,-43.82  ,  3.8067, 23.8846,  0.0867,  5.6823, -4.3297, -7.2173,  0.    ,  0.    , -1.8528, -0.6451,  0.    ,  0.    ,  0.    ,  0.    ,  0.    ,  0.    ,  0.    ,  0.    ,  2.0509,-22.3538
B9,-43.067 ,  2.8833, 25.8419,  0.1727,  5.2337, -4.4647, -7.4173,  0.    ,  0.    , -1.8446, -0.6884,  0.    ,  0.    ,  0.    ,  0.    ,  0.    ,  0.    ,  0.    ,  0.    ,  1.2025,-22.1478
B12,-42.386 ,  3.0952, 24.5975,  0.4502,  5.8028, -4.2667, -7.0614,  0.    ,  0.    , -1.8754, -0.6304,  0.    ,  0.    ,  0.    ,  0.    ,  0.    ,  0.    ,  0.    ,  0.    ,  2.7963,-19.4779
D4,-43.7304,  3.5831, 25.0924,  0.4418,  5.2259, -4.3123, -7.2589,  0.    ,  0.    , -1.8495, -0.7003,  0.    ,  0.    ,  0.    ,  0.    ,  0.    ,  0.    ,  0.    ,  0.    ,  1.659 ,-21.8491
D5,-43.7304,  3.5831, 25.0924,  0.4418,  5.2259, -4.3123, -7.2589,  0.    ,  0.    , -1.8495, -0.7003,  0.    ,  0.    ,  0.    ,  0.    ,  0.    ,  0.    ,  0.    ,  0.    ,  1.659 ,-21.8491
C2,-43.7873,  3.2529, 25.8464,  0.4783,  4.8556, -4.3227, -7.1775,  0.    ,  0.    , -1.828 , -0.7035,  0.    ,  0.    ,  0.    ,  0.    ,  0.    ,  0.    ,  0.    ,  0.    ,  1.5354,-21.8504
B6,-43.9437,  4.1941, 24.8253,  0.8816,  5.283 , -3.8601, -7.3046,  0.    ,  0.    , -1.8478, -0.659 ,  0.    ,  0.    ,  0.    ,  0.    ,  0.    ,  0.    ,  0.    ,  0.    ,  2.2852,-20.1459
B7,-43.5292,  2.8859, 24.2894,  0.0762,  5.3414, -4.2778, -7.3057,  0.    ,  0.    , -1.8427, -0.6969,  0.    ,  0.    ,  0.    ,  0.    ,  0.    ,  0.    ,  0.    ,  0.    ,  1.1888,-23.8706
B8,-43.1467,  3.7311, 24.402 ,  0.1164,  5.5672, -4.3635, -7.1422,  0.    ,  0.    , -1.864 , -0.6455,  0.    ,  0.    ,  0.    ,  0.    ,  0.    ,  0.    ,  0.    ,  0.    ,  2.575 ,-20.7702
E2,-42.4744,  3.2427, 23.7061,  0.1053,  5.9801, -4.2801, -7.2485,  0.    ,  0.    , -1.8781, -0.6134,  0.    ,  0.    ,  0.    ,  0.    ,  0.    ,  0.    ,  0.    ,  0.    ,  2.8502,-20.6101
E3,-42.4744,  3.2427, 23.7061,  0.1053,  5.9801, -4.2801, -7.2485,  0.    ,  0.    , -1.8781, -0.6134,  0.    ,  0.    ,  0.    ,  0.    ,  0.    ,  0.    ,  0.    ,  0.    ,  2.8502,-20.6101
B11,-42.7557,  3.836 , 24.6299,  0.1561,  5.8774, -4.4109, -6.8499,  0.    ,  0.    , -1.8658, -0.6114,  0.    ,  0.    ,  0.    ,  0.    ,  0.    ,  0.    ,  0.    ,  0.    ,  1.9368,-20.0575
B10,-44.0961,  4.0623, 24.643 ,  0.491 ,  5.1814, -4.2304, -7.1484,  0.    ,  0.    , -1.844 , -0.677 ,  0.    ,  0.    ,  0.    ,  0.    ,  0.    ,  0.    ,  0.    ,  0.    ,  1.9016,-21.7165
C1,-44.235 ,  4.6133, 24.0454,  0.1025,  5.7142, -4.2859, -7.2521,  0.    ,  0.    , -1.8562, -0.6561,  0.    ,  0.    ,  0.    ,  0.    ,  0.    ,  0.    ,  0.    ,  0.    ,  2.4175,-21.3923
E10,-43.4175,  3.5467, 25.2479,  0.0988,  5.4794, -4.4243, -7.2588,  0.    ,  0.    , -1.8508, -0.6714,  0.    ,  0.    ,  0.    ,  0.    ,  0.    ,  0.    ,  0.    ,  0.    ,  1.8003,-21.4497
F4,-43.9625,  4.5453, 24.2191,  0.1292,  5.5922, -4.3314, -7.2265,  0.    ,  0.    , -1.8497, -0.6742,  0.    ,  0.    ,  0.    ,  0.    ,  0.    ,  0.    ,  0.    ,  0.    ,  2.5451,-21.0135
F9,-43.6015,  3.323 , 25.2275,  0.1885,  4.8965, -4.5373, -7.2198,  0.    ,  0.    , -1.8267, -0.7075,  0.    ,  0.    ,  0.    ,  0.    ,  0.    ,  0.    ,  0.    ,  0.    ,  1.9237,-22.3336
A10,-43.8483,  3.9123, 24.4344,  0.1258,  5.8707, -4.3251, -7.3157,  0.    ,  0.    , -1.8792, -0.6371,  0.    ,  0.    ,  0.    ,  0.    ,  0.    ,  0.    ,  0.    ,  0.    ,  3.152 ,-20.5103
G4,-43.8483,  3.9123, 24.4344,  0.1258,  5.8707, -4.3251, -7.3157,  0.    ,  0.    , -1.8792, -0.6371,  0.    ,  0.    ,  0.    ,  0.    ,  0.    ,  0.    ,  0.    ,  0.    ,  3.152 ,-20.5103
D2,-41.7191,  2.3297, 24.8243,  0.1264,  5.3724, -4.4261, -7.4348,  0.    ,  0.    , -1.8526, -0.6949,  0.    ,  0.    ,  0.    ,  0.    ,  0.    ,  0.    ,  0.    ,  0.    ,  0.8878,-22.587 
D9,-42.0284,  2.5646, 25.1469,  0.1289,  5.3619, -4.3712, -7.5503,  0.    ,  0.    , -1.8583, -0.6893,  0.    ,  0.    ,  0.    ,  0.    ,  0.    ,  0.    ,  0.    ,  0.    ,  0.9741,-22.3212
E9,-41.7479,  2.3329, 25.7363,  0.114 ,  5.3087, -4.4043, -7.5055,  0.    ,  0.    , -1.857 , -0.694 ,  0.    ,  0.    ,  0.    ,  0.    ,  0.    ,  0.    ,  0.    ,  0.    ,  0.9043,-21.8125
F3,-42.1057,  2.4117, 25.4624,  0.1283,  5.357 , -4.403 , -7.4486,  0.    ,  0.    , -1.8562, -0.6901,  0.    ,  0.    ,  0.    ,  0.    ,  0.    ,  0.    ,  0.    ,  0.    ,  0.9488,-22.1954
C8,-42.3488,  2.5231, 24.7619,  0.1075,  5.2629, -4.4297, -7.506 ,  0.    ,  0.    , -1.8525, -0.6958,  0.    ,  0.    ,  0.    ,  0.    ,  0.    ,  0.    ,  0.    ,  0.    ,  0.9704,-23.2072
G3,-43.7035,  3.5926, 23.8083,  0.1209,  5.4868, -4.3838, -7.6   ,  0.    ,  0.    , -1.8591, -0.6925,  0.    ,  0.    ,  0.    ,  0.    ,  0.    ,  0.    ,  0.    ,  0.    ,  1.7429,-23.4874
N9,-42.4405,  3.0779, 24.0362,  0.252 ,  5.7782, -4.6765, -6.7188,  0.    ,  0.    , -1.8564, -1.1678,  0.    ,  0.    ,  0.    ,  0.    ,  0.    ,  0.    ,  0.    ,  0.    ,  1.4579,-22.2579
B2,-44.0949,  4.5384, 21.4427,  0.1443,  5.5471, -4.1769, -6.9626,  0.    ,  0.    , -1.8711, -0.6793,  0.    ,  0.    ,  0.    ,  0.    ,  0.    ,  0.    ,  0.    ,  0.    ,  2.136 ,-23.9761
P3,-43.5454,  3.8288, 23.7099,  0.2156,  5.5259, -4.132 , -6.9352,  0.    ,  0.    , -1.857 , -0.6826,  0.    ,  0.    ,  0.    ,  0.    ,  0.    ,  0.    ,  0.    ,  0.    ,  1.2519,-22.62  
A11,-41.4096,  2.8398, 24.0267,  0.1505,  5.6754, -3.739 , -6.5158,  0.    ,  0.    , -1.8644, -0.6429,  0.    ,  0.    ,  0.    ,  0.    ,  0.    ,  0.    ,  0.    ,  0.    ,  1.2134,-20.266 
A3,-41.7237,  2.8513, 23.9486,  0.1851,  5.6769, -3.7703, -7.4074,  0.    ,  0.    , -1.8845, -0.8892,  0.    ,  0.    ,  0.    ,  0.    ,  0.    ,  0.    ,  0.    ,  0.    ,  1.2451,-21.7681
A8,-40.4041,  3.0551, 23.8207,  0.1368,  5.8219, -4.6638, -6.6229,  0.    ,  0.    , -1.8637, -0.6621,  0.    ,  0.    ,  0.    ,  0.    ,  0.    ,  0.    ,  0.    ,  0.    ,  1.0019,-20.3804
N7,-40.559 ,  2.1553, 24.5057,  0.1121,  5.3471, -3.9881, -6.8427,  0.    ,  0.    , -1.8676, -0.6615,  0.    ,  0.    ,  0.    ,  0.    ,  0.    ,  0.    ,  0.    ,  0.    ,  0.9868,-20.8119
N5,-40.7541,  2.6775, 24.9159,  0.1364,  5.7429, -4.2686, -6.8787,  0.    ,  0.    , -1.8695, -1.1789,  0.    ,  0.    ,  0.    ,  0.    ,  0.    ,  0.    ,  0.    ,  0.    ,  1.1907,-20.2864
N12,-40.7421,  2.3379, 24.1155,  0.1503,  5.4745, -3.8399, -7.2745,  0.    ,  0.    , -1.864 , -0.9193,  0.    ,  0.    ,  0.    ,  0.    ,  0.    ,  0.    ,  0.    ,  0.    ,  0.9243,-21.6373
H6,-41.527 ,  2.8368, 24.2109,  0.1805,  5.599 , -3.7713, -7.4296,  0.    ,  0.    , -1.8841, -0.8994,  0.    ,  0.    ,  0.    ,  0.    ,  0.    ,  0.    ,  0.    ,  0.    ,  1.2017,-21.4826
H5,-41.5527,  2.7455, 24.1866,  0.1617,  5.6551, -3.7615, -7.5072,  0.    ,  0.    , -1.8832, -1.1236,  0.    ,  0.    ,  0.    ,  0.    ,  0.    ,  0.    ,  0.    ,  0.    ,  1.2125,-21.8669
N11,-41.7641,  2.6734, 23.8108,  0.1632,  5.4101, -3.7983, -7.3797,  0.    ,  0.    , -1.8573, -1.1934,  0.    ,  0.    ,  0.    ,  0.    ,  0.    ,  0.    ,  0.    ,  0.    ,  1.3373,-22.598 
N10,-40.8134,  2.3086, 24.8811,  0.1346,  5.4753, -3.8702, -7.2339,  0.    ,  0.    , -1.8719, -0.9032,  0.    ,  0.    ,  0.    ,  0.    ,  0.    ,  0.    ,  0.    ,  0.    ,  0.9419,-20.951 
Q1,-41.2072,  2.6963, 23.9523,  0.1139,  5.4117, -4.    , -6.8978,  0.    ,  0.    , -1.8747, -0.6579,  0.    ,  0.    ,  0.    ,  0.    ,  0.    ,  0.    ,  0.    ,  0.    ,  1.0175,-21.4458
A4,-40.9774,  2.4876, 23.692 ,  0.1265,  5.7651, -4.5857, -6.6455,  0.    ,  0.    , -1.8552, -0.915 ,  0.    ,  0.    ,  0.    ,  0.    ,  0.    ,  0.    ,  0.    ,  0.    ,  1.3779,-21.5296
A12,-41.7387,  2.5735, 23.4405,  0.1058,  5.2542, -4.0749, -6.8645,  0.    ,  0.    , -1.8518, -0.928 ,  0.    ,  0.    ,  0.    ,  0.    ,  0.    ,  0.    ,  0.    ,  0.    ,  0.8826,-23.2013
P5,-42.7248,  3.2112, 23.9724,  0.1537,  5.4701, -3.8667, -6.2073,  0.    ,  0.    , -1.8406, -0.6914,  0.    ,  0.    ,  0.    ,  0.    ,  0.    ,  0.    ,  0.    ,  0.    ,  1.4413,-21.082 
Q9,-42.1941,  2.9577, 23.8672,  0.1589,  5.4558, -3.9058, -7.0594,  0.    ,  0.    , -1.8566, -0.932 ,  0.    ,  0.    ,  0.    ,  0.    ,  0.    ,  0.    ,  0.    ,  0.    ,  1.0574,-22.4511
B5,-41.6865,  2.3006, 23.7428,  0.1622,  5.4157, -4.0909, -7.027 ,  0.    ,  0.    , -1.8499, -0.6994,  0.    ,  0.    ,  0.    ,  0.    ,  0.    ,  0.    ,  0.    ,  0.    ,  0.7719,-22.9604
P9,-42.2809,  2.5946, 24.1175,  0.1178,  5.5142, -3.9418, -6.4986,  0.    ,  0.    , -1.8589, -0.9139,  0.    ,  0.    ,  0.    ,  0.    ,  0.    ,  0.    ,  0.    ,  0.    ,  0.9609,-22.1891
P12,-42.363 ,  2.5823, 23.7185,  0.1159,  5.4546, -3.8762, -7.2179,  0.    ,  0.    , -1.863 , -1.3895,  0.    ,  0.    ,  0.    ,  0.    ,  0.    ,  0.    ,  0.    ,  0.    ,  0.9838,-23.8547
Q4,-42.3913,  2.6306, 23.7622,  0.1348,  5.4712, -3.9045, -7.1383,  0.    ,  0.    , -1.8636, -1.1578,  0.    ,  0.    ,  0.    ,  0.    ,  0.    ,  0.    ,  0.    ,  0.    ,  0.952 ,-23.5045
P7,-43.7964,  2.8307, 23.7789,  0.1512,  5.5802, -4.1733, -7.0119,  0.    ,  0.    , -1.8675, -0.6765,  0.    ,  0.    ,  0.    ,  0.    ,  0.    ,  0.    ,  0.    ,  0.    ,  0.8787,-24.306 
Q12,-43.4407,  3.3533, 23.8618,  0.1939,  5.5685, -4.1211, -6.6669,  0.    ,  0.    , -1.8475, -0.6848,  0.    ,  0.    ,  0.    ,  0.    ,  0.    ,  0.    ,  0.    ,  0.    ,  1.4106,-22.3728
P2,-43.5429,  3.3579, 24.0537,  0.2147,  5.5298, -4.1821, -6.8395,  0.    ,  0.    , -1.8563, -0.6841,  0.    ,  0.    ,  0.    ,  0.    ,  0.    ,  0.    ,  0.    ,  0.    ,  1.4021,-22.5466
Q5,-43.5429,  3.3579, 24.0537,  0.2147,  5.5298, -4.1821, -6.8395,  0.    ,  0.    , -1.8563, -0.6841,  0.    ,  0.    ,  0.    ,  0.    ,  0.    ,  0.    ,  0.    ,  0.    ,  1.4021,-22.5466
Q10,-43.5429,  3.3579, 24.0537,  0.2147,  5.5298, -4.1821, -6.8395,  0.    ,  0.    , -1.8563, -0.6841,  0.    ,  0.    ,  0.    ,  0.    ,  0.    ,  0.    ,  0.    ,  0.    ,  1.4021,-22.5466
Q11,-43.5193,  3.3564, 23.4796,  0.1944,  5.5076, -4.0299, -7.0861,  0.    ,  0.    , -1.8608, -0.9381,  0.    ,  0.    ,  0.    ,  0.    ,  0.    ,  0.    ,  0.    ,  0.    ,  1.4437,-23.4525
P8,-41.5434,  2.2342, 24.9635,  0.1253,  5.5196, -4.1844, -7.0138,  0.    ,  0.    , -1.8522, -0.9133,  0.    ,  0.    ,  0.    ,  0.    ,  0.    ,  0.    ,  0.    ,  0.    ,  0.8351,-21.8295
N6,-41.2198,  2.0725, 24.7524,  0.1571,  5.334 , -4.0862, -7.0827,  0.    ,  0.    , -1.8423, -0.7088,  0.    ,  0.    ,  0.    ,  0.    ,  0.    ,  0.    ,  0.    ,  0.    ,  0.7008,-21.923 
A2,-41.7513,  2.2419, 24.577 ,  0.1348,  5.3806, -3.9494, -7.2047,  0.    ,  0.    , -1.8518, -0.933 ,  0.    ,  0.    ,  0.    ,  0.    ,  0.    ,  0.    ,  0.    ,  0.    ,  0.7505,-22.6055
A6,-41.7513,  2.2419, 24.577 ,  0.1348,  5.3806, -3.9494, -7.2047,  0.    ,  0.    , -1.8518, -0.933 ,  0.    ,  0.    ,  0.    ,  0.    ,  0.    ,  0.    ,  0.    ,  0.    ,  0.7505,-22.6055
Q2,-42.2132,  2.8472, 24.0774,  0.1576,  5.4299, -4.0836, -7.0617,  0.    ,  0.    , -1.8515, -0.932 ,  0.    ,  0.    ,  0.    ,  0.    ,  0.    ,  0.    ,  0.    ,  0.    ,  0.9439,-22.6861
P10,-42.9269,  2.7882, 23.8528,  0.304 ,  5.585 , -4.2605, -6.8095,  0.    ,  0.    , -1.8557, -0.6709,  0.    ,  0.    ,  0.    ,  0.    ,  0.    ,  0.    ,  0.    ,  0.    ,  1.099 ,-22.8946
P11,-42.9405,  2.8642, 23.3432,  0.3225,  5.598 , -4.1299, -6.9983,  0.    ,  0.    , -1.8616, -0.6833,  0.    ,  0.    ,  0.    ,  0.    ,  0.    ,  0.    ,  0.    ,  0.    ,  1.1553,-23.3304
N8,-41.7553,  2.9632, 24.1447,  0.1143,  5.6934, -4.5821, -6.6917,  0.    ,  0.    , -1.8531, -1.145 ,  0.    ,  0.    ,  0.    ,  0.    ,  0.    ,  0.    ,  0.    ,  0.    ,  1.3199,-21.7917
A7,-44.1437,  2.7093, 23.8593,  0.3311,  5.5107, -4.065 , -6.1711,  0.    ,  0.    , -1.8629, -0.6769,  0.    ,  0.    ,  0.    ,  0.    ,  0.    ,  0.    ,  0.    ,  0.    ,  1.035 ,-23.4742
A1,-42.8524,  2.8972, 24.1071,  0.1524,  5.5339, -4.0041, -6.4544,  0.    ,  0.    , -1.8599, -0.6787,  0.    ,  0.    ,  0.    ,  0.    ,  0.    ,  0.    ,  0.    ,  0.    ,  0.9873,-22.1716
A5,-42.8951,  2.8275, 23.6889,  0.1225,  5.4629, -3.8776, -7.2404,  0.    ,  0.    , -1.863 , -1.3874,  0.    ,  0.    ,  0.    ,  0.    ,  0.    ,  0.    ,  0.    ,  0.    ,  1.0312,-24.1303
Q7,-45.319 ,  3.5915, 23.6107,  0.3491,  5.5661, -4.3209, -6.834 ,  0.    ,  0.    , -1.8762, -0.6759,  0.    ,  0.    ,  0.    ,  0.    ,  0.    ,  0.    ,  0.    ,  0.    ,  1.3896,-24.5189
Q6,-44.0946,  3.6021, 23.1346,  0.2057,  5.5299, -4.0462, -7.0649,  0.    ,  0.    , -1.8597, -0.9391,  0.    ,  0.    ,  0.    ,  0.    ,  0.    ,  0.    ,  0.    ,  0.    ,  1.435 ,-24.0971
Q3,-42.1119,  2.6599, 24.0568,  0.1088,  5.3296, -3.9913, -6.8754,  0.    ,  0.    , -1.8658, -0.6693,  0.    ,  0.    ,  0.    ,  0.    ,  0.    ,  0.    ,  0.    ,  0.    ,  0.865 ,-22.4936
Q8,-42.2613,  2.9049, 23.9904,  0.1112,  5.6094, -4.0266, -6.4318,  0.    ,  0.    , -1.8628, -0.7083,  0.    ,  0.    ,  0.    ,  0.    ,  0.    ,  0.    ,  0.    ,  0.    ,  0.9722,-21.7027
P6,-42.6602,  3.1139, 23.8404,  0.1324,  5.4092, -3.9621, -6.876 ,  0.    ,  0.    , -1.8641, -0.6786,  0.    ,  0.    ,  0.    ,  0.    ,  0.    ,  0.    ,  0.    ,  0.    ,  1.0247,-22.5204
H10,-43.7029,  3.0534, 24.8603,  0.1076,  5.5953, -4.9392, -6.892 ,  0.    ,  0.    , -1.8426, -1.1706,  0.    ,  0.    ,  0.    ,  0.    ,  0.    ,  0.    ,  0.    ,  0.    ,  1.1218,-23.809 
H12,-44.4468,  3.4361, 25.2506,  0.1536,  5.7824, -4.8872, -7.0047,  0.    ,  0.    , -1.85  , -1.1746,  0.    ,  0.    ,  0.    ,  0.    ,  0.    ,  0.    ,  0.    ,  0.    ,  1.5476,-23.1929
H4,-41.0243,  2.0332, 23.748 ,  0.0896,  5.1424, -4.4851, -7.1011,  0.    ,  0.    , -1.8499, -0.7157,  0.    ,  0.    ,  0.    ,  0.    ,  0.    ,  0.    ,  0.    ,  0.    ,  0.804 ,-23.359 
P4,-44.247 ,  3.3949, 23.5984,  0.1769,  5.4749, -4.1512, -6.9042,  0.    ,  0.    , -1.85  , -0.695 ,  0.    ,  0.    ,  0.    ,  0.    ,  0.    ,  0.    ,  0.    ,  0.    ,  1.3923,-23.8099
H9,-40.4927,  2.3008, 24.3725,  0.1407,  5.5592, -3.929 , -7.072 ,  0.    ,  0.    , -1.8723, -1.1389,  0.    ,  0.    ,  0.    ,  0.    ,  0.    ,  0.    ,  0.    ,  0.    ,  0.8463,-21.2853
H8,-40.3762,  2.2885, 24.7045,  0.1555,  5.5353, -3.9378, -7.0032,  0.    ,  0.    , -1.8703, -0.9129,  0.    ,  0.    ,  0.    ,  0.    ,  0.    ,  0.    ,  0.    ,  0.    ,  0.7795,-20.637 
H7,-40.4511,  2.3374, 24.7001,  0.1777,  5.5506, -3.9514, -6.9041,  0.    ,  0.    , -1.871 , -0.6804,  0.    ,  0.    ,  0.    ,  0.    ,  0.    ,  0.    ,  0.    ,  0.    ,  0.7525,-20.3397
A9,-41.6551,  2.4596, 25.3841,  0.1444,  5.8429, -3.9597, -7.2079,  0.    ,  0.    , -1.8959, -1.3856,  0.    ,  0.    ,  0.    ,  0.    ,  0.    ,  0.    ,  0.    ,  0.    ,  1.3298,-20.9433
H11,-43.104 ,  2.6893, 24.3323,  0.1242,  5.5661, -4.6315, -6.5431,  0.    ,  0.    , -1.845 , -1.2687,  0.    ,  0.    ,  0.    ,  0.    ,  0.    ,  0.    ,  0.    ,  0.    ,  0.9614,-23.719 
B1,-41.5307,  2.186 , 23.741 ,  0.0765,  5.0124, -4.575 , -6.6339,  0.    ,  0.    , -1.8301, -0.7122,  0.    ,  0.    ,  0.    ,  0.    ,  0.    ,  0.    ,  0.    ,  0.    ,  0.7337,-23.5322
