P1,-42.9501,  4.2381, 28.6454,  0.7361,  5.4923, -4.4163, -7.4795,  0.    ,  0.    , -1.9504, -1.0493,  0.    ,  0.    ,  0.    ,  0.    ,  0.    ,  0.    ,  0.    ,  0.    ,  2.4493,-16.2845
G6,-41.2674,  2.3816, 30.0143,  0.2165,  5.4151, -4.0486, -7.496 ,  0.    ,  0.    , -1.9307, -0.9896,  0.    ,  0.    ,  0.    ,  0.    ,  0.    ,  0.    ,  0.    ,  0.    ,  0.8367,-16.8679
G12,-40.8897,  2.2831, 28.2073,  0.375 ,  5.7222, -3.994 , -6.9391,  0.    ,  0.    , -1.9309, -0.9641,  0.    ,  0.    ,  0.    ,  0.    ,  0.    ,  0.    ,  0.    ,  0.    ,  0.9837,-17.1464
G5,-41.9163,  2.7541, 30.0355,  0.3163,  5.3223, -4.3271, -7.8614,  0.    ,  0.    , -1.9277, -0.948 ,  0.    ,  0.    ,  0.    ,  0.    ,  0.    ,  0.    ,  0.    ,  0.    ,  1.0853,-17.4669
G7,-41.839 ,  2.4539, 29.9722,  0.3732,  5.2596, -4.2052, -7.3164,  0.    ,  0.    , -1.9348, -0.9416,  0.    ,  0.    ,  0.    ,  0.    ,  0.    ,  0.    ,  0.    ,  0.    ,  0.9591,-17.219 
G11,-42.2738,  2.8918, 27.9682,  0.2412,  6.059 , -4.3245, -7.5472,  0.    ,  0.    , -1.9296, -0.9295,  0.    ,  0.    ,  0.    ,  0.    ,  0.    ,  0.    ,  0.    ,  0.    ,  1.1439,-18.7004
G9,-42.7437,  2.9115, 30.0102,  0.2446,  5.1571, -4.3582, -7.6453,  0.    ,  0.    , -1.9183, -0.9209,  0.    ,  0.    ,  0.    ,  0.    ,  0.    ,  0.    ,  0.    ,  0.    ,  1.345 ,-17.918 
G8,-41.3236,  2.2804, 30.1499,  0.2458,  5.2795, -4.1741, -7.4841,  0.    ,  0.    , -1.9309, -0.9567,  0.    ,  0.    ,  0.    ,  0.    ,  0.    ,  0.    ,  0.    ,  0.    ,  0.8421,-17.0716
G10,-41.2052,  2.3353, 30.0693,  0.2703,  5.246 , -4.187 , -7.4415,  0.    ,  0.    , -1.93  , -0.9502,  0.    ,  0.    ,  0.    ,  0.    ,  0.    ,  0.    ,  0.    ,  0.    ,  0.8994,-16.8935
C6,-42.6183,  2.6914, 29.6927,  0.1373,  5.1404, -4.657 , -7.4673,  0.    ,  0.    , -1.9123, -0.8194,  0.    ,  0.    ,  0.    ,  0.    ,  0.    ,  0.    ,  0.    ,  0.    ,  1.4084,-18.4041
C4,-43.15  ,  3.0189, 29.4972,  0.1369,  5.4437, -4.4019, -7.984 ,  0.    ,  0.    , -1.9169, -0.965 ,  0.    ,  0.    ,  0.    ,  0.    ,  0.    ,  0.    ,  0.    ,  0.    ,  1.4533,-18.8679
C7,-42.3308,  2.5503, 30.0871,  0.1172,  5.2035, -4.8045, -7.784 ,  0.    ,  0.    , -1.9201, -0.8328,  0.    ,  0.    ,  0.    ,  0.    ,  0.    ,  0.    ,  0.    ,  0.    ,  1.371 ,-18.3431
B4,-41.7188,  3.1358, 28.2986,  0.7105,  5.9999, -4.0226, -7.5209,  0.    ,  0.    , -1.9325, -1.037 ,  0.    ,  0.    ,  0.    ,  0.    ,  0.    ,  0.    ,  0.    ,  0.    ,  1.3164,-16.7707
B3,-41.5315,  3.4689, 28.1822,  0.7443,  6.1084, -3.7936, -7.5256,  0.    ,  0.    , -1.9303, -1.0197,  0.    ,  0.    ,  0.    ,  0.    ,  0.    ,  0.    ,  0.    ,  0.    ,  1.2812,-16.0157
C5,-42.5834,  2.6194, 29.6612,  0.1094,  5.3356, -4.3012, -7.3529,  0.    ,  0.    , -1.9205, -0.9199,  0.    ,  0.    ,  0.    ,  0.    ,  0.    ,  0.    ,  0.    ,  0.    ,  1.3028,-18.0497
C9,-42.5834,  2.6194, 29.6612,  0.1094,  5.3356, -4.3012, -7.3529,  0.    ,  0.    , -1.9205, -0.9199,  0.    ,  0.    ,  0.    ,  0.    ,  0.    ,  0.    ,  0.    ,  0.    ,  1.3028,-18.0497
D11,-43.6006,  3.0249, 29.4536,  0.1263,  5.4762, -4.1931, -7.3824,  0.    ,  0.    , -1.9214, -0.9811,  0.    ,  0.    ,  0.    ,  0.    ,  0.    ,  0.    ,  0.    ,  0.    ,  1.3902,-18.6072
E4,-42.3762,  2.7805, 30.4266,  0.1391,  5.2939, -4.1552, -7.526 ,  0.    ,  0.    , -1.9253, -0.9396,  0.    ,  0.    ,  0.    ,  0.    ,  0.    ,  0.    ,  0.    ,  0.    ,  1.2963,-16.9858
E11,-43.0265,  2.6117, 30.2087,  0.1047,  5.322 , -4.3172, -7.4146,  0.    ,  0.    , -1.9228, -0.9202,  0.    ,  0.    ,  0.    ,  0.    ,  0.    ,  0.    ,  0.    ,  0.    ,  1.3402,-18.0142
F5,-43.2396,  2.6754, 29.6461,  0.0988,  5.3113, -4.2042, -7.4178,  0.    ,  0.    , -1.9192, -0.9092,  0.    ,  0.    ,  0.    ,  0.    ,  0.    ,  0.    ,  0.    ,  0.    ,  1.4948,-18.4637
F10,-43.0707,  3.3403, 28.9237,  0.2783,  5.8712, -3.8066, -7.3297,  0.    ,  0.    , -1.9028, -1.078 ,  0.    ,  0.    ,  0.    ,  0.    ,  0.    ,  0.    ,  0.    ,  0.    ,  1.3032,-17.4709
C10,-41.6243,  2.944 , 29.3101,  0.4725,  5.3555, -3.8858, -7.6011,  0.    ,  0.    , -1.9084, -0.9909,  0.    ,  0.    ,  0.    ,  0.    ,  0.    ,  0.    ,  0.    ,  0.    ,  1.4943,-16.4341
D10,-42.5343,  2.9164, 29.7771,  0.5028,  5.2994, -3.9147, -7.697 ,  0.    ,  0.    , -1.9213, -0.9762,  0.    ,  0.    ,  0.    ,  0.    ,  0.    ,  0.    ,  0.    ,  0.    ,  1.749 ,-16.7988
E5,-41.5539,  2.9329, 29.7252,  0.4913,  5.3535, -3.8529, -7.7897,  0.    ,  0.    , -1.902 , -1.2724,  0.    ,  0.    ,  0.    ,  0.    ,  0.    ,  0.    ,  0.    ,  0.    ,  1.5034,-16.3646
G1,-41.8791,  2.9053, 29.9016,  0.4256,  5.4537, -3.9101, -7.6334,  0.    ,  0.    , -1.9129, -0.9998,  0.    ,  0.    ,  0.    ,  0.    ,  0.    ,  0.    ,  0.    ,  0.    ,  1.4418,-16.2073
F6,-42.8857,  2.7832, 29.808 ,  0.4867,  5.1988, -3.8157, -7.5514,  0.    ,  0.    , -1.9171, -0.9382,  0.    ,  0.    ,  0.    ,  0.    ,  0.    ,  0.    ,  0.    ,  0.    ,  1.8411,-16.9903
F11,-42.7182,  3.1294, 28.5307,  0.4345,  5.6631, -3.7071, -7.2621,  0.    ,  0.    , -1.8989, -1.0285,  0.    ,  0.    ,  0.    ,  0.    ,  0.    ,  0.    ,  0.    ,  0.    ,  1.4924,-17.3647
C12,-40.2552,  3.0819, 28.0233,  0.4698,  5.8693, -4.0465, -7.4298,  0.    ,  0.    , -1.9214, -1.0311,  0.    ,  0.    ,  0.    ,  0.    ,  0.    ,  0.    ,  0.    ,  0.    ,  1.4869,-15.7528
D7,-41.1315,  2.9091, 28.4383,  0.3365,  6.014 , -4.0057, -7.5025,  0.    ,  0.    , -1.9288, -1.234 ,  0.    ,  0.    ,  0.    ,  0.    ,  0.    ,  0.    ,  0.    ,  0.    ,  1.5474,-16.5571
D12,-41.6286,  3.31  , 28.2421,  0.2723,  6.019 , -3.9252, -7.2905,  0.    ,  0.    , -1.9296, -1.0018,  0.    ,  0.    ,  0.    ,  0.    ,  0.    ,  0.    ,  0.    ,  0.    ,  1.9116,-16.0207
E7,-41.2394,  3.0957, 28.7954,  0.5077,  5.5042, -4.1371, -7.8052,  0.    ,  0.    , -1.9125, -1.2322,  0.    ,  0.    ,  0.    ,  0.    ,  0.    ,  0.    ,  0.    ,  0.    ,  1.7724,-16.6509
F1,-41.4917,  3.2952, 29.5072,  0.4817,  5.5215, -3.8595, -7.7148,  0.    ,  0.    , -1.9134, -1.2683,  0.    ,  0.    ,  0.    ,  0.    ,  0.    ,  0.    ,  0.    ,  0.    ,  1.7714,-15.6706
F8,-41.3092,  3.2784, 28.8513,  0.3546,  5.7303, -4.0356, -7.6036,  0.    ,  0.    , -1.9167, -1.0152,  0.    ,  0.    ,  0.    ,  0.    ,  0.    ,  0.    ,  0.    ,  0.    ,  1.7262,-15.9396
C11,-40.6812,  3.012 , 27.9172,  0.2978,  6.7218, -3.8968, -7.4322,  0.    ,  0.    , -1.9444, -0.9719,  0.    ,  0.    ,  0.    ,  0.    ,  0.    ,  0.    ,  0.    ,  0.    ,  1.4576,-15.5202
D6,-42.1885,  3.7549, 29.292 ,  0.639 ,  5.6017, -4.1571, -7.7028,  0.    ,  0.    , -1.9293, -0.9607,  0.    ,  0.    ,  0.    ,  0.    ,  0.    ,  0.    ,  0.    ,  0.    ,  1.7894,-15.8613
E6,-41.2634,  3.1339, 28.4474,  0.4253,  6.3103, -4.035 , -7.3638,  0.    ,  0.    , -1.9368, -0.9792,  0.    ,  0.    ,  0.    ,  0.    ,  0.    ,  0.    ,  0.    ,  0.    ,  1.293 ,-15.9684
F2,-40.9452,  3.4185, 29.1063,  0.3097,  6.1421, -3.9759, -7.4532,  0.    ,  0.    , -1.9227, -1.0042,  0.    ,  0.    ,  0.    ,  0.    ,  0.    ,  0.    ,  0.    ,  0.    ,  1.695 ,-14.6296
F7,-41.6976,  3.8984, 29.2638,  0.3876,  5.6837, -3.9536, -7.4948,  0.    ,  0.    , -1.915 , -1.0221,  0.    ,  0.    ,  0.    ,  0.    ,  0.    ,  0.    ,  0.    ,  0.    ,  1.7489,-15.1006
F12,-43.4319,  4.1338, 28.0184,  0.1732,  6.3282, -4.1689, -7.2869,  0.    ,  0.    , -1.9152, -1.0201,  0.    ,  0.    ,  0.    ,  0.    ,  0.    ,  0.    ,  0.    ,  0.    ,  1.6082,-17.5611
D1,-41.624 ,  2.3429, 29.5394,  0.2672,  5.4511, -4.3931, -7.4261,  0.    ,  0.    , -1.904 , -0.9057,  0.    ,  0.    ,  0.    ,  0.    ,  0.    ,  0.    ,  0.    ,  0.    ,  1.3826,-17.2698
D8,-41.8581,  2.7882, 29.6661,  0.4961,  5.3524, -4.0528, -7.6895,  0.    ,  0.    , -1.9088, -0.9497,  0.    ,  0.    ,  0.    ,  0.    ,  0.    ,  0.    ,  0.    ,  0.    ,  1.3236,-16.8326
E1,-43.2133,  3.3126, 30.3935,  0.2589,  5.5093, -4.1718, -7.4297,  0.    ,  0.    , -1.9148, -0.9847,  0.    ,  0.    ,  0.    ,  0.    ,  0.    ,  0.    ,  0.    ,  0.    ,  1.5508,-16.6891
E8,-41.4045,  2.3551, 29.8591,  0.533 ,  5.3447, -4.0034, -7.7279,  0.    ,  0.    , -1.9056, -1.3325,  0.    ,  0.    ,  0.    ,  0.    ,  0.    ,  0.    ,  0.    ,  0.    ,  1.2434,-17.0386
E12,-41.7103,  2.4735, 30.135 ,  0.5845,  5.3821, -3.8567, -7.5947,  0.    ,  0.    , -1.9247, -1.4836,  0.    ,  0.    ,  0.    ,  0.    ,  0.    ,  0.    ,  0.    ,  0.    ,  1.2433,-16.7517
G2,-43.5027,  3.784 , 29.1663,  0.3799,  5.4687, -4.04  , -7.5935,  0.    ,  0.    , -1.8966, -0.967 ,  0.    ,  0.    ,  0.    ,  0.    ,  0.    ,  0.    ,  0.    ,  0.    ,  1.6702,-17.5307
C3,-42.7638,  3.4494, 28.2914,  0.4796,  5.8867, -4.2045, -7.0809,  0.    ,  0.    , -1.9269, -0.9956,  0.    ,  0.    ,  0.    ,  0.    ,  0.    ,  0.    ,  0.    ,  0.    ,  1.0705,-17.7942
D3,-42.7638,  3.4494, 28.2914,  0.4796,  5.8867, -4.2045, -7.0809,  0.    ,  0.    , -1.9269, -0.9956,  0.    ,  0.    ,  0.    ,  0.    ,  0.    ,  0.    ,  0.    ,  0.    ,  1.0705,-17.7942
B9,-40.9865,  2.0029, 29.4212,  0.3473,  6.8699, -4.7208, -7.1565,  0.    ,  0.    , -1.9274, -1.0317,  0.    ,  0.    ,  0.    ,  0.    ,  0.    ,  0.    ,  0.    ,  0.    ,  1.7461,-15.4353
B12,-40.3361,  2.1367, 29.74  ,  0.3161,  6.745 , -4.6604, -7.2873,  0.    ,  0.    , -1.9195, -0.9834,  0.    ,  0.    ,  0.    ,  0.    ,  0.    ,  0.    ,  0.    ,  0.    ,  1.653 ,-14.596 
D4,-41.7214,  3.3123, 28.1561,  0.6695,  6.5217, -4.0444, -7.0688,  0.    ,  0.    , -1.9162, -0.9282,  0.    ,  0.    ,  0.    ,  0.    ,  0.    ,  0.    ,  0.    ,  0.    ,  2.0215,-14.9979
D5,-41.7214,  3.3123, 28.1561,  0.6695,  6.5217, -4.0444, -7.0688,  0.    ,  0.    , -1.9162, -0.9282,  0.    ,  0.    ,  0.    ,  0.    ,  0.    ,  0.    ,  0.    ,  0.    ,  2.0215,-14.9979
C2,-42.7339,  3.2532, 28.622 ,  0.2646,  6.3069, -4.1712, -6.9693,  0.    ,  0.    , -1.9275, -1.0207,  0.    ,  0.    ,  0.    ,  0.    ,  0.    ,  0.    ,  0.    ,  0.    ,  1.0965,-17.2793
B6,-41.4669,  2.8483, 28.8904,  0.3491,  6.7557, -4.4247, -7.2087,  0.    ,  0.    , -1.9093, -0.9613,  0.    ,  0.    ,  0.    ,  0.    ,  0.    ,  0.    ,  0.    ,  0.    ,  1.3525,-15.7748
B7,-43.7343,  3.1291, 29.0035,  1.1982,  5.6341, -3.9968, -8.2316,  0.    ,  0.    , -1.9188, -0.9788,  0.    ,  0.    ,  0.    ,  0.    ,  0.    ,  0.    ,  0.    ,  0.    ,  1.5475,-18.348 
B8,-42.1972,  2.9245, 29.334 ,  0.2116,  7.1389, -4.364 , -7.4532,  0.    ,  0.    , -1.917 , -1.0022,  0.    ,  0.    ,  0.    ,  0.    ,  0.    ,  0.    ,  0.    ,  0.    ,  1.5126,-15.8119
E2,-41.4146,  3.0379, 28.4688,  0.2414,  6.7197, -4.1768, -7.4705,  0.    ,  0.    , -1.9401, -0.9844,  0.    ,  0.    ,  0.    ,  0.    ,  0.    ,  0.    ,  0.    ,  0.    ,  1.5609,-15.9576
E3,-41.4146,  3.0379, 28.4688,  0.2414,  6.7197, -4.1768, -7.4705,  0.    ,  0.    , -1.9401, -0.9844,  0.    ,  0.    ,  0.    ,  0.    ,  0.    ,  0.    ,  0.    ,  0.    ,  1.5609,-15.9576
B11,-42.6146,  3.073 , 28.5344,  0.3795,  6.3747, -4.176 , -6.747 ,  0.    ,  0.    , -1.9207, -1.0021,  0.    ,  0.    ,  0.    ,  0.    ,  0.    ,  0.    ,  0.    ,  0.    ,  1.1291,-16.9696
B10,-42.4454,  3.4392, 27.5728,  0.3221,  6.8915, -3.8148, -7.033 ,  0.    ,  0.    , -1.932 , -0.9568,  0.    ,  0.    ,  0.    ,  0.    ,  0.    ,  0.    ,  0.    ,  0.    ,  1.4976,-16.4587
C1,-41.3759,  2.8728, 29.0822,  0.3621,  6.5011, -4.4261, -7.3553,  0.    ,  0.    , -1.9193, -1.2106,  0.    ,  0.    ,  0.    ,  0.    ,  0.    ,  0.    ,  0.    ,  0.    ,  1.5022,-15.9666
E10,-42.9302,  3.3456, 27.9195,  0.7108,  5.8711, -3.9793, -7.1191,  0.    ,  0.    , -1.9022, -1.2098,  0.    ,  0.    ,  0.    ,  0.    ,  0.    ,  0.    ,  0.    ,  0.    ,  1.4825,-17.8112
F4,-41.7907,  3.0997, 28.4022,  0.4208,  6.377 , -4.4196, -7.0156,  0.    ,  0.    , -1.9245, -1.0045,  0.    ,  0.    ,  0.    ,  0.    ,  0.    ,  0.    ,  0.    ,  0.    ,  1.277 ,-16.578 
F9,-42.6304,  3.5255, 27.8101,  0.4219,  6.1583, -4.2457, -6.7376,  0.    ,  0.    , -1.9249, -1.0163,  0.    ,  0.    ,  0.    ,  0.    ,  0.    ,  0.    ,  0.    ,  0.    ,  1.0613,-17.5777
A10,-42.1271,  2.6268, 28.3974,  0.3587,  6.8809, -4.6384, -7.2451,  0.    ,  0.    , -1.9246, -0.986 ,  0.    ,  0.    ,  0.    ,  0.    ,  0.    ,  0.    ,  0.    ,  0.    ,  1.5019,-17.1556
G4,-42.1271,  2.6268, 28.3974,  0.3587,  6.8809, -4.6384, -7.2451,  0.    ,  0.    , -1.9246, -0.986 ,  0.    ,  0.    ,  0.    ,  0.    ,  0.    ,  0.    ,  0.    ,  0.    ,  1.5019,-17.1556
D2,-41.2506,  3.4126, 28.6686,  0.4457,  5.4346, -3.9379, -7.7071,  0.    ,  0.    , -1.9029, -0.9971,  0.    ,  0.    ,  0.    ,  0.    ,  0.    ,  0.    ,  0.    ,  0.    ,  1.4885,-16.3456
D9,-42.1783,  3.2335, 28.9925,  0.3394,  5.542 , -4.1049, -7.5771,  0.    ,  0.    , -1.9118, -0.9775,  0.    ,  0.    ,  0.    ,  0.    ,  0.    ,  0.    ,  0.    ,  0.    ,  1.5735,-17.0688
E9,-41.6842,  3.1178, 29.2612,  0.3984,  5.4903, -3.996 , -7.71  ,  0.    ,  0.    , -1.9146, -1.3653,  0.    ,  0.    ,  0.    ,  0.    ,  0.    ,  0.    ,  0.    ,  0.    ,  1.4048,-16.9976
F3,-42.3233,  3.0382, 29.5832,  0.6734,  5.427 , -3.9215, -7.6338,  0.    ,  0.    , -1.9074, -1.3065,  0.    ,  0.    ,  0.    ,  0.    ,  0.    ,  0.    ,  0.    ,  0.    ,  1.4138,-16.9569
C8,-42.1522,  2.7853, 29.0323,  0.6577,  5.2583, -4.1659, -7.6021,  0.    ,  0.    , -1.9057, -0.9286,  0.    ,  0.    ,  0.    ,  0.    ,  0.    ,  0.    ,  0.    ,  0.    ,  1.6047,-17.4163
G3,-43.4434,  3.8142, 28.5422,  0.2369,  5.6917, -3.8856, -7.5113,  0.    ,  0.    , -1.9068, -1.0348,  0.    ,  0.    ,  0.    ,  0.    ,  0.    ,  0.    ,  0.    ,  0.    ,  1.657 ,-17.8399
N9,-42.7161,  3.1241, 29.3889,  0.6925,  5.3205, -4.3099, -7.2166,  0.    ,  0.    , -1.9392, -1.1986,  0.    ,  0.    ,  0.    ,  0.    ,  0.    ,  0.    ,  0.    ,  0.    ,  1.5734,-17.281 
B2,-41.7912,  3.3276, 28.9447,  0.2214,  7.3979, -3.7711, -6.3824,  0.    ,  0.    , -1.9338, -1.0066,  0.    ,  0.    ,  0.    ,  0.    ,  0.    ,  0.    ,  0.    ,  0.    ,  1.8923,-13.1011
P3,-43.2123,  3.978 , 28.5915,  0.9382,  5.3385, -4.2452, -7.3926,  0.    ,  0.    , -1.9322, -1.016 ,  0.    ,  0.    ,  0.    ,  0.    ,  0.    ,  0.    ,  0.    ,  0.    ,  2.5747,-16.3775
A11,-42.7101,  2.2249, 28.7654,  0.2152,  6.1138, -3.9885, -7.365 ,  0.    ,  0.    , -1.9276, -1.024 ,  0.    ,  0.    ,  0.    ,  0.    ,  0.    ,  0.    ,  0.    ,  0.    ,  0.9002,-18.7958
A3,-41.3992,  2.366 , 26.6374,  0.1232,  6.3894, -3.9083, -6.3942,  0.    ,  0.    , -1.9517, -0.7995,  0.    ,  0.    ,  0.    ,  0.    ,  0.    ,  0.    ,  0.    ,  0.    ,  1.121 ,-17.816 
A8,-40.1258,  1.4785, 27.3935,  0.167 ,  6.1462, -4.0539, -7.1157,  0.    ,  0.    , -1.9571, -1.1099,  0.    ,  0.    ,  0.    ,  0.    ,  0.    ,  0.    ,  0.    ,  0.    ,  0.7666,-18.4106
N7,-40.5743,  2.8212, 28.3584,  0.9411,  5.8435, -3.6544, -7.1664,  0.    ,  0.    , -1.9254, -1.2425,  0.    ,  0.    ,  0.    ,  0.    ,  0.    ,  0.    ,  0.    ,  0.    ,  1.2186,-15.3803
N5,-41.8257,  3.5036, 29.5152,  0.7599,  5.5295, -3.9999, -7.1412,  0.    ,  0.    , -1.9576, -1.4091,  0.    ,  0.    ,  0.    ,  0.    ,  0.    ,  0.    ,  0.    ,  0.    ,  1.8772,-15.1482
N12,-39.7312,  1.6416, 26.5222,  0.253 ,  6.4327, -4.1946, -6.4539,  0.    ,  0.    , -1.9416, -0.8384,  0.    ,  0.    ,  0.    ,  0.    ,  0.    ,  0.    ,  0.    ,  0.    ,  0.8989,-17.4112
H6,-40.4823,  2.2395, 27.2414,  0.1482,  5.9986, -4.0002, -6.4404,  0.    ,  0.    , -1.949 , -0.8435,  0.    ,  0.    ,  0.    ,  0.    ,  0.    ,  0.    ,  0.    ,  0.    ,  0.9455,-17.1422
H5,-40.8072,  2.3536, 27.0825,  0.1309,  6.2914, -3.9405, -6.4616,  0.    ,  0.    , -1.9564, -0.8345,  0.    ,  0.    ,  0.    ,  0.    ,  0.    ,  0.    ,  0.    ,  0.    ,  1.0214,-17.1203
N11,-41.9299,  2.8201, 27.4039,  0.0906,  6.1481, -3.8327, -6.5759,  0.    ,  0.    , -1.9557, -0.6597,  0.    ,  0.    ,  0.    ,  0.    ,  0.    ,  0.    ,  0.    ,  0.    ,  1.4843,-17.0071
N10,-39.2864,  1.8105, 26.6036,  0.1505,  6.7887, -4.0543, -6.8487,  0.    ,  0.    , -1.9596, -1.6171,  0.    ,  0.    ,  0.    ,  0.    ,  0.    ,  0.    ,  0.    ,  0.    ,  0.8645,-17.5484
Q1,-40.5391,  3.0813, 26.2878,  0.2432,  6.2845, -4.0333, -6.984 ,  0.    ,  0.    , -1.9585, -1.2894,  0.    ,  0.    ,  0.    ,  0.    ,  0.    ,  0.    ,  0.    ,  0.    ,  1.0816,-17.8259
A4,-41.186 ,  2.2772, 27.2908,  0.5294,  5.8752, -4.1826, -7.2762,  0.    ,  0.    , -1.905 , -0.9684,  0.    ,  0.    ,  0.    ,  0.    ,  0.    ,  0.    ,  0.    ,  0.    ,  1.3599,-18.1856
A12,-40.7537,  3.3512, 26.8504,  1.4829,  5.6452, -3.9258, -6.9193,  0.    ,  0.    , -1.9197, -0.839 ,  0.    ,  0.    ,  0.    ,  0.    ,  0.    ,  0.    ,  0.    ,  0.    ,  1.9238,-15.1039
P5,-42.8111,  2.9691, 29.1431,  1.3305,  5.4478, -3.6373, -7.1054,  0.    ,  0.    , -1.9369, -1.0224,  0.    ,  0.    ,  0.    ,  0.    ,  0.    ,  0.    ,  0.    ,  0.    ,  1.7646,-15.8581
Q9,-41.7474,  3.1866, 27.7456,  0.7591,  5.8667, -3.7495, -6.821 ,  0.    ,  0.    , -1.9549, -0.9094,  0.    ,  0.    ,  0.    ,  0.    ,  0.    ,  0.    ,  0.    ,  0.    ,  1.867 ,-15.7572
B5,-40.9971,  2.7375, 26.5593,  0.5593,  5.9812, -3.8785, -6.8631,  0.    ,  0.    , -1.9386, -0.8412,  0.    ,  0.    ,  0.    ,  0.    ,  0.    ,  0.    ,  0.    ,  0.    ,  1.6569,-17.0243
P9,-41.7799,  2.825 , 27.9065,  1.8695,  5.7385, -4.0564, -7.286 ,  0.    ,  0.    , -1.9254, -1.0549,  0.    ,  0.    ,  0.    ,  0.    ,  0.    ,  0.    ,  0.    ,  0.    ,  1.8497,-15.9134
P12,-41.86  ,  3.369 , 27.6757,  1.2871,  5.5944, -4.038 , -6.9779,  0.    ,  0.    , -1.9534, -0.9162,  0.    ,  0.    ,  0.    ,  0.    ,  0.    ,  0.    ,  0.    ,  0.    ,  1.9298,-15.8893
Q4,-41.8816,  3.3788, 27.6834,  1.296 ,  5.5947, -4.0399, -6.976 ,  0.    ,  0.    , -1.9552, -0.919 ,  0.    ,  0.    ,  0.    ,  0.    ,  0.    ,  0.    ,  0.    ,  0.    ,  1.9485,-15.8703
P7,-41.1027,  3.5946, 27.8552,  1.1603,  5.6825, -4.2719, -7.5865,  0.    ,  0.    , -1.9248, -1.0589,  0.    ,  0.    ,  0.    ,  0.    ,  0.    ,  0.    ,  0.    ,  0.    ,  2.3754,-15.2769
Q12,-41.9434,  3.3949, 29.2856,  0.2842,  6.4459, -4.4323, -7.4136,  0.    ,  0.    , -1.96  , -0.961 ,  0.    ,  0.    ,  0.    ,  0.    ,  0.    ,  0.    ,  0.    ,  0.    ,  1.7614,-15.5383
P2,-41.6574,  3.1955, 28.8442,  0.2898,  6.4658, -4.4902, -7.2755,  0.    ,  0.    , -1.9416, -0.9719,  0.    ,  0.    ,  0.    ,  0.    ,  0.    ,  0.    ,  0.    ,  0.    ,  1.53  ,-16.0113
Q5,-41.6574,  3.1955, 28.8442,  0.2898,  6.4658, -4.4902, -7.2755,  0.    ,  0.    , -1.9416, -0.9719,  0.    ,  0.    ,  0.    ,  0.    ,  0.    ,  0.    ,  0.    ,  0.    ,  1.53  ,-16.0113
Q10,-41.6574,  3.1955, 28.8442,  0.2898,  6.4658, -4.4902, -7.2755,  0.    ,  0.    , -1.9416, -0.9719,  0.    ,  0.    ,  0.    ,  0.    ,  0.    ,  0.    ,  0.    ,  0.    ,  1.53  ,-16.0113
Q11,-41.9217,  3.484 , 28.3683,  0.6298,  6.3277, -4.3035, -6.906 ,  0.    ,  0.    , -1.9532, -1.0123,  0.    ,  0.    ,  0.    ,  0.    ,  0.    ,  0.    ,  0.    ,  0.    ,  1.2608,-16.0261
P8,-41.3008,  2.711 , 28.2965,  1.6626,  5.8831, -4.1761, -7.5544,  0.    ,  0.    , -1.9361, -1.3895,  0.    ,  0.    ,  0.    ,  0.    ,  0.    ,  0.    ,  0.    ,  0.    ,  1.4163,-16.3874
N6,-41.3474,  2.4564, 28.248 ,  0.7932,  5.8384, -3.8381, -6.8928,  0.    ,  0.    , -1.9553, -1.1378,  0.    ,  0.    ,  0.    ,  0.    ,  0.    ,  0.    ,  0.    ,  0.    ,  1.1317,-16.7037
A2,-41.131 ,  3.0486, 27.7066,  0.953 ,  5.6922, -3.9604, -7.0303,  0.    ,  0.    , -1.9546, -1.2914,  0.    ,  0.    ,  0.    ,  0.    ,  0.    ,  0.    ,  0.    ,  0.    ,  1.6669,-16.3004
A6,-41.131 ,  3.0486, 27.7066,  0.953 ,  5.6922, -3.9604, -7.0303,  0.    ,  0.    , -1.9546, -1.2914,  0.    ,  0.    ,  0.    ,  0.    ,  0.    ,  0.    ,  0.    ,  0.    ,  1.6669,-16.3004
Q2,-41.758 ,  3.1779, 27.9823,  0.6889,  5.9404, -3.766 , -6.8096,  0.    ,  0.    , -1.9519, -0.8899,  0.    ,  0.    ,  0.    ,  0.    ,  0.    ,  0.    ,  0.    ,  0.    ,  2.0383,-15.3476
P10,-41.72  ,  3.3111, 27.6508,  1.9678,  5.7235, -4.0059, -7.2379,  0.    ,  0.    , -1.938 , -1.0591,  0.    ,  0.    ,  0.    ,  0.    ,  0.    ,  0.    ,  0.    ,  0.    ,  1.7576,-15.5503
P11,-41.4316,  3.8852, 26.9504,  1.3228,  5.6628, -4.0112, -6.9102,  0.    ,  0.    , -1.9481, -0.8976,  0.    ,  0.    ,  0.    ,  0.    ,  0.    ,  0.    ,  0.    ,  0.    ,  2.0291,-15.3486
N8,-43.4046,  3.2132, 29.667 ,  0.6758,  5.3369, -4.619 , -7.063 ,  0.    ,  0.    , -1.9411, -1.2973,  0.    ,  0.    ,  0.    ,  0.    ,  0.    ,  0.    ,  0.    ,  0.    ,  1.3043,-18.1278
A7,-43.6049,  3.7788, 29.1601,  2.4773,  5.7749, -3.7965, -7.3272,  0.    ,  0.    , -1.9505, -1.0119,  0.    ,  0.    ,  0.    ,  0.    ,  0.    ,  0.    ,  0.    ,  0.    ,  2.6329,-13.867 
A1,-41.5268,  2.9917, 28.0839,  2.0123,  5.6096, -3.5878, -7.2649,  0.    ,  0.    , -1.8996, -1.063 ,  0.    ,  0.    ,  0.    ,  0.    ,  0.    ,  0.    ,  0.    ,  0.    ,  1.7653,-14.8792
A5,-41.6089,  3.6492, 27.787 ,  1.262 ,  5.6823, -3.8231, -7.0214,  0.    ,  0.    , -1.9233, -0.8437,  0.    ,  0.    ,  0.    ,  0.    ,  0.    ,  0.    ,  0.    ,  0.    ,  1.9198,-14.9201
Q7,-42.2891,  4.4565, 28.3853,  1.3027,  5.7249, -3.4855, -7.1625,  0.    ,  0.    , -1.9235, -1.0493,  0.    ,  0.    ,  0.    ,  0.    ,  0.    ,  0.    ,  0.    ,  0.    ,  2.9621,-13.0784
Q6,-41.0167,  3.8784, 28.4645,  0.3414,  6.029 , -4.3221, -6.4584,  0.    ,  0.    , -1.9287, -1.0111,  0.    ,  0.    ,  0.    ,  0.    ,  0.    ,  0.    ,  0.    ,  0.    ,  1.9902,-14.0334
Q3,-41.6637,  2.955 , 28.1937,  0.7736,  5.8519, -3.635 , -7.0601,  0.    ,  0.    , -1.9229, -1.1472,  0.    ,  0.    ,  0.    ,  0.    ,  0.    ,  0.    ,  0.    ,  0.    ,  1.5556,-16.0991
Q8,-41.5829,  3.7859, 29.1496,  1.1437,  5.8305, -4.1383, -8.6489,  0.    ,  0.    , -1.9528, -1.1046,  0.    ,  0.    ,  0.    ,  0.    ,  0.    ,  0.    ,  0.    ,  0.    ,  1.6081,-15.9097
P6,-40.8144,  3.85  , 27.5311,  1.2672,  5.7089, -3.9798, -7.0024,  0.    ,  0.    , -1.926 , -0.835 ,  0.    ,  0.    ,  0.    ,  0.    ,  0.    ,  0.    ,  0.    ,  0.    ,  1.7362,-14.4642
H10,-44.2194,  3.819 , 30.0689,  0.4615,  5.5006, -4.3681, -7.4646,  0.    ,  0.    , -1.9344, -1.6083,  0.    ,  0.    ,  0.    ,  0.    ,  0.    ,  0.    ,  0.    ,  0.    ,  1.3405,-18.4042
H12,-44.1259,  4.4226, 30.6832,  0.9907,  5.3574, -4.1026, -7.4915,  0.    ,  0.    , -1.9286, -1.582 ,  0.    ,  0.    ,  0.    ,  0.    ,  0.    ,  0.    ,  0.    ,  0.    ,  1.9709,-15.8057
H4,-42.6925,  2.46  , 28.8401,  0.3638,  5.9467, -3.7387, -6.6367,  0.    ,  0.    , -1.9313, -0.882 ,  0.    ,  0.    ,  0.    ,  0.    ,  0.    ,  0.    ,  0.    ,  0.    ,  1.0021,-17.2685
P4,-41.355 ,  3.7843, 28.3672,  0.2494,  6.172 , -3.9839, -7.2494,  0.    ,  0.    , -1.9303, -1.0117,  0.    ,  0.    ,  0.    ,  0.    ,  0.    ,  0.    ,  0.    ,  0.    ,  1.8262,-15.131 
H9,-40.4976,  2.0118, 27.7102,  0.1708,  6.2435, -4.3393, -7.145 ,  0.    ,  0.    , -1.9334, -0.9701,  0.    ,  0.    ,  0.    ,  0.    ,  0.    ,  0.    ,  0.    ,  0.    ,  1.3242,-17.4249
H8,-39.0576,  2.6282, 27.3665,  0.9519,  5.8874, -3.8627, -6.9436,  0.    ,  0.    , -1.9265, -1.0368,  0.    ,  0.    ,  0.    ,  0.    ,  0.    ,  0.    ,  0.    ,  0.    ,  1.4248,-14.5685
H7,-39.0291,  2.2299, 27.014 ,  0.6832,  6.0539, -3.8505, -6.8141,  0.    ,  0.    , -1.9192, -1.0385,  0.    ,  0.    ,  0.    ,  0.    ,  0.    ,  0.    ,  0.    ,  0.    ,  1.4497,-15.2209
A9,-41.2898,  1.8551, 29.6229,  0.2946,  5.8677, -4.4283, -6.9108,  0.    ,  0.    , -1.9435, -0.8895,  0.    ,  0.    ,  0.    ,  0.    ,  0.    ,  0.    ,  0.    ,  0.    ,  1.0247,-16.7969
H11,-43.7467,  3.5896, 29.7432,  0.332 ,  5.5006, -4.3845, -7.1823,  0.    ,  0.    , -1.9304, -1.6339,  0.    ,  0.    ,  0.    ,  0.    ,  0.    ,  0.    ,  0.    ,  0.    ,  1.2753,-18.4371
B1,-42.9604,  2.1619, 29.0676,  0.6543,  5.2427, -4.3084, -6.529 ,  0.    ,  0.    , -1.9108, -0.834 ,  0.    ,  0.    ,  0.    ,  0.    ,  0.    ,  0.    ,  0.    ,  0.    ,  1.0664,-18.3496
