MUT_116MET_120ILE_121PHE_124ALA_161ASN_163PHE_199TYR_bj1.pdb:LIG_270 -42.9524 4.23514 28.6444 0.73664 5.49394 -4.41432 -7.47628 0 0 -1.95028 -1.04987 0 0 0 0 0 0 0 0 2.4361 -16.2969
MUT_116MET_120ILE_121PHE_124ALA_161ASN_163PHE_199TYR_bj2.pdb:LIG_270 -42.9566 4.23289 28.6517 0.73852 5.49172 -4.41881 -7.48081 0 0 -1.95023 -1.04873 0 0 0 0 0 0 0 0 2.45043 -16.2899
MUT_116MET_120ILE_121PHE_124ALA_161ASN_163PHE_199TYR_bj3.pdb:LIG_270 -42.9414 4.24612 28.64 0.73303 5.49119 -4.41576 -7.48127 0 0 -1.95081 -1.04937 0 0 0 0 0 0 0 0 2.46142 -16.2668
MUT_117THR_120LEU_121ALA_124LEU_161ALA_163ALA_216LEU_232LEU_bj1.pdb:LIG_270 -41.2807 2.37839 30.0266 0.21761 5.39362 -4.04488 -7.51201 0 0 -1.93048 -0.98144 0 0 0 0 0 0 0 0 0.83428 -16.899
MUT_117THR_120LEU_121ALA_124LEU_161ALA_163ALA_216LEU_232LEU_bj2.pdb:LIG_270 -41.2807 2.37839 30.0266 0.21761 5.39362 -4.04488 -7.51201 0 0 -1.93048 -0.98144 0 0 0 0 0 0 0 0 0.83428 -16.899
MUT_117THR_120LEU_121ALA_124LEU_161ALA_163ALA_216LEU_232LEU_bj3.pdb:LIG_270 -41.2407 2.38798 29.9898 0.2143 5.45794 -4.05593 -7.46388 0 0 -1.93105 -1.00585 0 0 0 0 0 0 0 0 0.84156 -16.8058
MUT_117THR_120LEU_121ALA_124LEU_161VAL_163THR_216LEU_bj1.pdb:LIG_270 -41.0656 2.13667 28.3345 0.39775 5.62314 -3.85364 -6.85925 0 0 -1.92509 -0.98895 0 0 0 0 0 0 0 0 0.91453 -17.286
MUT_117THR_120LEU_121ALA_124LEU_161VAL_163THR_216LEU_bj2.pdb:LIG_270 -40.3719 2.55579 27.8663 0.31396 5.8844 -4.17723 -7.05331 0 0 -1.94064 -0.93563 0 0 0 0 0 0 0 0 1.07994 -16.7783
MUT_117THR_120LEU_121ALA_124LEU_161VAL_163THR_216LEU_bj3.pdb:LIG_270 -41.2315 2.15686 28.4212 0.41336 5.65921 -3.95123 -6.90483 0 0 -1.92696 -0.9678 0 0 0 0 0 0 0 0 0.95671 -17.375
MUT_117THR_120LEU_121LEU_124LEU_161ALA_163ALA_216LEU_232LEU_bj1.pdb:LIG_270 -41.9291 2.77441 30.0895 0.34441 5.32568 -4.42816 -8.08698 0 0 -1.92468 -0.93862 0 0 0 0 0 0 0 0 1.14999 -17.6236
MUT_117THR_120LEU_121LEU_124LEU_161ALA_163ALA_216LEU_232LEU_bj2.pdb:LIG_270 -41.9047 2.68599 30.0683 0.31842 5.32227 -4.42516 -8.02924 0 0 -1.92648 -0.92937 0 0 0 0 0 0 0 0 1.13517 -17.6848
MUT_117THR_120LEU_121LEU_124LEU_161ALA_163ALA_216LEU_232LEU_bj3.pdb:LIG_270 -41.915 2.80195 29.9488 0.28621 5.31908 -4.12798 -7.4681 0 0 -1.93193 -0.97615 0 0 0 0 0 0 0 0 0.97076 -17.0924
MUT_117THR_120LEU_121LEU_124LEU_161VAL_163ALA_216LEU_232SER_bj1.pdb:LIG_270 -41.8426 2.41463 29.9572 0.40419 5.26606 -4.19439 -7.21386 0 0 -1.93599 -0.93895 0 0 0 0 0 0 0 0 0.95499 -17.1288
MUT_117THR_120LEU_121LEU_124LEU_161VAL_163ALA_216LEU_232SER_bj2.pdb:LIG_270 -41.8295 2.40653 29.9307 0.41158 5.25088 -4.19328 -7.21623 0 0 -1.93562 -0.93102 0 0 0 0 0 0 0 0 0.96022 -17.1458
MUT_117THR_120LEU_121LEU_124LEU_161VAL_163ALA_216LEU_232SER_bj3.pdb:LIG_270 -41.8449 2.54067 30.0288 0.30377 5.26193 -4.22782 -7.51915 0 0 -1.93285 -0.95491 0 0 0 0 0 0 0 0 0.96203 -17.3825
MUT_117THR_120LEU_121LEU_124LEU_161VAL_163THR_216LEU_bj1.pdb:LIG_270 -42.3469 3.02958 27.9463 0.20134 6.12179 -4.45015 -7.7371 0 0 -1.92868 -0.9055 0 0 0 0 0 0 0 0 1.27774 -18.7916
MUT_117THR_120LEU_121LEU_124LEU_161VAL_163THR_216LEU_bj2.pdb:LIG_270 -42.6148 2.97571 28.3411 0.19089 5.8808 -4.15589 -7.21956 0 0 -1.92851 -0.97226 0 0 0 0 0 0 0 0 1.26032 -18.2422
MUT_117THR_120LEU_121LEU_124LEU_161VAL_163THR_216LEU_bj3.pdb:LIG_270 -41.8596 2.67012 27.6172 0.33134 6.17437 -4.36755 -7.68495 0 0 -1.93149 -0.91066 0 0 0 0 0 0 0 0 0.89378 -19.0675
MUT_117THR_120LEU_121PHE_124LEU_161VAL_163ALA_216LEU_232SER_bj1.pdb:LIG_270 -42.7597 2.91562 30.0325 0.24391 5.15244 -4.35673 -7.65019 0 0 -1.92031 -0.9188 0 0 0 0 0 0 0 0 1.33299 -17.9282
MUT_117THR_120LEU_121PHE_124LEU_161VAL_163ALA_216LEU_232SER_bj2.pdb:LIG_270 -42.7068 2.90423 29.9623 0.24644 5.16375 -4.3622 -7.63445 0 0 -1.91427 -0.92485 0 0 0 0 0 0 0 0 1.3655 -17.9003
MUT_117THR_120LEU_121PHE_124LEU_161VAL_163ALA_216LEU_232SER_bj3.pdb:LIG_270 -42.7647 2.91456 30.0359 0.24342 5.15516 -4.35577 -7.6513 0 0 -1.92045 -0.91896 0 0 0 0 0 0 0 0 1.33657 -17.9256
MUT_117THR_120LEU_121THR_124LEU_161VAL_163ALA_216LEU_232SER_bj1.pdb:LIG_270 -41.3033 2.27541 30.1215 0.24615 5.27024 -4.17066 -7.48578 0 0 -1.92916 -0.95401 0 0 0 0 0 0 0 0 0.84414 -17.0854
MUT_117THR_120LEU_121THR_124LEU_161VAL_163ALA_216LEU_232SER_bj2.pdb:LIG_270 -41.3343 2.28133 30.1638 0.24629 5.28367 -4.17497 -7.48246 0 0 -1.9315 -0.95722 0 0 0 0 0 0 0 0 0.84661 -17.0588
MUT_117THR_120LEU_121THR_124LEU_161VAL_163ALA_216LEU_232SER_bj3.pdb:LIG_270 -41.3332 2.28454 30.1643 0.24506 5.2845 -4.17672 -7.48411 0 0 -1.93193 -0.95878 0 0 0 0 0 0 0 0 0.83559 -17.0707
MUT_117THR_120LEU_121VAL_124LEU_161VAL_163ALA_216LEU_232SER_bj1.pdb:LIG_270 -41.2171 2.33692 30.0832 0.2705 5.24695 -4.189 -7.44094 0 0 -1.93065 -0.95001 0 0 0 0 0 0 0 0 0.89972 -16.8904
MUT_117THR_120LEU_121VAL_124LEU_161VAL_163ALA_216LEU_232SER_bj2.pdb:LIG_270 -41.1998 2.34138 30.0643 0.27312 5.24379 -4.18726 -7.44126 0 0 -1.92939 -0.94966 0 0 0 0 0 0 0 0 0.90796 -16.8768
MUT_117THR_120LEU_121VAL_124LEU_161VAL_163ALA_216LEU_232SER_bj3.pdb:LIG_270 -41.1987 2.32754 30.0605 0.26733 5.24719 -4.18462 -7.44233 0 0 -1.92982 -0.9508 0 0 0 0 0 0 0 0 0.89049 -16.9133
MUT_117THR_120LEU_124LEU_161ALA_163ALA_216LEU_232CYS_bj1.pdb:LIG_270 -42.6832 2.64221 29.625 0.10683 5.19477 -4.78881 -7.49465 0 0 -1.91759 -0.81504 0 0 0 0 0 0 0 0 1.33263 -18.7979
MUT_117THR_120LEU_124LEU_161ALA_163ALA_216LEU_232CYS_bj2.pdb:LIG_270 -42.6179 2.75862 29.9604 0.20087 5.01484 -4.52166 -7.61728 0 0 -1.90344 -0.81449 0 0 0 0 0 0 0 0 1.52264 -18.0174
MUT_117THR_120LEU_124LEU_161ALA_163ALA_216LEU_232CYS_bj3.pdb:LIG_270 -42.5538 2.6735 29.4928 0.10407 5.21167 -4.66039 -7.29007 0 0 -1.91599 -0.82872 0 0 0 0 0 0 0 0 1.3699 -18.397
MUT_117THR_120LEU_124LEU_161ALA_163ALA_216LEU_232LEU_bj1.pdb:LIG_270 -43.1653 3.01964 29.5151 0.13589 5.4471 -4.40477 -7.98611 0 0 -1.91764 -0.96573 0 0 0 0 0 0 0 0 1.46054 -18.8613
MUT_117THR_120LEU_124LEU_161ALA_163ALA_216LEU_232LEU_bj2.pdb:LIG_270 -43.1592 3.01969 29.5113 0.13729 5.44577 -4.40331 -7.98645 0 0 -1.91752 -0.96511 0 0 0 0 0 0 0 0 1.45662 -18.861
MUT_117THR_120LEU_124LEU_161ALA_163ALA_216LEU_232LEU_bj3.pdb:LIG_270 -43.1256 3.0175 29.4651 0.13741 5.43814 -4.39758 -7.97943 0 0 -1.91551 -0.9642 0 0 0 0 0 0 0 0 1.44279 -18.8813
MUT_117THR_120LEU_124LEU_161ALA_163ALA_216LEU_232SER_bj1.pdb:LIG_270 -42.479 2.63099 30.3002 0.11004 5.19104 -4.79669 -7.89196 0 0 -1.92506 -0.79325 0 0 0 0 0 0 0 0 1.30026 -18.3535
MUT_117THR_120LEU_124LEU_161ALA_163ALA_216LEU_232SER_bj2.pdb:LIG_270 -42.2854 2.38766 29.7678 0.12858 5.10034 -4.98648 -7.45361 0 0 -1.9154 -0.80942 0 0 0 0 0 0 0 0 1.44567 -18.6202
MUT_117THR_120LEU_124LEU_161ALA_163ALA_216LEU_232SER_bj3.pdb:LIG_270 -42.2279 2.63232 30.1934 0.11287 5.31911 -4.63044 -8.00644 0 0 -1.91973 -0.89577 0 0 0 0 0 0 0 0 1.36698 -18.0556
MUT_117THR_120LEU_124LEU_161ASN_163CYS_216LEU_bj1.pdb:LIG_270 -41.9108 3.16324 28.4963 0.68737 5.99841 -3.9078 -7.59654 0 0 -1.93611 -1.03937 0 0 0 0 0 0 0 0 1.35244 -16.6929
MUT_117THR_120LEU_124LEU_161ASN_163CYS_216LEU_bj2.pdb:LIG_270 -41.8194 3.10421 28.4129 0.69823 6.06643 -4.15772 -7.57733 0 0 -1.94114 -1.03797 0 0 0 0 0 0 0 0 1.24447 -17.0073
MUT_117THR_120LEU_124LEU_161ASN_163CYS_216LEU_bj3.pdb:LIG_270 -41.4262 3.13989 27.9865 0.74585 5.93486 -4.00236 -7.38878 0 0 -1.9204 -1.03375 0 0 0 0 0 0 0 0 1.3524 -16.612
MUT_117THR_120LEU_124LEU_161ASN_163CYS_bj1.pdb:LIG_270 -41.9305 3.6026 28.5591 0.76322 6.16577 -3.92278 -7.64905 0 0 -1.94198 -1.03594 0 0 0 0 0 0 0 0 1.27994 -16.1096
MUT_117THR_120LEU_124LEU_161ASN_163CYS_bj2.pdb:LIG_270 -41.332 3.40201 27.9937 0.73485 6.07977 -3.72908 -7.46386 0 0 -1.92442 -1.01162 0 0 0 0 0 0 0 0 1.28189 -15.9688
MUT_117THR_120LEU_124LEU_161ASN_163CYS_bj3.pdb:LIG_270 -41.332 3.40201 27.9937 0.73485 6.07977 -3.72908 -7.46386 0 0 -1.92442 -1.01162 0 0 0 0 0 0 0 0 1.28189 -15.9688
MUT_117THR_120LEU_124LEU_161VAL_163ALA_216LEU_232ALA_bj1.pdb:LIG_270 -42.5659 2.6147 29.6435 0.11076 5.32397 -4.30015 -7.34991 0 0 -1.91866 -0.92036 0 0 0 0 0 0 0 0 1.29323 -18.0688
MUT_117THR_120LEU_124LEU_161VAL_163ALA_216LEU_232ALA_bj2.pdb:LIG_270 -42.5697 2.61229 29.6447 0.10917 5.32918 -4.29587 -7.35198 0 0 -1.91857 -0.92058 0 0 0 0 0 0 0 0 1.30455 -18.0568
MUT_117THR_120LEU_124LEU_161VAL_163ALA_216LEU_232ALA_bj3.pdb:LIG_270 -42.6146 2.6311 29.6954 0.10813 5.35355 -4.30744 -7.35673 0 0 -1.92439 -0.91891 0 0 0 0 0 0 0 0 1.31047 -18.0235
MUT_117THR_120LEU_124LEU_161VAL_163ALA_216LEU_232LEU_bj1.pdb:LIG_270 -43.6069 2.96817 29.4939 0.12979 5.44137 -4.18036 -7.3709 0 0 -1.91925 -0.97205 0 0 0 0 0 0 0 0 1.38415 -18.6321
MUT_117THR_120LEU_124LEU_161VAL_163ALA_216LEU_232LEU_bj2.pdb:LIG_270 -43.6214 2.99343 29.4922 0.1266 5.44783 -4.18262 -7.37774 0 0 -1.91981 -0.97345 0 0 0 0 0 0 0 0 1.37115 -18.6439
MUT_117THR_120LEU_124LEU_161VAL_163ALA_216LEU_232LEU_bj3.pdb:LIG_270 -43.5735 3.11314 29.3748 0.1226 5.53938 -4.21624 -7.3985 0 0 -1.92503 -0.99766 0 0 0 0 0 0 0 0 1.41541 -18.5456
MUT_117THR_120LEU_124LEU_161VAL_163ALA_216LEU_232SER_bj1.pdb:LIG_270 -42.4072 2.73432 30.4708 0.14871 5.27943 -4.16633 -7.4899 0 0 -1.92499 -0.939 0 0 0 0 0 0 0 0 1.23479 -17.0593
MUT_117THR_120LEU_124LEU_161VAL_163ALA_216LEU_232SER_bj2.pdb:LIG_270 -42.3202 2.87817 30.3463 0.12348 5.32238 -4.14245 -7.59721 0 0 -1.92503 -0.94404 0 0 0 0 0 0 0 0 1.40436 -16.8543
MUT_117THR_120LEU_124LEU_161VAL_163ALA_216LEU_232SER_bj3.pdb:LIG_270 -42.4011 2.729 30.4626 0.1452 5.27986 -4.15671 -7.49087 0 0 -1.92586 -0.93584 0 0 0 0 0 0 0 0 1.24983 -17.0439
MUT_117THR_120LEU_124LEU_161VAL_163ALA_216LEU_232THR_bj1.pdb:LIG_270 -43.1285 2.62908 30.2318 0.1087 5.33069 -4.33445 -7.40855 0 0 -1.92466 -0.92446 0 0 0 0 0 0 0 0 1.27302 -18.1474
MUT_117THR_120LEU_124LEU_161VAL_163ALA_216LEU_232THR_bj2.pdb:LIG_270 -42.9875 2.60869 30.21 0.10258 5.31882 -4.31255 -7.41549 0 0 -1.92357 -0.91758 0 0 0 0 0 0 0 0 1.3691 -17.9476
MUT_117THR_120LEU_124LEU_161VAL_163ALA_216LEU_232THR_bj3.pdb:LIG_270 -42.9636 2.59721 30.1844 0.10274 5.3165 -4.30462 -7.41975 0 0 -1.92026 -0.91848 0 0 0 0 0 0 0 0 1.37844 -17.9475
MUT_117THR_120LEU_124LEU_161VAL_163ALA_216LEU_232VAL_bj1.pdb:LIG_270 -43.2668 2.60273 29.719 0.10099 5.2959 -4.19643 -7.37316 0 0 -1.9205 -0.9062 0 0 0 0 0 0 0 0 1.4309 -18.5137
MUT_117THR_120LEU_124LEU_161VAL_163ALA_216LEU_232VAL_bj2.pdb:LIG_270 -43.2298 2.7101 29.6123 0.09769 5.32134 -4.20795 -7.44068 0 0 -1.91903 -0.91183 0 0 0 0 0 0 0 0 1.52888 -18.439
MUT_117THR_120LEU_124LEU_161VAL_163ALA_216LEU_232VAL_bj3.pdb:LIG_270 -43.2223 2.71327 29.607 0.09771 5.3166 -4.20808 -7.4395 0 0 -1.9181 -0.90953 0 0 0 0 0 0 0 0 1.52447 -18.4385
MUT_117THR_120LEU_124LEU_161VAL_163ALA_216LEU_bj1.pdb:LIG_270 -42.8604 3.14075 28.7884 0.2934 5.88577 -3.82109 -7.35347 0 0 -1.89089 -1.06751 0 0 0 0 0 0 0 0 1.27131 -17.6137
MUT_117THR_120LEU_124LEU_161VAL_163ALA_216LEU_bj2.pdb:LIG_270 -42.9535 3.23914 28.8603 0.30596 5.88267 -3.81926 -7.37224 0 0 -1.89874 -1.07574 0 0 0 0 0 0 0 0 1.3287 -17.5027
MUT_117THR_120LEU_124LEU_161VAL_163ALA_216LEU_bj3.pdb:LIG_270 -43.3981 3.64108 29.1223 0.23545 5.84509 -3.77938 -7.26331 0 0 -1.91865 -1.09063 0 0 0 0 0 0 0 0 1.30972 -17.2964
MUT_117THR_120LEU_124LEU_161VAL_163CYS_216LEU_232ALA_bj1.pdb:LIG_270 -41.1845 3.02778 29.0812 0.4681 5.40204 -3.91951 -7.66605 0 0 -1.8958 -1.00034 0 0 0 0 0 0 0 0 1.38099 -16.306
MUT_117THR_120LEU_124LEU_161VAL_163CYS_216LEU_232ALA_bj2.pdb:LIG_270 -41.1673 3.02667 29.0627 0.46793 5.40865 -3.91628 -7.65965 0 0 -1.89624 -1.00295 0 0 0 0 0 0 0 0 1.38777 -16.2887
MUT_117THR_120LEU_124LEU_161VAL_163CYS_216LEU_232ALA_bj3.pdb:LIG_270 -42.521 2.77751 29.7864 0.48151 5.25583 -3.8217 -7.47768 0 0 -1.9333 -0.96949 0 0 0 0 0 0 0 0 1.71423 -16.7077
MUT_117THR_120LEU_124LEU_161VAL_163CYS_216LEU_232CYS_bj1.pdb:LIG_270 -42.9626 2.84007 30.0263 0.52337 5.23481 -3.91257 -7.67866 0 0 -1.93377 -0.96645 0 0 0 0 0 0 0 0 1.87147 -16.9581
MUT_117THR_120LEU_124LEU_161VAL_163CYS_216LEU_232CYS_bj2.pdb:LIG_270 -42.9688 2.8354 30.0305 0.52058 5.23843 -3.91252 -7.67969 0 0 -1.93481 -0.96625 0 0 0 0 0 0 0 0 1.87438 -16.9627
MUT_117THR_120LEU_124LEU_161VAL_163CYS_216LEU_232CYS_bj3.pdb:LIG_270 -41.6716 3.07374 29.2745 0.46437 5.42484 -3.91895 -7.73255 0 0 -1.8952 -0.99597 0 0 0 0 0 0 0 0 1.50127 -16.4756
MUT_117THR_120LEU_124LEU_161VAL_163CYS_216LEU_232SER_bj1.pdb:LIG_270 -41.2452 3.01494 29.6613 0.47147 5.41995 -3.84353 -7.81826 0 0 -1.89785 -1.44765 0 0 0 0 0 0 0 0 1.3583 -16.3265
MUT_117THR_120LEU_124LEU_161VAL_163CYS_216LEU_232SER_bj2.pdb:LIG_270 -42.1634 2.75716 29.8479 0.53244 5.22569 -3.87404 -7.72447 0 0 -1.91018 -0.92475 0 0 0 0 0 0 0 0 1.79779 -16.4358
MUT_117THR_120LEU_124LEU_161VAL_163CYS_216LEU_232SER_bj3.pdb:LIG_270 -41.253 3.02669 29.6663 0.4699 5.41473 -3.84113 -7.82622 0 0 -1.89805 -1.44482 0 0 0 0 0 0 0 0 1.35407 -16.3315
MUT_117THR_120LEU_124LEU_161VAL_163CYS_216LEU_232THR_bj1.pdb:LIG_270 -41.5291 3.06036 29.7731 0.38302 5.52143 -3.94366 -7.6869 0 0 -1.90232 -1.01071 0 0 0 0 0 0 0 0 1.35137 -15.9834
MUT_117THR_120LEU_124LEU_161VAL_163CYS_216LEU_232THR_bj2.pdb:LIG_270 -41.4905 3.04289 29.7373 0.38729 5.5222 -3.93874 -7.68209 0 0 -1.89931 -1.01058 0 0 0 0 0 0 0 0 1.35568 -15.9759
MUT_117THR_120LEU_124LEU_161VAL_163CYS_216LEU_232THR_bj3.pdb:LIG_270 -42.6177 2.61275 30.1943 0.50637 5.31758 -3.84801 -7.53118 0 0 -1.93696 -0.97809 0 0 0 0 0 0 0 0 1.61842 -16.6625
MUT_117THR_120LEU_124LEU_161VAL_163CYS_216LEU_232VAL_bj1.pdb:LIG_270 -42.7811 2.76852 29.7057 0.4877 5.18703 -3.80804 -7.56489 0 0 -1.9084 -0.93009 0 0 0 0 0 0 0 0 1.85153 -16.992
MUT_117THR_120LEU_124LEU_161VAL_163CYS_216LEU_232VAL_bj2.pdb:LIG_270 -43.0883 2.81739 30.0034 0.48326 5.22676 -3.82988 -7.52382 0 0 -1.93298 -0.9571 0 0 0 0 0 0 0 0 1.81663 -16.9847
MUT_117THR_120LEU_124LEU_161VAL_163CYS_216LEU_232VAL_bj3.pdb:LIG_270 -42.7878 2.76377 29.7149 0.48918 5.18259 -3.80906 -7.5654 0 0 -1.91003 -0.92737 0 0 0 0 0 0 0 0 1.85502 -16.9942
MUT_117THR_120LEU_124LEU_161VAL_163CYS_216LEU_bj1.pdb:LIG_270 -42.4493 3.00572 28.3215 0.46987 5.7476 -3.65449 -7.11192 0 0 -1.90667 -1.03886 0 0 0 0 0 0 0 0 1.42101 -17.1955
MUT_117THR_120LEU_124LEU_161VAL_163CYS_216LEU_bj2.pdb:LIG_270 -42.4201 3.00917 28.2755 0.46783 5.69654 -3.64566 -7.09971 0 0 -1.89507 -1.03447 0 0 0 0 0 0 0 0 1.44692 -17.199
MUT_117THR_120LEU_124LEU_161VAL_163CYS_216LEU_bj3.pdb:LIG_270 -43.2853 3.37328 28.9952 0.36577 5.54501 -3.82108 -7.57474 0 0 -1.89481 -1.01208 0 0 0 0 0 0 0 0 1.6092 -17.6995
MUT_117THR_120LEU_124LEU_161VAL_163LEU_216LEU_232ALA_bj1.pdb:LIG_270 -39.5447 2.97994 27.4322 0.42074 6.07985 -4.19917 -7.25294 0 0 -1.92878 -1.04599 0 0 0 0 0 0 0 0 1.54403 -15.5148
MUT_117THR_120LEU_124LEU_161VAL_163LEU_216LEU_232ALA_bj2.pdb:LIG_270 -41.6841 3.30861 29.1817 0.55893 5.44819 -3.78137 -7.76787 0 0 -1.90556 -1.0036 0 0 0 0 0 0 0 0 1.35298 -16.2922
MUT_117THR_120LEU_124LEU_161VAL_163LEU_216LEU_232ALA_bj3.pdb:LIG_270 -39.5368 2.95707 27.4561 0.4296 6.07972 -4.15892 -7.26846 0 0 -1.92994 -1.0436 0 0 0 0 0 0 0 0 1.56383 -15.4514
MUT_117THR_120LEU_124LEU_161VAL_163LEU_216LEU_232CYS_bj1.pdb:LIG_270 -42.3661 2.58823 29.17 0.12959 6.29095 -4.35472 -7.94722 0 0 -1.93796 -1.63527 0 0 0 0 0 0 0 0 1.20646 -18.856
MUT_117THR_120LEU_124LEU_161VAL_163LEU_216LEU_232CYS_bj2.pdb:LIG_270 -40.3887 3.09512 27.9618 0.43225 5.88992 -3.81013 -7.27204 0 0 -1.92628 -1.02622 0 0 0 0 0 0 0 0 1.62354 -15.4208
MUT_117THR_120LEU_124LEU_161VAL_163LEU_216LEU_232CYS_bj3.pdb:LIG_270 -40.6396 3.04393 28.1832 0.44772 5.86111 -3.85219 -7.28816 0 0 -1.92213 -1.0405 0 0 0 0 0 0 0 0 1.81219 -15.3945
MUT_117THR_120LEU_124LEU_161VAL_163LEU_216LEU_232LEU_bj1.pdb:LIG_270 -40.5232 2.76312 27.623 0.33827 6.34388 -4.0935 -7.35859 0 0 -1.9354 -0.99599 0 0 0 0 0 0 0 0 2.06639 -15.772
MUT_117THR_120LEU_124LEU_161VAL_163LEU_216LEU_232LEU_bj2.pdb:LIG_270 -42.1037 3.58023 28.5024 0.24976 5.85544 -3.85838 -7.24441 0 0 -1.92677 -1.0074 0 0 0 0 0 0 0 0 1.8364 -16.1164
MUT_117THR_120LEU_124LEU_161VAL_163LEU_216LEU_232LEU_bj3.pdb:LIG_270 -42.2589 3.58662 28.6008 0.22897 5.85771 -3.82374 -7.26846 0 0 -1.92654 -1.00215 0 0 0 0 0 0 0 0 1.83209 -16.1736
MUT_117THR_120LEU_124LEU_161VAL_163LEU_216LEU_232SER_bj1.pdb:LIG_270 -39.5726 2.97399 27.7858 0.42537 6.08887 -4.1772 -7.33607 0 0 -1.93023 -1.04332 0 0 0 0 0 0 0 0 1.53985 -15.2455
MUT_117THR_120LEU_124LEU_161VAL_163LEU_216LEU_232SER_bj2.pdb:LIG_270 -42.1305 3.62806 30.2511 0.58007 5.15692 -4.03577 -7.94835 0 0 -1.90395 -1.35297 0 0 0 0 0 0 0 0 2.41253 -15.3428
MUT_117THR_120LEU_124LEU_161VAL_163LEU_216LEU_232SER_bj3.pdb:LIG_270 -42.0151 2.68494 28.3494 0.51759 5.26684 -4.19828 -8.13103 0 0 -1.90334 -1.30027 0 0 0 0 0 0 0 0 1.36479 -19.3645
MUT_117THR_120LEU_124LEU_161VAL_163LEU_216LEU_232THR_bj1.pdb:LIG_270 -40.7737 2.91438 28.7846 0.56123 5.6185 -3.68137 -7.54674 0 0 -1.91918 -1.39036 0 0 0 0 0 0 0 0 1.97502 -15.4576
MUT_117THR_120LEU_124LEU_161VAL_163LEU_216LEU_232THR_bj2.pdb:LIG_270 -41.6896 3.4451 29.849 0.31635 5.53871 -4.00297 -7.71912 0 0 -1.9098 -1.01858 0 0 0 0 0 0 0 0 1.63666 -15.5542
MUT_117THR_120LEU_124LEU_161VAL_163LEU_216LEU_232THR_bj3.pdb:LIG_270 -42.0117 3.52627 29.8881 0.56742 5.40718 -3.89402 -7.87847 0 0 -1.91114 -1.39607 0 0 0 0 0 0 0 0 1.7025 -15.9999
MUT_117THR_120LEU_124LEU_161VAL_163LEU_216LEU_232VAL_bj1.pdb:LIG_270 -41.983 3.44904 29.5098 0.31895 5.53668 -3.94961 -7.7122 0 0 -1.90688 -1.01776 0 0 0 0 0 0 0 0 1.69667 -16.0583
MUT_117THR_120LEU_124LEU_161VAL_163LEU_216LEU_232VAL_bj2.pdb:LIG_270 -41.9498 3.47301 29.4542 0.31817 5.55761 -3.97465 -7.71435 0 0 -1.908 -1.02309 0 0 0 0 0 0 0 0 1.68256 -16.0843
MUT_117THR_120LEU_124LEU_161VAL_163LEU_216LEU_232VAL_bj3.pdb:LIG_270 -39.9949 2.91316 27.59 0.42656 6.09649 -4.18266 -7.38422 0 0 -1.9353 -1.00464 0 0 0 0 0 0 0 0 1.79926 -15.6762
MUT_117THR_120LEU_124LEU_161VAL_163PHE_216LEU_232ALA_bj1.pdb:LIG_270 -40.9421 3.00192 27.9723 0.34386 6.48531 -4.10402 -7.55811 0 0 -1.93998 -0.97593 0 0 0 0 0 0 0 0 1.35862 -16.3581
MUT_117THR_120LEU_124LEU_161VAL_163PHE_216LEU_232ALA_bj2.pdb:LIG_270 -40.5498 2.99763 27.895 0.29127 6.85595 -3.79209 -7.36481 0 0 -1.94742 -0.968 0 0 0 0 0 0 0 0 1.50234 -15.0799
MUT_117THR_120LEU_124LEU_161VAL_163PHE_216LEU_232ALA_bj3.pdb:LIG_270 -40.5516 3.0363 27.8842 0.25812 6.82413 -3.79416 -7.37359 0 0 -1.94591 -0.97191 0 0 0 0 0 0 0 0 1.51185 -15.1225
MUT_117THR_120LEU_124LEU_161VAL_163PHE_216LEU_232CYS_bj1.pdb:LIG_270 -42.5255 2.98386 28.8968 0.73338 5.78633 -4.27558 -7.66178 0 0 -1.9451 -0.8425 0 0 0 0 0 0 0 0 1.32073 -17.5293
MUT_117THR_120LEU_124LEU_161VAL_163PHE_216LEU_232CYS_bj2.pdb:LIG_270 -42.0273 4.14152 29.4961 0.589 5.51009 -4.09999 -7.72622 0 0 -1.92137 -1.02022 0 0 0 0 0 0 0 0 2.02169 -15.0367
MUT_117THR_120LEU_124LEU_161VAL_163PHE_216LEU_232CYS_bj3.pdb:LIG_270 -42.0127 4.13944 29.483 0.59453 5.50863 -4.09583 -7.72035 0 0 -1.92142 -1.01924 0 0 0 0 0 0 0 0 2.02588 -15.018
MUT_117THR_120LEU_124LEU_161VAL_163PHE_216LEU_232SER_bj1.pdb:LIG_270 -41.575 3.26313 28.4731 0.43874 5.93559 -4.11337 -7.20421 0 0 -1.93057 -1.00484 0 0 0 0 0 0 0 0 1.08835 -16.6291
MUT_117THR_120LEU_124LEU_161VAL_163PHE_216LEU_232SER_bj2.pdb:LIG_270 -40.4932 2.99847 28.0363 0.25155 6.84318 -3.8184 -7.36608 0 0 -1.94487 -0.97307 0 0 0 0 0 0 0 0 1.53348 -14.9326
MUT_117THR_120LEU_124LEU_161VAL_163PHE_216LEU_232SER_bj3.pdb:LIG_270 -41.7221 3.14002 28.8328 0.58554 6.1522 -4.17332 -7.52112 0 0 -1.93501 -0.95969 0 0 0 0 0 0 0 0 1.25718 -16.3435
MUT_117THR_120LEU_124LEU_161VAL_163PHE_216LEU_232THR_bj1.pdb:LIG_270 -41.3834 3.98742 29.557 0.31342 5.78778 -3.90566 -7.50122 0 0 -1.90325 -1.02164 0 0 0 0 0 0 0 0 1.80796 -14.2616
MUT_117THR_120LEU_124LEU_161VAL_163PHE_216LEU_232THR_bj2.pdb:LIG_270 -41.4083 3.99385 29.5805 0.32125 5.83302 -3.93304 -7.4787 0 0 -1.91763 -1.02937 0 0 0 0 0 0 0 0 1.77916 -14.2592
MUT_117THR_120LEU_124LEU_161VAL_163PHE_216LEU_232THR_bj3.pdb:LIG_270 -40.0438 2.2741 28.1814 0.29438 6.80564 -4.08909 -7.37967 0 0 -1.94731 -0.9617 0 0 0 0 0 0 0 0 1.49798 -15.368
MUT_117THR_120LEU_124LEU_161VAL_163PHE_216LEU_232VAL_bj1.pdb:LIG_270 -41.7227 3.97992 29.1923 0.49356 5.63986 -3.99999 -7.50362 0 0 -1.91779 -1.02238 0 0 0 0 0 0 0 0 1.82375 -15.0371
MUT_117THR_120LEU_124LEU_161VAL_163PHE_216LEU_232VAL_bj2.pdb:LIG_270 -41.6054 3.98195 29.3001 0.34725 5.77731 -3.9139 -7.48221 0 0 -1.91313 -1.0221 0 0 0 0 0 0 0 0 1.71972 -14.8103
MUT_117THR_120LEU_124LEU_161VAL_163PHE_216LEU_232VAL_bj3.pdb:LIG_270 -41.7648 3.73346 29.2989 0.32206 5.63394 -3.94685 -7.49847 0 0 -1.9141 -1.0219 0 0 0 0 0 0 0 0 1.70329 -15.4545
MUT_117THR_120LEU_124LEU_161VAL_163PHE_216LEU_bj1.pdb:LIG_270 -43.8767 4.97317 28.7263 0.11883 6.17471 -4.21149 -7.39795 0 0 -1.90651 -1.02282 0 0 0 0 0 0 0 0 1.84994 -16.5725
MUT_117THR_120LEU_124LEU_161VAL_163PHE_216LEU_bj2.pdb:LIG_270 -42.5841 3.30698 27.5756 0.22412 6.50493 -4.10696 -7.30927 0 0 -1.90906 -1.02056 0 0 0 0 0 0 0 0 1.64576 -17.6725
MUT_117THR_120LEU_124LEU_161VAL_163PHE_216LEU_bj3.pdb:LIG_270 -43.8348 4.12121 27.7532 0.17657 6.30505 -4.18828 -7.15338 0 0 -1.92992 -1.01687 0 0 0 0 0 0 0 0 1.32889 -18.4383
MUT_117THR_120LEU_124LEU_161VAL_163THR_216LEU_232ALA_bj1.pdb:LIG_270 -41.1741 2.91527 29.4835 0.49991 5.11771 -4.05924 -7.79601 0 0 -1.89708 -0.92806 0 0 0 0 0 0 0 0 1.56381 -16.2742
MUT_117THR_120LEU_124LEU_161VAL_163THR_216LEU_232ALA_bj2.pdb:LIG_270 -41.8482 2.06107 29.5651 0.15054 5.61884 -4.56014 -7.24188 0 0 -1.90769 -0.89525 0 0 0 0 0 0 0 0 1.28388 -17.7738
MUT_117THR_120LEU_124LEU_161VAL_163THR_216LEU_232ALA_bj3.pdb:LIG_270 -41.8498 2.05228 29.5696 0.15116 5.61678 -4.56005 -7.24036 0 0 -1.90725 -0.89365 0 0 0 0 0 0 0 0 1.30001 -17.7613
MUT_117THR_120LEU_124LEU_161VAL_163THR_216LEU_232CYS_bj1.pdb:LIG_270 -41.3816 3.20724 29.3409 0.48113 5.40195 -3.98882 -7.8446 0 0 -1.89853 -0.968 0 0 0 0 0 0 0 0 1.42001 -16.2303
MUT_117THR_120LEU_124LEU_161VAL_163THR_216LEU_232CYS_bj2.pdb:LIG_270 -42.8074 1.95021 30.3098 0.52654 5.2536 -4.1809 -7.38334 0 0 -1.92875 -0.91366 0 0 0 0 0 0 0 0 1.13421 -18.0397
MUT_117THR_120LEU_124LEU_161VAL_163THR_216LEU_232CYS_bj3.pdb:LIG_270 -41.3854 3.20703 29.3475 0.48065 5.40166 -3.98882 -7.84048 0 0 -1.89902 -0.96729 0 0 0 0 0 0 0 0 1.41655 -16.2277
MUT_117THR_120LEU_124LEU_161VAL_163THR_216LEU_232LEU_bj1.pdb:LIG_270 -43.8 3.41984 30.8873 0.13598 5.50729 -4.25038 -7.36173 0 0 -1.92381 -0.9884 0 0 0 0 0 0 0 0 1.59497 -16.779
MUT_117THR_120LEU_124LEU_161VAL_163THR_216LEU_232LEU_bj2.pdb:LIG_270 -41.9503 3.23833 29.2669 0.49736 5.59179 -4.01009 -7.61894 0 0 -1.89896 -0.99532 0 0 0 0 0 0 0 0 1.54135 -16.3378
MUT_117THR_120LEU_124LEU_161VAL_163THR_216LEU_232LEU_bj3.pdb:LIG_270 -43.8895 3.27972 31.0264 0.14324 5.42885 -4.25494 -7.30844 0 0 -1.92165 -0.97035 0 0 0 0 0 0 0 0 1.51606 -16.9506
MUT_117THR_120LEU_124LEU_161VAL_163THR_216LEU_232SER_bj1.pdb:LIG_270 -41.6729 1.9673 29.9725 0.52734 5.3589 -3.99131 -7.63209 0 0 -1.90872 -1.33584 0 0 0 0 0 0 0 0 1.14226 -17.5726
MUT_117THR_120LEU_124LEU_161VAL_163THR_216LEU_232SER_bj2.pdb:LIG_270 -40.8663 3.13926 29.6275 0.54406 5.31825 -4.02802 -7.91509 0 0 -1.89923 -1.33201 0 0 0 0 0 0 0 0 1.42898 -15.9826
MUT_117THR_120LEU_124LEU_161VAL_163THR_216LEU_232SER_bj3.pdb:LIG_270 -41.6744 1.95878 29.9774 0.52752 5.3569 -3.99073 -7.63656 0 0 -1.90896 -1.32953 0 0 0 0 0 0 0 0 1.1591 -17.5605
MUT_117THR_120LEU_124LEU_161VAL_163THR_216LEU_232THR_bj1.pdb:LIG_270 -42.0173 2.11722 30.4057 0.65342 5.36427 -3.69983 -7.50266 0 0 -1.94035 -2.07116 0 0 0 0 0 0 0 0 0.98082 -17.7098
MUT_117THR_120LEU_124LEU_161VAL_163THR_216LEU_232THR_bj2.pdb:LIG_270 -41.003 3.1815 29.5337 0.49177 5.475 -3.93932 -7.71876 0 0 -1.90231 -0.99546 0 0 0 0 0 0 0 0 1.41019 -15.4667
MUT_117THR_120LEU_124LEU_161VAL_163THR_216LEU_232THR_bj3.pdb:LIG_270 -42.1106 2.12167 30.4655 0.60842 5.30689 -3.93087 -7.56278 0 0 -1.93143 -1.38421 0 0 0 0 0 0 0 0 1.33875 -17.0787
MUT_117THR_120LEU_124LEU_161VAL_163THR_216LEU_bj1.pdb:LIG_270 -43.9566 4.31108 28.8353 0.31323 5.5442 -4.01381 -7.62771 0 0 -1.90174 -0.9838 0 0 0 0 0 0 0 0 1.72496 -17.7549
MUT_117THR_120LEU_124LEU_161VAL_163THR_216LEU_bj2.pdb:LIG_270 -43.3288 3.52346 29.3765 0.41563 5.41217 -4.06473 -7.58433 0 0 -1.89326 -0.95296 0 0 0 0 0 0 0 0 1.65528 -17.441
MUT_117THR_120LEU_124LEU_161VAL_163THR_216LEU_bj3.pdb:LIG_270 -43.2228 3.51744 29.287 0.41076 5.44978 -4.04134 -7.5684 0 0 -1.89495 -0.96427 0 0 0 0 0 0 0 0 1.63048 -17.3963
MUT_117THR_120LEU_124LEU_161VAL_163TRP_216LEU_232ALA_bj1.pdb:LIG_270 -42.8911 3.41748 28.4082 0.36413 5.96685 -4.17677 -7.11586 0 0 -1.93056 -1.02791 0 0 0 0 0 0 0 0 0.99826 -17.9873
MUT_117THR_120LEU_124LEU_161VAL_163TRP_216LEU_232ALA_bj2.pdb:LIG_270 -42.6116 3.44863 28.1278 0.70767 5.71593 -4.15303 -7.13985 0 0 -1.91909 -0.9372 0 0 0 0 0 0 0 0 1.2036 -17.5572
MUT_117THR_120LEU_124LEU_161VAL_163TRP_216LEU_232ALA_bj3.pdb:LIG_270 -42.7887 3.48204 28.3381 0.36696 5.97735 -4.28361 -6.98693 0 0 -1.93113 -1.02182 0 0 0 0 0 0 0 0 1.00965 -17.8381
MUT_117THR_120LEU_124LEU_161VAL_163TRP_216LEU_232ASN_bj1.pdb:LIG_270 -41.0154 2.03522 29.4426 0.35289 6.87516 -4.70024 -7.1713 0 0 -1.93101 -1.03473 0 0 0 0 0 0 0 0 1.78856 -15.3582
MUT_117THR_120LEU_124LEU_161VAL_163TRP_216LEU_232ASN_bj2.pdb:LIG_270 -40.9749 1.97936 29.4121 0.345 6.86559 -4.73134 -7.14402 0 0 -1.92633 -1.03111 0 0 0 0 0 0 0 0 1.73696 -15.4687
MUT_117THR_120LEU_124LEU_161VAL_163TRP_216LEU_232ASN_bj3.pdb:LIG_270 -40.9691 1.99409 29.4088 0.34414 6.86907 -4.7307 -7.15424 0 0 -1.92483 -1.02912 0 0 0 0 0 0 0 0 1.71272 -15.4791
MUT_117THR_120LEU_124LEU_161VAL_163TRP_216LEU_232ASP_bj1.pdb:LIG_270 -40.5601 2.16715 29.9448 0.39581 6.79742 -4.68386 -7.14494 0 0 -1.93777 -0.99628 0 0 0 0 0 0 0 0 1.70297 -14.3147
MUT_117THR_120LEU_124LEU_161VAL_163TRP_216LEU_232ASP_bj2.pdb:LIG_270 -40.2392 2.03735 29.6981 0.23971 6.66789 -4.49354 -7.42336 0 0 -1.91229 -0.97602 0 0 0 0 0 0 0 0 1.5975 -14.8039
MUT_117THR_120LEU_124LEU_161VAL_163TRP_216LEU_232ASP_bj3.pdb:LIG_270 -40.2091 2.20549 29.5771 0.3129 6.76973 -4.80384 -7.29367 0 0 -1.90843 -0.97802 0 0 0 0 0 0 0 0 1.65842 -14.6694
MUT_117THR_120LEU_124LEU_161VAL_163TRP_216LEU_232CYS_bj1.pdb:LIG_270 -42.1965 3.67555 27.9 0.40636 6.73668 -3.90469 -7.25146 0 0 -1.94316 -0.9959 0 0 0 0 0 0 0 0 1.34994 -16.2232
MUT_117THR_120LEU_124LEU_161VAL_163TRP_216LEU_232CYS_bj2.pdb:LIG_270 -41.4838 3.13067 28.2842 0.80113 6.41422 -4.11422 -6.97753 0 0 -1.90275 -0.89442 0 0 0 0 0 0 0 0 2.35732 -14.3852
MUT_117THR_120LEU_124LEU_161VAL_163TRP_216LEU_232CYS_bj3.pdb:LIG_270 -41.4838 3.13067 28.2842 0.80113 6.41422 -4.11422 -6.97753 0 0 -1.90275 -0.89442 0 0 0 0 0 0 0 0 2.35732 -14.3852
MUT_117THR_120LEU_124LEU_161VAL_163TRP_216LEU_232GLN_bj1.pdb:LIG_270 -42.7487 3.22075 28.624 0.28467 6.25129 -4.18547 -6.9381 0 0 -1.92543 -1.02272 0 0 0 0 0 0 0 0 1.07624 -17.3635
MUT_117THR_120LEU_124LEU_161VAL_163TRP_216LEU_232GLN_bj2.pdb:LIG_270 -42.7358 3.25363 28.6297 0.27116 6.28857 -4.17683 -6.96821 0 0 -1.92621 -1.021 0 0 0 0 0 0 0 0 1.09021 -17.2948
MUT_117THR_120LEU_124LEU_161VAL_163TRP_216LEU_232GLN_bj3.pdb:LIG_270 -42.7171 3.28523 28.6124 0.23795 6.38089 -4.1513 -7.00163 0 0 -1.93079 -1.0184 0 0 0 0 0 0 0 0 1.1232 -17.1795
MUT_117THR_120LEU_124LEU_161VAL_163TRP_216LEU_232GLU_bj1.pdb:LIG_270 -41.5546 2.99018 28.4108 0.39656 6.86479 -4.46281 -7.28917 0 0 -1.90767 -0.96254 0 0 0 0 0 0 0 0 1.37875 -16.1357
MUT_117THR_120LEU_124LEU_161VAL_163TRP_216LEU_232GLU_bj2.pdb:LIG_270 -40.8339 2.36482 29.7069 0.34177 6.87832 -4.58764 -7.09373 0 0 -1.90765 -0.93274 0 0 0 0 0 0 0 0 1.41989 -14.644
MUT_117THR_120LEU_124LEU_161VAL_163TRP_216LEU_232GLU_bj3.pdb:LIG_270 -42.0121 3.18994 28.5536 0.30901 6.524 -4.22352 -7.24327 0 0 -1.91263 -0.98849 0 0 0 0 0 0 0 0 1.25876 -16.5447
MUT_117THR_120LEU_124LEU_161VAL_163TRP_216LEU_232GLY_bj1.pdb:LIG_270 -43.979 3.17249 29.1371 1.15427 5.64876 -4.06741 -8.32406 0 0 -1.91683 -0.94916 0 0 0 0 0 0 0 0 1.60999 -18.5139
MUT_117THR_120LEU_124LEU_161VAL_163TRP_216LEU_232GLY_bj2.pdb:LIG_270 -43.2898 3.05339 28.7699 1.2677 5.59783 -3.84848 -8.05297 0 0 -1.92383 -1.04015 0 0 0 0 0 0 0 0 1.43601 -18.0303
MUT_117THR_120LEU_124LEU_161VAL_163TRP_216LEU_232GLY_bj3.pdb:LIG_270 -43.934 3.16128 29.1036 1.17268 5.65561 -4.07452 -8.3179 0 0 -1.91588 -0.94722 0 0 0 0 0 0 0 0 1.59662 -18.4997
MUT_117THR_120LEU_124LEU_161VAL_163TRP_216LEU_232ILE_bj1.pdb:LIG_270 -44.8068 3.30274 30.3467 0.17059 7.87135 -4.26339 -7.76578 0 0 -1.90113 -0.93411 0 0 0 0 0 0 0 0 1.02598 -16.9538
MUT_117THR_120LEU_124LEU_161VAL_163TRP_216LEU_232ILE_bj2.pdb:LIG_270 -40.4052 2.47209 28.4629 0.26932 6.70311 -4.71405 -7.24828 0 0 -1.91942 -1.03212 0 0 0 0 0 0 0 0 1.76875 -15.6429
MUT_117THR_120LEU_124LEU_161VAL_163TRP_216LEU_232ILE_bj3.pdb:LIG_270 -41.3797 2.99876 29.1924 0.19496 6.84234 -4.11463 -7.34555 0 0 -1.93038 -1.04024 0 0 0 0 0 0 0 0 1.74301 -14.839
MUT_117THR_120LEU_124LEU_161VAL_163TRP_216LEU_232LEU_bj1.pdb:LIG_270 -41.4884 3.46632 28.4245 0.17547 6.68635 -3.91499 -7.53228 0 0 -1.94221 -0.98339 0 0 0 0 0 0 0 0 1.59554 -15.5131
MUT_117THR_120LEU_124LEU_161VAL_163TRP_216LEU_232LEU_bj2.pdb:LIG_270 -41.5941 3.31221 28.5311 0.20431 6.60135 -4.0292 -7.50819 0 0 -1.94293 -0.99391 0 0 0 0 0 0 0 0 1.44168 -15.9777
MUT_117THR_120LEU_124LEU_161VAL_163TRP_216LEU_232LEU_bj3.pdb:LIG_270 -41.1613 2.33521 28.4508 0.34454 6.87129 -4.58619 -7.37104 0 0 -1.93503 -0.97587 0 0 0 0 0 0 0 0 1.64562 -16.382
MUT_117THR_120LEU_124LEU_161VAL_163TRP_216LEU_232LYS_bj1.pdb:LIG_270 -42.8179 3.17336 28.5592 0.40661 6.09864 -4.08045 -6.7202 0 0 -1.91986 -1.01065 0 0 0 0 0 0 0 0 0.96436 -17.3469
MUT_117THR_120LEU_124LEU_161VAL_163TRP_216LEU_232LYS_bj2.pdb:LIG_270 -42.8947 3.2512 28.6492 0.38769 6.14117 -4.05667 -6.75508 0 0 -1.93086 -1.01396 0 0 0 0 0 0 0 0 0.98395 -17.2381
MUT_117THR_120LEU_124LEU_161VAL_163TRP_216LEU_232LYS_bj3.pdb:LIG_270 -42.1313 2.79458 28.3948 0.34407 6.8844 -4.39078 -6.76562 0 0 -1.91146 -0.98168 0 0 0 0 0 0 0 0 1.43913 -16.3239
MUT_117THR_120LEU_124LEU_161VAL_163TRP_216LEU_232MET_bj1.pdb:LIG_270 -42.2871 3.42825 27.6115 0.21781 7.00253 -3.80792 -7.07272 0 0 -1.94306 -0.97539 0 0 0 0 0 0 0 0 1.50714 -16.3189
MUT_117THR_120LEU_124LEU_161VAL_163TRP_216LEU_232MET_bj2.pdb:LIG_270 -42.3285 3.27023 27.2515 0.38301 6.77653 -3.75987 -6.74036 0 0 -1.90659 -0.90941 0 0 0 0 0 0 0 0 1.48198 -16.4815
MUT_117THR_120LEU_124LEU_161VAL_163TRP_216LEU_232MET_bj3.pdb:LIG_270 -42.7205 3.61903 27.8553 0.36535 6.89535 -3.87652 -7.28582 0 0 -1.94625 -0.98554 0 0 0 0 0 0 0 0 1.50382 -16.5758
MUT_117THR_120LEU_124LEU_161VAL_163TRP_216LEU_232PRO_bj1.pdb:LIG_270 -40.0468 2.30143 29.0015 0.36689 6.87766 -4.61645 -7.33015 0 0 -1.915 -0.97741 0 0 0 0 0 0 0 0 1.73999 -14.5983
MUT_117THR_120LEU_124LEU_161VAL_163TRP_216LEU_232PRO_bj2.pdb:LIG_270 -40.1083 2.27564 29.109 0.33064 6.82207 -4.71285 -7.29127 0 0 -1.9147 -0.97752 0 0 0 0 0 0 0 0 1.67098 -14.7964
MUT_117THR_120LEU_124LEU_161VAL_163TRP_216LEU_232PRO_bj3.pdb:LIG_270 -43.9726 4.04141 29.1361 0.38878 5.80369 -3.94887 -7.44443 0 0 -1.92821 -1.67675 0 0 0 0 0 0 0 0 1.0956 -18.5052
MUT_117THR_120LEU_124LEU_161VAL_163TRP_216LEU_232SER_bj1.pdb:LIG_270 -42.4895 3.16863 27.2982 0.89363 5.9273 -3.94253 -6.9107 0 0 -1.89063 -0.97155 0 0 0 0 0 0 0 0 1.72427 -17.1929
MUT_117THR_120LEU_124LEU_161VAL_163TRP_216LEU_232SER_bj2.pdb:LIG_270 -43.7647 3.71205 29.1019 0.3459 5.79105 -4.06369 -7.5168 0 0 -1.93152 -1.69054 0 0 0 0 0 0 0 0 1.02915 -18.9872
MUT_117THR_120LEU_124LEU_161VAL_163TRP_216LEU_232SER_bj3.pdb:LIG_270 -42.5365 3.15605 27.3585 0.89274 5.89493 -3.93165 -6.92983 0 0 -1.88458 -0.96723 0 0 0 0 0 0 0 0 1.69401 -17.2535
MUT_117THR_120LEU_124LEU_161VAL_163TRP_216LEU_232THR_bj1.pdb:LIG_270 -40.1943 2.2778 29.1941 0.33438 6.82584 -4.75479 -7.31466 0 0 -1.91374 -0.97477 0 0 0 0 0 0 0 0 1.6553 -14.8648
MUT_117THR_120LEU_124LEU_161VAL_163TRP_216LEU_232THR_bj2.pdb:LIG_270 -42.5784 3.5503 28.0219 0.46443 6.23006 -4.25612 -6.94016 0 0 -1.93465 -1.0133 0 0 0 0 0 0 0 0 1.13127 -17.3247
MUT_117THR_120LEU_124LEU_161VAL_163TRP_216LEU_232THR_bj3.pdb:LIG_270 -42.5993 3.47101 27.9907 0.46358 6.07507 -4.24782 -6.79183 0 0 -1.92497 -1.02545 0 0 0 0 0 0 0 0 1.04434 -17.5446
MUT_117THR_120LEU_124LEU_161VAL_163TRP_216LEU_232VAL_bj1.pdb:LIG_270 -42.6933 3.48088 27.8211 0.44509 6.11436 -4.21371 -6.60538 0 0 -1.92696 -1.01809 0 0 0 0 0 0 0 0 1.0301 -17.5659
MUT_117THR_120LEU_124LEU_161VAL_163TRP_216LEU_232VAL_bj2.pdb:LIG_270 -42.641 3.63486 27.819 0.39301 6.21722 -4.2599 -6.81401 0 0 -1.92557 -1.01225 0 0 0 0 0 0 0 0 1.08429 -17.5043
MUT_117THR_120LEU_124LEU_161VAL_163TRP_216LEU_232VAL_bj3.pdb:LIG_270 -42.5569 3.4608 27.7901 0.42773 6.14331 -4.26338 -6.79348 0 0 -1.92227 -1.01842 0 0 0 0 0 0 0 0 1.06956 -17.663
MUT_117THR_120LEU_124LEU_161VAL_163TRP_216LEU_bj1.pdb:LIG_270 -41.9181 2.95163 27.5738 0.38779 7.20424 -4.43563 -7.20109 0 0 -1.91014 -0.97898 0 0 0 0 0 0 0 0 1.52002 -16.8065
MUT_117THR_120LEU_124LEU_161VAL_163TRP_216LEU_bj2.pdb:LIG_270 -42.2991 2.74063 28.5622 0.32496 6.79011 -4.54775 -7.38458 0 0 -1.93638 -0.97741 0 0 0 0 0 0 0 0 1.65469 -17.0726
MUT_117THR_120LEU_124LEU_161VAL_163TRP_216LEU_bj3.pdb:LIG_270 -42.1642 2.18825 29.0563 0.3633 6.64841 -4.93194 -7.14977 0 0 -1.9273 -1.00166 0 0 0 0 0 0 0 0 1.33103 -17.5876
MUT_117THR_120LEU_124LEU_161VAL_163VAL_216LEU_232ALA_bj1.pdb:LIG_270 -41.2419 3.40915 28.6577 0.44712 5.43218 -3.93712 -7.70606 0 0 -1.90211 -0.99635 0 0 0 0 0 0 0 0 1.49716 -16.3402
MUT_117THR_120LEU_124LEU_161VAL_163VAL_216LEU_232ALA_bj2.pdb:LIG_270 -41.2576 3.4119 28.6748 0.44748 5.4325 -3.94004 -7.70767 0 0 -1.90346 -0.9977 0 0 0 0 0 0 0 0 1.48045 -16.3594
MUT_117THR_120LEU_124LEU_161VAL_163VAL_216LEU_232ALA_bj3.pdb:LIG_270 -41.2524 3.41678 28.6734 0.44264 5.43904 -3.93666 -7.70757 0 0 -1.90299 -0.9973 0 0 0 0 0 0 0 0 1.48782 -16.3372
MUT_117THR_120LEU_124LEU_161VAL_163VAL_216LEU_232CYS_bj1.pdb:LIG_270 -41.7784 3.49359 28.8858 0.43228 5.4615 -3.96609 -7.76442 0 0 -1.90114 -0.99141 0 0 0 0 0 0 0 0 1.55039 -16.5779
MUT_117THR_120LEU_124LEU_161VAL_163VAL_216LEU_232CYS_bj2.pdb:LIG_270 -42.9829 2.71104 29.2076 0.15255 5.69385 -4.382 -7.2035 0 0 -1.93067 -0.94851 0 0 0 0 0 0 0 0 1.62298 -18.0596
MUT_117THR_120LEU_124LEU_161VAL_163VAL_216LEU_232CYS_bj3.pdb:LIG_270 -41.7736 3.49575 28.8842 0.43328 5.47071 -3.96667 -7.76337 0 0 -1.90356 -0.99264 0 0 0 0 0 0 0 0 1.54701 -16.5689
MUT_117THR_120LEU_124LEU_161VAL_163VAL_216LEU_232SER_bj1.pdb:LIG_270 -42.5091 2.50504 29.4058 0.25118 5.62876 -4.0961 -7.44064 0 0 -1.93722 -1.39899 0 0 0 0 0 0 0 0 1.276 -18.3153
MUT_117THR_120LEU_124LEU_161VAL_163VAL_216LEU_232SER_bj2.pdb:LIG_270 -41.2714 3.42545 29.1887 0.47269 5.42083 -3.94575 -7.84447 0 0 -1.9029 -1.3486 0 0 0 0 0 0 0 0 1.46818 -16.3372
MUT_117THR_120LEU_124LEU_161VAL_163VAL_216LEU_232SER_bj3.pdb:LIG_270 -41.2722 3.4229 29.1891 0.47148 5.42122 -3.9461 -7.84501 0 0 -1.90361 -1.34838 0 0 0 0 0 0 0 0 1.47035 -16.3403
MUT_117THR_120LEU_124LEU_161VAL_163VAL_216LEU_232THR_bj1.pdb:LIG_270 -41.3943 3.37055 29.1761 0.37063 5.63169 -3.92621 -7.66381 0 0 -1.90779 -1.02028 0 0 0 0 0 0 0 0 1.47039 -15.893
MUT_117THR_120LEU_124LEU_161VAL_163VAL_216LEU_232THR_bj2.pdb:LIG_270 -42.7942 2.87713 29.7997 0.83769 5.32055 -3.92265 -7.6277 0 0 -1.90744 -1.44929 0 0 0 0 0 0 0 0 1.39689 -17.4693
MUT_117THR_120LEU_124LEU_161VAL_163VAL_216LEU_232THR_bj3.pdb:LIG_270 -42.7813 2.86689 29.7739 0.81196 5.32871 -3.91573 -7.60989 0 0 -1.90704 -1.44989 0 0 0 0 0 0 0 0 1.37405 -17.5083
MUT_117THR_120LEU_124LEU_161VAL_163VAL_216LEU_232VAL_bj1.pdb:LIG_270 -41.8496 3.42961 28.8926 0.3363 5.58668 -3.93942 -7.68672 0 0 -1.90396 -1.01143 0 0 0 0 0 0 0 0 1.57389 -16.5721
MUT_117THR_120LEU_124LEU_161VAL_163VAL_216LEU_232VAL_bj2.pdb:LIG_270 -42.2728 2.49819 29.0463 0.81082 5.1142 -4.16117 -7.25791 0 0 -1.90674 -0.89071 0 0 0 0 0 0 0 0 1.62864 -17.3912
MUT_117THR_120LEU_124LEU_161VAL_163VAL_216LEU_232VAL_bj3.pdb:LIG_270 -42.3343 2.42796 29.1579 0.82584 5.07407 -4.39699 -7.86168 0 0 -1.90625 -0.88367 0 0 0 0 0 0 0 0 1.6115 -18.2856
MUT_117THR_120LEU_124LEU_161VAL_163VAL_216LEU_bj1.pdb:LIG_270 -43.2808 3.75782 28.4364 0.30985 5.85514 -3.78369 -7.37495 0 0 -1.91912 -1.10185 0 0 0 0 0 0 0 0 1.5666 -17.5346
MUT_117THR_120LEU_124LEU_161VAL_163VAL_216LEU_bj2.pdb:LIG_270 -43.5042 3.83722 28.5819 0.20003 5.61349 -3.92336 -7.5763 0 0 -1.89983 -1.00305 0 0 0 0 0 0 0 0 1.67823 -17.9959
MUT_117THR_120LEU_124LEU_161VAL_163VAL_216LEU_bj3.pdb:LIG_270 -43.5451 3.84771 28.6082 0.2008 5.60652 -3.94971 -7.58259 0 0 -1.9015 -0.99958 0 0 0 0 0 0 0 0 1.72611 -17.9891
MUT_120CYS_124VAL_161GLN_163CYS_216CYS_bj1.pdb:LIG_270 -42.7208 3.12632 29.3934 0.69256 5.31892 -4.31034 -7.21785 0 0 -1.93968 -1.19755 0 0 0 0 0 0 0 0 1.57478 -17.2802
MUT_120CYS_124VAL_161GLN_163CYS_216CYS_bj2.pdb:LIG_270 -42.7131 3.12186 29.3831 0.69391 5.32295 -4.31003 -7.21755 0 0 -1.93847 -1.19771 0 0 0 0 0 0 0 0 1.57563 -17.2794
MUT_120CYS_124VAL_161GLN_163CYS_216CYS_bj3.pdb:LIG_270 -42.7143 3.12409 29.3902 0.69094 5.31957 -4.3092 -7.21437 0 0 -1.93956 -1.20052 0 0 0 0 0 0 0 0 1.5698 -17.2833
MUT_120ILE_121PHE_122TYR_123ASN_124TYR_163PHE_bj1.pdb:LIG_270 -40.7982 3.49566 28.0476 0.22535 7.29216 -3.667 -6.20189 0 0 -1.9409 -1.03211 0 0 0 0 0 0 0 0 1.95604 -12.6233
MUT_120ILE_121PHE_122TYR_123ASN_124TYR_163PHE_bj2.pdb:LIG_270 -42.2666 3.22617 29.3865 0.22635 7.4484 -3.81924 -6.46795 0 0 -1.93062 -0.99595 0 0 0 0 0 0 0 0 1.88247 -13.3104
MUT_120ILE_121PHE_122TYR_123ASN_124TYR_163PHE_bj3.pdb:LIG_270 -42.3087 3.26087 29.3999 0.21252 7.4531 -3.82696 -6.47724 0 0 -1.92975 -0.99174 0 0 0 0 0 0 0 0 1.83849 -13.3695
MUT_120ILE_121PHE_124ALA_161ASN_163PHE_199TYR_bj1.pdb:LIG_270 -43.2459 3.94101 28.6365 0.95643 5.36756 -4.29911 -7.53506 0 0 -1.93937 -1.01788 0 0 0 0 0 0 0 0 2.6083 -16.5276
MUT_120ILE_121PHE_124ALA_161ASN_163PHE_199TYR_bj2.pdb:LIG_270 -43.2412 3.93881 28.6398 0.95601 5.36647 -4.29927 -7.5373 0 0 -1.93843 -1.01838 0 0 0 0 0 0 0 0 2.61767 -16.5158
MUT_120ILE_121PHE_124ALA_161ASN_163PHE_199TYR_bj3.pdb:LIG_270 -43.1499 4.05426 28.4983 0.90215 5.28145 -4.13728 -7.10554 0 0 -1.91886 -1.01165 0 0 0 0 0 0 0 0 2.49802 -16.0891
MUT_120LEU_121ALA_124LEU_161ASN_163CYS_199TYR_bj1.pdb:LIG_270 -42.4011 2.05073 28.7518 0.25779 5.95215 -3.9407 -7.32406 0 0 -1.9296 -1.02639 0 0 0 0 0 0 0 0 0.83674 -18.7726
MUT_120LEU_121ALA_124LEU_161ASN_163CYS_199TYR_bj2.pdb:LIG_270 -42.3936 2.04951 28.7543 0.25818 5.95483 -3.95303 -7.32677 0 0 -1.929 -1.02854 0 0 0 0 0 0 0 0 0.85161 -18.7625
MUT_120LEU_121ALA_124LEU_161ASN_163CYS_199TYR_bj3.pdb:LIG_270 -43.3357 2.57442 28.7901 0.12975 6.43429 -4.07166 -7.44406 0 0 -1.92434 -1.01722 0 0 0 0 0 0 0 0 1.01227 -18.8522
MUT_120LEU_121ALA_124LEU_161ASN_163CYS_bj1.pdb:LIG_270 -41.4118 2.37682 26.6465 0.12258 6.37651 -3.91021 -6.39351 0 0 -1.95093 -0.79539 0 0 0 0 0 0 0 0 1.12886 -17.8106
MUT_120LEU_121ALA_124LEU_161ASN_163CYS_bj2.pdb:LIG_270 -41.3839 2.34989 26.6392 0.12428 6.38078 -3.91242 -6.39208 0 0 -1.95223 -0.80334 0 0 0 0 0 0 0 0 1.11758 -17.8322
MUT_120LEU_121ALA_124LEU_161ASN_163CYS_bj3.pdb:LIG_270 -41.402 2.37131 26.6264 0.12263 6.41105 -3.90238 -6.39688 0 0 -1.95197 -0.79976 0 0 0 0 0 0 0 0 1.11646 -17.8052
MUT_120LEU_121ALA_161ASN_163ALA_199TYR_bj1.pdb:LIG_270 -40.1259 1.47906 27.3956 0.16762 6.14471 -4.05544 -7.11785 0 0 -1.95663 -1.11119 0 0 0 0 0 0 0 0 0.76813 -18.4119
MUT_120LEU_121ALA_161ASN_163ALA_199TYR_bj2.pdb:LIG_270 -40.1259 1.47906 27.3956 0.16762 6.14471 -4.05544 -7.11785 0 0 -1.95663 -1.11119 0 0 0 0 0 0 0 0 0.76813 -18.4119
MUT_120LEU_121ALA_161ASN_163ALA_199TYR_bj3.pdb:LIG_270 -40.1257 1.47733 27.3892 0.16577 6.14905 -4.05078 -7.11145 0 0 -1.9579 -1.1072 0 0 0 0 0 0 0 0 0.76367 -18.408
MUT_120LEU_121CYS_124LEU_161ASN_163SER_216CYS_bj1.pdb:LIG_270 -40.5757 2.82087 28.3583 0.94273 5.84269 -3.65665 -7.16401 0 0 -1.92554 -1.24239 0 0 0 0 0 0 0 0 1.21541 -15.3843
MUT_120LEU_121CYS_124LEU_161ASN_163SER_216CYS_bj2.pdb:LIG_270 -40.5786 2.82442 28.362 0.94064 5.84365 -3.65468 -7.16682 0 0 -1.92587 -1.24203 0 0 0 0 0 0 0 0 1.21957 -15.3777
MUT_120LEU_121CYS_124LEU_161ASN_163SER_216CYS_bj3.pdb:LIG_270 -40.5686 2.81825 28.3548 0.94006 5.84404 -3.65173 -7.16827 0 0 -1.9249 -1.24316 0 0 0 0 0 0 0 0 1.2207 -15.3788
MUT_120LEU_121CYS_124LEU_161GLN_163CYS_216CYS_bj1.pdb:LIG_270 -41.8103 3.50163 29.4796 0.75957 5.52911 -4.00207 -7.12828 0 0 -1.95808 -1.40929 0 0 0 0 0 0 0 0 1.87128 -15.1668
MUT_120LEU_121CYS_124LEU_161GLN_163CYS_216CYS_bj2.pdb:LIG_270 -41.8401 3.50373 29.5388 0.75955 5.5296 -3.99769 -7.14971 0 0 -1.9575 -1.40925 0 0 0 0 0 0 0 0 1.87925 -15.1433
MUT_120LEU_121CYS_124LEU_161GLN_163CYS_216CYS_bj3.pdb:LIG_270 -41.8266 3.50534 29.5271 0.7607 5.52992 -4.00006 -7.1457 0 0 -1.95717 -1.40891 0 0 0 0 0 0 0 0 1.88092 -15.1345
MUT_120LEU_121GLY_124LEU_161ASN_163ALA_220ARG_bj1.pdb:LIG_270 -39.7769 1.65968 26.5553 0.25556 6.4162 -4.17009 -6.46096 0 0 -1.94402 -0.84858 0 0 0 0 0 0 0 0 0.88592 -17.4279
MUT_120LEU_121GLY_124LEU_161ASN_163ALA_220ARG_bj2.pdb:LIG_270 -39.6397 1.60541 26.4561 0.24798 6.46566 -4.24351 -6.43974 0 0 -1.93682 -0.81793 0 0 0 0 0 0 0 0 0.92488 -17.3777
MUT_120LEU_121GLY_124LEU_161ASN_163ALA_220ARG_bj3.pdb:LIG_270 -39.7769 1.65968 26.5553 0.25556 6.4162 -4.17009 -6.46096 0 0 -1.94402 -0.84858 0 0 0 0 0 0 0 0 0.88592 -17.4279
MUT_120LEU_121GLY_124LEU_161ASN_163CYS_220ARG_bj1.pdb:LIG_270 -40.4867 2.24046 27.245 0.14874 6.00063 -4.00094 -6.44247 0 0 -1.94864 -0.84282 0 0 0 0 0 0 0 0 0.94546 -17.1413
MUT_120LEU_121GLY_124LEU_161ASN_163CYS_220ARG_bj2.pdb:LIG_270 -40.4773 2.23989 27.2384 0.14864 5.99847 -4.00054 -6.44372 0 0 -1.94865 -0.84299 0 0 0 0 0 0 0 0 0.94998 -17.1379
MUT_120LEU_121GLY_124LEU_161ASN_163CYS_220ARG_bj3.pdb:LIG_270 -40.4829 2.23815 27.2408 0.14718 5.99679 -3.99922 -6.43493 0 0 -1.94959 -0.84482 0 0 0 0 0 0 0 0 0.94105 -17.1474
MUT_120LEU_121GLY_124LEU_161ASN_163CYS_bj1.pdb:LIG_270 -40.8007 2.35503 27.0677 0.13056 6.29609 -3.93469 -6.45936 0 0 -1.95696 -0.83511 0 0 0 0 0 0 0 0 1.02431 -17.1132
MUT_120LEU_121GLY_124LEU_161ASN_163CYS_bj2.pdb:LIG_270 -40.8126 2.352 27.0913 0.13105 6.28875 -3.94567 -6.45971 0 0 -1.9566 -0.83535 0 0 0 0 0 0 0 0 1.02568 -17.1211
MUT_120LEU_121GLY_124LEU_161ASN_163CYS_bj3.pdb:LIG_270 -40.8083 2.35382 27.0884 0.13122 6.28925 -3.94103 -6.46569 0 0 -1.95559 -0.83305 0 0 0 0 0 0 0 0 1.01435 -17.1266
MUT_120LEU_121GLY_124LEU_161ASN_163PHE_bj1.pdb:LIG_270 -41.9308 2.81549 27.4026 0.09056 6.14668 -3.83351 -6.57212 0 0 -1.95599 -0.65859 0 0 0 0 0 0 0 0 1.4822 -17.0135
MUT_120LEU_121GLY_124LEU_161ASN_163PHE_bj2.pdb:LIG_270 -41.927 2.82612 27.4073 0.09072 6.15024 -3.82906 -6.57901 0 0 -1.9555 -0.66064 0 0 0 0 0 0 0 0 1.48321 -16.9937
MUT_120LEU_121GLY_124LEU_161ASN_163PHE_bj3.pdb:LIG_270 -41.932 2.81869 27.4017 0.09061 6.14735 -3.83562 -6.57651 0 0 -1.95565 -0.66 0 0 0 0 0 0 0 0 1.48734 -17.0141
MUT_120LEU_121GLY_124LEU_161ASN_163SER_bj1.pdb:LIG_270 -39.2931 1.80943 26.6109 0.15196 6.78683 -4.05408 -6.84852 0 0 -1.96115 -1.61767 0 0 0 0 0 0 0 0 0.86463 -17.5507
MUT_120LEU_121GLY_124LEU_161ASN_163SER_bj2.pdb:LIG_270 -39.283 1.81105 26.5999 0.14977 6.78962 -4.05443 -6.84881 0 0 -1.95888 -1.61688 0 0 0 0 0 0 0 0 0.86446 -17.5473
MUT_120LEU_121GLY_124LEU_161ASN_163SER_bj3.pdb:LIG_270 -39.283 1.81105 26.5999 0.14977 6.78962 -4.05443 -6.84881 0 0 -1.95888 -1.61688 0 0 0 0 0 0 0 0 0.86446 -17.5473
MUT_120LEU_121LEU_124ALA_161ASN_163SER_bj1.pdb:LIG_270 -40.5359 3.08169 26.2874 0.24114 6.28893 -4.04038 -6.98964 0 0 -1.95926 -1.29287 0 0 0 0 0 0 0 0 1.07256 -17.8463
MUT_120LEU_121LEU_124ALA_161ASN_163SER_bj2.pdb:LIG_270 -40.5555 3.11949 26.2773 0.24202 6.29675 -4.03384 -6.9919 0 0 -1.95894 -1.29131 0 0 0 0 0 0 0 0 1.05468 -17.8412
MUT_120LEU_121LEU_124ALA_161ASN_163SER_bj3.pdb:LIG_270 -40.5259 3.04259 26.2987 0.24642 6.26775 -4.02574 -6.97034 0 0 -1.9573 -1.28405 0 0 0 0 0 0 0 0 1.11759 -17.7902
MUT_120LEU_121MET_124GLY_161ASN_163ALA_199TYR_bj1.pdb:LIG_270 -40.7323 3.24803 27.4829 1.30413 5.61553 -3.91551 -7.38778 0 0 -1.90292 -1.06243 0 0 0 0 0 0 0 0 1.76112 -15.5892
MUT_120LEU_121MET_124GLY_161ASN_163ALA_199TYR_bj2.pdb:LIG_270 -41.4197 1.79489 27.2001 0.14202 6.00407 -4.31618 -7.22612 0 0 -1.90851 -0.92128 0 0 0 0 0 0 0 0 1.16412 -19.4866
MUT_120LEU_121MET_124GLY_161ASN_163ALA_199TYR_bj3.pdb:LIG_270 -41.4061 1.78882 27.1895 0.1421 6.00602 -4.31606 -7.21458 0 0 -1.90364 -0.92135 0 0 0 0 0 0 0 0 1.15437 -19.4809
MUT_120LEU_121MET_124GLY_161ASN_163ALA_bj1.pdb:LIG_270 -40.7504 3.35075 26.8483 1.48471 5.64523 -3.92421 -6.91984 0 0 -1.91979 -0.84029 0 0 0 0 0 0 0 0 1.92974 -15.0958
MUT_120LEU_121MET_124GLY_161ASN_163ALA_bj2.pdb:LIG_270 -40.7539 3.34721 26.8491 1.48173 5.64318 -3.92618 -6.91904 0 0 -1.91947 -0.83953 0 0 0 0 0 0 0 0 1.93059 -15.1063
MUT_120LEU_121MET_124GLY_161ASN_163ALA_bj3.pdb:LIG_270 -40.7567 3.35578 26.8538 1.48233 5.6473 -3.92706 -6.91903 0 0 -1.91992 -0.83723 0 0 0 0 0 0 0 0 1.9112 -15.1096
MUT_120LEU_121PHE_124ALA_161ASN_163THR_199TYR_220ALA_230GLU_bj1.pdb:LIG_270 -42.8371 2.97328 29.1633 1.33875 5.44417 -3.63691 -7.11663 0 0 -1.93782 -1.02099 0 0 0 0 0 0 0 0 1.75917 -15.8708
MUT_120LEU_121PHE_124ALA_161ASN_163THR_199TYR_220ALA_230GLU_bj2.pdb:LIG_270 -42.8135 2.96868 29.1403 1.32059 5.44129 -3.65327 -7.09777 0 0 -1.93619 -1.02084 0 0 0 0 0 0 0 0 1.76704 -15.8837
MUT_120LEU_121PHE_124ALA_161ASN_163THR_199TYR_220ALA_230GLU_bj3.pdb:LIG_270 -42.7828 2.96536 29.1256 1.3323 5.45798 -3.62177 -7.10179 0 0 -1.9368 -1.0254 0 0 0 0 0 0 0 0 1.76753 -15.8198
MUT_120LEU_121PHE_124ALA_161ASN_163THR_bj1.pdb:LIG_270 -41.7729 3.12827 27.8442 0.67282 5.93361 -3.73732 -6.78257 0 0 -1.95438 -0.89968 0 0 0 0 0 0 0 0 1.73166 -15.8364
MUT_120LEU_121PHE_124ALA_161ASN_163THR_bj2.pdb:LIG_270 -41.7303 3.30814 27.4899 0.92723 5.71975 -3.8019 -6.87001 0 0 -1.95465 -0.91919 0 0 0 0 0 0 0 0 2.09195 -15.7391
MUT_120LEU_121PHE_124ALA_161ASN_163THR_bj3.pdb:LIG_270 -41.7389 3.12337 27.9028 0.67727 5.94669 -3.70936 -6.81043 0 0 -1.95572 -0.90923 0 0 0 0 0 0 0 0 1.77741 -15.6961
MUT_120LEU_124ALA_161ASN_163ALA_bj1.pdb:LIG_270 -40.9604 2.72048 26.5506 0.56136 5.98463 -3.87421 -6.86278 0 0 -1.93534 -0.83922 0 0 0 0 0 0 0 0 1.66677 -16.9881
MUT_120LEU_124ALA_161ASN_163ALA_bj2.pdb:LIG_270 -40.965 2.72666 26.5502 0.5674 5.99172 -3.87365 -6.86434 0 0 -1.93963 -0.84359 0 0 0 0 0 0 0 0 1.65704 -16.9932
MUT_120LEU_124ALA_161ASN_163ALA_bj3.pdb:LIG_270 -41.0659 2.76536 26.5771 0.54917 5.96723 -3.88769 -6.86226 0 0 -1.94086 -0.84068 0 0 0 0 0 0 0 0 1.64683 -17.0917
MUT_120LEU_124ALA_161ASN_163CYS_199TYR_bj1.pdb:LIG_270 -41.7759 2.82898 27.9033 1.87349 5.73822 -4.0593 -7.28685 0 0 -1.92407 -1.0562 0 0 0 0 0 0 0 0 1.84726 -15.911
MUT_120LEU_124ALA_161ASN_163CYS_199TYR_bj2.pdb:LIG_270 -41.7834 2.82263 27.9033 1.8703 5.73914 -4.05775 -7.28609 0 0 -1.92495 -1.05607 0 0 0 0 0 0 0 0 1.85206 -15.9208
MUT_120LEU_124ALA_161ASN_163CYS_199TYR_bj3.pdb:LIG_270 -41.7803 2.82334 27.9128 1.86477 5.73826 -4.05228 -7.28513 0 0 -1.92712 -1.05255 0 0 0 0 0 0 0 0 1.84982 -15.9084
MUT_120LEU_124ALA_161ASN_163CYS_230GLU_bj1.pdb:LIG_270 -41.9326 3.37475 27.7476 1.30421 5.59937 -4.03941 -6.97473 0 0 -1.9576 -0.92819 0 0 0 0 0 0 0 0 1.93316 -15.8734
MUT_120LEU_124ALA_161ASN_163CYS_230GLU_bj2.pdb:LIG_270 -41.7234 3.35929 27.5438 1.25192 5.59157 -4.03539 -6.98458 0 0 -1.94682 -0.89371 0 0 0 0 0 0 0 0 1.93178 -15.9054
MUT_120LEU_124ALA_161ASN_163CYS_230GLU_bj3.pdb:LIG_270 -41.9241 3.37306 27.7356 1.30528 5.59235 -4.03913 -6.97442 0 0 -1.95568 -0.92663 0 0 0 0 0 0 0 0 1.92458 -15.8891
MUT_120LEU_124ALA_161ASN_163CYS_bj1.pdb:LIG_270 -41.7526 3.35282 27.5537 1.26661 5.58965 -4.03897 -6.97342 0 0 -1.94911 -0.89781 0 0 0 0 0 0 0 0 1.95182 -15.8973
MUT_120LEU_124ALA_161ASN_163CYS_bj2.pdb:LIG_270 -41.9401 3.39581 27.742 1.30827 5.59475 -4.03925 -6.97856 0 0 -1.95779 -0.92784 0 0 0 0 0 0 0 0 1.94171 -15.8611
MUT_120LEU_124ALA_161ASN_163CYS_bj3.pdb:LIG_270 -41.9521 3.38762 27.7544 1.31315 5.59961 -4.04138 -6.97594 0 0 -1.95871 -0.93125 0 0 0 0 0 0 0 0 1.95209 -15.8525
MUT_120LEU_124ALA_161ASN_163ILE_199TYR_bj1.pdb:LIG_270 -41.0309 3.57541 27.7756 1.14853 5.68738 -4.26516 -7.58837 0 0 -1.91663 -1.05864 0 0 0 0 0 0 0 0 2.40077 -15.272
MUT_120LEU_124ALA_161ASN_163ILE_199TYR_bj2.pdb:LIG_270 -40.9862 3.57541 27.7328 1.14921 5.66295 -4.29659 -7.56114 0 0 -1.91508 -1.0283 0 0 0 0 0 0 0 0 2.42111 -15.2458
MUT_120LEU_124ALA_161ASN_163ILE_199TYR_bj3.pdb:LIG_270 -41.2909 3.63287 28.0571 1.18305 5.69729 -4.25385 -7.60997 0 0 -1.94282 -1.08981 0 0 0 0 0 0 0 0 2.30426 -15.3128
MUT_120LEU_124ALA_161ASN_163PHE_199TYR_250ARG_bj1.pdb:LIG_270 -42.1917 3.65885 29.3408 0.30664 6.22843 -4.17433 -7.55917 0 0 -1.95573 -0.99491 0 0 0 0 0 0 0 0 1.98756 -15.3535
MUT_120LEU_124ALA_161ASN_163PHE_199TYR_250ARG_bj2.pdb:LIG_270 -41.3073 3.23667 28.7934 0.2359 6.35251 -4.58191 -7.29086 0 0 -1.9478 -0.98334 0 0 0 0 0 0 0 0 1.81498 -15.6778
MUT_120LEU_124ALA_161ASN_163PHE_199TYR_250ARG_bj3.pdb:LIG_270 -42.3312 3.28915 29.7225 0.31017 6.75675 -4.54062 -7.39081 0 0 -1.97646 -0.90484 0 0 0 0 0 0 0 0 1.48175 -15.5836
MUT_120LEU_124ALA_161ASN_163PHE_199TYR_bj1.pdb:LIG_270 -40.9543 3.16058 28.4123 0.21018 6.39879 -4.59258 -7.26539 0 0 -1.91796 -0.97147 0 0 0 0 0 0 0 0 1.74813 -15.7717
MUT_120LEU_124ALA_161ASN_163PHE_199TYR_bj2.pdb:LIG_270 -42.5249 3.33003 29.6491 0.38845 6.50479 -4.43879 -7.29003 0 0 -1.96974 -0.95158 0 0 0 0 0 0 0 0 1.40548 -15.8972
MUT_120LEU_124ALA_161ASN_163PHE_199TYR_bj3.pdb:LIG_270 -41.493 3.09582 28.4713 0.27067 6.49374 -4.43921 -7.27104 0 0 -1.93697 -0.9928 0 0 0 0 0 0 0 0 1.43646 -16.3651
MUT_120LEU_124ALA_161ASN_163PHE_bj1.pdb:LIG_270 -42.0116 3.55914 28.4235 0.66533 6.26444 -4.29506 -6.9363 0 0 -1.95616 -1.01196 0 0 0 0 0 0 0 0 1.24454 -16.0541
MUT_120LEU_124ALA_161ASN_163PHE_bj2.pdb:LIG_270 -41.7487 3.35715 28.2646 0.56094 6.4578 -4.31782 -6.84921 0 0 -1.94891 -1.01508 0 0 0 0 0 0 0 0 1.27932 -15.96
MUT_120LEU_124ALA_161ASN_163PHE_bj3.pdb:LIG_270 -42.0048 3.53586 28.4168 0.66299 6.26091 -4.29776 -6.93239 0 0 -1.95456 -1.00977 0 0 0 0 0 0 0 0 1.25854 -16.0642
MUT_120LEU_124ALA_161ASN_163SER_199TYR_bj1.pdb:LIG_270 -41.0812 2.6445 27.9527 1.73246 5.80996 -4.07537 -7.36863 0 0 -1.92999 -1.41147 0 0 0 0 0 0 0 0 1.44643 -16.2806
MUT_120LEU_124ALA_161ASN_163SER_199TYR_bj2.pdb:LIG_270 -41.4228 2.74823 28.4838 1.62693 5.92146 -4.23006 -7.64316 0 0 -1.93968 -1.38035 0 0 0 0 0 0 0 0 1.39177 -16.4438
MUT_120LEU_124ALA_161ASN_163SER_199TYR_bj3.pdb:LIG_270 -41.3983 2.74037 28.4529 1.62842 5.91786 -4.223 -7.65127 0 0 -1.93875 -1.37668 0 0 0 0 0 0 0 0 1.41076 -16.4377
MUT_120LEU_124ALA_161ASN_163SER_216CYS_bj1.pdb:LIG_270 -41.3194 2.44093 28.2443 0.7897 5.83276 -3.83992 -6.88533 0 0 -1.95558 -1.13985 0 0 0 0 0 0 0 0 1.13309 -16.6993
MUT_120LEU_124ALA_161ASN_163SER_216CYS_bj2.pdb:LIG_270 -41.3313 2.4541 28.2498 0.80168 5.82628 -3.83499 -6.87913 0 0 -1.95439 -1.14364 0 0 0 0 0 0 0 0 1.12593 -16.6856
MUT_120LEU_124ALA_161ASN_163SER_216CYS_bj3.pdb:LIG_270 -41.3915 2.47409 28.2499 0.7882 5.85607 -3.8393 -6.91386 0 0 -1.95596 -1.12992 0 0 0 0 0 0 0 0 1.13621 -16.7261
MUT_120LEU_124ALA_161ASN_163SER_bj1.pdb:LIG_270 -40.9888 3.02662 27.5958 0.93578 5.68764 -3.95602 -7.03382 0 0 -1.9488 -1.27207 0 0 0 0 0 0 0 0 1.66996 -16.2838
MUT_120LEU_124ALA_161ASN_163SER_bj2.pdb:LIG_270 -41.1624 3.04828 27.7605 0.97028 5.69486 -3.95908 -7.03086 0 0 -1.95811 -1.30215 0 0 0 0 0 0 0 0 1.66967 -16.269
MUT_120LEU_124ALA_161ASN_163SER_bj3.pdb:LIG_270 -41.2417 3.0709 27.7636 0.95289 5.69405 -3.96596 -7.02625 0 0 -1.95694 -1.29987 0 0 0 0 0 0 0 0 1.66092 -16.3484
MUT_120LEU_124ALA_161ASN_163THR_bj1.pdb:LIG_270 -41.8057 3.08575 28.0695 0.63961 5.9605 -3.79664 -6.75978 0 0 -1.95609 -0.89505 0 0 0 0 0 0 0 0 1.72976 -15.7281
MUT_120LEU_124ALA_161ASN_163THR_bj2.pdb:LIG_270 -41.8193 3.10233 28.0712 0.64545 5.96189 -3.78271 -6.76948 0 0 -1.95694 -0.89838 0 0 0 0 0 0 0 0 1.72834 -15.7175
MUT_120LEU_124ALA_161ASN_163THR_bj3.pdb:LIG_270 -41.6491 3.34561 27.8061 0.78164 5.89883 -3.71859 -6.89939 0 0 -1.94254 -0.87641 0 0 0 0 0 0 0 0 2.65682 -14.5971
MUT_120LEU_124ALA_161ASN_163VAL_199TYR_bj1.pdb:LIG_270 -41.4192 3.32501 27.3627 1.92606 5.80319 -4.04974 -7.27394 0 0 -1.93013 -1.05398 0 0 0 0 0 0 0 0 1.69508 -15.615
MUT_120LEU_124ALA_161ASN_163VAL_199TYR_bj2.pdb:LIG_270 -41.3818 3.31342 27.3508 1.92736 5.79558 -4.0489 -7.28309 0 0 -1.93216 -1.04856 0 0 0 0 0 0 0 0 1.71716 -15.5902
MUT_120LEU_124ALA_161ASN_163VAL_199TYR_bj3.pdb:LIG_270 -42.359 3.29473 28.2388 2.04987 5.57187 -3.91921 -7.15672 0 0 -1.95184 -1.07473 0 0 0 0 0 0 0 0 1.86045 -15.4457
MUT_120LEU_124ALA_161ASN_163VAL_bj1.pdb:LIG_270 -41.5756 3.89026 27.0674 1.36765 5.66025 -3.99165 -6.9033 0 0 -1.95906 -0.92122 0 0 0 0 0 0 0 0 2.0162 -15.349
MUT_120LEU_124ALA_161ASN_163VAL_bj2.pdb:LIG_270 -41.5601 3.89519 27.05 1.35733 5.66566 -3.99318 -6.90312 0 0 -1.95821 -0.91913 0 0 0 0 0 0 0 0 2.02604 -15.3396
MUT_120LEU_124ALA_161ASN_163VAL_bj3.pdb:LIG_270 -41.1591 3.87004 26.7337 1.2435 5.66243 -4.04887 -6.92431 0 0 -1.92709 -0.85236 0 0 0 0 0 0 0 0 2.04503 -15.3571
MUT_120LEU_124ALA_161GLN_163CYS_216CYS_bj1.pdb:LIG_270 -43.388 3.20392 29.6722 0.67296 5.35129 -4.61436 -7.05974 0 0 -1.94086 -1.29624 0 0 0 0 0 0 0 0 1.26646 -18.1323
MUT_120LEU_124ALA_161GLN_163CYS_216CYS_bj2.pdb:LIG_270 -43.4071 3.21189 29.674 0.66916 5.34516 -4.62589 -7.06507 0 0 -1.94181 -1.29773 0 0 0 0 0 0 0 0 1.31399 -18.1234
MUT_120LEU_124ALA_161GLN_163CYS_216CYS_bj3.pdb:LIG_270 -43.4186 3.22373 29.6549 0.68529 5.31429 -4.6168 -7.06408 0 0 -1.94071 -1.29795 0 0 0 0 0 0 0 0 1.33238 -18.1276
MUT_120LEU_124LEU_161ASN_163CYS_199TRP_bj1.pdb:LIG_270 -43.1817 3.77367 28.7108 2.41185 5.79239 -3.67966 -7.23929 0 0 -1.93395 -1.07087 0 0 0 0 0 0 0 0 2.74487 -13.6719
MUT_120LEU_124LEU_161ASN_163CYS_199TRP_bj2.pdb:LIG_270 -44.0911 3.67851 29.4727 2.58322 5.57203 -3.84035 -7.10287 0 0 -1.96385 -0.91666 0 0 0 0 0 0 0 0 2.65631 -13.952
MUT_120LEU_124LEU_161ASN_163CYS_199TRP_bj3.pdb:LIG_270 -43.5419 3.88417 29.2967 2.43692 5.96028 -3.86951 -7.63932 0 0 -1.95371 -1.04822 0 0 0 0 0 0 0 0 2.49747 -13.9771
MUT_120LEU_124LEU_161ASN_163CYS_199TYR_bj1.pdb:LIG_270 -41.5568 2.99804 28.1028 2.00534 5.61488 -3.58171 -7.26919 0 0 -1.90138 -1.06397 0 0 0 0 0 0 0 0 1.76186 -14.8901
MUT_120LEU_124LEU_161ASN_163CYS_199TYR_bj2.pdb:LIG_270 -41.513 2.98563 28.0764 2.00847 5.60944 -3.58741 -7.26466 0 0 -1.89806 -1.06317 0 0 0 0 0 0 0 0 1.76976 -14.8766
MUT_120LEU_124LEU_161ASN_163CYS_199TYR_bj3.pdb:LIG_270 -41.5105 2.99157 28.0726 2.02296 5.6046 -3.59433 -7.26098 0 0 -1.89921 -1.0619 0 0 0 0 0 0 0 0 1.76426 -14.8709
MUT_120LEU_124LEU_161ASN_163CYS_bj1.pdb:LIG_270 -41.6091 3.65796 27.7871 1.26099 5.6828 -3.82358 -7.0239 0 0 -1.92359 -0.84407 0 0 0 0 0 0 0 0 1.92325 -14.9122
MUT_120LEU_124LEU_161ASN_163CYS_bj2.pdb:LIG_270 -41.6137 3.64294 27.7879 1.26146 5.68172 -3.8228 -7.02124 0 0 -1.9227 -0.8435 0 0 0 0 0 0 0 0 1.92572 -14.9242
MUT_120LEU_124LEU_161ASN_163CYS_bj3.pdb:LIG_270 -41.604 3.64655 27.7859 1.26347 5.68248 -3.82296 -7.01892 0 0 -1.92354 -0.84339 0 0 0 0 0 0 0 0 1.91048 -14.9239
MUT_120LEU_124LEU_161ASN_163PHE_199TRP_bj1.pdb:LIG_270 -42.2974 3.98921 28.4428 0.60537 5.8604 -3.71481 -7.09775 0 0 -1.92641 -1.06989 0 0 0 0 0 0 0 0 3.15454 -14.0539
MUT_120LEU_124LEU_161ASN_163PHE_199TRP_bj2.pdb:LIG_270 -42.2799 4.6909 28.3533 1.65146 5.65744 -3.37251 -7.19322 0 0 -1.92072 -1.03807 0 0 0 0 0 0 0 0 2.8628 -12.5885
MUT_120LEU_124LEU_161ASN_163PHE_199TRP_bj3.pdb:LIG_270 -42.2899 4.68949 28.3597 1.65134 5.65685 -3.36919 -7.19667 0 0 -1.92345 -1.04003 0 0 0 0 0 0 0 0 2.86907 -12.5928
MUT_120LEU_124LEU_161ASN_163PHE_bj1.pdb:LIG_270 -40.8297 3.94648 28.3003 0.37377 5.87916 -4.12106 -6.41622 0 0 -1.92158 -0.99393 0 0 0 0 0 0 0 0 2.49083 -13.292
MUT_120LEU_124LEU_161ASN_163PHE_bj2.pdb:LIG_270 -41.1136 3.84369 28.5443 0.32421 6.10473 -4.42168 -6.48059 0 0 -1.93266 -1.02026 0 0 0 0 0 0 0 0 1.7325 -14.4193
MUT_120LEU_124LEU_161ASN_163PHE_bj3.pdb:LIG_270 -41.1069 3.84504 28.549 0.3263 6.10323 -4.42369 -6.47837 0 0 -1.93198 -1.01899 0 0 0 0 0 0 0 0 1.74735 -14.389
MUT_120LEU_124LEU_161ASN_163SER_bj1.pdb:LIG_270 -41.6522 2.88694 28.1548 0.71554 5.84245 -3.72616 -7.02987 0 0 -1.92458 -1.14743 0 0 0 0 0 0 0 0 1.46822 -16.4124
MUT_120LEU_124LEU_161ASN_163SER_bj2.pdb:LIG_270 -41.6492 2.88085 28.1568 0.71622 5.84294 -3.73137 -7.03562 0 0 -1.92472 -1.14876 0 0 0 0 0 0 0 0 1.48109 -16.4118
MUT_120LEU_124LEU_161ASN_163SER_bj3.pdb:LIG_270 -41.6896 3.09722 28.2694 0.88892 5.87032 -3.44737 -7.11482 0 0 -1.9193 -1.1454 0 0 0 0 0 0 0 0 1.71742 -15.4732
MUT_120LEU_124LEU_161ASN_163THR_181LEU_199TYR_211LYS_249CYS_250ILE_bj1.pdb:LIG_270 -41.5366 3.7957 28.8716 1.1675 5.93728 -4.13982 -8.37822 0 0 -1.96015 -1.13995 0 0 0 0 0 0 0 0 1.56334 -15.8194
MUT_120LEU_124LEU_161ASN_163THR_181LEU_199TYR_211LYS_249CYS_250ILE_bj2.pdb:LIG_270 -41.628 3.78078 29.2881 1.15041 5.76364 -4.15202 -8.78662 0 0 -1.94785 -1.08705 0 0 0 0 0 0 0 0 1.63114 -15.9874
MUT_120LEU_124LEU_161ASN_163THR_181LEU_199TYR_211LYS_249CYS_250ILE_bj3.pdb:LIG_270 -41.584 3.78128 29.289 1.1132 5.7905 -4.12314 -8.78195 0 0 -1.95026 -1.08673 0 0 0 0 0 0 0 0 1.62988 -15.9222
MUT_120LEU_124LEU_161ASN_163THR_bj1.pdb:LIG_270 -40.8085 3.83662 27.5181 1.27238 5.70377 -3.99368 -7.00411 0 0 -1.92525 -0.8339 0 0 0 0 0 0 0 0 1.7352 -14.4994
MUT_120LEU_124LEU_161ASN_163THR_bj2.pdb:LIG_270 -40.8187 3.84716 27.5221 1.27311 5.70422 -3.99258 -7.00447 0 0 -1.92606 -0.83451 0 0 0 0 0 0 0 0 1.73453 -14.4952
MUT_120LEU_124LEU_161ASN_163THR_bj3.pdb:LIG_270 -40.816 3.86635 27.553 1.25602 5.7187 -3.95305 -6.9985 0 0 -1.92665 -0.83659 0 0 0 0 0 0 0 0 1.73885 -14.3979
MUT_120LEU_124LEU_161GLN_163ALA_199TYR_216MET_bj1.pdb:LIG_270 -44.2783 3.73858 30.1443 0.34591 5.53385 -4.34171 -7.47276 0 0 -1.94298 -1.62791 0 0 0 0 0 0 0 0 1.27359 -18.6274
MUT_120LEU_124LEU_161GLN_163ALA_199TYR_216MET_bj2.pdb:LIG_270 -44.2626 3.73073 30.1394 0.3434 5.5306 -4.34255 -7.47101 0 0 -1.9405 -1.62778 0 0 0 0 0 0 0 0 1.2733 -18.627
MUT_120LEU_124LEU_161GLN_163ALA_199TYR_216MET_bj3.pdb:LIG_270 -44.1173 3.98781 29.9231 0.69516 5.43738 -4.41993 -7.45011 0 0 -1.91974 -1.56917 0 0 0 0 0 0 0 0 1.4745 -17.9583
MUT_120LEU_124LEU_161GLN_163THR_199TYR_216MET_bj1.pdb:LIG_270 -44.5189 4.38308 30.8062 0.96161 5.39011 -4.01302 -7.49593 0 0 -1.9402 -1.63657 0 0 0 0 0 0 0 0 1.87004 -16.1936
MUT_120LEU_124LEU_161GLN_163THR_199TYR_216MET_bj2.pdb:LIG_270 -43.9478 4.44825 30.6329 1.00643 5.33837 -4.1473 -7.49316 0 0 -1.92301 -1.55503 0 0 0 0 0 0 0 0 2.02418 -15.6162
MUT_120LEU_124LEU_161GLN_163THR_199TYR_216MET_bj3.pdb:LIG_270 -43.911 4.4366 30.6104 1.00416 5.34379 -4.14739 -7.48526 0 0 -1.92245 -1.55438 0 0 0 0 0 0 0 0 2.01835 -15.6072
MUT_120LEU_124LEU_bj1.pdb:LIG_270 -42.6925 2.45995 28.8401 0.36377 5.94675 -3.73867 -6.63667 0 0 -1.93135 -0.88196 0 0 0 0 0 0 0 0 1.00205 -17.2685
MUT_120LEU_124LEU_bj2.pdb:LIG_270 -42.6925 2.45995 28.8401 0.36377 5.94675 -3.73867 -6.63667 0 0 -1.93135 -0.88196 0 0 0 0 0 0 0 0 1.00205 -17.2685
MUT_120LEU_124LEU_bj3.pdb:LIG_270 -42.6925 2.45995 28.8401 0.36377 5.94675 -3.73867 -6.63667 0 0 -1.93135 -0.88196 0 0 0 0 0 0 0 0 1.00205 -17.2685
MUT_120LEU_124VAL_161ASN_163PHE_199TYR_bj1.pdb:LIG_270 -41.3756 3.95586 28.4503 0.24087 6.12707 -3.94187 -7.3191 0 0 -1.93518 -1.00521 0 0 0 0 0 0 0 0 1.69425 -15.1087
MUT_120LEU_124VAL_161ASN_163PHE_199TYR_bj2.pdb:LIG_270 -41.3756 3.95586 28.4503 0.24087 6.12707 -3.94187 -7.3191 0 0 -1.93518 -1.00521 0 0 0 0 0 0 0 0 1.69425 -15.1087
MUT_120LEU_124VAL_161ASN_163PHE_199TYR_bj3.pdb:LIG_270 -41.3137 3.44123 28.2011 0.26645 6.26186 -4.06781 -7.10988 0 0 -1.92053 -1.02461 0 0 0 0 0 0 0 0 2.09019 -15.1757
MUT_29ASN_91ASN_120LEU_121ALA_124LEU_161ASN_163CYS_220ARG_228SER_bj1.pdb:LIG_270 -40.5103 2.01623 27.7224 0.17147 6.24553 -4.33663 -7.15119 0 0 -1.93491 -0.96816 0 0 0 0 0 0 0 0 1.31985 -17.4257
MUT_29ASN_91ASN_120LEU_121ALA_124LEU_161ASN_163CYS_220ARG_228SER_bj2.pdb:LIG_270 -40.4726 2.02017 27.7073 0.1606 6.23988 -4.33281 -7.15027 0 0 -1.93193 -0.97573 0 0 0 0 0 0 0 0 1.31052 -17.4249
MUT_29ASN_91ASN_120LEU_121ALA_124LEU_161ASN_163CYS_220ARG_228SER_bj3.pdb:LIG_270 -40.5098 1.99903 27.7009 0.18022 6.24506 -4.34833 -7.13357 0 0 -1.93333 -0.96654 0 0 0 0 0 0 0 0 1.34236 -17.424
MUT_29ASN_91ASN_120LEU_121GLY_124LEU_161ASN_163CYS_220ARG_228SER_bj1.pdb:LIG_270 -39.2658 2.50836 27.5257 1.07294 5.92317 -3.83335 -6.99583 0 0 -1.93166 -1.04445 0 0 0 0 0 0 0 0 1.32606 -14.7149
MUT_29ASN_91ASN_120LEU_121GLY_124LEU_161ASN_163CYS_220ARG_228SER_bj2.pdb:LIG_270 -38.7006 2.86193 27.174 0.67453 5.80021 -3.93147 -6.92395 0 0 -1.9146 -1.02704 0 0 0 0 0 0 0 0 1.59626 -14.3908
MUT_29ASN_91ASN_120LEU_121GLY_124LEU_161ASN_163CYS_220ARG_228SER_bj3.pdb:LIG_270 -39.2065 2.51422 27.3997 1.10835 5.93868 -3.82319 -6.91094 0 0 -1.93323 -1.03892 0 0 0 0 0 0 0 0 1.35216 -14.5997
MUT_29ASN_91ASN_120LEU_121GLY_124LEU_161ASN_163CYS_228SER_bj1.pdb:LIG_270 -39.1091 2.44592 27.2116 0.94311 5.93623 -3.88036 -6.88978 0 0 -1.91979 -1.04519 0 0 0 0 0 0 0 0 1.45685 -14.8505
MUT_29ASN_91ASN_120LEU_121GLY_124LEU_161ASN_163CYS_228SER_bj2.pdb:LIG_270 -39.0867 2.41669 27.1949 0.87997 5.95584 -3.87421 -6.87989 0 0 -1.92231 -1.04523 0 0 0 0 0 0 0 0 1.47515 -14.8858
MUT_29ASN_91ASN_120LEU_121GLY_124LEU_161ASN_163CYS_228SER_bj3.pdb:LIG_270 -38.8914 1.82707 26.6355 0.22645 6.26949 -3.79699 -6.67267 0 0 -1.91563 -1.02515 0 0 0 0 0 0 0 0 1.41709 -15.9263
MUT_91PHE_117SER_120LEU_121CYS_161ASN_163CYS_199TYR_bj1.pdb:LIG_270 -41.3487 1.87041 29.7174 0.33105 5.82364 -4.50364 -7.04602 0 0 -1.94427 -0.85178 0 0 0 0 0 0 0 0 1.02207 -16.9299
MUT_91PHE_117SER_120LEU_121CYS_161ASN_163CYS_199TYR_bj2.pdb:LIG_270 -41.1777 1.84059 29.4339 0.22086 5.95893 -4.26783 -6.63756 0 0 -1.94302 -0.9675 0 0 0 0 0 0 0 0 1.04142 -16.4979
MUT_91PHE_117SER_120LEU_121CYS_161ASN_163CYS_199TYR_bj3.pdb:LIG_270 -41.3429 1.85424 29.7174 0.33174 5.82067 -4.51345 -7.04874 0 0 -1.94308 -0.8493 0 0 0 0 0 0 0 0 1.01052 -16.9629
MUT_91PRO_120LEU_124LEU_161GLN_163ALA_199TYR_216MET_bj1.pdb:LIG_270 -43.7252 3.58574 29.7265 0.32953 5.50153 -4.37766 -7.18749 0 0 -1.92962 -1.63252 0 0 0 0 0 0 0 0 1.27446 -18.4347
MUT_91PRO_120LEU_124LEU_161GLN_163ALA_199TYR_216MET_bj2.pdb:LIG_270 -43.7667 3.58257 29.7527 0.33777 5.49289 -4.40201 -7.1628 0 0 -1.92902 -1.6344 0 0 0 0 0 0 0 0 1.29018 -18.4388
MUT_91PRO_120LEU_124LEU_161GLN_163ALA_199TYR_216MET_bj3.pdb:LIG_270 -43.7483 3.60046 29.7504 0.32874 5.50739 -4.37392 -7.19654 0 0 -1.93269 -1.63467 0 0 0 0 0 0 0 0 1.26128 -18.4379
WT_bj1.pdb:LIG_270 -43.2039 2.1878 29.1954 0.69822 5.10704 -4.73539 -6.35535 0 0 -1.90798 -0.73268 0 0 0 0 0 0 0 0 1.1133 -18.6335
WT_bj2.pdb:LIG_270 -43.1975 2.18324 29.1916 0.70034 5.10591 -4.73647 -6.35273 0 0 -1.90671 -0.73297 0 0 0 0 0 0 0 0 1.11897 -18.6263
WT_bj3.pdb:LIG_270 -42.4799 2.11454 28.8158 0.56424 5.51524 -3.45321 -6.87892 0 0 -1.91757 -1.03624 0 0 0 0 0 0 0 0 0.96694 -17.7891
