MUT	fa_rep:	ref:	fa_atr:	hbond_sc:	fa_sol:	yhh_planarity:	dslf_fa13:	fa_intra_sol_xover4:	omega:	p_aa_pp:	TOT	sugar_bb:	fa_intra_rep:	hbond_lr_bb:	hbond_sr_bb:	hbond_bb_sc:	fa_elec:	cart_bonded:	lk_ball_wtd:	fa_dun:	rama_prepro:
G7	0.8860	1.3790	0.0000	3.0780	0.0000	0.0000	-0.0810	0.0000	0.0000	4.1930	0.0000	0.0000	0.0000	0.0080	0.0000	0.0000	-0.8680	0.0000	-0.2090	0.0000	0.0000
G6	0.8290	2.4450	0.0000	3.2880	0.0000	0.0000	-0.0720	0.0000	0.0000	5.0220	0.0000	0.0000	0.0000	-0.0920	0.0000	0.0000	-1.4620	0.0000	0.0860	0.0000	0.0000
G5	1.5070	0.9760	0.0000	3.3990	0.0350	0.0000	-0.0500	0.0530	0.0510	2.8140	0.0000	0.0000	-0.0030	0.0170	0.0060	0.0060	-2.4880	0.0780	-0.5570	-0.1270	-0.0930
G4	2.0230	0.9070	0.0000	-1.5070	0.0000	0.0000	-0.0320	0.0000	0.0000	-0.3110	0.0000	0.0000	0.0000	-0.0930	0.0000	0.0000	-0.8960	0.0000	-0.7130	0.0000	0.0000
G3	4.3860	-2.2650	0.0000	-0.2320	-0.2290	0.0290	-0.0350	-0.0680	0.1040	0.6340	0.0000	0.0000	0.0540	0.1320	0.0320	-0.0070	-2.1400	0.0840	0.3820	0.3020	0.1040
G2	4.5280	-2.0600	0.0000	-0.5460	-0.1200	0.0200	-0.0290	-0.0120	0.0630	0.6480	0.0000	0.0000	0.0810	0.1050	0.0070	0.1720	-1.6000	-0.2210	0.2390	-0.0260	0.0470
G1	2.0490	1.7250	0.0000	2.7840	-0.0300	0.0080	-0.0130	0.0060	0.0010	4.8230	0.0000	0.0000	0.0100	-0.1020	0.0030	0.0730	-1.6260	-0.0920	0.0590	-0.0360	0.0010
G9	1.9050	-0.5630	0.0000	3.3410	0.0000	0.0000	-0.0560	0.0000	0.0000	2.3890	0.0000	0.0000	0.0000	0.0430	0.0000	0.0000	-1.7490	0.0000	-0.5350	0.0000	0.0000
G8	0.6260	2.3590	0.0000	3.5120	0.0000	0.0000	-0.0730	0.0000	0.0000	4.8180	0.0000	0.0000	0.0000	-0.0270	0.0000	0.0000	-1.4180	0.0000	-0.1650	0.0000	0.0000
N6	0.3890	4.2350	0.0000	-1.8300	-0.0290	0.0000	-0.1110	-0.0450	-0.0050	2.4890	0.0000	0.0000	-0.0230	-0.8050	-0.0050	0.0240	-1.1280	-0.0220	1.8490	-0.0080	0.0030
N7	1.2560	5.5730	0.0000	-1.5070	0.0000	0.0000	-0.0470	0.0000	0.0000	4.7780	0.0000	0.0000	0.0000	-1.0180	0.0000	0.0000	-1.6520	0.0000	2.1740	0.0000	0.0000
B4	2.1190	1.8470	0.0000	-0.6500	-0.0930	0.0170	-0.0700	-0.1380	0.0960	1.8950	0.0000	0.0000	0.0580	-0.0580	-0.0010	0.2120	-1.7300	0.0160	0.3440	-0.1110	0.0390
B5	1.0170	4.4200	0.0000	-5.2710	0.0000	0.0000	-0.0620	0.0000	0.0000	0.5990	0.0000	0.0000	0.0000	-0.2160	0.0000	0.0000	-1.0040	0.0000	1.7170	0.0000	0.0000
B6	1.5430	2.0930	0.0000	-0.5110	-0.0190	0.0270	-0.0130	0.0450	0.0750	1.8430	0.0000	0.0000	-0.0100	0.0440	-0.0030	0.5120	-1.0800	-0.1730	-0.9100	0.0970	0.1250
B7	2.2120	-3.0050	0.0000	1.1060	-0.1060	0.0190	-0.0680	0.0630	0.0770	-2.4740	0.0000	0.0000	0.0640	0.0800	0.0070	0.1830	-3.1310	-0.0280	0.0380	-0.0250	0.0400
B2	2.5600	5.0430	0.0000	-2.4280	0.0000	0.0000	-0.0580	0.0000	0.0000	7.0670	0.0000	0.0000	0.0000	-0.5900	0.0000	0.0000	0.2460	0.0000	2.2970	0.0000	0.0000
B3	2.9390	1.3660	0.0000	-1.0790	0.0010	0.0020	-0.0260	-0.0680	-0.0050	0.8900	0.0000	0.0000	0.0080	-0.0400	0.0080	0.0100	-1.4390	0.0690	-0.8200	-0.0450	0.0120
B8	2.4170	-5.5910	0.0000	6.3060	0.0250	-0.0050	-0.0930	-0.7960	-0.1640	-0.1910	0.0000	0.0000	0.4180	0.1680	0.0470	1.0250	-3.9770	-0.3210	-1.0800	0.7630	0.6690
B9	0.1010	2.8440	0.0000	2.1460	0.0000	0.0000	-0.0570	0.0000	0.0000	2.7440	0.0000	0.0000	0.0000	-0.2010	0.0000	0.0000	-0.7600	0.0000	-1.3260	0.0000	0.0000
N5	2.6060	3.0960	0.0000	0.8110	0.0000	0.0000	-0.1060	0.0000	0.0000	4.9300	0.0000	0.0000	0.0000	-1.3510	0.0000	0.0000	-1.6100	0.0000	1.4840	0.0000	0.0000
P10	2.4240	0.1560	0.0000	-0.4840	0.0840	0.0030	-0.1250	-0.0910	0.0550	1.1860	0.0000	0.0000	0.0100	-0.3230	-0.0200	0.0600	-0.7120	-0.2110	0.5730	-0.2250	0.0100
P11	3.3420	3.3320	0.0000	-4.2810	0.0000	0.0000	-0.1090	0.0000	0.0000	2.2360	0.0000	0.0000	0.0000	-0.3660	0.0000	0.0000	-1.2240	0.0000	1.5410	0.0000	0.0000
P12	2.2880	2.8920	0.0000	-3.2750	0.0000	0.0000	-0.0770	0.0000	0.0000	1.6590	0.0000	0.0000	0.0000	-0.3180	0.0000	0.0000	-1.2350	0.0000	1.3830	0.0000	0.0000
E9	0.0920	-0.3030	0.0000	2.9020	-0.2980	0.0210	-0.1040	0.3030	0.1380	-0.2520	0.0000	0.0000	0.1020	-0.7730	-0.1160	0.2350	-2.6540	0.6310	-0.5470	0.4520	-0.3340
E8	-0.3940	1.1900	0.0000	4.9590	-0.1620	0.0300	0.0800	0.1330	0.4310	3.5070	0.0000	0.0000	0.0210	-0.3410	-0.4850	0.3810	-1.5870	0.0320	-0.2410	-0.1820	-0.3580
E5	1.9800	2.5320	0.0000	2.0500	-0.1080	0.0170	-0.0320	0.0170	0.1050	4.2070	0.0000	0.0000	0.0610	-0.9100	0.0000	0.1620	-2.0140	-0.0530	0.4480	-0.0640	0.0190
E4	1.8440	0.2760	0.0000	4.0090	0.0380	0.0100	-0.0500	-0.0150	0.0010	4.1620	0.0000	0.0000	0.0000	0.0760	-0.0410	-0.0390	-1.5020	-0.1110	-0.3470	0.0330	-0.0230
E7	3.4580	-1.9870	0.0000	3.8360	0.0530	0.0020	-0.0670	0.0300	0.4600	-0.5920	0.0000	0.0000	-0.1640	-0.7880	0.1070	-0.6130	-3.1880	-1.0040	-0.0940	-0.0350	-0.5980
E6	2.6290	1.6960	0.0000	0.2330	0.0000	0.0000	-0.0670	0.0000	0.0000	3.4100	0.0000	0.0000	0.0000	-0.1560	0.0000	0.0000	-0.8430	0.0000	-0.0810	0.0000	0.0000
E1	2.5750	0.9540	0.0000	1.8020	0.0000	0.0000	0.0010	0.0000	0.0000	3.6200	0.0000	0.0000	0.0000	-0.1450	0.0000	0.0000	-1.6740	0.0000	0.1080	0.0000	0.0000
P8	1.3900	1.9230	0.0000	0.1330	-0.1050	-0.0090	-0.1120	-0.0230	0.0190	0.7200	0.0000	0.0000	0.0230	-0.9460	0.0140	0.1240	-1.8470	0.0700	0.0850	-0.0220	0.0020
E3	3.1000	0.7580	0.0000	3.7310	0.1210	-0.0030	-0.1540	-0.1220	-0.1350	3.3250	0.0000	0.0000	-0.0040	-0.1750	-0.1020	0.1000	-5.6810	-1.1320	-0.1620	3.3400	-0.1570
E2	2.9920	2.2990	0.0000	-2.9330	-0.0290	0.0090	-0.0540	-0.0530	0.0290	1.6120	0.0000	0.0000	0.0290	-0.0430	-0.0030	0.1120	-0.7640	-0.1820	0.2910	-0.1100	0.0250
P2	3.3550	0.3970	0.0000	1.4290	0.0690	0.1250	-0.2210	0.3300	-0.0040	3.0580	0.0000	0.0000	-0.0020	0.0010	0.0810	-0.2470	-1.1480	0.0110	-0.6520	-0.5260	0.0570
P3	3.9920	-0.9190	0.0000	-0.5100	0.0000	0.0000	-0.0250	0.0000	0.0000	1.9410	0.0000	0.0000	0.0000	-0.1480	0.0000	0.0000	-0.7060	0.0000	0.2570	0.0000	0.0000
P1	4.4520	-0.0390	0.0000	-0.5530	0.0000	0.0000	-0.0820	0.0000	0.0000	1.9100	0.0000	0.0000	0.0000	-0.2210	0.0000	0.0000	-1.3860	0.0000	-0.2610	0.0000	0.0000
P6	3.3040	4.7260	0.0000	-3.2740	0.0000	0.0000	-0.0370	0.0000	0.0000	4.8010	0.0000	0.0000	0.0000	-0.2010	0.0000	0.0000	-1.2750	0.0000	1.5600	0.0000	0.0000
P7	3.0900	2.8050	0.0000	-1.5440	0.0030	0.0000	-0.0450	-0.0880	0.0050	2.3980	0.0000	0.0000	0.0110	-0.2500	0.0060	0.0150	-1.5170	-0.0120	-0.1340	0.0250	0.0290
P4	2.5680	1.4460	0.0000	0.6830	0.0160	-0.1470	-0.0520	0.0000	-0.0450	4.1920	0.0000	0.0000	0.0590	-0.5180	-0.0370	0.0810	-0.3700	-0.3030	0.3230	0.5360	-0.0460
P5	2.2100	-1.2560	0.0000	1.6000	0.0110	0.0050	-0.0670	-0.0170	-0.0040	2.4640	0.0000	0.0000	0.0180	-0.1270	0.0000	0.0170	-0.6900	-0.1210	0.8420	-0.0130	0.0590
H10	3.5160	-3.8170	0.0000	3.6510	0.0000	0.0000	-0.1050	0.0000	0.0000	-0.0870	0.0000	0.0000	0.0000	-1.4030	0.0000	0.0000	-1.4340	0.0000	-0.4970	0.0000	0.0000
H11	3.2350	-2.7840	0.0000	2.8650	0.0000	0.0000	-0.0820	0.0000	0.0000	0.3580	0.0000	0.0000	0.0000	-1.4090	0.0000	0.0000	-0.9100	0.0000	-0.5560	0.0000	0.0000
H12	4.6910	-2.5250	0.0000	3.9810	0.0000	0.0000	-0.0090	0.0000	0.0000	3.3280	0.0000	0.0000	0.0000	-1.1480	0.0000	0.0000	-1.3920	0.0000	-0.2710	0.0000	0.0000
P9	1.5900	0.9040	0.0000	-0.8950	0.0000	0.0000	-0.0620	0.0000	0.0000	0.2560	0.0000	0.0000	0.0000	-0.2380	0.0000	0.0000	-0.8700	0.0000	-0.1750	0.0000	0.0000
F12	4.0360	-2.1030	0.0000	-2.4160	-0.1130	0.0190	-0.0760	-0.0040	0.0830	-1.1350	0.0000	0.0000	0.0860	0.0260	-0.0020	0.1580	-0.6820	-0.0060	-0.1870	0.0080	0.0380
F10	3.3000	-1.2700	0.0000	0.8350	0.0000	0.0000	-0.0090	0.0000	0.0000	2.1540	0.0000	0.0000	0.0000	-0.2590	0.0000	0.0000	-1.0600	0.0000	0.6190	0.0000	0.0000
F11	1.8390	0.3790	0.0000	-0.7850	0.0000	0.0000	0.0720	0.0000	0.0000	1.4110	0.0000	0.0000	0.0000	-0.0280	0.0000	0.0000	-0.5470	0.0000	0.4830	0.0000	0.0000
N12	-1.0870	7.1990	0.0000	-5.3310	-0.0070	-0.0010	-0.0690	-0.0110	-0.0220	1.2690	0.0000	0.0000	0.0050	-0.1650	-0.0010	0.0440	-0.2220	-0.1180	1.0880	-0.0380	0.0030
H8	0.9460	6.5410	0.0000	-2.1670	0.0000	0.0000	-0.0420	0.0000	0.0000	5.1060	0.0000	0.0000	0.0000	-0.1410	0.0000	0.0000	-0.5610	0.0000	0.5270	0.0000	0.0000
H9	-0.0290	4.0530	0.0000	-1.8700	0.0000	0.0000	-0.0400	0.0000	0.0000	0.8140	0.0000	0.0000	0.0000	0.0090	0.0000	0.0000	-0.8060	0.0000	-0.5020	0.0000	0.0000
H6	-0.0730	5.7790	0.0000	-3.9330	-0.0060	0.0000	-0.0840	0.0170	0.0020	2.8050	0.0000	0.0000	0.0040	-0.2130	0.0040	-0.0120	-0.1400	0.0170	1.4970	-0.0470	-0.0070
H7	-0.4630	7.0970	0.0000	-3.9830	0.0000	0.0000	0.0040	0.0000	0.0000	3.2240	0.0000	0.0000	0.0000	-0.0710	0.0000	0.0000	0.2400	0.0000	0.4020	0.0000	0.0000
H4	0.6560	-0.0260	0.0000	-0.9170	0.0000	0.0000	0.0000	0.0000	0.0000	-0.7520	0.0000	0.0000	0.0000	-0.1260	0.0000	0.0000	-0.0510	0.0000	-0.2890	0.0000	0.0000
H5	0.4960	4.7310	0.0000	-4.1870	-0.0030	0.0010	-0.1020	0.0050	-0.0030	1.9770	0.0000	0.0000	0.0120	-0.2140	-0.0040	-0.0020	-0.2580	-0.0430	1.5940	-0.0580	0.0130
D10	2.2330	1.5100	0.0000	1.6820	-0.0300	0.0100	-0.0150	-0.0210	0.0540	3.6730	0.0000	0.0000	0.0190	-0.0790	0.0010	0.1120	-1.9050	-0.1340	0.2850	-0.0780	0.0300
D11	2.3580	-2.3140	0.0000	1.9360	-0.0010	0.0020	-0.0460	-0.0470	0.0610	0.3070	0.0000	0.0000	0.0330	-0.1200	-0.0020	0.0240	-1.1480	-0.0450	-0.3240	-0.0410	-0.0180
D12	1.7410	2.0720	0.0000	0.9630	0.0050	0.0030	-0.0840	0.0310	0.0330	2.4030	0.0000	0.0000	0.0190	-0.1130	-0.0050	0.3230	-2.1990	-0.0320	-0.4000	0.0660	-0.0140
B12	-0.1090	3.6330	0.0000	3.8770	-0.1210	0.0200	-0.0470	0.0420	0.0750	3.4900	0.0000	0.0000	0.0610	0.0280	0.0220	0.1520	-2.6970	0.0200	-1.5630	0.0600	0.0390
B10	3.9030	-2.6640	0.0000	1.2440	-0.0030	0.0000	-0.1410	-0.0640	-0.0100	0.7890	0.0000	0.0000	-0.0090	0.0300	-0.0490	0.4150	-1.9370	0.3010	-0.3270	0.0930	0.0070
B11	2.4270	-0.8780	0.0000	0.1140	-0.1040	0.0190	-0.1070	0.0310	0.0950	1.8550	0.0000	0.0000	0.0570	-0.0480	0.0030	0.1780	0.1160	-0.0500	0.0260	-0.0500	0.0230
Q8	3.3640	1.5520	0.0000	1.2170	0.0340	0.0010	-0.0660	0.0360	0.0040	0.6970	0.0000	0.0000	0.0770	-0.1090	-0.0220	-0.0330	-4.4370	0.4970	-1.4310	-0.0330	0.0470
Q9	1.8720	2.9300	0.0000	-2.5850	0.0000	0.0000	-0.0960	0.0000	0.0000	2.9090	0.0000	0.0000	0.0000	-0.3520	0.0000	0.0000	-0.9100	0.0000	2.0520	0.0000	0.0000
C9	1.2620	-0.2090	0.0000	2.4090	-0.0490	0.0110	-0.0590	0.0390	0.0270	1.7580	0.0000	0.0000	0.0330	0.0770	0.0020	0.1350	-1.1530	-0.2270	-0.4970	-0.0460	0.0060
C8	1.1420	0.0880	0.0000	1.5720	0.0030	0.0020	-0.0210	-0.0340	0.0460	-0.1000	0.0000	0.0000	0.0120	0.1010	-0.0050	0.0300	-2.1990	-0.0570	-0.6910	-0.0690	-0.0180
Q11	2.2860	2.8480	0.0000	-1.8440	0.0000	0.0000	-0.0830	0.0000	0.0000	2.5040	0.0000	0.0000	0.0000	-0.5610	0.0000	0.0000	-0.9740	0.0000	0.8310	0.0000	0.0000
Q10	2.2400	2.7680	0.0000	-0.0600	0.0000	0.0000	-0.0570	0.0000	0.0000	3.0750	0.0000	0.0000	0.0000	-0.1350	0.0000	0.0000	-0.9450	0.0000	-0.7380	0.0000	0.0000
Q12	2.5640	0.1870	0.0000	2.3570	0.0750	0.0040	-0.2040	-0.1010	0.0220	2.8800	0.0000	0.0000	-0.0100	0.0110	-0.0160	0.0540	-1.1550	-0.2480	-0.6650	0.0000	0.0040
C3	3.0850	-0.7450	0.0000	-0.0210	0.0000	0.0000	-0.0760	0.0000	0.0000	1.2170	0.0000	0.0000	0.0000	-0.1880	0.0000	0.0000	-0.4320	0.0000	-0.4060	0.0000	0.0000
C2	2.5080	-0.5940	0.0000	0.4380	0.0010	0.0020	-0.0520	0.0210	0.0300	1.5740	0.0000	0.0000	0.0200	-0.1760	-0.0080	0.0340	-0.3350	-0.0880	-0.2580	0.0480	-0.0200
C1	3.7130	-3.4410	0.0000	2.2630	-0.1190	0.0180	-0.0860	0.0340	0.1090	-1.4330	0.0000	0.0000	0.0620	-1.3670	0.0040	0.1120	-2.5000	0.0460	-0.3900	0.0820	0.0260
C7	1.1990	-0.0110	0.0000	3.3440	-0.1080	0.0190	-0.0910	0.0440	0.1150	1.4410	0.0000	0.0000	0.0630	0.4000	0.0130	0.1750	-2.0840	-0.1520	-1.4460	-0.0520	0.0130
C6	1.4040	-0.4280	0.0000	2.3600	-0.0030	0.0010	-0.0330	0.0020	0.0190	0.6350	0.0000	0.0000	0.0120	0.2360	0.0040	0.0290	-1.4160	-0.0620	-1.4840	-0.0090	0.0050
C5	1.0270	-0.2600	0.0000	1.5670	0.0000	0.0000	-0.0020	0.0000	0.0000	0.1180	0.0000	0.0000	0.0000	0.1350	0.0000	0.0000	-0.7550	0.0000	-1.5960	0.0000	0.0000
C4	2.2310	-1.5150	0.0000	2.2010	-0.0020	0.0030	-0.0440	0.0890	0.0050	-0.3260	0.0000	0.0000	0.0330	-0.0570	-0.0060	0.0310	-2.4670	-0.0600	-0.7390	0.0030	-0.0310
N10	-0.8330	8.0260	0.0000	-5.3380	0.0000	0.0000	-0.1220	0.0000	0.0000	0.3330	0.0000	0.0000	0.0000	-1.7550	0.0000	0.0000	-1.2610	0.0000	1.6130	0.0000	0.0000
N8	1.9660	-0.0130	0.0000	1.0580	0.0000	0.0000	-0.0740	0.0000	0.0000	0.5930	0.0000	0.0000	0.0000	-1.1230	0.0000	0.0000	-1.4870	0.0000	0.2670	0.0000	0.0000
N9	1.7970	1.3450	0.0000	0.4690	0.0000	0.0000	-0.0670	0.0000	0.0000	1.6900	0.0000	0.0000	0.0000	-0.9270	0.0000	0.0000	-1.8030	0.0000	0.8740	0.0000	0.0000
N11	1.2860	2.5300	0.0000	-3.5640	0.0000	0.0000	-0.0970	0.0000	0.0000	1.6580	0.0000	0.0000	0.0000	0.1430	0.0000	0.0000	-0.4490	0.0000	1.8090	0.0000	0.0000
G12	0.4570	2.5660	0.0000	-0.1180	0.0140	0.0000	-0.0750	-0.0540	0.0040	3.1360	0.0000	0.0000	-0.0040	0.0180	0.0460	0.0360	-0.0810	0.0010	0.3920	-0.0360	-0.0270
G11	1.7590	0.8830	0.0000	-2.0840	0.0190	-0.0010	-0.0750	-0.0240	0.0120	0.3600	0.0000	0.0000	0.0440	-0.0010	0.0300	0.2810	-0.6230	0.3130	-0.1690	-0.0750	0.0730
G10	0.7350	2.5780	0.0000	3.3800	0.0000	0.0000	-0.0750	0.0000	0.0000	5.0800	0.0000	0.0000	0.0000	-0.0230	0.0000	0.0000	-1.3270	0.0000	-0.1920	0.0000	0.0000
F1	3.1500	0.8330	0.0000	3.0470	0.0000	0.0000	-0.0240	0.0000	0.0000	4.2180	0.0000	0.0000	0.0000	-0.9430	0.0000	0.0000	-2.1890	0.0000	0.3440	0.0000	0.0000
F2	0.6440	4.6650	0.0000	-0.6920	-0.0980	0.0190	-0.1370	-0.0530	0.0970	3.3950	0.0000	0.0000	0.0760	0.0550	-0.0010	0.1860	-1.2430	-0.0550	-0.0480	-0.0680	0.0450
F3	1.9510	-2.4350	0.0000	5.2740	0.0060	0.0020	-0.0250	0.0260	0.0060	1.3960	0.0000	0.0000	0.0070	-1.0310	-0.0130	0.3180	-2.7110	-0.0270	-0.0460	0.1060	-0.0110
F4	3.0500	-0.4450	0.0000	-0.7520	0.0030	0.0010	-0.0560	-0.0700	0.0820	1.2600	0.0000	0.0000	0.0270	-0.1730	-0.0010	0.0310	0.0480	0.0010	-0.4170	-0.0730	0.0050
F5	1.5300	-1.6400	0.0000	2.5260	0.0000	0.0000	-0.0450	0.0000	0.0000	0.8040	0.0000	0.0000	0.0000	0.0250	0.0000	0.0000	-1.3240	0.0000	-0.2700	0.0000	0.0000
F6	1.6510	-2.5190	0.0000	4.8650	-0.0980	0.0190	-0.0660	0.0420	0.0430	2.2240	0.0000	0.0000	0.0530	0.1170	-0.0080	0.4640	-2.6570	-0.0250	0.2010	0.1070	0.0370
F7	3.5690	1.3160	0.0000	1.8850	0.0000	0.0000	-0.0350	0.0000	0.0000	5.3650	0.0000	0.0000	0.0000	-0.1900	0.0000	0.0000	-1.4320	0.0000	0.2520	0.0000	0.0000
F8	1.4820	4.2650	0.0000	-0.6920	-0.1040	0.0160	-0.0510	0.0740	0.0690	2.5960	0.0000	0.0000	0.0410	0.7600	0.0050	0.2120	-1.7840	-0.3290	-1.3860	-0.0200	0.0390
F9	3.0270	-0.2870	0.0000	-1.1190	0.0000	0.0000	-0.0520	0.0000	0.0000	0.9750	0.0000	0.0000	0.0000	-0.1830	0.0000	0.0000	-0.0300	0.0000	-0.3810	0.0000	0.0000
Q1	1.7070	5.3620	0.0000	-5.7990	0.0000	0.0000	-0.1000	0.0000	0.0000	0.2640	0.0000	0.0000	0.0000	-1.1000	0.0000	0.0000	-1.2360	0.0000	1.4290	0.0000	0.0000
Q3	2.3370	2.6280	0.0000	-1.4410	-0.1990	-0.0040	-0.0490	0.2840	0.5180	3.0620	0.0000	0.0000	-0.3870	-0.8450	-0.0490	-0.1200	-2.8350	0.4250	2.2950	0.5280	-0.0260
Q2	2.2600	3.1750	0.0000	-2.8020	0.0000	0.0000	-0.0810	0.0000	0.0000	3.1410	0.0000	0.0000	0.0000	-0.2770	0.0000	0.0000	-1.2140	0.0000	2.0780	0.0000	0.0000
Q5	2.1300	1.0230	0.0000	1.2230	0.1690	0.0080	-0.0930	0.0520	0.2620	2.5640	0.0000	0.0000	0.0070	0.0190	0.0660	0.3950	-1.6350	-0.1850	-0.9800	0.1730	-0.0750
Q4	2.3640	2.4460	0.0000	-2.8660	0.0000	0.0000	-0.1010	0.0000	0.0000	1.6010	0.0000	0.0000	0.0000	-0.3820	0.0000	0.0000	-1.2380	0.0000	1.3790	0.0000	0.0000
Q7	3.8600	-0.0090	0.0000	0.0460	0.0860	0.0040	-0.0850	0.0370	0.0160	3.6800	0.0000	0.0000	0.0070	-0.3050	-0.0210	0.0440	-0.6450	-0.1870	0.9880	-0.1370	-0.0190
Q6	3.2530	4.1350	0.0000	-1.2710	0.0000	0.0000	-0.0470	0.0000	0.0000	5.8820	0.0000	0.0000	0.0000	-0.5670	0.0000	0.0000	-0.2430	0.0000	0.6190	0.0000	0.0000
E11	1.3210	-1.1490	0.0000	3.7040	0.0000	0.0000	-0.0540	0.0000	0.0000	2.0850	0.0000	0.0000	0.0000	0.0260	0.0000	0.0000	-1.2970	0.0000	-0.4650	0.0000	0.0000
E10	4.6400	-2.9160	0.0000	0.6900	-0.5580	-0.0080	-0.2460	-0.1600	0.1450	-0.1700	0.0000	0.0000	-0.0210	-1.5540	0.3920	-0.1820	-1.5150	-0.0740	0.1570	1.0170	0.0220
E12	0.1980	1.0030	0.0000	3.8650	-0.0520	0.0110	-0.1060	0.0060	0.0290	1.9800	0.0000	0.0000	0.0260	-2.2300	0.0080	0.1450	-1.4630	-0.1890	0.7400	-0.0220	0.0130
C12	2.7250	1.4380	0.0000	1.6780	0.0000	0.0000	-0.0210	0.0000	0.0000	4.2690	0.0000	0.0000	0.0000	-0.1470	0.0000	0.0000	-1.9820	0.0000	0.5810	0.0000	0.0000
C11	1.8390	3.7630	0.0000	-1.3120	-0.0730	0.0180	-0.1200	0.0780	0.0620	3.8870	0.0000	0.0000	0.0750	0.0200	0.0100	0.2090	-1.1050	-0.1280	0.5620	-0.0600	0.0460
C10	2.2310	2.4380	0.0000	1.3150	-0.0030	0.0030	-0.0070	-0.0650	0.0580	4.3920	0.0000	0.0000	0.0220	-0.1330	0.0100	0.0390	-1.7410	-0.0360	0.2700	-0.0270	0.0170
A11	0.9610	-1.2780	0.0000	0.1190	0.0570	0.0000	-0.0460	-0.0220	0.0230	-1.4920	0.0000	0.0000	-0.0020	-0.1700	0.0000	-0.0100	-1.3920	-0.0660	0.4010	-0.0590	-0.0060
A10	1.2950	2.3060	0.0000	-2.1770	-0.1090	0.0170	-0.0380	-0.1340	0.1390	0.2530	0.0000	0.0000	0.0950	0.1530	-0.0060	0.1590	-0.5090	0.0360	-0.9970	-0.0350	0.0590
A12	2.3340	4.8910	0.0000	-4.6760	0.0000	0.0000	-0.0250	0.0000	0.0000	2.7930	0.0000	0.0000	0.0000	-0.2160	0.0000	0.0000	-1.1330	0.0000	1.6220	0.0000	0.0000
A1	1.9340	1.6410	0.0000	-0.7460	0.0000	0.0000	-0.0200	0.0000	0.0000	2.8050	0.0000	0.0000	0.0000	-0.3140	0.0000	0.0000	-0.9620	0.0000	1.2720	0.0000	0.0000
A3	0.3820	3.5700	0.0000	-5.0910	0.0000	0.0000	-0.0870	0.0000	0.0000	0.2190	0.0000	0.0000	0.0000	-0.1260	0.0000	0.0000	-0.0750	0.0000	1.6460	0.0000	0.0000
A2	1.6610	4.0350	0.0000	-2.8640	0.0000	0.0000	-0.0980	0.0000	0.0000	1.8010	0.0000	0.0000	0.0000	-1.1330	0.0000	0.0000	-1.3470	0.0000	1.5490	0.0000	0.0000
A5	2.8780	3.1370	0.0000	-2.8060	0.0000	0.0000	-0.0300	0.0000	0.0000	3.4530	0.0000	0.0000	0.0000	-0.2170	0.0000	0.0000	-1.3280	0.0000	1.8190	0.0000	0.0000
A4	-0.6160	2.6210	0.0000	-3.0790	0.0550	-0.0010	0.0010	-0.0330	-0.0020	-2.1940	0.0000	0.0000	0.0090	0.0150	-0.0120	-0.0100	-0.8270	-0.1880	-0.1260	-0.0140	0.0130
A7	3.8590	-2.4640	0.0000	1.9110	0.1120	0.0030	-0.1730	-0.0370	0.0330	1.5140	0.0000	0.0000	0.0050	-0.2610	-0.0060	0.2350	-1.7790	-0.5540	0.7150	-0.0640	-0.0200
A6	1.8840	4.0210	0.0000	-2.7460	0.0000	0.0000	-0.0820	0.0000	0.0000	2.6320	0.0000	0.0000	0.0000	-1.1180	0.0000	0.0000	-1.6330	0.0000	2.3050	0.0000	0.0000
A9	-0.4510	1.7300	0.0000	1.8700	0.0000	0.0000	-0.0550	0.0000	0.0000	1.0520	0.0000	0.0000	0.0000	0.2730	0.0000	0.0000	-0.2040	0.0000	-2.1070	0.0000	0.0000
A8	-1.0700	4.2980	0.0000	-2.8900	-0.0040	0.0000	-0.0680	-0.1080	0.0120	-1.6840	0.0000	0.0000	0.0140	-0.2660	0.0010	0.0180	-0.3540	-0.0390	-1.2490	-0.0100	0.0280
D8	-0.0460	0.3990	0.0000	3.9480	0.0090	0.0110	0.1010	0.0810	0.2850	2.8870	0.0000	0.0000	0.0660	0.4420	-0.5160	-0.2270	-1.0170	0.2400	-0.5100	-0.0520	-0.3270
D9	1.3980	-0.4490	0.0000	-0.0860	-0.2660	-0.0030	-0.0900	0.0620	-0.0250	1.0050	0.0000	0.0000	0.1780	-0.0270	-0.0110	0.1730	0.6340	-0.1940	0.1620	-0.5260	0.0730
D6	1.9930	-0.2680	0.0000	1.0420	0.0000	0.0000	-0.0710	0.0000	0.0000	0.6410	0.0000	0.0000	0.0000	0.1860	0.0000	0.0000	-1.6000	0.0000	-0.6420	0.0000	0.0000
D7	0.7260	3.0710	0.0000	-2.6480	-0.3140	0.0040	0.9480	-0.0300	-0.2120	-1.1580	0.0000	0.0000	0.2070	-2.0730	0.0400	0.0440	1.5200	-0.9980	-0.5020	-1.4390	0.4960
D4	4.1020	-3.0090	0.0000	1.4290	0.0040	0.0010	-0.0720	0.0130	0.0050	-0.3430	0.0000	0.0000	-0.0020	-1.5370	0.0040	0.0110	-1.4160	0.0280	0.1160	-0.0130	-0.0040
D5	3.5540	0.2920	0.0000	-0.9300	-0.0020	0.0030	-0.1020	0.0110	0.0370	2.0960	0.0000	0.0000	0.0160	-0.1020	0.0110	0.0250	-0.8520	-0.1270	0.2520	0.0100	-0.0020
D2	2.9910	2.2340	0.0000	0.5370	-0.0010	0.0020	-0.0240	0.0810	0.0070	4.1000	0.0000	0.0000	0.0280	-0.1090	0.0000	0.0340	-1.8030	-0.1140	0.2680	0.0050	-0.0360
D3	3.0800	-0.7870	0.0000	0.0000	0.0000	0.0000	-0.0720	0.0000	0.0000	1.1770	0.0000	0.0000	0.0000	-0.1870	0.0000	0.0000	-0.4260	0.0000	-0.4300	0.0000	0.0000
D1	0.2210	1.0880	0.0000	2.4700	0.0000	0.0000	-0.0250	0.0000	0.0000	1.9140	0.0000	0.0000	0.0000	0.0720	0.0000	0.0000	-0.9320	0.0000	-0.9800	0.0000	0.0000
