MUT	fa_rep:	ref:	fa_atr:	hbond_sc:	fa_sol:	yhh_planarity:	dslf_fa13:	fa_intra_sol_xover4:	omega:	p_aa_pp:	TOT	sugar_bb:	fa_intra_rep:	hbond_lr_bb:	hbond_sr_bb:	hbond_bb_sc:	fa_elec:	cart_bonded:	lk_ball_wtd:	fa_dun:	rama_prepro:
384A	9.6220	-86.9940	0.0000	61.4360	0.0000	0.0000	-2.4980	0.0000	0.0000	-40.5530	0.0000	0.0000	0.0000	-2.1560	0.0000	0.0000	-11.7200	0.0000	-8.2440	0.0000	0.0000
384C	9.5820	-88.1590	0.0000	61.4890	0.0000	0.0000	-2.5300	0.0000	0.0000	-41.7550	0.0000	0.0000	0.0000	-2.1630	0.0000	0.0000	-11.6830	0.0000	-8.2920	0.0000	0.0000
384E	9.6750	-89.5960	0.0000	64.1720	0.0000	0.0000	-2.4900	0.0000	0.0000	-41.6950	0.0000	0.0000	0.0000	-2.1990	0.0000	0.0000	-12.2380	0.0000	-9.0180	0.0000	0.0000
384D	9.7780	-88.3840	0.0000	63.9570	0.0000	0.0000	-2.5270	0.0000	0.0000	-40.6400	0.0000	0.0000	0.0000	-2.1860	0.0000	0.0000	-12.5590	0.0000	-8.7200	0.0000	0.0000
384G	9.2420	-88.2200	0.0000	61.3320	0.0000	0.0000	-2.5240	0.0000	0.0000	-42.4260	0.0000	0.0000	0.0000	-2.2510	0.0000	0.0000	-11.3020	0.0000	-8.7040	0.0000	0.0000
384I	9.0950	-89.2790	0.0000	60.7090	0.0000	0.0000	-2.4740	0.0000	0.0000	-44.5260	0.0000	0.0000	0.0000	-2.2010	0.0000	0.0000	-11.5200	0.0000	-8.8560	0.0000	0.0000
384H	9.7540	-91.4080	0.0000	64.3350	0.0000	0.0000	-2.5370	0.0000	0.0000	-43.2520	0.0000	0.0000	0.0000	-2.2030	0.0000	0.0000	-12.3620	0.0000	-8.8310	0.0000	0.0000
384K	10.0230	-91.2830	0.0000	67.3500	0.0000	0.0000	-2.5830	0.0000	0.0000	-38.3540	0.0000	0.0000	0.0000	-2.0570	0.0000	0.0000	-11.1500	0.0000	-8.6550	0.0000	0.0000
384M	9.2210	-88.0380	0.0000	58.8640	0.0000	0.0000	-3.5770	0.0000	0.0000	-47.3410	0.0000	0.0000	0.0000	-2.8220	0.0000	0.0000	-13.7880	0.0000	-7.2000	0.0000	0.0000
384L	9.5600	-90.0120	0.0000	60.4660	0.0000	0.0000	-2.4730	0.0000	0.0000	-45.0790	0.0000	0.0000	0.0000	-1.9620	0.0000	0.0000	-12.6760	0.0000	-7.9830	0.0000	0.0000
384N	9.8750	-88.9800	0.0000	63.4430	0.0000	0.0000	-2.5510	0.0000	0.0000	-40.8200	0.0000	0.0000	0.0000	-2.1630	0.0000	0.0000	-11.5780	0.0000	-8.8670	0.0000	0.0000
384Q	9.4570	-90.5840	0.0000	63.4930	0.0000	0.0000	-2.5390	0.0000	0.0000	-42.8580	0.0000	0.0000	0.0000	-2.1920	0.0000	0.0000	-11.3030	0.0000	-9.1890	0.0000	0.0000
384P	9.5840	-87.2740	0.0000	62.0540	0.0000	0.0000	-2.5010	0.0000	0.0000	-40.3220	0.0000	0.0000	0.0000	-2.1460	0.0000	0.0000	-11.7440	0.0000	-8.2960	0.0000	0.0000
384S	9.2860	-88.7360	0.0000	61.9140	0.0000	0.0000	-2.5270	0.0000	0.0000	-42.6260	0.0000	0.0000	0.0000	-2.2470	0.0000	0.0000	-11.4440	0.0000	-8.8710	0.0000	0.0000
384R	9.0010	-90.3960	0.0000	65.2100	0.0000	0.0000	-2.6380	0.0000	0.0000	-40.6210	0.0000	0.0000	0.0000	-2.0720	0.0000	0.0000	-11.7110	0.0000	-8.0150	0.0000	0.0000
384T	8.9070	-87.5260	0.0000	60.6020	0.0000	0.0000	-2.5090	0.0000	0.0000	-43.1200	0.0000	0.0000	0.0000	-2.2120	0.0000	0.0000	-11.4550	0.0000	-8.9290	0.0000	0.0000
384W	11.4990	-94.7180	0.0000	64.6760	0.0000	0.0000	-2.6160	0.0000	0.0000	-44.6070	0.0000	0.0000	0.0000	-2.1900	0.0000	0.0000	-12.1470	0.0000	-9.1090	0.0000	0.0000
384V	9.3750	-89.5240	0.0000	60.7940	0.0000	0.0000	-2.5110	0.0000	0.0000	-44.1560	0.0000	0.0000	0.0000	-2.2460	0.0000	0.0000	-11.2820	0.0000	-8.7620	0.0000	0.0000
384Y	6.3280	-93.2220	0.0000	63.5630	0.0000	0.0000	-2.4590	0.0000	0.0000	-51.4420	0.0000	0.0000	0.0000	-3.6780	0.0000	0.0000	-12.7420	0.0000	-9.2330	0.0000	0.0000
348Y	14.0520	-98.9190	0.0000	64.0110	0.0000	0.0000	-2.5270	0.0000	0.0000	-46.5880	0.0000	0.0000	0.0000	-2.2320	0.0000	0.0000	-11.5720	0.0000	-9.4020	0.0000	0.0000
348Q	10.6340	-96.2490	0.0000	64.2520	0.0000	0.0000	-2.6670	0.0000	0.0000	-47.8980	0.0000	0.0000	0.0000	-3.5630	0.0000	0.0000	-12.1970	0.0000	-8.1100	0.0000	0.0000
348P	11.7250	-98.5370	0.0000	66.1770	0.0000	0.0000	-2.5650	0.0000	0.0000	-45.8860	0.0000	0.0000	0.0000	-2.3300	0.0000	0.0000	-11.4900	0.0000	-8.8650	0.0000	0.0000
348S	10.5670	-92.7180	0.0000	61.7470	0.0000	0.0000	-2.5730	0.0000	0.0000	-45.2710	0.0000	0.0000	0.0000	-2.1050	0.0000	0.0000	-12.1370	0.0000	-8.0510	0.0000	0.0000
348R	11.7480	-100.2550	0.0000	69.6570	0.0000	0.0000	-2.6110	0.0000	0.0000	-46.1080	0.0000	0.0000	0.0000	-2.2610	0.0000	0.0000	-12.3040	0.0000	-10.0820	0.0000	0.0000
348T	10.1630	-90.5260	0.0000	59.9150	0.0000	0.0000	-2.7500	0.0000	0.0000	-46.1510	0.0000	0.0000	0.0000	-2.7130	0.0000	0.0000	-12.9380	0.0000	-7.3010	0.0000	0.0000
348W	10.3350	-95.3770	0.0000	60.8340	0.0000	0.0000	-2.5280	0.0000	0.0000	-48.8820	0.0000	0.0000	0.0000	-2.2740	0.0000	0.0000	-11.5090	0.0000	-8.3640	0.0000	0.0000
348V	8.6060	-92.7720	0.0000	60.8820	0.0460	-0.0110	-2.4800	0.0400	0.0440	-47.9170	0.0000	0.0000	0.0000	-2.1660	0.0050	0.0180	-11.6150	0.1060	-8.5340	-0.0610	-0.0240
348I	11.8650	-96.3450	0.0000	62.2800	0.0000	0.0000	-2.5770	0.0000	0.0000	-46.9300	0.0000	0.0000	0.0000	-2.2160	0.0000	0.0000	-11.3060	0.0000	-8.6320	0.0000	0.0000
348H	10.8810	-97.8960	0.0000	65.9980	-0.1520	-0.0080	-2.5300	0.0160	0.0200	-45.7970	0.0000	0.0000	-0.0210	-2.2610	0.0210	-0.0450	-11.3300	-0.1000	-9.4540	1.0280	0.0360
348K	11.7560	-97.4620	0.0000	67.9140	0.0000	0.0000	-2.5740	0.0000	0.0000	-43.5550	0.0000	0.0000	0.0000	-2.2350	0.0000	0.0000	-12.0270	0.0000	-8.9260	0.0000	0.0000
348M	12.6420	-98.6590	0.0000	63.4570	0.0000	0.0000	-2.5630	0.0000	0.0000	-48.3220	0.0000	0.0000	0.0000	-2.2270	0.0000	0.0000	-12.0150	0.0000	-8.9580	0.0000	0.0000
348L	13.4210	-97.5270	0.0000	65.3170	0.0590	0.1380	-2.6570	-0.0500	-0.0710	-44.2980	0.0000	0.0000	0.0230	-2.0730	-0.0090	-0.2480	-11.8020	-0.3160	-8.2410	-0.3090	0.0480
348N	10.1050	-91.6700	0.0000	60.9050	0.0000	0.0000	-2.5880	0.0000	0.0000	-45.7020	0.0000	0.0000	0.0000	-1.8760	0.0000	0.0000	-12.4020	0.0000	-8.1760	0.0000	0.0000
348A	10.5900	-93.4810	0.0000	62.1860	0.0000	0.0000	-2.5210	0.0000	0.0000	-45.7570	0.0000	0.0000	0.0000	-2.2370	0.0000	0.0000	-11.5010	0.0000	-8.7930	0.0000	0.0000
348C	11.4700	-93.6370	0.0000	62.0880	0.0000	0.0000	-2.5760	0.0000	0.0000	-44.7550	0.0000	0.0000	0.0000	-2.2000	0.0000	0.0000	-11.3390	0.0000	-8.5600	0.0000	0.0000
348E	11.0280	-95.8370	0.0000	66.2130	0.0000	0.0000	-2.5810	0.0000	0.0000	-43.4170	0.0000	0.0000	0.0000	-2.1960	0.0000	0.0000	-11.1810	0.0000	-8.8610	0.0000	0.0000
348D	12.1740	-97.6960	0.0000	68.6600	0.0000	0.0000	-2.6090	0.0000	0.0000	-42.9250	0.0000	0.0000	0.0000	-2.3070	0.0000	0.0000	-12.0670	0.0000	-9.0790	0.0000	0.0000
348F	14.1970	-98.5170	0.0000	62.5950	0.0000	0.0000	-2.5630	0.0000	0.0000	-47.1560	0.0000	0.0000	0.0000	-2.2290	0.0000	0.0000	-11.8190	0.0000	-8.8200	0.0000	0.0000
417G	3.7860	-88.5950	0.0000	62.6700	0.0000	0.0000	-2.6130	0.0000	0.0000	-47.4960	0.0000	0.0000	0.0000	-2.3590	0.0000	0.0000	-11.4580	0.0000	-8.9270	0.0000	0.0000
346W	13.9630	-99.3180	0.0000	63.2820	0.0000	0.0000	-2.5590	0.0000	0.0000	-47.5920	0.0000	0.0000	0.0000	-2.2400	0.0000	0.0000	-11.7000	0.0000	-9.0210	0.0000	0.0000
309C	10.1910	-91.9600	0.0000	61.5350	0.0000	0.0000	-2.5630	0.0000	0.0000	-44.8740	0.0000	0.0000	0.0000	-2.1330	0.0000	0.0000	-11.8010	0.0000	-8.1410	0.0000	0.0000
309A	9.0940	-88.4400	0.0000	58.8340	0.0000	0.0000	-2.7440	0.0000	0.0000	-46.4390	0.0000	0.0000	0.0000	-2.7070	0.0000	0.0000	-13.1150	0.0000	-7.3600	0.0000	0.0000
309F	9.7910	-92.0760	0.0000	61.3010	0.0000	0.0000	-2.5300	0.0000	0.0000	-46.0480	0.0000	0.0000	0.0000	-2.2000	0.0000	0.0000	-11.6160	0.0000	-8.7170	0.0000	0.0000
309G	9.0540	-88.8480	0.0000	59.9250	0.0000	0.0000	-2.7110	0.0000	0.0000	-45.7530	0.0000	0.0000	0.0000	-2.7210	0.0000	0.0000	-12.8390	0.0000	-7.6150	0.0000	0.0000
309D	10.0670	-90.1450	0.0000	60.9020	0.0000	0.0000	-2.5900	0.0000	0.0000	-43.6570	0.0000	0.0000	0.0000	-2.0920	0.0000	0.0000	-11.8010	0.0000	-7.9970	0.0000	0.0000
309E	9.7700	-91.7920	0.0000	62.1390	0.2320	0.0000	-2.5630	-0.0310	-0.0170	-44.6270	0.0000	0.0000	-0.0420	-2.1850	-0.0220	-0.2270	-12.0150	0.7210	-8.8120	0.1790	0.0390
309K	6.4610	-91.1230	0.0000	63.1860	0.0030	0.0000	-2.4380	-0.0470	0.0070	-46.4180	0.0000	0.0000	0.0160	-2.2790	-0.0070	-0.0020	-11.6020	0.2480	-8.6940	-0.1360	-0.0140
309H	9.7990	-90.4360	0.0000	61.1420	0.0000	0.0000	-2.5850	0.0000	0.0000	-44.0060	0.0000	0.0000	0.0000	-2.0690	0.0000	0.0000	-12.0070	0.0000	-7.8520	0.0000	0.0000
309I	10.1030	-91.6800	0.0000	61.2490	0.0000	0.0000	-2.5760	0.0000	0.0000	-44.8620	0.0000	0.0000	0.0000	-2.1750	0.0000	0.0000	-11.4090	0.0000	-8.3750	0.0000	0.0000
309N	9.5530	-88.9290	0.0000	59.9350	0.0570	0.0010	-2.6870	-0.0040	0.0110	-45.1690	0.0000	0.0000	0.0080	-2.3310	0.0010	-0.0210	-12.5840	-0.1850	-8.0090	-0.0020	0.0170
309L	10.2280	-93.6470	0.0000	62.0320	0.0000	0.0000	-2.5540	0.0000	0.0000	-46.8310	0.0000	0.0000	0.0000	-2.2430	0.0000	0.0000	-11.7830	0.0000	-8.8620	0.0000	0.0000
309R	7.4840	-91.4620	0.0000	63.5140	0.0000	0.0000	-2.5030	0.0000	0.0000	-46.0250	0.0000	0.0000	0.0000	-2.2290	0.0000	0.0000	-11.3980	0.0000	-9.4300	0.0000	0.0000
309S	8.6150	-88.1440	0.0000	59.8610	0.0210	0.0000	-2.6710	0.0580	0.0230	-44.6490	0.0000	0.0000	0.0130	-2.2800	-0.0060	-0.1200	-12.6170	0.0840	-7.5030	0.0030	0.0160
309P	7.8510	-91.0130	0.0000	61.6290	0.0000	0.0000	-2.4970	0.0000	0.0000	-45.9560	0.0000	0.0000	0.0000	-2.2110	0.0000	0.0000	-11.4170	0.0000	-8.2980	0.0000	0.0000
309Q	9.2710	-88.6910	0.0000	59.6290	0.0000	0.0000	-2.5830	0.0000	0.0000	-44.6980	0.0000	0.0000	0.0000	-1.8420	0.0000	0.0000	-12.4120	0.0000	-8.0690	0.0000	0.0000
309V	10.1160	-91.7220	0.0000	61.4130	0.0000	0.0000	-2.5660	0.0000	0.0000	-44.8110	0.0000	0.0000	0.0000	-2.1280	0.0000	0.0000	-11.8410	0.0000	-8.0850	0.0000	0.0000
309W	6.0780	-91.4930	0.0000	61.6540	0.0000	0.0000	-2.4540	0.0000	0.0000	-47.9970	0.0000	0.0000	0.0000	-2.3080	0.0000	0.0000	-11.0240	0.0000	-8.4520	0.0000	0.0000
309T	10.1710	-91.9650	0.0000	61.3250	0.0000	0.0000	-2.5700	0.0000	0.0000	-45.0620	0.0000	0.0000	0.0000	-2.1870	0.0000	0.0000	-11.3610	0.0000	-8.4770	0.0000	0.0000
417M	5.8870	-93.7510	0.0000	63.5960	0.0000	0.0000	-2.6310	0.0000	0.0000	-50.4490	0.0000	0.0000	0.0000	-2.2510	0.0000	0.0000	-12.2220	0.0000	-9.0770	0.0000	0.0000
346N	7.9110	-88.8230	0.0000	60.2590	0.0000	0.0000	-2.5770	0.0000	0.0000	-45.6130	0.0000	0.0000	0.0000	-1.9230	0.0000	0.0000	-12.0990	0.0000	-8.3620	0.0000	0.0000
346M	11.8530	-93.4110	0.0000	57.3470	-0.0100	-0.0020	-2.5250	-0.8200	0.7550	-47.3620	0.0000	0.0000	-0.0750	-2.1840	0.3960	0.3630	-12.5670	1.3280	-8.3280	0.7360	-0.2170
309Y	9.7670	-92.2340	0.0000	61.8250	0.0000	0.0000	-2.5390	0.0000	0.0000	-45.7270	0.0000	0.0000	0.0000	-2.1990	0.0000	0.0000	-11.6090	0.0000	-8.7400	0.0000	0.0000
346K	12.3510	-94.5100	0.0000	67.4550	0.0000	0.0000	-2.5450	0.0000	0.0000	-39.7150	0.0000	0.0000	0.0000	-2.1650	0.0000	0.0000	-12.4230	0.0000	-7.8790	0.0000	0.0000
346I	7.9570	-88.4150	0.0000	54.8090	0.0000	0.0000	-2.7680	0.0000	0.0000	-50.8830	0.0000	0.0000	0.0000	-2.7180	0.0000	0.0000	-12.3480	0.0000	-7.3990	0.0000	0.0000
346H	7.9330	-88.1420	0.0000	57.5470	0.0000	0.0000	-3.6330	0.0000	0.0000	-49.9300	0.0000	0.0000	0.0000	-2.8840	0.0000	0.0000	-13.5840	0.0000	-7.1680	0.0000	0.0000
346L	8.6290	-89.4100	0.0000	55.8910	0.0000	0.0000	-2.7160	0.0000	0.0000	-50.8800	0.0000	0.0000	0.0000	-2.5840	0.0000	0.0000	-13.1860	0.0000	-7.5040	0.0000	0.0000
417K	6.4370	-93.5060	0.0000	65.3670	0.0000	0.0000	-2.6330	0.0000	0.0000	-48.3900	0.0000	0.0000	0.0000	-2.2560	0.0000	0.0000	-12.1950	0.0000	-9.6030	0.0000	0.0000
302Y	14.0330	-95.3690	0.0000	62.4680	0.0000	0.0000	-2.5640	0.0000	0.0000	-42.8720	0.0000	0.0000	0.0000	-2.2870	0.0000	0.0000	-11.3430	0.0000	-7.8120	0.0000	0.0000
302W	12.3060	-94.9890	0.0000	60.7590	0.6840	-0.0120	-2.8010	0.4970	0.8210	-48.9650	0.0000	0.0000	0.0110	-2.3660	-0.0350	0.3870	-11.0740	-3.3320	-8.1040	-1.6700	-0.0490
302V	6.9250	-94.3840	0.0000	60.4030	0.0000	0.0000	-2.4720	0.0000	0.0000	-51.5560	0.0000	0.0000	0.0000	-2.3430	0.0000	0.0000	-11.0090	0.0000	-8.6780	0.0000	0.0000
302T	7.2220	-95.5020	0.0000	65.9450	0.0000	0.0000	-2.5340	0.0000	0.0000	-50.3900	0.0000	0.0000	0.0000	-3.3240	0.0000	0.0000	-13.2910	0.0000	-8.9050	0.0000	0.0000
302S	10.6590	-94.1310	0.0000	65.4980	0.0000	0.0000	-2.5210	0.0000	0.0000	-46.1750	0.0000	0.0000	0.0000	-3.3800	0.0000	0.0000	-13.8420	0.0000	-8.4580	0.0000	0.0000
302R	12.5530	-95.3290	0.0000	65.4110	0.0000	0.0000	-2.5550	0.0000	0.0000	-45.2840	0.0000	0.0000	0.0000	-2.2140	0.0000	0.0000	-13.8530	0.0000	-9.2990	0.0000	0.0000
302Q	12.3620	-94.9060	0.0000	65.5500	0.0000	0.0000	-2.5430	0.0000	0.0000	-43.0700	0.0000	0.0000	0.0000	-1.9860	0.0000	0.0000	-12.8480	0.0000	-8.6970	0.0000	0.0000
302P	10.1060	-91.4820	0.0000	61.5980	0.0000	0.0000	-2.6000	0.0000	0.0000	-44.6220	0.0000	0.0000	0.0000	-1.8970	0.0000	0.0000	-12.5010	0.0000	-7.8470	0.0000	0.0000
302N	10.1230	-92.9960	0.0000	64.6940	0.0000	0.0000	-2.6870	0.0000	0.0000	-44.5180	0.0000	0.0000	0.0000	-3.2180	0.0000	0.0000	-13.0860	0.0000	-7.3480	0.0000	0.0000
302M	10.4940	-97.9490	0.0000	62.9120	0.0000	0.0000	-2.5220	0.0000	0.0000	-49.8860	0.0000	0.0000	0.0000	-2.2700	0.0000	0.0000	-11.5550	0.0000	-8.9950	0.0000	0.0000
302L	9.7710	-94.1450	0.0000	59.4850	0.0000	0.0000	-2.6180	0.0000	0.0000	-49.6340	0.0000	0.0000	0.0000	-1.9610	0.0000	0.0000	-12.3370	0.0000	-7.8310	0.0000	0.0000
302K	10.0530	-96.5380	0.0000	69.8320	0.0000	0.0000	-2.6270	0.0000	0.0000	-43.7080	0.0000	0.0000	0.0000	-3.7040	0.0000	0.0000	-13.6200	0.0000	-7.1040	0.0000	0.0000
302I	9.8120	-94.8820	0.0000	61.0410	0.0000	0.0000	-2.5370	0.0000	0.0000	-48.3730	0.0000	0.0000	0.0000	-2.2250	0.0000	0.0000	-11.3030	0.0000	-8.2780	0.0000	0.0000
302H	9.7440	-93.6890	0.0000	65.0250	-0.0290	-0.0010	-2.6620	0.0300	-0.0610	-43.8920	0.0000	0.0000	-0.0210	-2.1520	0.0080	-0.0010	-12.5440	0.1320	-7.5840	-0.0850	-0.0030
302G	9.1460	-92.1770	0.0000	62.8290	0.0030	0.0010	-2.5410	0.0510	-0.0110	-45.9920	0.0000	0.0000	0.0030	-2.2840	-0.0230	-0.0120	-11.9810	-0.1180	-8.7550	-0.1410	0.0170
302F	12.7900	-94.1340	0.0000	58.7260	0.0000	0.0000	-2.4580	0.0000	0.0000	-47.7890	0.0000	0.0000	0.0000	-2.2940	0.0000	0.0000	-11.9700	0.0000	-8.4490	0.0000	0.0000
302E	11.0190	-94.3380	0.0000	66.5970	0.0000	0.0000	-2.6340	0.0000	0.0000	-42.7470	0.0000	0.0000	0.0000	-2.0400	0.0000	0.0000	-12.3470	0.0000	-9.0040	0.0000	0.0000
302D	5.7320	-95.3360	0.0000	69.3570	0.0000	0.0000	-2.5510	0.0000	0.0000	-48.5810	0.0000	0.0000	0.0000	-2.7530	0.0000	0.0000	-13.8950	0.0000	-9.1360	0.0000	0.0000
302C	7.2210	-95.1110	0.0000	63.6210	0.0000	0.0000	-2.5500	0.0000	0.0000	-50.5380	0.0000	0.0000	0.0000	-2.3390	0.0000	0.0000	-11.9360	0.0000	-9.4430	0.0000	0.0000
417T	6.8790	-88.8390	0.0000	62.1040	0.0000	0.0000	-2.5820	0.0000	0.0000	-44.2780	0.0000	0.0000	0.0000	-2.2740	0.0000	0.0000	-11.5310	0.0000	-8.0330	0.0000	0.0000
417V	6.7290	-87.9200	0.0000	58.7110	0.5460	0.0020	-2.3150	0.2630	-0.1980	-45.9260	0.0000	0.0000	0.0730	-2.3940	-0.3090	-0.0130	-11.7550	0.3890	-8.1160	-0.1080	0.4920
417P	6.9710	-88.6470	0.0000	61.3420	0.0000	0.0000	-2.5640	0.0000	0.0000	-44.5900	0.0000	0.0000	0.0000	-2.2690	0.0000	0.0000	-11.3350	0.0000	-8.0880	0.0000	0.0000
417Q	7.3680	-89.2520	0.0000	62.1960	0.0000	0.0000	-2.5480	0.0000	0.0000	-44.8330	0.0000	0.0000	0.0000	-2.2530	0.0000	0.0000	-11.8280	0.0000	-8.5180	0.0000	0.0000
417R	7.1990	-94.3800	0.0000	67.4250	-0.6250	-0.0010	-2.5920	0.2850	0.1110	-47.2020	0.0000	0.0000	-0.0590	-1.4420	0.1070	-0.3390	-14.2370	1.0370	-9.6020	0.3140	-0.4010
346V	10.1240	-91.5150	0.0000	58.1850	0.0000	0.0000	-2.7260	0.0000	0.0000	-48.8410	0.0000	0.0000	0.0000	-2.4230	0.0000	0.0000	-12.5010	0.0000	-7.9860	0.0000	0.0000
417Y	7.4220	-92.7830	0.0000	61.3740	0.3640	-0.0060	-2.5170	0.0760	-0.0810	-47.8360	0.0000	0.0000	0.0320	-2.2280	-0.0040	-0.1430	-11.0200	0.3130	-8.5520	-0.0350	-0.0490
417D	7.1340	-88.5950	0.0000	63.1160	0.0000	0.0000	-2.5840	0.0000	0.0000	-43.5640	0.0000	0.0000	0.0000	-2.2710	0.0000	0.0000	-11.9620	0.0000	-8.4030	0.0000	0.0000
417E	5.3210	-92.9250	0.0000	65.9100	0.0000	0.0000	-2.6410	0.0000	0.0000	-48.8000	0.0000	0.0000	0.0000	-2.2370	0.0000	0.0000	-12.9410	0.0000	-9.2870	0.0000	0.0000
417F	7.9370	-91.2290	0.0000	60.5070	0.0000	0.0000	-2.5190	0.0000	0.0000	-47.4860	0.0000	0.0000	0.0000	-2.1980	0.0000	0.0000	-11.8420	0.0000	-8.1420	0.0000	0.0000
346T	10.1060	-91.0840	0.0000	59.6800	0.0000	0.0000	-2.7600	0.0000	0.0000	-47.7130	0.0000	0.0000	0.0000	-2.7070	0.0000	0.0000	-13.0750	0.0000	-7.8730	0.0000	0.0000
417A	5.9260	-88.7670	0.0000	61.8680	0.0000	0.0000	-2.5070	0.0000	0.0000	-46.1680	0.0000	0.0000	0.0000	-2.3440	0.0000	0.0000	-11.4460	0.0000	-8.8990	0.0000	0.0000
417C	5.2330	-89.8120	0.0000	60.8850	0.0000	0.0000	-2.5210	0.0000	0.0000	-49.2610	0.0000	0.0000	0.0000	-2.3380	0.0000	0.0000	-11.8970	0.0000	-8.8100	0.0000	0.0000
417L	5.1720	-92.2190	0.0000	61.9100	0.0290	0.0010	-2.4300	0.0150	0.0050	-51.1980	0.0000	0.0000	0.0030	-2.3320	-0.0130	0.0570	-12.0480	-0.1350	-9.2790	0.0390	0.0260
346S	10.6160	-93.6230	0.0000	62.3740	0.0000	0.0000	-2.5700	0.0000	0.0000	-45.8280	0.0000	0.0000	0.0000	-2.1970	0.0000	0.0000	-11.9990	0.0000	-8.4280	0.0000	0.0000
417N	7.0070	-88.9980	0.0000	62.2430	0.0000	0.0000	-2.5680	0.0000	0.0000	-44.4850	0.0000	0.0000	0.0000	-2.2710	0.0000	0.0000	-11.3860	0.0000	-8.5130	0.0000	0.0000
417H	6.4710	-85.0720	0.0000	58.0690	0.0000	0.0000	-3.5330	0.0000	0.0000	-47.6420	0.0000	0.0000	0.0000	-2.6500	0.0000	0.0000	-13.7850	0.0000	-7.1430	0.0000	0.0000
417I	8.2390	-92.7900	0.0000	59.7250	0.1660	0.0030	-2.5770	-0.1740	0.2810	-49.5080	0.0000	0.0000	0.1170	-2.3130	-0.0180	-0.0940	-11.6110	0.3750	-8.9200	0.0480	0.0370
346R	14.9300	-94.8840	0.0000	65.3580	0.0000	0.0000	-2.4260	0.0000	0.0000	-39.9470	0.0000	0.0000	0.0000	-2.0680	0.0000	0.0000	-12.6520	0.0000	-8.2030	0.0000	0.0000
346Q	10.2770	-95.4340	0.0000	65.0480	0.0000	0.0000	-2.6060	0.0000	0.0000	-46.7350	0.0000	0.0000	0.0000	-3.1180	0.0000	0.0000	-11.9220	0.0000	-8.9800	0.0000	0.0000
346P	9.4250	-91.3020	0.0000	59.9760	0.0000	0.0000	-2.6170	0.0000	0.0000	-46.9250	0.0000	0.0000	0.0000	-1.8880	0.0000	0.0000	-12.3210	0.0000	-8.1970	0.0000	0.0000
346Y	8.3310	-90.3150	0.0000	57.6490	0.0040	0.0000	-3.5520	-0.0010	-0.0120	-54.4990	0.0000	0.0000	-0.0030	-3.9440	-0.0060	-0.0060	-14.8610	-0.0250	-7.7680	0.0170	-0.0080
417S	6.9020	-87.5820	0.0000	61.5480	0.0000	0.0000	-2.5590	0.0000	0.0000	-43.4760	0.0000	0.0000	0.0000	-2.2660	0.0000	0.0000	-11.3500	0.0000	-8.1680	0.0000	0.0000
346F	6.4240	-88.6100	0.0000	55.3750	0.1530	-0.0140	-3.5760	0.2220	-0.2260	-52.9310	0.0000	0.0000	0.0700	-2.0650	-0.0810	0.0740	-13.6900	-0.0290	-7.4350	0.5960	-0.1160
346E	13.3130	-96.5370	0.0000	68.2400	0.0000	0.0000	-2.8350	0.0000	0.0000	-42.4780	0.0000	0.0000	0.0000	-2.8970	0.0000	0.0000	-13.3580	0.0000	-8.4030	0.0000	0.0000
346D	11.6420	-97.7070	0.0000	67.1290	0.0000	0.0000	-2.6750	0.0000	0.0000	-48.3330	0.0000	0.0000	0.0000	-3.1080	0.0000	0.0000	-14.1230	0.0000	-9.4930	0.0000	0.0000
346C	10.9130	-95.4450	0.0000	61.2300	0.0000	0.0000	-2.6320	0.0000	0.0000	-48.2170	0.0000	0.0000	0.0000	-2.2100	0.0000	0.0000	-11.4250	0.0000	-8.6460	0.0000	0.0000
401Y	10.7360	-100.3130	0.0000	67.6430	0.0000	0.0000	-2.0660	0.0000	0.0000	-48.4980	0.0000	0.0000	0.0000	-3.6570	0.0000	0.0000	-11.3630	0.0000	-9.4770	0.0000	0.0000
346A	9.7350	-91.4400	0.0000	59.7450	0.0000	0.0000	-2.5810	0.0000	0.0000	-46.4170	0.0000	0.0000	0.0000	-2.0650	0.0000	0.0000	-12.0080	0.0000	-7.8030	0.0000	0.0000
401S	6.9300	-93.6590	0.0000	67.0540	0.0000	0.0000	-2.5400	0.0000	0.0000	-46.0430	0.0000	0.0000	0.0000	-2.3470	0.0000	0.0000	-11.2250	0.0000	-10.2560	0.0000	0.0000
401R	7.8200	-97.2580	0.0000	70.9010	0.0000	0.0000	-2.5450	0.0000	0.0000	-45.4090	0.0000	0.0000	0.0000	-2.3220	0.0000	0.0000	-11.3240	0.0000	-10.6800	0.0000	0.0000
401Q	8.9290	-94.8930	0.0000	67.7380	0.0000	0.0000	-2.5370	0.0000	0.0000	-44.0620	0.0000	0.0000	0.0000	-2.3280	0.0000	0.0000	-11.3650	0.0000	-9.6050	0.0000	0.0000
401P	8.9590	-91.7710	0.0000	63.3220	0.0000	0.0000	-2.5770	0.0000	0.0000	-44.5480	0.0000	0.0000	0.0000	-2.1770	0.0000	0.0000	-11.6010	0.0000	-8.7040	0.0000	0.0000
401W	12.7350	-109.1160	0.0000	73.5790	0.0000	0.0000	-2.8510	0.0000	0.0000	-50.7290	0.0000	0.0000	0.0000	-1.8360	0.0000	0.0000	-13.1980	0.0000	-10.0400	0.0000	0.0000
401T	10.9800	-101.8320	0.0000	72.4470	0.0860	0.0170	-2.7370	0.0350	0.0790	-43.4600	0.0000	0.0000	-0.0470	-1.9590	0.0150	-0.2730	-12.3980	0.8630	-8.9430	0.1710	0.0340
401K	8.0980	-100.4910	0.0000	74.8770	0.0000	0.0000	-2.6850	0.0000	0.0000	-48.2240	0.0000	0.0000	0.0000	-3.0670	0.0000	0.0000	-15.7210	0.0000	-9.2360	0.0000	0.0000
401I	10.4540	-93.3620	0.0000	61.9290	0.0000	0.0000	-2.5310	0.0000	0.0000	-45.1520	0.0000	0.0000	0.0000	-2.2180	0.0000	0.0000	-10.9110	0.0000	-8.5130	0.0000	0.0000
401H	9.7050	-100.7030	0.0000	70.6710	-0.3160	0.0880	-2.6750	0.0360	-0.2680	-47.6760	0.0000	0.0000	-0.2500	-2.1600	0.0660	0.2240	-13.4180	2.1010	-10.1440	-0.8810	0.2490
401N	7.2070	-96.7950	0.0000	70.2630	0.1880	0.0240	-2.8500	-0.3180	0.6050	-46.2240	0.0000	0.0000	-0.1370	-2.1440	0.1550	-0.8750	-10.9930	-0.4640	-10.6640	0.8260	-0.2510
401M	9.3560	-103.6140	0.0000	71.2380	0.0000	0.0000	-2.6600	0.0000	0.0000	-49.6940	0.0000	0.0000	0.0000	-2.0940	0.0000	0.0000	-12.2150	0.0000	-9.7060	0.0000	0.0000
401L	10.1510	-96.8590	0.0000	65.3820	0.0000	0.0000	-2.5200	0.0000	0.0000	-46.9490	0.0000	0.0000	0.0000	-2.3450	0.0000	0.0000	-10.6010	0.0000	-10.1570	0.0000	0.0000
401C	7.5470	-95.2330	0.0000	65.8700	0.0000	0.0000	-2.5700	0.0000	0.0000	-48.0790	0.0000	0.0000	0.0000	-2.3390	0.0000	0.0000	-11.2620	0.0000	-10.0900	0.0000	0.0000
401A	3.1230	-92.4950	0.0000	66.2000	-0.4550	-0.0190	-2.7830	-0.3600	0.9250	-46.9410	0.0000	0.0000	-0.0880	-1.9550	0.1340	-0.4800	-10.1470	-1.0870	-9.4040	2.2600	-0.3090
401G	5.7370	-90.0250	0.0000	63.2590	0.0000	0.0000	-2.7060	0.0000	0.0000	-46.8400	0.0000	0.0000	0.0000	-2.3450	0.0000	0.0000	-10.8270	0.0000	-9.9330	0.0000	0.0000
401F	10.4250	-101.7860	0.0000	70.3130	0.0000	0.0000	-2.6850	0.0000	0.0000	-47.2300	0.0000	0.0000	0.0000	-2.2660	0.0000	0.0000	-11.5970	0.0000	-9.6330	0.0000	0.0000
401E	10.4550	-91.8910	0.0000	66.6360	0.0000	0.0000	-2.5130	0.0000	0.0000	-40.5120	0.0000	0.0000	0.0000	-2.2670	0.0000	0.0000	-11.7220	0.0000	-9.2100	0.0000	0.0000
401D	8.6180	-91.8110	0.0000	66.0420	0.0000	0.0000	-2.5490	0.0000	0.0000	-43.0990	0.0000	0.0000	0.0000	-2.2080	0.0000	0.0000	-12.8380	0.0000	-8.3540	0.0000	0.0000
305N	8.8310	-87.9780	0.0000	59.1130	0.0000	0.0000	-2.6550	0.0000	0.0000	-45.8200	0.0000	0.0000	0.0000	-2.4410	0.0000	0.0000	-12.1960	0.0000	-8.4950	0.0000	0.0000
305L	9.7720	-90.5870	0.0000	61.4680	0.0000	0.0000	-2.5340	0.0000	0.0000	-43.7590	0.0000	0.0000	0.0000	-2.1890	0.0000	0.0000	-11.3100	0.0000	-8.3790	0.0000	0.0000
305M	9.8980	-91.5870	0.0000	61.6680	0.0000	0.0000	-2.5570	0.0000	0.0000	-44.6390	0.0000	0.0000	0.0000	-2.2020	0.0000	0.0000	-11.3440	0.0000	-8.5160	0.0000	0.0000
305K	8.8910	-88.9870	0.0000	61.3430	0.0000	0.0000	-2.6260	0.0000	0.0000	-45.0050	0.0000	0.0000	0.0000	-2.4280	0.0000	0.0000	-12.6520	0.0000	-8.5470	0.0000	0.0000
305H	9.3920	-88.3160	0.0000	60.0470	0.0000	0.0000	-2.6070	0.0000	0.0000	-43.9630	0.0000	0.0000	0.0000	-1.8470	0.0000	0.0000	-12.5880	0.0000	-8.0440	0.0000	0.0000
305I	9.7090	-91.3880	0.0000	61.0300	0.0000	0.0000	-2.5700	0.0000	0.0000	-45.6530	0.0000	0.0000	0.0000	-2.2070	0.0000	0.0000	-11.5180	0.0000	-8.7090	0.0000	0.0000
305G	8.9970	-87.7610	0.0000	58.9560	0.0050	0.0030	-2.6560	-0.0200	-0.0090	-45.5150	0.0000	0.0000	0.0000	-2.4450	0.0020	-0.0050	-12.2160	-0.0610	-8.4170	0.1360	-0.0260
305D	9.3770	-87.0870	0.0000	58.1680	-0.0250	-0.0010	-2.5090	0.0330	-0.0190	-45.9320	0.0000	0.0000	0.0020	-2.8860	-0.0220	0.2030	-13.1620	0.3280	-8.0590	-0.2650	-0.0090
305E	10.2850	-90.5440	0.0000	62.9620	0.0000	0.0000	-2.5590	0.0000	0.0000	-42.4710	0.0000	0.0000	0.0000	-2.1020	0.0000	0.0000	-12.5930	0.0000	-7.9200	0.0000	0.0000
305C	9.7140	-89.3820	0.0000	61.0590	0.0000	0.0000	-2.6120	0.0000	0.0000	-43.1000	0.0000	0.0000	0.0000	-2.0900	0.0000	0.0000	-11.9810	0.0000	-7.8060	0.0000	0.0000
305A	8.8130	-87.7780	0.0000	58.8170	0.0000	0.0000	-2.6260	0.0000	0.0000	-45.7970	0.0000	0.0000	0.0000	-2.4400	0.0000	0.0000	-12.1480	0.0000	-8.4330	0.0000	0.0000
305Y	6.9680	-87.4910	0.0000	58.5380	0.0000	0.0000	-2.7030	0.0000	0.0000	-47.5100	0.0000	0.0000	0.0000	-2.4370	0.0000	0.0000	-12.6730	0.0000	-7.7130	0.0000	0.0000
305V	9.8190	-90.5300	0.0000	61.4780	0.0000	0.0000	-2.5250	0.0000	0.0000	-43.6820	0.0000	0.0000	0.0000	-2.1900	0.0000	0.0000	-11.3440	0.0000	-8.3900	0.0000	0.0000
305W	10.5260	-89.1670	0.0000	56.9630	0.0050	0.0060	-2.4740	-0.0560	0.0550	-47.7060	0.0000	0.0000	-0.0130	-2.2540	-0.0010	0.0920	-13.0060	-0.3860	-7.7970	-0.2240	0.0260
305T	9.7510	-89.8500	0.0000	60.9860	-0.0030	0.0000	-2.5800	0.0350	0.0080	-43.7120	0.0000	0.0000	-0.0210	-2.0830	0.0160	-0.0060	-12.0340	0.0460	-7.8190	-0.1450	-0.0120
305R	11.5760	-94.1060	0.0000	65.4890	0.0000	0.0000	-2.5850	0.0000	0.0000	-42.6490	0.0000	0.0000	0.0000	-2.2180	0.0000	0.0000	-12.2400	0.0000	-8.5650	0.0000	0.0000
305S	8.8460	-87.8090	0.0000	59.0330	0.0000	0.0000	-2.6510	0.0000	0.0000	-45.6470	0.0000	0.0000	0.0000	-2.4440	0.0000	0.0000	-12.1530	0.0000	-8.4670	0.0000	0.0000
305P	8.9850	-87.7090	0.0000	58.9750	0.0000	0.0000	-2.6510	0.0000	0.0000	-45.4280	0.0000	0.0000	0.0000	-2.4390	0.0000	0.0000	-12.1710	0.0000	-8.4200	0.0000	0.0000
305Q	8.8350	-88.0810	0.0000	60.0690	0.0330	-0.0030	-2.7180	0.0220	0.0590	-44.9890	0.0000	0.0000	0.0100	-2.9360	-0.0320	0.1540	-12.8150	0.2090	-7.8990	0.0140	0.0910
306C	5.7840	-91.0730	0.0000	60.7840	0.0000	0.0000	-2.5350	0.0000	0.0000	-50.2170	0.0000	0.0000	0.0000	-2.3310	0.0000	0.0000	-11.8370	0.0000	-9.0080	0.0000	0.0000
306A	7.4760	-92.6130	0.0000	59.0720	0.0000	0.0000	-2.5870	0.0000	0.0000	-50.7070	0.0000	0.0000	0.0000	-2.3490	0.0000	0.0000	-10.8450	0.0000	-8.8630	0.0000	0.0000
306G	5.5690	-89.5320	0.0000	60.7420	0.0000	0.0000	-2.5100	0.0000	0.0000	-48.7720	0.0000	0.0000	0.0000	-2.3460	0.0000	0.0000	-11.6650	0.0000	-9.0300	0.0000	0.0000
306F	9.8740	-93.2500	0.0000	60.8860	0.0000	0.0000	-2.5250	0.0000	0.0000	-47.8040	0.0000	0.0000	0.0000	-2.2280	0.0000	0.0000	-11.7490	0.0000	-8.8140	0.0000	0.0000
306E	6.4330	-92.4760	0.0000	63.4260	-0.0280	-0.0040	-2.5100	0.0290	-0.1280	-49.4240	0.0000	0.0000	-0.0320	-3.1880	0.0500	0.1220	-13.1160	1.2300	-9.0320	-0.1860	-0.0160
306D	4.9480	-91.6280	0.0000	63.8080	-0.0540	0.0160	-2.7210	-0.3880	0.6030	-47.1110	0.0000	0.0000	0.0900	-1.1810	0.3310	-0.4300	-10.3180	-1.0780	-8.8900	0.1460	-0.3670
306K	7.3460	-90.2650	0.0000	63.7360	0.0000	0.0000	-2.5260	0.0000	0.0000	-43.5880	0.0000	0.0000	0.0000	-2.2420	0.0000	0.0000	-11.3100	0.0000	-8.3270	0.0000	0.0000
306I	5.3910	-91.3780	0.0000	60.6930	0.0000	0.0000	-2.5030	0.0000	0.0000	-50.0840	0.0000	0.0000	0.0000	-2.3420	0.0000	0.0000	-11.2060	0.0000	-8.7390	0.0000	0.0000
306H	5.7490	-93.2100	0.0000	62.8180	0.0000	0.0000	-2.5570	0.0000	0.0000	-51.2190	0.0000	0.0000	0.0000	-2.3030	0.0000	0.0000	-12.1500	0.0000	-9.5650	0.0000	0.0000
306N	5.5430	-91.3350	0.0000	62.3770	0.0000	0.0000	-2.5060	0.0000	0.0000	-48.8440	0.0000	0.0000	0.0000	-2.3430	0.0000	0.0000	-11.7210	0.0000	-8.8580	0.0000	0.0000
306M	9.4470	-93.1320	0.0000	61.0590	0.0000	0.0000	-2.4480	0.0000	0.0000	-46.2550	0.0000	0.0000	0.0000	-2.2480	0.0000	0.0000	-10.5370	0.0000	-8.3970	0.0000	0.0000
306L	6.7040	-94.8720	0.0000	61.2820	0.4880	0.0070	-2.8110	-0.4220	0.4510	-50.6550	0.0000	0.0000	0.0350	-1.2980	0.5730	-0.5070	-11.4520	0.7860	-9.7350	0.6150	-0.4980
306S	5.4920	-90.3690	0.0000	61.6860	0.0000	0.0000	-2.5380	0.0000	0.0000	-48.7970	0.0000	0.0000	0.0000	-2.3360	0.0000	0.0000	-11.7960	0.0000	-8.9350	0.0000	0.0000
306R	6.2840	-93.3720	0.0000	63.8700	0.0000	0.0000	-2.4730	0.0000	0.0000	-49.1690	0.0000	0.0000	0.0000	-2.3340	0.0000	0.0000	-11.4500	0.0000	-9.6950	0.0000	0.0000
306Q	7.4040	-95.8210	0.0000	63.6260	0.1990	0.0060	-2.7430	-0.3830	0.4650	-49.5410	0.0000	0.0000	0.0720	-2.0030	0.3220	-0.3050	-10.8290	1.5350	-10.4440	-0.2310	-0.4110
306P	6.5570	-89.3150	0.0000	58.6370	0.0000	0.0000	-2.5770	0.0000	0.0000	-48.1680	0.0000	0.0000	0.0000	-2.3020	0.0000	0.0000	-10.5010	0.0000	-8.6660	0.0000	0.0000
306W	14.4020	-97.8690	0.0000	59.9280	-0.0940	-0.0050	-2.3380	-0.1820	-0.8260	-49.6500	0.0000	0.0000	-0.0260	-2.7360	-0.1320	-0.8610	-12.9400	7.1030	-9.9830	-3.5310	0.4380
306V	5.7490	-90.9760	0.0000	60.3780	0.0000	0.0000	-2.4870	0.0000	0.0000	-50.6490	0.0000	0.0000	0.0000	-2.3370	0.0000	0.0000	-11.9130	0.0000	-9.0620	0.0000	0.0000
306T	5.7020	-90.7820	0.0000	60.5240	0.0000	0.0000	-2.4790	0.0000	0.0000	-50.3770	0.0000	0.0000	0.0000	-2.3370	0.0000	0.0000	-11.9030	0.0000	-9.1020	0.0000	0.0000
