MUT	fa_rep:	ref:	fa_atr:	hbond_sc:	fa_sol:	yhh_planarity:	dslf_fa13:	fa_intra_sol_xover4:	omega:	p_aa_pp:	TOT	sugar_bb:	fa_intra_rep:	hbond_lr_bb:	hbond_sr_bb:	hbond_bb_sc:	fa_elec:	cart_bonded:	lk_ball_wtd:	fa_dun:	rama_prepro:
G7	0.2870	3.3930	0.0000	1.0520	0.0040	-0.0020	-0.0410	-0.0590	0.0100	2.6690	0.0000	0.0000	0.0310	-1.1380	-0.0750	0.0000	-1.6090	0.1060	0.6430	0.0860	-0.0210
G6	0.1240	4.4640	0.0000	-0.0130	0.0000	0.0000	-0.0190	0.0000	0.0000	2.6690	0.0000	0.0000	0.0000	-1.2020	0.0000	0.0000	-1.6420	0.0000	0.9540	0.0000	0.0000
G5	0.8800	2.7680	0.0000	2.6720	-0.0320	0.0040	-0.1610	-0.0320	0.0370	4.1620	0.0000	0.0000	-0.0240	-1.1200	0.0490	-0.0080	-2.2770	0.2710	1.1970	-0.1290	0.0670
G4	4.0430	-0.4450	0.0000	-0.0280	-0.0610	0.0120	-0.1450	-0.0310	0.0360	1.4920	0.0000	0.0000	0.0080	-0.9960	-0.0770	0.1890	-1.4270	-0.3190	0.7300	-0.0750	0.0760
G3	2.4250	-0.1450	0.0000	-1.5980	0.0000	0.0000	-0.0810	0.0000	0.0000	-1.5700	0.0000	0.0000	0.0000	-1.1830	0.0000	0.0000	-1.8540	0.0000	0.8660	0.0000	0.0000
G2	2.8070	-0.9930	0.0000	1.3850	0.0000	0.0000	-0.0930	0.0000	0.0000	2.4340	0.0000	0.0000	0.0000	-1.1420	0.0000	0.0000	-0.7140	0.0000	1.1850	0.0000	0.0000
G1	0.5500	2.1140	0.0000	1.3820	0.0010	0.0010	-0.0530	0.0120	-0.0190	1.6070	0.0000	0.0000	0.0120	-1.1610	0.0140	0.0000	-1.9310	0.0560	0.6430	-0.0260	0.0130
G9	0.3350	3.4120	0.0000	-0.4350	-0.0170	0.0030	-0.1610	-0.0110	0.0180	4.6460	0.0000	0.0000	-0.0050	-1.1640	0.0540	-0.1520	2.4260	0.1210	0.8800	-0.7350	0.0750
G8	-0.2600	4.7090	0.0000	1.8290	0.0000	0.0000	-0.0340	0.0000	0.0000	4.4740	0.0000	0.0000	0.0000	-1.1770	0.0000	0.0000	-1.4000	0.0000	0.8100	0.0000	0.0000
N6	-0.8010	0.1790	0.0000	3.7090	-0.0050	0.0350	0.0070	0.3180	0.0520	0.7240	0.0000	0.0000	-0.0740	-1.7260	0.0270	-0.5490	-1.3260	-0.2630	0.9730	0.1810	-0.0130
N7	0.4500	0.6130	0.0000	2.6690	0.0030	-0.0050	-0.1240	0.2660	0.0220	0.7610	0.0000	0.0000	-0.0810	-1.8740	0.0310	-0.5350	-1.6980	0.2520	0.7410	0.0760	-0.0450
B4	4.5750	-3.5330	0.0000	2.9800	0.0000	0.0000	-0.0660	0.0000	0.0000	2.9040	0.0000	0.0000	0.0000	-0.0230	0.0000	0.0000	-1.2020	0.0000	0.1720	0.0000	0.0000
B5	0.7160	-1.2890	0.0000	0.8480	0.0000	0.0000	-0.0460	0.0000	0.0000	-2.4070	0.0000	0.0000	0.0000	-1.3130	0.0000	0.0000	-1.3890	0.0000	0.0670	0.0000	0.0000
B6	5.4710	-2.1600	0.0000	-0.2470	0.0000	0.0030	-0.1070	-0.0010	0.0170	1.5050	0.0000	0.0000	0.0140	-0.9310	-0.0020	-0.0140	-1.5120	0.0800	0.9250	-0.0210	-0.0090
B7	2.5760	1.6850	0.0000	-2.3750	-0.1120	-0.0100	-0.2560	0.0110	-0.0340	2.4190	0.0000	0.0000	-0.0480	-0.9790	0.0690	-0.0240	-0.3880	0.4770	1.7230	0.0080	0.0960
B2	5.7840	-4.2950	0.0000	-6.9210	0.0000	0.0000	0.0950	0.0000	0.0000	-5.2440	0.0000	0.0000	0.0000	0.1350	0.0000	0.0000	-0.2280	0.0000	0.1880	0.0000	0.0000
B3	2.0180	-2.0000	0.0000	1.4370	-0.0290	0.0040	-0.0090	0.3960	0.0010	1.8350	0.0000	0.0000	-0.0870	-1.2030	0.0370	-0.1360	-0.9560	0.1030	1.1000	0.9660	0.1960
B8	6.1190	-1.9620	0.0000	-8.1310	0.0390	0.0120	0.1340	-0.0520	-0.0340	0.9060	0.0000	0.0000	0.0250	-0.6630	-0.0240	-0.1840	7.2490	0.0960	-0.0440	-1.7120	0.0390
B9	3.0080	2.1500	0.0000	-0.8250	0.0000	0.0000	-0.0720	0.0000	0.0000	2.3690	0.0000	0.0000	0.0000	-0.9790	0.0000	0.0000	-1.4940	0.0000	0.5790	0.0000	0.0000
N5	0.8140	-0.1580	0.0000	0.8180	0.0000	0.0000	-0.0510	0.0000	0.0000	0.9610	0.0000	0.0000	0.0000	0.0050	0.0000	0.0000	-0.2960	0.0000	-0.1710	0.0000	0.0000
P10	2.2120	-0.4350	0.0000	-1.5850	0.0000	0.0000	-0.0460	0.0000	0.0000	-1.6730	0.0000	0.0000	0.0000	-1.5360	0.0000	0.0000	-0.8610	0.0000	0.5780	0.0000	0.0000
P11	0.9640	-1.0990	0.0000	-0.0620	-0.0410	0.0050	-0.0420	0.2310	0.0330	-2.3900	0.0000	0.0000	-0.0490	-1.6180	-0.0680	-0.3500	-1.3630	-0.4850	1.1320	0.3740	0.0480
P12	0.6630	-2.4410	0.0000	0.9210	0.0000	0.0000	-0.0150	0.0000	0.0000	-3.6340	0.0000	0.0000	0.0000	-1.4930	0.0000	0.0000	-1.3360	0.0000	0.0670	0.0000	0.0000
E9	-0.4690	3.4700	0.0000	1.8540	-0.0800	0.0150	-0.1200	-0.0750	0.0240	3.0920	0.0000	0.0000	0.0130	-1.1240	-0.0270	0.2220	-1.2040	-0.9570	1.2010	0.2870	0.0670
E8	-0.0060	3.0270	0.0000	2.6310	0.0000	0.0000	-0.0620	0.0000	0.0000	3.9160	0.0000	0.0000	0.0000	-1.1630	0.0000	0.0000	-1.3440	0.0000	0.8330	0.0000	0.0000
E5	0.0920	2.5900	0.0000	1.9250	0.0000	0.0000	-0.0530	0.0000	0.0000	2.2170	0.0000	0.0000	0.0000	-1.1660	0.0000	0.0000	-1.8250	0.0000	0.6530	0.0000	0.0000
E4	-1.0150	4.5020	0.0000	3.0770	-0.1210	0.0140	-0.0780	-0.0690	0.0240	3.9330	0.0000	0.0000	0.0050	-1.0900	-0.0870	0.2110	-1.2590	-1.2190	0.7620	0.2030	0.0710
E7	0.5630	2.6280	0.0000	1.6080	0.0000	0.0000	-0.1030	0.0000	0.0000	4.0660	0.0000	0.0000	0.0000	-1.1260	0.0000	0.0000	-0.6660	0.0000	1.1620	0.0000	0.0000
E6	1.2680	3.0080	0.0000	-2.3740	-0.0290	0.0100	-0.1210	-0.0280	-0.0070	3.0670	0.0000	0.0000	-0.0290	-1.2080	0.0390	-0.0810	2.3300	0.1130	0.9080	-0.8010	0.0700
E1	0.2490	2.2230	0.0000	4.2330	-0.0990	0.0100	0.1480	0.0010	0.0310	1.0540	0.0000	0.0000	0.0280	-0.8250	-0.1050	0.3830	-5.3410	-1.7110	0.9870	0.8650	-0.0220
P8	0.1980	-1.5570	0.0000	4.6470	-0.0430	0.0140	0.0130	-0.0390	-0.0390	-0.8940	0.0000	0.0000	0.0000	-1.4330	-0.0790	0.2640	-2.0490	-0.4230	-0.3350	-0.0230	-0.0120
E3	2.7380	-0.0840	0.0000	-0.3460	-0.1190	0.0120	-0.1000	-0.0560	0.0140	-0.1730	0.0000	0.0000	0.0250	-1.9890	-0.0860	0.2160	-1.0850	-1.3280	1.6590	0.2830	0.0730
E2	1.6970	0.3140	0.0000	-0.9040	0.0000	0.0000	-0.1600	0.0000	0.0000	0.1120	0.0000	0.0000	0.0000	-1.1580	0.0000	0.0000	-0.9720	0.0000	1.2940	0.0000	0.0000
P2	4.8440	-5.2070	0.0000	1.3160	0.0450	-0.0110	0.0430	0.4160	0.3660	-0.9180	0.0000	0.0000	-0.3730	-1.5670	0.0090	-0.8960	-4.2880	2.9000	1.3480	0.1310	0.0080
P3	4.0950	-3.1460	0.0000	-1.9540	0.0000	0.0000	0.0020	0.0000	0.0000	-2.6480	0.0000	0.0000	0.0000	-1.5530	0.0000	0.0000	-1.1180	0.0000	1.0270	0.0000	0.0000
P1	4.4600	0.3690	0.0000	-1.5210	-0.0410	-0.0150	-0.0580	0.0150	-0.0120	0.2390	0.0000	0.0000	-0.0070	-1.5990	-0.1050	0.0730	-1.1780	-0.3820	0.4620	-0.2380	0.0170
P6	1.7260	-2.1470	0.0000	1.6370	-0.0180	0.0020	-0.0910	0.2780	0.0170	-0.5070	0.0000	0.0000	-0.0920	-1.3110	0.0200	-0.5460	-1.8040	0.2320	1.0360	0.5390	0.0130
P7	2.8460	-0.8870	0.0000	-1.2500	0.0000	0.0000	-0.0690	0.0000	0.0000	-0.0010	0.0000	0.0000	0.0000	-1.4810	0.0000	0.0000	-0.0530	0.0000	0.8940	0.0000	0.0000
P4	2.6380	-3.7940	0.0000	0.1870	-0.0230	-0.0030	-0.0670	0.5590	-0.0520	-3.9510	0.0000	0.0000	-0.1430	-3.4530	0.0430	0.1780	-1.5960	-0.2720	1.0020	0.8750	-0.0310
P5	0.7580	-1.9430	0.0000	2.0750	0.0000	0.0000	-0.0360	0.0000	0.0000	-1.7760	0.0000	0.0000	0.0000	-1.4580	0.0000	0.0000	-1.4970	0.0000	0.3240	0.0000	0.0000
H10	1.9990	-7.3890	0.0000	3.9410	-0.0460	0.0050	-0.6890	0.3910	0.1640	-1.0720	0.0000	0.0000	-0.2760	-1.4740	-0.2940	-0.4460	1.2830	0.9910	-0.0140	0.8710	-0.0920
H11	1.4910	-4.8960	0.0000	3.4000	-0.0430	0.0000	-0.0010	-0.0550	-0.0170	-3.4540	0.0000	0.0000	0.0510	-1.1410	-0.0670	0.1690	-1.2630	-0.5410	-0.5950	0.0300	0.0240
H12	2.7000	-6.2700	0.0000	5.5330	0.0000	0.0000	-0.0980	0.0000	0.0000	-1.2110	0.0000	0.0000	0.0000	-2.3850	0.0000	0.0000	-1.0700	0.0000	0.3770	0.0000	0.0000
P9	0.6880	-2.9010	0.0000	2.4480	0.0000	0.0000	-0.0210	0.0000	0.0000	-2.9430	0.0000	0.0000	0.0000	-1.4630	0.0000	0.0000	-1.7190	0.0000	0.0270	0.0000	0.0000
F12	5.5640	-0.8010	0.0000	0.2520	-0.0930	0.0250	-0.1040	-0.0660	-0.0220	0.2730	0.0000	0.0000	0.0030	-1.0780	0.0160	0.4350	-4.7920	-1.1760	1.1890	0.8800	0.0410
F10	2.1320	-0.7800	0.0000	-0.4800	0.0000	0.0000	-0.0190	0.0000	0.0000	-0.1450	0.0000	0.0000	0.0000	-1.2070	0.0000	0.0000	-0.6900	0.0000	0.9000	0.0000	0.0000
F11	1.4660	-1.4570	0.0000	4.8300	-0.0960	0.0130	-0.0780	-0.0680	0.0200	-0.9270	0.0000	0.0000	-0.0180	-1.0670	-0.0080	0.3440	-5.8630	-0.8850	0.9480	0.9440	0.0510
N12	0.3590	1.3960	0.0000	0.7380	-0.0160	0.0000	-0.0400	-0.0040	0.0200	1.6670	0.0000	0.0000	-0.0060	-1.3780	-0.0020	0.1840	-0.0660	-0.0480	0.5150	0.0320	-0.0180
H8	0.0260	0.8800	0.0000	0.9560	-0.0840	0.0020	0.1990	0.5470	0.1060	1.3640	0.0000	0.0000	-0.1240	0.0540	0.0530	-0.0970	-0.1190	-1.6250	0.7840	-0.2250	0.0280
H9	0.8420	0.0170	0.0000	3.5090	-0.0050	0.0030	0.0260	0.3110	0.0620	0.2790	0.0000	0.0000	-0.0500	-1.4250	0.0190	-0.1450	-4.7610	-0.3640	1.2210	1.0060	0.0150
H6	-0.2940	-0.1940	0.0000	1.1410	0.0010	0.0010	0.0560	0.0280	-0.0050	-1.3700	0.0000	0.0000	-0.0030	-1.4320	0.0000	0.0000	-0.8180	-0.0250	0.1790	0.0110	-0.0150
H7	0.2430	2.8780	0.0000	-1.4330	0.0000	0.0000	-0.0310	0.0000	0.0000	1.4590	0.0000	0.0000	0.0000	0.0280	0.0000	0.0000	-0.8000	0.0000	0.5750	0.0000	0.0000
H4	0.5420	3.0740	0.0000	-2.6550	0.0000	0.0000	0.0130	0.0000	0.0000	0.8580	0.0000	0.0000	0.0000	-0.0340	0.0000	0.0000	-0.3500	0.0000	0.2650	0.0000	0.0000
H5	-0.0290	-0.4950	0.0000	0.7210	-0.0080	0.0010	0.0580	0.2980	0.1390	-1.4970	0.0000	0.0000	-0.0690	-1.4250	0.0190	-0.2500	-1.1820	-0.2980	0.6480	0.4000	-0.0230
D10	0.3670	2.6100	0.0000	1.0370	0.0000	0.0000	-0.1050	0.0000	0.0000	2.8100	0.0000	0.0000	0.0000	-1.1910	0.0000	0.0000	-0.9250	0.0000	1.0150	0.0000	0.0000
D11	-0.1540	2.4810	0.0000	-1.3700	-0.1350	0.0120	-0.0030	-0.0450	0.0520	-0.3030	0.0000	0.0000	0.0100	-1.1770	-0.0730	0.0860	1.8470	-1.4620	0.4160	-0.8250	0.0370
D12	2.1610	1.1160	0.0000	-0.1380	0.0000	0.0000	-0.1080	0.0000	0.0000	1.7000	0.0000	0.0000	0.0000	-1.1540	0.0000	0.0000	-1.0250	0.0000	0.8510	0.0000	0.0000
B12	5.7930	-2.5350	0.0000	-1.4360	0.1200	0.0000	-0.1270	-0.0240	0.0110	2.4640	0.0000	0.0000	0.0060	-1.3250	0.0470	0.0850	-1.3310	0.9320	1.4700	0.7360	0.0430
B10	6.9630	-2.7690	0.0000	-0.7520	-0.0370	0.0050	-0.3420	-0.0670	-0.0300	0.5930	0.0000	0.0000	-0.0150	-0.8730	0.0360	0.1960	-4.0550	0.2530	1.4030	0.6410	0.0400
B11	4.8220	-2.6940	0.0000	-1.1070	0.0000	0.0000	-0.0970	0.0000	0.0000	0.3820	0.0000	0.0000	0.0000	-1.1100	0.0000	0.0000	-0.1850	0.0000	0.7510	0.0000	0.0000
Q8	1.8730	-2.1230	0.0000	3.4140	0.0000	0.0000	-0.0980	0.0000	0.0000	-1.5610	0.0000	0.0000	0.0000	-1.4460	0.0000	0.0000	-3.1680	0.0000	-0.0140	0.0000	0.0000
Q9	0.9290	-1.8410	0.0000	1.4040	0.0000	0.0000	-0.0090	0.0000	0.0000	-2.0160	0.0000	0.0000	0.0000	-1.4260	0.0000	0.0000	-1.0950	0.0000	0.0190	0.0000	0.0000
C9	0.3480	4.1800	0.0000	0.8130	0.0000	0.0000	-0.0970	0.0000	0.0000	4.1430	0.0000	0.0000	0.0000	-1.1710	0.0000	0.0000	-0.8560	0.0000	0.9260	0.0000	0.0000
C8	0.8560	0.8600	0.0000	-1.2650	-0.0020	-0.0020	-0.0510	-0.0220	0.0310	-2.0450	0.0000	0.0000	0.0000	-1.2220	-0.0050	0.0010	-1.7900	0.0060	0.6130	-0.0450	-0.0090
Q11	3.0850	-2.2270	0.0000	-1.6780	0.0000	0.0000	-0.0190	0.0000	0.0000	-2.8550	0.0000	0.0000	0.0000	-1.4640	0.0000	0.0000	-1.0330	0.0000	0.4840	0.0000	0.0000
Q10	2.6560	-4.3950	0.0000	-1.0370	0.0500	-0.0320	0.1000	0.4920	0.0950	-3.8950	0.0000	0.0000	-0.1400	-3.0290	0.0650	-0.4580	2.5690	-0.8020	-0.0980	0.1610	-0.0920
Q12	3.1680	-2.0140	0.0000	-1.0010	-0.0920	0.0110	-0.0040	-0.2320	-0.0880	-3.0230	0.0000	0.0000	-0.0020	-3.1210	-0.0210	0.3900	-0.3850	0.5780	0.3890	-0.6490	0.0500
C3	4.4920	-0.6300	0.0000	0.2500	-0.1000	0.0170	-0.0700	-0.1490	-0.0190	0.9310	0.0000	0.0000	0.0090	-0.6800	0.0410	0.4470	-3.6310	-1.3050	1.2370	0.9490	0.0780
C2	5.3460	-3.4020	0.0000	-1.3600	0.0000	0.0000	-0.0860	0.0000	0.0000	-0.8140	0.0000	0.0000	0.0000	-0.6650	0.0000	0.0000	-0.6450	0.0000	0.0000	0.0000	0.0000
C1	1.0010	-0.5420	0.0000	-0.8350	-0.0290	0.0020	-0.0810	-0.0440	-0.0320	0.4420	0.0000	0.0000	-0.0160	-1.2100	0.0200	-0.0670	2.2840	-0.0610	0.7380	-0.7470	0.0610
C7	-0.7150	5.1920	0.0000	5.5400	-0.1250	0.0110	-0.0670	-0.0660	0.0110	5.3230	0.0000	0.0000	0.0010	-1.1120	-0.0820	0.3740	-4.6090	-1.3270	1.3210	0.8950	0.0800
C6	-0.5530	6.1020	0.0000	-0.3990	-0.1200	0.0180	-0.0430	-0.1090	0.0420	3.7530	0.0000	0.0000	0.0050	-1.2030	-0.0600	0.2990	-0.2130	-1.4750	1.1630	0.2500	0.0470
C5	-0.1100	4.1870	0.0000	0.3690	0.0000	0.0000	-0.0440	0.0000	0.0000	2.1050	0.0000	0.0000	0.0000	-1.1710	0.0000	0.0000	-1.8130	0.0000	0.6890	0.0000	0.0000
C4	0.9270	1.2680	0.0000	3.8700	-0.0370	-0.0020	0.0250	0.0140	0.0240	-0.2030	0.0000	0.0000	0.0000	-1.2110	-0.0900	0.1480	-6.1550	-0.3010	0.7020	0.6210	-0.0050
N10	-0.6470	1.6930	0.0000	-0.6520	-0.0120	-0.0080	0.1250	0.3110	0.1500	1.1060	0.0000	0.0000	-0.0490	-1.1280	0.0020	-0.4110	2.5320	-0.8790	0.3100	-0.1950	-0.0370
N8	0.5480	-1.4880	0.0000	1.0530	0.0000	0.0000	-0.0170	0.0000	0.0000	-2.4200	0.0000	0.0000	0.0000	-1.1550	0.0000	0.0000	-0.7270	0.0000	-0.6340	0.0000	0.0000
N9	0.2840	-0.8970	0.0000	1.5280	0.0020	0.0220	-0.0140	-0.0730	0.0760	0.1590	0.0000	0.0000	-0.0280	-1.1830	-0.0100	-0.2180	3.0100	-0.1020	-0.3530	-1.8720	-0.0140
N11	1.4210	-0.8900	0.0000	-1.8800	0.0000	0.0000	0.0130	0.0000	0.0000	-2.5600	0.0000	0.0000	0.0000	-1.6100	0.0000	0.0000	-0.4510	0.0000	0.8380	0.0000	0.0000
G12	1.0520	-0.5640	0.0000	0.7380	-0.0830	0.0160	-0.0930	-0.0490	0.0010	0.1800	0.0000	0.0000	-0.0090	-0.9800	0.0320	0.1720	-0.7350	-0.7690	1.1320	0.2680	0.0520
G11	3.0720	-0.5320	0.0000	1.1470	-0.0090	0.0040	-0.0440	-0.0260	-0.1730	4.7920	0.0000	0.0000	-0.0420	-0.4060	-0.0860	0.1910	-0.3780	-0.1680	1.8330	0.2390	0.1710
G10	0.5870	4.6460	0.0000	2.3510	-0.0120	0.0080	-0.0820	-0.0630	0.0220	6.2690	0.0000	0.0000	-0.0270	-1.1320	0.0590	0.0610	-1.0250	-0.0980	1.0370	-0.1460	0.0840
F1	0.1970	2.3630	0.0000	5.0240	-0.1180	0.0170	-0.0950	-0.0470	0.0260	2.1550	0.0000	0.0000	0.0050	-1.0600	-0.0840	0.3800	-5.2440	-1.2240	1.0110	0.9400	0.0640
F2	0.9580	2.7220	0.0000	-0.4440	0.0000	0.0000	-0.1410	0.0000	0.0000	2.7430	0.0000	0.0000	0.0000	-1.1960	0.0000	0.0000	-0.6190	0.0000	1.4630	0.0000	0.0000
F3	0.4500	2.3940	0.0000	0.5540	0.0000	0.0000	-0.1160	0.0000	0.0000	2.6190	0.0000	0.0000	0.0000	-1.1940	0.0000	0.0000	-0.7430	0.0000	1.2730	0.0000	0.0000
F4	5.6680	-1.2210	0.0000	-1.9420	0.0710	0.0020	-0.0750	0.0200	-0.0130	2.7070	0.0000	0.0000	0.0320	-0.9740	0.0040	0.0220	-0.3740	0.6840	0.7550	0.0080	0.0400
F5	-0.9890	3.7100	0.0000	2.8010	-0.1010	0.0120	0.1620	-0.0080	0.0410	-0.5640	0.0000	0.0000	0.0210	-0.8810	-0.1030	0.3680	-5.5260	-1.7560	0.8410	0.8560	-0.0130
F6	-0.5310	4.4560	0.0000	-3.6200	-0.1230	0.0210	-0.0520	-0.0610	0.0020	1.0300	0.0000	0.0000	0.0400	-1.2300	-0.0660	0.1040	3.3430	-1.5250	0.9730	-0.7440	0.0430
F7	0.7190	2.4700	0.0000	-1.9320	0.0000	0.0000	-0.0850	0.0000	0.0000	-0.4660	0.0000	0.0000	0.0000	-1.1940	0.0000	0.0000	-1.6320	0.0000	1.1890	0.0000	0.0000
F8	1.4710	3.1400	0.0000	-1.5580	0.0000	0.0000	-0.0930	0.0000	0.0000	1.9880	0.0000	0.0000	0.0000	-1.1810	0.0000	0.0000	-0.8660	0.0000	1.0730	0.0000	0.0000
F9	3.0140	-0.6490	0.0000	0.6640	0.0000	0.0000	-0.0690	0.0000	0.0000	0.5580	0.0000	0.0000	0.0000	-1.1910	0.0000	0.0000	-1.5450	0.0000	0.3340	0.0000	0.0000
Q1	1.3790	-0.2910	0.0000	3.8490	-0.0120	0.0090	0.0410	0.0380	-0.1020	2.3650	0.0000	0.0000	0.0220	-1.4810	-0.0210	-0.3580	-1.8900	0.2280	0.6300	0.3550	-0.0320
Q3	0.4360	-1.8650	0.0000	2.0900	-0.0150	0.0020	-0.0670	0.3240	0.0340	-1.7810	0.0000	0.0000	-0.0570	-1.3590	0.0120	-0.4450	-1.5980	-0.4170	0.8140	0.3320	-0.0030
Q2	1.1180	-1.7800	0.0000	1.6850	0.0000	0.0000	0.0080	0.0000	0.0000	-1.6640	0.0000	0.0000	0.0000	-1.5140	0.0000	0.0000	-1.1330	0.0000	-0.0480	0.0000	0.0000
Q5	4.7210	-4.1010	0.0000	-0.1490	0.0510	0.0030	-0.0250	0.5300	0.0170	-2.0580	0.0000	0.0000	-0.1790	-3.4250	0.0790	-0.1140	-1.5740	0.8050	0.7860	0.6080	-0.0940
Q4	0.6270	-2.8220	0.0000	2.1010	-0.0490	0.0120	-0.1980	-0.0280	-0.0130	-4.1160	0.0000	0.0000	-0.0070	-1.6600	-0.0800	0.2670	-2.2550	-0.0730	0.0970	-0.0250	-0.0100
Q7	5.4830	-7.3830	0.0000	-0.9350	0.0000	0.0000	-0.0730	0.0000	0.0000	-5.1590	0.0000	0.0000	0.0000	-1.6700	0.0000	0.0000	-1.1000	0.0000	0.5200	0.0000	0.0000
Q6	2.3570	-3.3820	0.0000	-7.9980	0.0710	0.0040	0.0180	0.3700	0.0810	-4.5600	0.0000	0.0000	0.1000	-1.6050	0.0480	-0.5090	4.3750	0.1330	1.0000	0.3870	-0.0120
E11	-0.7040	4.4820	0.0000	-0.3350	-0.1320	0.0250	0.1520	-0.0910	-0.0160	3.1460	0.0000	0.0000	0.0300	-0.8820	-0.0680	0.1070	2.6760	-1.8600	0.3520	-0.6400	0.0530
E10	3.8950	-1.1620	0.0000	-1.9010	0.0000	0.0000	0.0540	0.0000	0.0000	-0.2050	0.0000	0.0000	0.0000	-0.6390	0.0000	0.0000	-0.8960	0.0000	0.4450	0.0000	0.0000
E12	0.8150	2.7950	0.0000	2.5430	-0.0020	-0.0020	-0.1260	0.0030	0.0320	5.5240	0.0000	0.0000	0.0010	-1.1420	0.0040	-0.0060	-0.4240	-0.0490	1.0630	0.0190	0.0000
C12	0.5000	2.8040	0.0000	-1.6270	-0.0330	0.0100	-0.0730	-0.0800	-0.0510	2.1730	0.0000	0.0000	-0.0210	-1.1980	0.0350	-0.1010	2.1960	0.0800	0.4620	-0.7880	0.0580
C11	0.7930	2.8880	0.0000	-0.6560	0.0000	0.0000	-0.0720	0.0000	0.0000	0.9350	0.0000	0.0000	0.0000	-1.2170	0.0000	0.0000	-1.6800	0.0000	0.8780	0.0000	0.0000
C10	-0.3430	3.4620	0.0000	2.6120	-0.1360	0.0130	-0.0520	-0.0960	0.0070	1.9150	0.0000	0.0000	0.0200	-1.1530	-0.0630	0.2580	-1.8890	-1.5360	0.6090	0.1390	0.0620
A11	0.0670	0.2880	0.0000	2.9140	-0.0110	0.0220	0.1680	0.4200	0.1150	-1.4640	0.0000	0.0000	-0.1200	-1.0340	0.0250	0.1660	-5.0870	-1.0540	0.4630	1.2030	-0.0080
A10	4.2260	-0.1620	0.0000	-0.9220	0.0000	0.0000	-0.1620	0.0000	0.0000	1.9780	0.0000	0.0000	0.0000	-1.0510	0.0000	0.0000	-0.9140	0.0000	0.9610	0.0000	0.0000
A12	0.3800	0.8030	0.0000	3.0530	-0.0660	0.0020	0.0430	0.0160	-0.2100	1.1120	0.0000	0.0000	0.0840	-1.5430	-0.0650	-0.5790	-1.4170	-0.5690	0.7030	0.4640	0.0150
A1	1.8610	-1.0310	0.0000	-0.1510	0.0000	0.0000	-0.0540	0.0000	0.0000	-2.4740	0.0000	0.0000	0.0000	-1.4180	0.0000	0.0000	-1.7450	0.0000	0.0640	0.0000	0.0000
A3	0.1090	-0.1880	0.0000	0.3960	-0.0140	0.0060	0.0290	0.2870	0.0860	-1.5610	0.0000	0.0000	-0.0810	-1.4070	0.0240	-0.1730	-1.4020	-0.3130	0.7400	0.3670	-0.0260
A2	-0.3490	-0.9200	0.0000	2.6020	-0.0100	0.0430	0.1550	0.3100	0.0710	-0.4520	0.0000	0.0000	-0.0360	-1.3190	0.0350	-0.5580	-0.8800	-0.6020	0.7980	0.1980	0.0110
A5	1.3220	-1.1460	0.0000	-2.9720	-0.0550	0.0180	-0.2170	0.2860	0.0070	-1.6140	0.0000	0.0000	-0.0590	-1.6260	-0.0500	-0.4770	2.7460	-0.0380	0.9690	-0.3200	-0.0080
A4	0.9600	0.7460	0.0000	3.8460	-0.0070	-0.0070	0.1290	-0.1710	0.1070	4.0570	0.0000	0.0000	-0.0060	-1.0400	-0.2700	-0.0180	0.0870	-1.0180	0.5210	0.0620	0.1360
A7	2.9310	-3.8960	0.0000	0.5070	-0.0250	-0.0020	-0.0310	0.4770	0.4170	-2.9230	0.0000	0.0000	-0.4980	-1.3430	-0.0050	-0.3310	-3.1310	0.4720	0.5950	1.0400	-0.1010
A6	0.0750	-0.9440	0.0000	2.6750	-0.0160	0.0370	-0.0620	0.2780	0.0730	-0.7910	0.0000	0.0000	-0.0480	-1.4930	0.0210	-0.4380	-1.6190	-0.3940	0.8180	0.2470	0.0010
A9	0.8050	-1.6720	0.0000	2.5970	0.0000	0.0000	-0.0100	0.0000	0.0000	-0.6160	0.0000	0.0000	0.0000	-1.4130	0.0000	0.0000	-0.6980	0.0000	-0.2250	0.0000	0.0000
A8	-0.5030	-1.3880	0.0000	6.9700	-0.0500	-0.0080	0.1310	0.1760	-0.0050	-1.7360	0.0000	0.0000	-0.0790	-1.1960	0.0690	-0.2640	-5.0340	-1.4170	1.1630	-0.2100	-0.0910
D8	-0.3910	3.5060	0.0000	2.3360	-0.0970	0.0230	-0.0630	-0.0010	-0.0270	3.3990	0.0000	0.0000	0.0070	-1.1960	0.0190	0.2620	-1.2580	-1.0290	0.9800	0.2760	0.0480
D9	0.3450	2.4750	0.0000	3.3590	-0.0800	0.0170	-0.1360	-0.0820	-0.0840	1.7000	0.0000	0.0000	0.0190	-1.1300	0.0140	0.4030	-5.1630	-0.8640	1.4170	1.1030	0.0890
D6	1.1080	2.5780	0.0000	-1.0320	0.0000	0.0000	-0.1390	0.0000	0.0000	2.0190	0.0000	0.0000	0.0000	-1.1880	0.0000	0.0000	-0.7770	0.0000	1.4700	0.0000	0.0000
D7	0.1420	2.8410	0.0000	4.0350	-0.1150	0.0200	-0.1240	-0.0640	0.0370	1.6010	0.0000	0.0000	0.0210	-1.1070	-0.0950	0.3910	-5.4500	-1.1770	1.2650	0.9250	0.0550
D4	4.8720	-1.8190	0.0000	-1.9970	0.0000	0.0000	-0.0740	0.0000	0.0000	0.4770	0.0000	0.0000	0.0000	-0.4790	0.0000	0.0000	-0.7730	0.0000	0.7460	0.0000	0.0000
D5	3.8110	-0.0710	0.0000	-1.1700	-0.0820	0.0120	-0.0250	-0.0500	-0.0170	2.4820	0.0000	0.0000	0.0170	-0.5330	-0.0130	0.2250	-0.2010	-0.8350	1.0280	0.3270	0.0600
D2	-1.6120	4.2850	0.0000	0.9710	-0.1190	0.0190	-0.0730	-0.0660	0.0200	1.5210	0.0000	0.0000	0.0280	-1.1380	-0.0880	0.2080	-0.9140	-1.3910	1.1250	0.1840	0.0840
D3	4.0530	-0.2530	0.0000	-1.5840	-0.0180	0.0000	-0.2030	-0.0350	-0.0370	2.1500	0.0000	0.0000	-0.0200	-0.8790	0.0200	0.0070	-0.6000	0.4120	1.2040	0.0020	0.0780
D1	-0.7310	4.1260	0.0000	3.4030	-0.1410	0.0100	-0.0530	-0.1070	-0.0440	3.7150	0.0000	0.0000	0.0010	-1.1640	-0.0590	0.2550	-1.1080	-1.7280	0.7960	0.2030	0.0580
