MUT	fa_rep:	ref:	fa_atr:	hbond_sc:	fa_sol:	yhh_planarity:	dslf_fa13:	fa_intra_sol_xover4:	omega:	p_aa_pp:	TOT	sugar_bb:	fa_intra_rep:	hbond_lr_bb:	hbond_sr_bb:	hbond_bb_sc:	fa_elec:	cart_bonded:	lk_ball_wtd:	fa_dun:	rama_prepro:
G7	4.7700	-72.8310	0.0000	52.4830	0.0000	0.0000	-3.5990	0.0000	0.0000	-42.4790	0.0000	0.0000	0.0000	-3.0040	0.0000	0.0000	-12.2420	0.0000	-8.0560	0.0000	0.0000
G6	4.4390	-72.4800	0.0000	54.9910	0.0000	0.0000	-3.5480	0.0000	0.0000	-40.0520	0.0000	0.0000	0.0000	-3.4970	0.0000	0.0000	-12.4490	0.0000	-7.5070	0.0000	0.0000
G5	4.1740	-73.0790	0.0000	53.9940	0.0000	0.0000	-3.6170	0.0000	0.0000	-41.6510	0.0000	0.0000	0.0000	-3.3090	0.0000	0.0000	-12.2430	0.0000	-7.5710	0.0000	0.0000
G4	4.6050	-68.0100	0.0000	48.5260	0.0000	0.0000	-3.5900	0.0000	0.0000	-41.6440	0.0000	0.0000	0.0000	-3.0140	0.0000	0.0000	-13.4700	0.0000	-6.6920	0.0000	0.0000
G3	6.2020	-75.6620	0.0000	49.4160	0.0830	0.1110	-3.5930	-0.2610	0.0350	-46.0880	0.0000	0.0000	0.0200	-1.5920	0.0610	0.0900	-11.8270	-0.1630	-8.4170	-0.8650	0.2740
G2	7.4500	-76.3830	0.0000	51.3180	0.0000	0.0000	-3.6230	0.0000	0.0000	-44.2800	0.0000	0.0000	0.0000	-2.9940	0.0000	0.0000	-12.1150	0.0000	-7.9320	0.0000	0.0000
G1	4.4240	-72.9310	0.0000	53.3950	-0.0080	0.0030	-3.5850	0.0030	0.0260	-42.0160	0.0000	0.0000	0.0060	-2.9840	-0.0010	0.0010	-12.3330	0.0990	-8.1130	-0.0130	-0.0050
G9	4.5370	-72.2880	0.0000	52.1970	0.0000	0.0000	-3.5430	0.0000	0.0000	-42.3460	0.0000	0.0000	0.0000	-3.1440	0.0000	0.0000	-12.1700	0.0000	-7.9370	0.0000	0.0000
G8	4.6280	-72.6880	0.0000	52.8120	0.0000	0.0000	-3.5930	0.0000	0.0000	-42.2430	0.0000	0.0000	0.0000	-3.1760	0.0000	0.0000	-12.1820	0.0000	-8.0440	0.0000	0.0000
N6	4.6360	-75.3400	0.0000	55.8330	0.0000	0.0000	-2.6860	0.0000	0.0000	-39.8060	0.0000	0.0000	0.0000	-2.2770	0.0000	0.0000	-11.2440	0.0000	-8.7280	0.0000	0.0000
N7	4.6370	-75.5940	0.0000	55.9690	0.0180	0.0000	-2.6680	0.0120	-0.0030	-40.1100	0.0000	0.0000	-0.0130	-2.3120	-0.0040	0.0200	-11.1790	-0.0580	-8.9100	-0.0280	0.0030
B4	6.5640	-78.6690	0.0000	56.6090	0.0000	0.0000	-2.6890	0.0000	0.0000	-41.6490	0.0000	0.0000	0.0000	-2.8730	0.0000	0.0000	-11.7160	0.0000	-8.8750	0.0000	0.0000
B5	4.5540	-77.0500	0.0000	54.8450	0.0000	0.0000	-2.4770	0.0000	0.0000	-44.6300	0.0000	0.0000	0.0000	-3.7950	0.0000	0.0000	-12.3810	0.0000	-8.3260	0.0000	0.0000
B6	6.7270	-77.6670	0.0000	54.7830	0.0000	0.0000	-2.7430	0.0000	0.0000	-43.4370	0.0000	0.0000	0.0000	-3.6820	0.0000	0.0000	-12.3360	0.0000	-8.5200	0.0000	0.0000
B7	5.5640	-73.7520	0.0000	50.5980	0.0000	0.0000	-3.4890	0.0000	0.0000	-43.9530	0.0000	0.0000	0.0000	-3.0760	0.0000	0.0000	-12.7360	0.0000	-7.0640	0.0000	0.0000
B1	3.8930	-73.6050	0.0000	50.6840	0.0000	0.0000	-3.3570	0.0000	0.0000	-44.5310	0.0000	0.0000	0.0000	-2.1770	0.0000	0.0000	-11.9980	0.0000	-7.9700	0.0000	0.0000
B2	6.7230	-72.9750	0.0000	48.7870	0.0000	0.0000	-3.6350	0.0000	0.0000	-43.1550	0.0000	0.0000	0.0000	-2.2190	0.0000	0.0000	-12.4720	0.0000	-7.3640	0.0000	0.0000
B3	5.4800	-79.1870	0.0000	56.2650	0.0020	0.0010	-2.7830	-0.0190	0.0040	-43.4320	0.0000	0.0000	0.0000	-3.2420	-0.0080	0.0010	-11.9720	0.1140	-8.0870	0.0010	-0.0040
B8	6.6420	-78.0580	0.0000	53.9610	0.0000	0.0000	-2.7290	0.0000	0.0000	-44.4860	0.0000	0.0000	0.0000	-3.7020	0.0000	0.0000	-12.2760	0.0000	-8.3250	0.0000	0.0000
B9	5.7500	-72.4980	0.0000	51.4550	0.0000	0.0000	-3.6560	0.0000	0.0000	-41.7960	0.0000	0.0000	0.0000	-2.8280	0.0000	0.0000	-12.9870	0.0000	-7.0320	0.0000	0.0000
N5	4.8380	-77.9950	0.0000	55.2540	0.0000	0.0000	-2.8580	0.0000	0.0000	-42.7930	0.0000	0.0000	0.0000	-2.2500	0.0000	0.0000	-11.5270	0.0000	-8.2550	0.0000	0.0000
P10	3.6880	-78.5860	0.0000	56.1830	0.0000	0.0000	-2.6540	0.0000	0.0000	-45.6750	0.0000	0.0000	0.0000	-3.4760	0.0000	0.0000	-12.3460	0.0000	-8.4830	0.0000	0.0000
P11	3.8980	-78.2990	0.0000	54.3640	0.0000	0.0000	-2.6820	0.0000	0.0000	-45.7710	0.0000	0.0000	0.0000	-2.2360	0.0000	0.0000	-12.1040	0.0000	-8.7100	0.0000	0.0000
P12	3.7660	-77.7640	0.0000	54.9780	0.0000	0.0000	-2.6720	0.0000	0.0000	-45.0120	0.0000	0.0000	0.0000	-2.2350	0.0000	0.0000	-12.2320	0.0000	-8.8520	0.0000	0.0000
E9	4.9720	-74.0000	0.0000	52.7830	0.0000	0.0000	-3.6010	0.0000	0.0000	-43.1760	0.0000	0.0000	0.0000	-2.9730	0.0000	0.0000	-12.3950	0.0000	-7.9630	0.0000	0.0000
E8	4.5570	-72.5630	0.0000	53.7260	0.0000	0.0000	-3.5400	0.0000	0.0000	-40.9770	0.0000	0.0000	0.0000	-3.0930	0.0000	0.0000	-12.1370	0.0000	-7.9260	0.0000	0.0000
E5	4.6470	-72.9220	0.0000	52.9470	0.0000	0.0000	-3.5420	0.0000	0.0000	-42.1550	0.0000	0.0000	0.0000	-3.1240	0.0000	0.0000	-12.1770	0.0000	-7.9850	0.0000	0.0000
E4	4.4700	-72.0560	0.0000	52.8790	0.0000	0.0000	-3.5920	0.0000	0.0000	-41.6980	0.0000	0.0000	0.0000	-2.9790	0.0000	0.0000	-12.3380	0.0000	-8.0800	0.0000	0.0000
E7	6.3020	-73.5010	0.0000	50.7450	0.0000	0.0000	-3.5150	0.0000	0.0000	-42.9300	0.0000	0.0000	0.0000	-2.8870	0.0000	0.0000	-12.3320	0.0000	-7.7390	0.0000	0.0000
E6	6.1620	-73.9100	0.0000	50.5380	0.0000	0.0000	-3.4820	0.0000	0.0000	-43.7520	0.0000	0.0000	0.0000	-2.8570	0.0000	0.0000	-12.7710	0.0000	-7.4300	0.0000	0.0000
E1	4.8350	-74.1200	0.0000	53.4410	0.0000	0.0000	-3.6010	0.0000	0.0000	-42.8940	0.0000	0.0000	0.0000	-2.9750	0.0000	0.0000	-12.3630	0.0000	-8.1090	0.0000	0.0000
P8	3.6330	-77.8510	0.0000	57.5310	0.0000	0.0000	-2.6640	0.0000	0.0000	-43.5610	0.0000	0.0000	0.0000	-3.4630	0.0000	0.0000	-12.1700	0.0000	-8.5780	0.0000	0.0000
E3	7.8190	-77.9050	0.0000	53.9880	0.0000	0.0000	-2.7590	0.0000	0.0000	-43.2440	0.0000	0.0000	0.0000	-3.7560	0.0000	0.0000	-12.3240	0.0000	-8.3070	0.0000	0.0000
E2	7.4180	-77.6840	0.0000	53.8850	0.0000	0.0000	-2.7660	0.0000	0.0000	-43.4840	0.0000	0.0000	0.0000	-3.7260	0.0000	0.0000	-12.3720	0.0000	-8.2400	0.0000	0.0000
P2	3.3450	-78.8280	0.0000	59.0270	-0.6170	-0.0320	-2.7460	-0.2730	-0.0280	-45.2950	0.0000	0.0000	-0.0030	-4.3130	-0.1170	-0.4000	-12.5660	-0.5480	-8.8760	2.4600	-0.7830
P3	5.2010	-80.1370	0.0000	56.0120	0.0000	0.0000	-2.6770	0.0000	0.0000	-45.8490	0.0000	0.0000	0.0000	-3.5220	0.0000	0.0000	-12.2810	0.0000	-8.4450	0.0000	0.0000
P1	6.4370	-78.5180	0.0000	56.0880	0.0000	0.0000	-2.7060	0.0000	0.0000	-44.0460	0.0000	0.0000	0.0000	-4.9270	0.0000	0.0000	-12.4180	0.0000	-8.0020	0.0000	0.0000
P6	4.5780	-78.5010	0.0000	55.1150	0.0000	0.0000	-2.4620	0.0000	0.0000	-45.8020	0.0000	0.0000	0.0000	-3.8030	0.0000	0.0000	-12.2920	0.0000	-8.4370	0.0000	0.0000
P7	4.5960	-79.2730	0.0000	56.1710	0.0000	0.0000	-2.4040	0.0000	0.0000	-46.6940	0.0000	0.0000	0.0000	-4.9800	0.0000	0.0000	-12.6900	0.0000	-8.1140	0.0000	0.0000
P4	5.1330	-79.6110	0.0000	56.6200	0.0000	0.0000	-2.4090	0.0000	0.0000	-46.2820	0.0000	0.0000	0.0000	-4.9880	0.0000	0.0000	-12.8360	0.0000	-8.1890	0.0000	0.0000
P5	4.2890	-79.0890	0.0000	57.0500	0.0000	0.0000	-2.6410	0.0000	0.0000	-44.5920	0.0000	0.0000	0.0000	-3.2500	0.0000	0.0000	-12.2880	0.0000	-8.6630	0.0000	0.0000
H10	5.1740	-81.6120	0.0000	58.6440	0.0000	0.0000	-2.5840	0.0000	0.0000	-45.1720	0.0000	0.0000	0.0000	-3.7960	0.0000	0.0000	-12.0370	0.0000	-8.9630	0.0000	0.0000
H11	5.3930	-81.5640	0.0000	58.4290	0.0000	0.0000	-2.5790	0.0000	0.0000	-45.1280	0.0000	0.0000	0.0000	-3.8540	0.0000	0.0000	-12.0510	0.0000	-8.9040	0.0000	0.0000
H12	5.6980	-82.8380	0.0000	59.6770	0.0000	0.0000	-2.5890	0.0000	0.0000	-44.6310	0.0000	0.0000	0.0000	-3.6290	0.0000	0.0000	-11.9330	0.0000	-9.0170	0.0000	0.0000
P9	3.5930	-78.2810	0.0000	56.9390	0.0000	0.0000	-2.6750	0.0000	0.0000	-44.8000	0.0000	0.0000	0.0000	-3.4720	0.0000	0.0000	-12.4040	0.0000	-8.5000	0.0000	0.0000
F12	7.2410	-76.5660	0.0000	50.8200	0.0000	0.0000	-3.6030	0.0000	0.0000	-45.0400	0.0000	0.0000	0.0000	-2.7730	0.0000	0.0000	-12.3610	0.0000	-7.7970	0.0000	0.0000
F10	7.5010	-73.8410	0.0000	49.4470	0.0710	0.0930	-3.6380	-0.0860	-0.0520	-43.0420	0.0000	0.0000	-0.0860	-1.8240	0.1040	-0.0520	-11.6630	0.2930	-8.2290	-1.2820	0.2020
F11	5.9990	-73.8740	0.0000	50.1580	0.0590	0.0410	-3.6310	-0.1690	-0.0300	-44.5000	0.0000	0.0000	-0.0380	-1.8950	0.0880	0.0380	-11.5200	-0.2050	-8.2640	-1.5340	0.2780
N12	5.1310	-75.3810	0.0000	54.9930	0.0000	0.0000	-2.6940	0.0050	-0.0240	-40.0580	0.0000	0.0000	0.0000	-2.2830	-0.0040	0.0060	-11.1990	0.0810	-8.6580	-0.0350	0.0050
H8	4.8290	-75.3660	0.0000	55.1800	0.0000	0.0000	-2.6590	0.0000	0.0000	-40.2350	0.0000	0.0000	0.0000	-2.2760	0.0000	0.0000	-11.3250	0.0000	-8.6190	0.0000	0.0000
H9	4.9110	-75.6370	0.0000	55.2660	0.0000	0.0000	-2.6720	0.0000	0.0000	-40.2790	0.0000	0.0000	0.0000	-2.2760	0.0000	0.0000	-11.1860	0.0000	-8.6860	0.0000	0.0000
H6	5.0690	-76.0030	0.0000	55.3800	0.0000	0.0000	-2.6890	0.0000	0.0000	-40.4440	0.0000	0.0000	0.0000	-2.2760	0.0000	0.0000	-11.2610	0.0000	-8.6640	0.0000	0.0000
H7	3.5070	-76.3380	0.0000	55.3790	0.0330	-0.0010	-2.6620	0.0000	-0.0230	-43.3520	0.0000	0.0000	0.0030	-2.2420	-0.0010	0.0080	-12.2450	0.0570	-8.8600	0.0240	0.0070
H4	3.3320	-72.6710	0.0000	51.1740	0.0000	0.0000	-3.2940	0.0000	0.0000	-43.5880	0.0000	0.0000	0.0000	-2.1600	0.0000	0.0000	-12.1210	0.0000	-7.8490	0.0000	0.0000
H5	3.9410	-77.1590	0.0000	55.5530	0.0000	0.0000	-2.6830	0.0000	0.0000	-43.5390	0.0000	0.0000	0.0000	-2.2460	0.0000	0.0000	-12.1880	0.0000	-8.7560	0.0000	0.0000
D10	4.9910	-74.3930	0.0000	53.1080	0.0000	0.0000	-3.6070	0.0000	0.0000	-43.1490	0.0000	0.0000	0.0000	-3.0460	0.0000	0.0000	-12.1780	0.0000	-8.0230	0.0000	0.0000
D11	4.8320	-73.6030	0.0000	52.3580	0.0000	0.0000	-3.5850	0.0000	0.0000	-43.5080	0.0000	0.0000	0.0000	-2.9820	0.0000	0.0000	-12.3920	0.0000	-8.1370	0.0000	0.0000
D12	6.2120	-72.8330	0.0000	50.1540	0.0000	0.0000	-3.4510	0.0000	0.0000	-43.1590	0.0000	0.0000	0.0000	-3.0350	0.0000	0.0000	-12.7390	0.0000	-7.4660	0.0000	0.0000
B12	6.4140	-77.1200	0.0000	55.0510	0.0000	0.0000	-2.7290	0.0000	0.0000	-43.1490	0.0000	0.0000	0.0000	-3.6950	0.0000	0.0000	-12.4530	0.0000	-8.6170	0.0000	0.0000
B10	6.3430	-74.2600	0.0000	53.5200	0.0000	0.0000	-3.6330	0.0000	0.0000	-43.1950	0.0000	0.0000	0.0000	-3.7720	0.0000	0.0000	-14.1520	0.0000	-7.2410	0.0000	0.0000
B11	7.6130	-77.9130	0.0000	54.7860	0.0000	0.0000	-2.7600	0.0000	0.0000	-42.7230	0.0000	0.0000	0.0000	-3.7100	0.0000	0.0000	-12.2970	0.0000	-8.4440	0.0000	0.0000
Q8	4.2970	-78.7820	0.0000	56.4840	0.0000	0.0000	-2.9270	0.0000	0.0000	-48.2250	0.0000	0.0000	0.0000	-5.3290	0.0000	0.0000	-13.9150	0.0000	-8.0530	0.0000	0.0000
Q9	5.0590	-76.4430	0.0000	55.0200	0.0040	0.0000	-2.6930	-0.0120	0.0030	-41.3970	0.0000	0.0000	0.0060	-2.2640	0.0100	0.0020	-11.2300	0.0160	-8.8340	-0.0490	0.0080
C9	4.4960	-71.9960	0.0000	52.4590	0.0000	0.0000	-3.5480	0.0000	0.0000	-41.7230	0.0000	0.0000	0.0000	-3.0670	0.0000	0.0000	-12.1490	0.0000	-7.9170	0.0000	0.0000
C8	5.0630	-74.2840	0.0000	52.7530	0.0000	0.0000	-3.5980	0.0000	0.0000	-43.3800	0.0000	0.0000	0.0000	-3.0050	0.0000	0.0000	-12.4100	0.0000	-7.9000	0.0000	0.0000
Q11	5.7870	-77.1710	0.0000	54.0740	0.0000	0.0000	-2.7190	0.0000	0.0000	-42.4160	0.0000	0.0000	0.0000	-2.3140	0.0000	0.0000	-11.3260	0.0000	-8.7480	0.0000	0.0000
Q10	5.9540	-78.6850	0.0000	57.2040	0.0000	0.0000	-2.7030	0.0000	0.0000	-43.7080	0.0000	0.0000	0.0000	-5.0140	0.0000	0.0000	-12.2420	0.0000	-8.2210	0.0000	0.0000
Q12	4.3550	-78.7530	0.0000	56.1010	0.0000	0.0000	-2.6030	0.0000	0.0000	-46.0590	0.0000	0.0000	0.0000	-3.8910	0.0000	0.0000	-12.4480	0.0000	-8.8200	0.0000	0.0000
C3	7.2970	-72.5960	0.0000	50.9310	0.0000	0.0000	-3.6170	0.0000	0.0000	-40.3420	0.0000	0.0000	0.0000	-2.5950	0.0000	0.0000	-12.9650	0.0000	-6.7970	0.0000	0.0000
C2	6.5690	-77.7230	0.0000	54.5920	0.0000	0.0000	-2.7370	0.0000	0.0000	-43.8840	0.0000	0.0000	0.0000	-3.6850	0.0000	0.0000	-12.3400	0.0000	-8.5590	0.0000	0.0000
C1	6.2490	-73.3200	0.0000	52.9100	0.0000	0.0000	-3.6380	0.0000	0.0000	-42.4510	0.0000	0.0000	0.0000	-3.1420	0.0000	0.0000	-14.3090	0.0000	-7.2000	0.0000	0.0000
C7	3.9110	-71.6580	0.0000	54.6500	0.0020	-0.0010	-3.5770	-0.1050	0.0670	-40.0340	0.0000	0.0000	-0.0240	-3.3110	0.0000	-0.0030	-12.2150	-0.0760	-7.6180	-0.0650	-0.0100
C6	4.1540	-72.4500	0.0000	54.4380	-0.0010	0.0010	-3.6100	0.0040	-0.0200	-40.7430	0.0000	0.0000	0.0260	-3.3680	0.0000	0.0100	-12.2120	-0.0220	-7.5920	-0.1180	0.0180
C5	4.3170	-71.4400	0.0000	52.0880	0.0080	0.0010	-3.6110	0.0450	-0.0440	-41.3470	0.0000	0.0000	-0.1180	-3.0000	-0.0370	0.0450	-11.8980	0.7890	-8.0740	-0.3740	-0.0430
C4	4.0510	-71.2590	0.0000	53.9490	-0.0260	-0.0430	-3.5900	0.0380	-0.0660	-41.5070	0.0000	0.0000	0.0390	-4.3760	-0.0720	-0.0240	-14.1290	0.3120	-7.0660	0.8390	-0.0850
N10	4.9270	-75.4270	0.0000	56.2240	0.0000	0.0000	-2.6980	0.0000	0.0000	-39.4240	0.0000	0.0000	0.0000	-2.2920	0.0000	0.0000	-11.2720	0.0000	-8.8850	0.0000	0.0000
N8	4.6090	-76.3530	0.0000	54.7010	0.0000	0.0000	-3.6780	0.0000	0.0000	-43.4700	0.0000	0.0000	0.0000	-2.2680	0.0000	0.0000	-11.7560	0.0000	-8.7250	0.0000	0.0000
N9	4.1850	-74.8880	0.0000	54.3900	0.0000	0.0000	-3.4980	0.0000	0.0000	-43.0940	0.0000	0.0000	0.0000	-2.3030	0.0000	0.0000	-12.2780	0.0000	-8.7040	0.0000	0.0000
N11	5.2810	-75.9470	0.0000	54.7480	0.0000	0.0000	-2.6840	0.0000	0.0000	-40.7470	0.0000	0.0000	0.0000	-2.2700	0.0000	0.0000	-11.2910	0.0000	-8.5840	0.0000	0.0000
G12	6.8440	-77.2870	0.0000	53.0810	0.3810	-0.0010	-3.6620	0.0640	0.0200	-43.9900	0.0000	0.0000	-0.0080	-3.1840	-0.0380	-0.1810	-11.9730	0.0520	-7.9670	-0.0710	-0.0590
G11	7.3900	-76.6490	0.0000	51.2570	0.0000	0.0000	-3.6260	0.0000	0.0000	-45.5640	0.0000	0.0000	0.0000	-3.2820	0.0000	0.0000	-12.7090	0.0000	-7.9460	0.0000	0.0000
G10	4.6520	-72.7420	0.0000	52.7020	0.0000	0.0000	-3.5880	0.0000	0.0000	-42.4430	0.0000	0.0000	0.0000	-3.2030	0.0000	0.0000	-12.2010	0.0000	-8.0640	0.0000	0.0000
F1	6.4350	-73.3450	0.0000	51.0060	0.0000	0.0000	-3.4930	0.0000	0.0000	-42.2020	0.0000	0.0000	0.0000	-2.7850	0.0000	0.0000	-12.6580	0.0000	-7.3620	0.0000	0.0000
F2	6.4270	-74.4350	0.0000	50.5440	0.0000	0.0000	-3.5420	0.0000	0.0000	-44.0140	0.0000	0.0000	0.0000	-2.8720	0.0000	0.0000	-12.8000	0.0000	-7.3350	0.0000	0.0000
F3	4.8310	-73.5870	0.0000	52.9290	0.0000	0.0000	-3.5900	0.0000	0.0000	-42.7880	0.0000	0.0000	0.0000	-2.9730	0.0000	0.0000	-12.4260	0.0000	-7.9720	0.0000	0.0000
F4	6.7000	-77.7960	0.0000	54.5090	0.0000	0.0000	-2.7420	0.0000	0.0000	-43.8380	0.0000	0.0000	0.0000	-3.7000	0.0000	0.0000	-12.3940	0.0000	-8.4130	0.0000	0.0000
F5	4.8240	-73.1460	0.0000	52.8550	0.0000	0.0000	-3.5870	0.0000	0.0000	-42.6010	0.0000	0.0000	0.0000	-3.0190	0.0000	0.0000	-12.3550	0.0000	-8.1750	0.0000	0.0000
F6	4.8320	-73.8740	0.0000	53.2490	0.0000	0.0000	-3.6000	0.0000	0.0000	-42.8750	0.0000	0.0000	0.0000	-2.9990	0.0000	0.0000	-12.3360	0.0000	-8.1450	0.0000	0.0000
F7	6.5670	-74.4500	0.0000	50.2400	0.0000	0.0000	-3.4840	0.0000	0.0000	-44.1610	0.0000	0.0000	0.0000	-2.8420	0.0000	0.0000	-12.7600	0.0000	-7.4320	0.0000	0.0000
F8	6.3120	-73.0080	0.0000	50.7540	0.0000	0.0000	-3.4430	0.0000	0.0000	-42.4850	0.0000	0.0000	0.0000	-2.8680	0.0000	0.0000	-12.7430	0.0000	-7.4890	0.0000	0.0000
F9	6.3150	-73.3560	0.0000	52.8810	0.0000	0.0000	-3.6500	0.0000	0.0000	-42.4820	0.0000	0.0000	0.0000	-3.1420	0.0000	0.0000	-14.3140	0.0000	-7.2160	0.0000	0.0000
Q1	5.0740	-75.9450	0.0000	55.6710	-0.0050	0.0000	-2.6720	-0.0150	-0.0110	-40.3140	0.0000	0.0000	0.0070	-2.2850	0.0130	0.0060	-11.2660	0.0600	-8.8430	-0.1020	0.0000
Q3	4.6870	-74.7860	0.0000	54.2210	-0.0080	-0.0170	-2.7620	0.0050	-0.0090	-40.6700	0.0000	0.0000	0.0200	-1.4860	0.0020	0.0580	-9.3770	-0.8270	-9.1520	-1.2200	-0.0200
Q2	4.9700	-75.7700	0.0000	55.0040	0.0000	0.0000	-2.6830	0.0000	0.0000	-40.6280	0.0000	0.0000	0.0000	-2.2730	0.0000	0.0000	-11.1130	0.0000	-8.7630	0.0000	0.0000
Q5	3.7070	-79.3190	0.0000	58.3320	-0.6080	-0.0330	-2.7710	-0.3070	-0.0190	-45.4230	0.0000	0.0000	-0.0270	-4.3000	0.0330	-0.3810	-12.1780	-0.2760	-8.8430	2.3980	-0.8290
Q4	3.7790	-77.8480	0.0000	55.1310	0.0000	0.0000	-2.6830	0.0000	0.0000	-44.8540	0.0000	0.0000	0.0000	-2.2410	0.0000	0.0000	-12.2050	0.0000	-8.7850	0.0000	0.0000
Q7	7.1810	-79.6540	0.0000	54.7990	0.0000	0.0000	-2.7970	0.0000	0.0000	-44.6250	0.0000	0.0000	0.0000	-3.6150	0.0000	0.0000	-11.8200	0.0000	-8.7210	0.0000	0.0000
Q6	7.8390	-77.7990	0.0000	53.6730	0.0000	0.0000	-2.7680	0.0000	0.0000	-42.9710	0.0000	0.0000	0.0000	-3.5500	0.0000	0.0000	-11.8870	0.0000	-8.4790	0.0000	0.0000
E11	4.7480	-72.9420	0.0000	52.8200	0.0000	0.0000	-3.5980	0.0000	0.0000	-42.2450	0.0000	0.0000	0.0000	-2.9750	0.0000	0.0000	-12.2380	0.0000	-8.0590	0.0000	0.0000
E10	6.9460	-77.6450	0.0000	54.9880	0.0000	0.0000	-2.7200	0.0000	0.0000	-42.9240	0.0000	0.0000	0.0000	-3.7370	0.0000	0.0000	-12.2900	0.0000	-8.4660	0.0000	0.0000
E12	4.4650	-72.5930	0.0000	53.7790	0.0000	0.0000	-3.5450	0.0000	0.0000	-41.1010	0.0000	0.0000	0.0000	-3.0920	0.0000	0.0000	-12.1770	0.0000	-7.9370	0.0000	0.0000
C12	5.6250	-73.4100	0.0000	51.1130	0.0000	0.0000	-3.4450	0.0000	0.0000	-42.9340	0.0000	0.0000	0.0000	-2.8080	0.0000	0.0000	-12.3000	0.0000	-7.7090	0.0000	0.0000
C11	5.8500	-73.6630	0.0000	50.3400	0.0000	0.0000	-3.4620	0.0000	0.0000	-43.8930	0.0000	0.0000	0.0000	-3.0180	0.0000	0.0000	-12.7500	0.0000	-7.1890	0.0000	0.0000
C10	4.8490	-73.5270	0.0000	53.1410	0.0000	0.0000	-3.5990	0.0000	0.0000	-42.3220	0.0000	0.0000	0.0000	-2.9830	0.0000	0.0000	-12.2460	0.0000	-7.9570	0.0000	0.0000
A11	3.6810	-77.6990	0.0000	57.0940	0.0000	0.0000	-2.6610	0.0000	0.0000	-43.9170	0.0000	0.0000	0.0000	-3.4870	0.0000	0.0000	-12.3650	0.0000	-8.4800	0.0000	0.0000
A10	9.3200	-74.9050	0.0000	51.5260	0.0000	0.0000	-3.6260	0.0000	0.0000	-42.5870	0.0000	0.0000	0.0000	-3.2260	0.0000	0.0000	-14.6080	0.0000	-7.0680	0.0000	0.0000
A12	4.7840	-76.9430	0.0000	54.8000	0.0000	0.0000	-2.4800	0.0000	0.0000	-44.1140	0.0000	0.0000	0.0000	-3.7740	0.0000	0.0000	-12.2420	0.0000	-8.2590	0.0000	0.0000
A1	3.6540	-79.0150	0.0000	56.5360	0.0000	0.0000	-2.6720	0.0000	0.0000	-46.1220	0.0000	0.0000	0.0000	-3.4850	0.0000	0.0000	-12.5010	0.0000	-8.6410	0.0000	0.0000
A3	4.9710	-76.0080	0.0000	55.1740	0.0000	0.0000	-2.6890	0.0000	0.0000	-40.7290	0.0000	0.0000	0.0000	-2.2730	0.0000	0.0000	-11.1970	0.0000	-8.7080	0.0000	0.0000
A2	4.9720	-75.4940	0.0000	56.0420	0.0000	0.0000	-2.6970	0.0000	0.0000	-39.6320	0.0000	0.0000	0.0000	-2.2840	0.0000	0.0000	-11.2240	0.0000	-8.9480	0.0000	0.0000
A5	3.9690	-78.6420	0.0000	55.1140	0.0000	0.0000	-2.6830	0.0000	0.0000	-45.5690	0.0000	0.0000	0.0000	-2.2360	0.0000	0.0000	-12.1810	0.0000	-8.9100	0.0000	0.0000
A4	3.9720	-77.9040	0.0000	56.5150	0.0000	0.0000	-2.6700	0.0000	0.0000	-44.3630	0.0000	0.0000	0.0000	-3.5280	0.0000	0.0000	-12.2210	0.0000	-8.5250	0.0000	0.0000
A7	4.3810	-79.6510	0.0000	56.4670	0.0000	0.0000	-2.7010	0.0000	0.0000	-45.0130	0.0000	0.0000	0.0000	-2.1580	0.0000	0.0000	-12.2440	0.0000	-9.1060	0.0000	0.0000
A6	4.4180	-76.8910	0.0000	55.6930	0.0000	0.0000	-2.4760	0.0000	0.0000	-43.7420	0.0000	0.0000	0.0000	-3.7980	0.0000	0.0000	-12.3770	0.0000	-8.3100	0.0000	0.0000
A9	5.5990	-79.2080	0.0000	60.3320	0.0000	0.0000	-2.8340	0.0000	0.0000	-41.7620	0.0000	0.0000	0.0000	-5.2060	0.0000	0.0000	-11.9550	0.0000	-8.4900	0.0000	0.0000
A8	4.5530	-77.2950	0.0000	56.5380	0.0000	0.0000	-2.4200	0.0000	0.0000	-44.5790	0.0000	0.0000	0.0000	-5.0130	0.0000	0.0000	-12.7820	0.0000	-8.1610	0.0000	0.0000
D8	4.8480	-73.7650	0.0000	53.8830	0.0000	0.0000	-3.6000	0.0000	0.0000	-41.9740	0.0000	0.0000	0.0000	-2.9950	0.0000	0.0000	-12.3150	0.0000	-8.0320	0.0000	0.0000
D9	5.1200	-74.5490	0.0000	52.7260	0.0000	0.0000	-3.6060	0.0000	0.0000	-43.5800	0.0000	0.0000	0.0000	-2.9990	0.0000	0.0000	-12.3790	0.0000	-7.8910	0.0000	0.0000
D6	6.2430	-73.9930	0.0000	50.5100	0.0000	0.0000	-3.4760	0.0000	0.0000	-43.6480	0.0000	0.0000	0.0000	-2.8190	0.0000	0.0000	-12.6870	0.0000	-7.4260	0.0000	0.0000
D7	6.2350	-72.9890	0.0000	50.7110	0.0000	0.0000	-3.4500	0.0000	0.0000	-42.4320	0.0000	0.0000	0.0000	-2.8190	0.0000	0.0000	-12.6380	0.0000	-7.4810	0.0000	0.0000
D4	5.7440	-73.8010	0.0000	51.3030	0.0000	0.0000	-3.6580	0.0000	0.0000	-42.9520	0.0000	0.0000	0.0000	-2.4990	0.0000	0.0000	-12.3010	0.0000	-7.7420	0.0000	0.0000
D5	7.4780	-71.6850	0.0000	51.0760	0.0000	0.0000	-3.6550	0.0000	0.0000	-39.2430	0.0000	0.0000	0.0000	-2.4770	0.0000	0.0000	-13.1420	0.0000	-6.8380	0.0000	0.0000
D2	4.9930	-73.9770	0.0000	52.6180	0.0000	0.0000	-3.6100	0.0000	0.0000	-43.2640	0.0000	0.0000	0.0000	-2.9750	0.0000	0.0000	-12.4020	0.0000	-7.9110	0.0000	0.0000
D3	7.2830	-72.5830	0.0000	50.9350	0.0000	0.0000	-3.6200	0.0000	0.0000	-40.3290	0.0000	0.0000	0.0000	-2.5760	0.0000	0.0000	-12.9930	0.0000	-6.7760	0.0000	0.0000
D1	4.7520	-72.6860	0.0000	53.6440	0.0000	0.0000	-3.5390	0.0000	0.0000	-40.9600	0.0000	0.0000	0.0000	-3.1000	0.0000	0.0000	-12.1440	0.0000	-7.8870	0.0000	0.0000
