MUT	fa_rep:	ref:	fa_atr:	hbond_sc:	fa_sol:	yhh_planarity:	dslf_fa13:	fa_intra_sol_xover4:	omega:	p_aa_pp:	TOT	sugar_bb:	fa_intra_rep:	hbond_lr_bb:	hbond_sr_bb:	hbond_bb_sc:	fa_elec:	cart_bonded:	lk_ball_wtd:	fa_dun:	rama_prepro:
G7	6.4170	-81.4570	0.0000	59.4270	0.0010	0.0020	-2.8470	-0.0040	0.0100	-41.6920	0.0000	0.0000	-0.0010	-2.7880	-0.0020	-0.0150	-12.5700	0.0390	-7.9290	0.0200	0.0050
G6	5.3000	-81.0870	0.0000	59.2060	0.0000	0.0000	-3.6100	0.0000	0.0000	-43.4430	0.0000	0.0000	0.0000	-3.6660	0.0000	0.0000	-11.9350	0.0000	-7.6510	0.0000	0.0000
G5	5.8960	-81.3980	0.0000	59.0910	0.1310	-0.0030	-3.6460	-0.0980	-0.0430	-43.5860	0.0000	0.0000	-0.0890	-3.6570	0.1260	0.0340	-12.7870	0.2730	-7.4590	-0.0330	0.0750
G4	9.7710	-89.6320	0.0000	59.1460	-0.0160	0.0010	-3.6210	-0.0250	0.0030	-48.4840	0.0000	0.0000	-0.0150	-3.1060	0.0040	-0.0300	-13.6850	0.1490	-7.3880	0.0060	-0.0480
G3	8.9370	-87.8930	0.0000	60.2770	0.0000	0.0000	-3.6620	0.0000	0.0000	-46.8250	0.0000	0.0000	0.0000	-2.2820	0.0000	0.0000	-13.8160	0.0000	-8.3860	0.0000	0.0000
G2	7.0570	-86.3050	0.0000	60.6550	0.0000	0.0000	-3.6840	0.0000	0.0000	-46.2380	0.0000	0.0000	0.0000	-3.0010	0.0000	0.0000	-13.3590	0.0000	-7.6020	0.0000	0.0000
G1	7.2570	-85.3970	0.0000	60.2550	0.0000	0.0000	-2.8640	0.0000	0.0000	-44.4540	0.0000	0.0000	0.0000	-2.3580	0.0000	0.0000	-12.9350	0.0000	-8.4110	0.0000	0.0000
G9	6.3830	-82.6590	0.0000	59.1320	0.0000	0.0000	-3.6520	0.0000	0.0000	-44.3960	0.0000	0.0000	0.0000	-3.1870	0.0000	0.0000	-12.8120	0.0000	-7.6010	0.0000	0.0000
G8	4.6630	-80.0830	0.0000	60.1380	0.0000	0.0000	-2.8550	0.0000	0.0000	-41.2950	0.0000	0.0000	0.0000	-2.2830	0.0000	0.0000	-12.6860	0.0000	-8.1890	0.0000	0.0000
N6	4.2610	-86.1290	0.0000	64.4120	-0.1080	-0.0030	-2.8210	-0.0100	0.0190	-42.5430	0.0000	0.0000	-0.0470	-2.2910	0.0000	-0.0260	-10.6390	-0.4900	-9.0570	0.3840	0.0040
N7	5.2620	-84.4030	0.0000	63.0620	0.0000	0.0000	-2.7970	0.0000	0.0000	-41.7990	0.0000	0.0000	0.0000	-2.3430	0.0000	0.0000	-11.8570	0.0000	-8.7250	0.0000	0.0000
B4	8.6850	-88.2780	0.0000	62.7120	0.0000	0.0000	-2.8930	0.0000	0.0000	-44.1510	0.0000	0.0000	0.0000	-3.0060	0.0000	0.0000	-12.9860	0.0000	-8.3840	0.0000	0.0000
B5	5.5610	-85.9250	0.0000	61.9250	0.0000	0.0000	-2.8210	0.0000	0.0000	-44.3550	0.0000	0.0000	0.0000	-2.3270	0.0000	0.0000	-11.6690	0.0000	-9.0980	0.0000	0.0000
B6	6.4410	-86.7330	0.0000	62.9270	0.0000	0.0000	-3.6660	0.0000	0.0000	-45.5740	0.0000	0.0000	0.0000	-2.3090	0.0000	0.0000	-13.8550	0.0000	-8.3800	0.0000	0.0000
B7	6.9660	-83.5300	0.0000	56.7840	0.0000	0.0000	-3.6520	0.0000	0.0000	-45.6220	0.0000	0.0000	0.0000	-2.1160	0.0000	0.0000	-13.0640	0.0000	-7.0110	0.0000	0.0000
B1	5.0550	-84.1420	0.0000	61.1710	0.0040	-0.0080	-3.4160	-0.0230	0.0670	-45.2630	0.0000	0.0000	-0.0200	-2.3610	-0.0070	-0.3780	-12.7860	0.3760	-8.5760	-0.2190	0.0010
B2	9.6760	-86.1010	0.0000	56.5970	-0.0170	0.0010	-3.6850	0.0240	-0.0050	-45.9390	0.0000	0.0000	0.0010	-2.3060	0.0000	-0.2850	-12.0640	0.2330	-7.8760	-0.0980	-0.0320
B3	7.0700	-87.3430	0.0000	63.6410	0.0000	0.0000	-2.8420	0.0000	0.0000	-43.0560	0.0000	0.0000	0.0000	-3.4830	0.0000	0.0000	-11.4890	0.0000	-8.6110	0.0000	0.0000
B8	5.9900	-83.8690	0.0000	59.3190	0.1390	-0.0110	-3.9640	0.0480	-0.0850	-45.4630	0.0000	0.0000	-0.0610	-1.9810	0.0310	-0.1460	-13.2670	0.6770	-8.4720	0.3830	-0.1950
B9	8.1680	-85.2730	0.0000	61.4830	-0.0030	-0.0020	-3.6310	-0.0220	0.0150	-44.7140	0.0000	0.0000	-0.0040	-3.3670	-0.0080	0.0080	-14.5700	0.3140	-7.6610	-0.1350	-0.0270
N5	6.4710	-83.6460	0.0000	60.5700	0.0000	0.0000	-3.6940	0.0000	0.0000	-43.9720	0.0000	0.0000	0.0000	-2.3120	0.0000	0.0000	-12.3670	0.0000	-8.9960	0.0000	0.0000
P10	5.6190	-87.9900	0.0000	65.1670	-0.0010	0.0000	-2.8140	-0.0010	0.0000	-44.5830	0.0000	0.0000	-0.0060	-3.7900	-0.0060	-0.0030	-12.1160	0.0310	-8.6680	-0.0160	0.0110
P11	5.8270	-86.2560	0.0000	60.9700	0.0000	0.0000	-2.8090	0.0000	0.0000	-44.7740	0.0000	0.0000	0.0000	-2.3460	0.0000	0.0000	-11.4190	0.0000	-8.7410	0.0000	0.0000
P12	5.7970	-86.6980	0.0000	62.6720	0.0000	0.0000	-2.8140	0.0000	0.0000	-44.2210	0.0000	0.0000	0.0000	-2.3400	0.0000	0.0000	-11.7590	0.0000	-9.0810	0.0000	0.0000
E9	7.7540	-84.6280	0.0000	60.0550	0.0000	0.0000	-3.5610	0.0000	0.0000	-44.3600	0.0000	0.0000	0.0000	-2.3220	0.0000	0.0000	-13.4180	0.0000	-8.2390	0.0000	0.0000
E8	6.4880	-83.8450	0.0000	61.8890	0.0000	0.0000	-3.5090	0.0000	0.0000	-43.3900	0.0000	0.0000	0.0000	-2.2960	0.0000	0.0000	-13.8200	0.0000	-8.2980	0.0000	0.0000
E5	7.0930	-85.0660	0.0000	60.5940	0.0000	0.0000	-2.8700	0.0000	0.0000	-43.9220	0.0000	0.0000	0.0000	-2.3590	0.0000	0.0000	-12.9930	0.0000	-8.3210	0.0000	0.0000
E4	5.7920	-83.6820	0.0000	60.0630	0.0000	0.0000	-2.8380	0.0000	0.0000	-44.2900	0.0000	0.0000	0.0000	-2.2750	0.0000	0.0000	-12.9530	0.0000	-8.3960	0.0000	0.0000
E7	7.2280	-84.0270	0.0000	59.7810	0.0000	0.0000	-3.6950	0.0000	0.0000	-43.9750	0.0000	0.0000	0.0000	-2.2770	0.0000	0.0000	-13.2500	0.0000	-7.7350	0.0000	0.0000
E6	8.0830	-85.8160	0.0000	59.9560	0.0000	0.0000	-3.6550	0.0000	0.0000	-45.0870	0.0000	0.0000	0.0000	-2.3120	0.0000	0.0000	-13.3520	0.0000	-7.9910	0.0000	0.0000
E1	7.9100	-85.7520	0.0000	60.2680	-0.0100	0.0070	-3.6050	-0.0370	-0.0640	-45.6340	0.0000	0.0000	-0.0250	-3.6370	0.0300	0.0570	-12.7400	0.4550	-8.2100	-0.3290	0.0450
P8	5.9610	-86.5100	0.0000	65.8400	0.0000	0.0000	-2.8100	0.0000	0.0000	-42.2450	0.0000	0.0000	0.0000	-3.5580	0.0000	0.0000	-12.3140	0.0000	-8.8540	0.0000	0.0000
E3	7.5130	-86.5270	0.0000	60.0300	0.0000	0.0000	-3.6820	0.0000	0.0000	-46.7930	0.0000	0.0000	0.0000	-2.3010	0.0000	0.0000	-13.5570	0.0000	-8.2710	0.0000	0.0000
E2	7.5400	-86.5980	0.0000	60.0880	0.0000	0.0000	-3.6810	0.0000	0.0000	-46.7880	0.0000	0.0000	0.0000	-2.3000	0.0000	0.0000	-13.5640	0.0000	-8.2720	0.0000	0.0000
P2	5.6230	-89.2900	0.0000	64.1880	-0.1330	0.0350	-2.9550	-0.0020	-0.1130	-45.3290	0.0000	0.0000	0.3480	-3.1560	-0.0880	-0.3040	-10.2830	-1.7670	-8.8400	1.9900	-0.5790
P3	5.7640	-89.0680	0.0000	65.3320	0.0000	0.0000	-2.8150	0.0000	0.0000	-45.6950	0.0000	0.0000	0.0000	-3.6370	0.0000	0.0000	-12.5280	0.0000	-8.7430	0.0000	0.0000
P1	5.2700	-88.7210	0.0000	64.4850	0.0000	0.0000	-2.7380	0.0000	0.0000	-46.8520	0.0000	0.0000	0.0000	-3.7110	0.0000	0.0000	-12.6030	0.0000	-8.8340	0.0000	0.0000
P6	5.8290	-86.4920	0.0000	62.5400	0.0000	0.0000	-2.7950	0.0000	0.0000	-43.5580	0.0000	0.0000	0.0000	-2.3370	0.0000	0.0000	-11.6720	0.0000	-8.6300	0.0000	0.0000
P7	5.7340	-88.2650	0.0000	64.8340	0.0100	0.0000	-2.8060	0.0050	0.0170	-44.8810	0.0000	0.0000	-0.0040	-3.8690	0.0020	0.0240	-12.0190	-0.0640	-8.4680	-0.0070	0.0000
P4	5.7610	-88.7270	0.0000	64.9300	0.0000	0.0000	-2.7980	0.0000	0.0000	-45.3790	0.0000	0.0000	0.0000	-3.5600	0.0000	0.0000	-12.3520	0.0000	-8.6340	0.0000	0.0000
P5	5.6860	-86.5120	0.0000	64.9580	0.0000	0.0000	-2.7820	0.0000	0.0000	-43.5000	0.0000	0.0000	0.0000	-3.5440	0.0000	0.0000	-12.3690	0.0000	-8.9370	0.0000	0.0000
H10	5.8930	-88.3150	0.0000	63.9710	-0.0700	0.0060	-2.6330	0.0210	-0.0010	-45.5180	0.0000	0.0000	-0.0320	-3.7140	0.0000	0.0310	-12.0000	0.1570	-8.8520	0.0120	0.0070
H11	6.2660	-87.6280	0.0000	63.4250	0.0310	-0.0310	-2.6510	0.0130	0.0070	-44.6360	0.0000	0.0000	0.0150	-3.5980	0.0010	0.0480	-10.9500	-0.3720	-9.1590	-0.0390	-0.0160
H12	7.0060	-92.3800	0.0000	67.3610	0.0000	0.0000	-2.6780	0.0000	0.0000	-47.0870	0.0000	0.0000	0.0000	-4.5780	0.0000	0.0000	-12.8150	0.0000	-9.0030	0.0000	0.0000
P9	5.4960	-87.3210	0.0000	65.3010	0.0000	0.0000	-2.8230	0.0000	0.0000	-43.9340	0.0000	0.0000	0.0000	-3.7750	0.0000	0.0000	-12.0720	0.0000	-8.7390	0.0000	0.0000
F12	9.8150	-90.3910	0.0000	59.6230	0.0000	0.0000	-3.6430	0.0000	0.0000	-48.3030	0.0000	0.0000	0.0000	-2.2980	0.0000	0.0000	-13.1270	0.0000	-8.2810	0.0000	0.0000
F10	7.7540	-87.4050	0.0000	60.4230	0.0710	0.0000	-3.6860	0.0090	0.0470	-46.6550	0.0000	0.0000	-0.0290	-2.2390	0.0000	-0.0510	-13.3460	0.0010	-8.1680	0.0110	-0.0460
F11	8.3550	-88.5930	0.0000	61.1320	0.0000	0.0000	-3.6770	0.0000	0.0000	-47.0400	0.0000	0.0000	0.0000	-2.3060	0.0000	0.0000	-13.7540	0.0000	-8.1950	0.0000	0.0000
N12	5.7900	-86.1380	0.0000	63.8730	0.0000	0.0000	-2.8180	0.0000	0.0000	-41.9540	0.0000	0.0000	0.0000	-2.3310	0.0000	0.0000	-11.7580	0.0000	-8.5730	0.0000	0.0000
H8	5.4800	-86.4470	0.0000	64.7490	0.0000	0.0000	-2.8170	0.0000	0.0000	-41.6760	0.0000	0.0000	0.0000	-2.3260	0.0000	0.0000	-11.7270	0.0000	-8.5880	0.0000	0.0000
H9	5.5790	-86.9370	0.0000	64.5310	0.0000	0.0000	-2.8230	0.0000	0.0000	-42.2940	0.0000	0.0000	0.0000	-2.3260	0.0000	0.0000	-11.7250	0.0000	-8.5900	0.0000	0.0000
H6	5.7800	-86.9680	0.0000	64.5170	0.0000	0.0000	-2.8330	0.0000	0.0000	-42.0400	0.0000	0.0000	0.0000	-2.3340	0.0000	0.0000	-11.6350	0.0000	-8.5670	0.0000	0.0000
H7	6.9260	-84.0400	0.0000	60.4380	0.0000	0.0000	-2.7970	0.0000	0.0000	-41.7920	0.0000	0.0000	0.0000	-2.3280	0.0000	0.0000	-11.3270	0.0000	-8.6620	0.0000	0.0000
H4	3.8330	-83.4720	0.0000	60.2360	0.0110	-0.0050	-2.7800	-0.0140	0.0450	-45.1810	0.0000	0.0000	-0.0630	-2.3700	-0.0100	0.0460	-12.1910	-0.0400	-8.4840	0.0770	0.0000
H5	4.9950	-84.4920	0.0000	60.8120	0.0000	0.0000	-2.8120	0.0000	0.0000	-44.1580	0.0000	0.0000	0.0000	-2.3430	0.0000	0.0000	-11.4970	0.0000	-8.8200	0.0000	0.0000
D10	6.3120	-85.7010	0.0000	60.1100	0.0000	0.0000	-3.6600	0.0000	0.0000	-46.8090	0.0000	0.0000	0.0000	-2.3050	0.0000	0.0000	-13.4790	0.0000	-8.0870	0.0000	0.0000
D11	6.9770	-84.0390	0.0000	58.0290	0.0070	-0.0010	-3.6720	0.0450	-0.0150	-46.0660	0.0000	0.0000	0.0040	-2.2180	-0.0010	0.0050	-13.1980	-0.0900	-7.9510	0.0440	0.0080
D12	7.5010	-85.7830	0.0000	59.2680	0.0000	0.0000	-3.6940	0.0000	0.0000	-46.2880	0.0000	0.0000	0.0000	-2.2780	0.0000	0.0000	-13.6440	0.0000	-7.6580	0.0000	0.0000
B12	8.7050	-85.9630	0.0000	62.4740	0.0000	0.0000	-3.6850	0.0000	0.0000	-43.9390	0.0000	0.0000	0.0000	-3.3250	0.0000	0.0000	-14.4520	0.0000	-7.6930	0.0000	0.0000
B10	8.4210	-86.6300	0.0000	61.9520	0.0000	0.0000	-3.6690	0.0000	0.0000	-44.7210	0.0000	0.0000	0.0000	-3.3630	0.0000	0.0000	-14.5640	0.0000	-6.8670	0.0000	0.0000
B11	6.9820	-86.7870	0.0000	61.7620	0.0000	0.0000	-3.6840	0.0000	0.0000	-46.0590	0.0000	0.0000	0.0000	-3.2630	0.0000	0.0000	-13.3630	0.0000	-7.7070	0.0000	0.0000
Q8	5.1520	-87.1010	0.0000	64.6950	0.0000	0.0000	-3.1770	0.0000	0.0000	-46.7150	0.0000	0.0000	0.0000	-3.8100	0.0000	0.0000	-13.6700	0.0000	-8.8020	0.0000	0.0000
Q9	6.2370	-85.9690	0.0000	62.2860	0.0000	0.0000	-2.7920	0.0000	0.0000	-42.7820	0.0000	0.0000	0.0000	-2.3450	0.0000	0.0000	-11.5680	0.0000	-8.6290	0.0000	0.0000
C9	5.7910	-82.5430	0.0000	59.1290	0.0000	0.0000	-2.8190	0.0000	0.0000	-43.9190	0.0000	0.0000	0.0000	-2.2840	0.0000	0.0000	-12.9610	0.0000	-8.2310	0.0000	0.0000
C8	7.2030	-85.9280	0.0000	59.3750	-0.0060	0.0060	-2.8570	0.0490	0.0210	-44.8830	0.0000	0.0000	0.0630	-2.2410	-0.0270	0.4550	-12.1880	-0.0770	-8.4450	-0.2920	0.0080
Q11	5.7850	-88.0670	0.0000	62.8160	0.0000	0.0000	-2.8210	0.0000	0.0000	-45.4800	0.0000	0.0000	0.0000	-2.3280	0.0000	0.0000	-11.7960	0.0000	-9.0690	0.0000	0.0000
Q10	5.6480	-89.2600	0.0000	64.2070	-0.1380	0.0350	-2.9660	-0.0200	-0.1270	-45.2960	0.0000	0.0000	0.3460	-3.1610	-0.0980	-0.2870	-10.3350	-1.6870	-8.8520	1.9940	-0.5960
Q12	10.3110	-89.6700	0.0000	64.5310	0.0000	0.0000	-2.8780	0.0000	0.0000	-41.5580	0.0000	0.0000	0.0000	-3.6940	0.0000	0.0000	-11.9970	0.0000	-8.1600	0.0000	0.0000
C3	8.5320	-85.3350	0.0000	61.3950	0.0000	0.0000	-3.6790	0.0000	0.0000	-44.2570	0.0000	0.0000	0.0000	-3.2070	0.0000	0.0000	-14.4110	0.0000	-7.5510	0.0000	0.0000
C2	8.3650	-85.4940	0.0000	61.3650	-0.0070	-0.0050	-3.6530	-0.0530	0.0010	-44.6730	0.0000	0.0000	0.0050	-3.3380	-0.0080	0.0010	-14.5260	0.3020	-7.5430	-0.0850	-0.0010
C1	8.0310	-86.1510	0.0000	61.6010	0.0000	0.0000	-3.6780	0.0000	0.0000	-45.0510	0.0000	0.0000	0.0000	-3.4040	0.0000	0.0000	-14.5850	0.0000	-6.8660	0.0000	0.0000
C7	5.5450	-81.2870	0.0000	61.0480	0.0000	0.0000	-3.6320	0.0000	0.0000	-41.8440	0.0000	0.0000	0.0000	-3.3040	0.0000	0.0000	-12.3850	0.0000	-7.8280	0.0000	0.0000
C6	5.5840	-81.9790	0.0000	60.6360	0.0000	0.0000	-3.6150	0.0000	0.0000	-42.8570	0.0000	0.0000	0.0000	-3.2560	0.0000	0.0000	-12.4520	0.0000	-7.7740	0.0000	0.0000
C5	5.7460	-83.5390	0.0000	59.3770	0.0000	0.0000	-2.8380	0.0000	0.0000	-44.8270	0.0000	0.0000	0.0000	-2.2670	0.0000	0.0000	-13.0290	0.0000	-8.2790	0.0000	0.0000
C4	6.3530	-82.4230	0.0000	59.7780	-0.0140	0.0010	-3.6710	0.0490	-0.0350	-44.0330	0.0000	0.0000	0.0420	-3.6310	-0.0300	-0.0100	-12.8000	0.0020	-7.6130	-0.0070	-0.0250
N10	6.6410	-84.5090	0.0000	62.0320	0.0000	0.0000	-2.7910	0.0000	0.0000	-40.8510	0.0000	0.0000	0.0000	-2.3340	0.0000	0.0000	-11.5610	0.0000	-8.3300	0.0000	0.0000
N8	6.5280	-85.6110	0.0000	61.0530	0.0000	0.0000	-3.6880	0.0000	0.0000	-45.1990	0.0000	0.0000	0.0000	-2.3220	0.0000	0.0000	-12.2960	0.0000	-8.8640	0.0000	0.0000
N9	6.6330	-85.6770	0.0000	61.1990	0.0000	0.0000	-3.6940	0.0000	0.0000	-44.8510	0.0000	0.0000	0.0000	-2.3140	0.0000	0.0000	-12.1550	0.0000	-8.8430	0.0000	0.0000
N11	7.2750	-87.6150	0.0000	60.5990	0.0000	0.0000	-2.8080	0.0000	0.0000	-46.9580	0.0000	0.0000	0.0000	-3.7280	0.0000	0.0000	-12.3100	0.0000	-8.3720	0.0000	0.0000
G12	6.5240	-85.3550	0.0000	60.2760	0.0000	0.0000	-3.6620	0.0000	0.0000	-46.0710	0.0000	0.0000	0.0000	-2.3190	0.0000	0.0000	-13.4250	0.0000	-8.1100	0.0000	0.0000
G11	7.6740	-85.2840	0.0000	61.3760	0.0000	0.0000	-3.6120	0.0000	0.0000	-44.0440	0.0000	0.0000	0.0000	-2.7390	0.0000	0.0000	-13.5230	0.0000	-7.9360	0.0000	0.0000
G10	7.6270	-80.6820	0.0000	59.7690	0.2080	-0.0060	-3.5260	-0.0050	-0.0150	-42.4840	0.0000	0.0000	-0.0590	-3.7690	0.0200	-0.2870	-13.4720	0.6250	-8.2390	-0.5980	-0.0760
F1	7.8910	-84.4200	0.0000	58.8440	0.0000	0.0000	-3.6820	0.0000	0.0000	-45.0670	0.0000	0.0000	0.0000	-2.2540	0.0000	0.0000	-13.6400	0.0000	-7.8060	0.0000	0.0000
F2	7.6360	-85.8170	0.0000	59.8860	0.0000	0.0010	-3.6170	0.0420	-0.0660	-45.3400	0.0000	0.0000	-0.0170	-2.3090	0.0010	0.0020	-13.2050	0.1100	-8.0280	0.0640	-0.0220
F3	7.5820	-84.6860	0.0000	59.7870	0.0000	0.0000	-3.6690	0.0000	0.0000	-44.4480	0.0000	0.0000	0.0000	-3.1300	0.0000	0.0000	-12.7190	0.0000	-7.6150	0.0000	0.0000
F4	8.2260	-86.5870	0.0000	62.0100	0.0000	0.0000	-3.6780	0.0000	0.0000	-44.2460	0.0000	0.0000	0.0000	-3.4420	0.0000	0.0000	-13.8190	0.0000	-6.9560	0.0000	0.0000
F5	6.2600	-85.4880	0.0000	59.3430	0.0000	0.0000	-2.8520	0.0000	0.0000	-46.2620	0.0000	0.0000	0.0000	-2.2750	0.0000	0.0000	-12.8590	0.0000	-8.3900	0.0000	0.0000
F6	7.2960	-86.1590	0.0000	60.1250	0.0000	0.0000	-2.8630	0.0000	0.0000	-45.1010	0.0000	0.0000	0.0000	-2.3590	0.0000	0.0000	-12.8040	0.0000	-8.3380	0.0000	0.0000
F7	7.9270	-86.0770	0.0000	59.8970	0.0000	0.0000	-3.6280	0.0000	0.0000	-45.6190	0.0000	0.0000	0.0000	-2.3160	0.0000	0.0000	-13.3890	0.0000	-8.0320	0.0000	0.0000
F8	7.8650	-85.7400	0.0000	59.7260	0.0000	0.0000	-3.6670	0.0000	0.0000	-45.6390	0.0000	0.0000	0.0000	-2.3180	0.0000	0.0000	-13.3400	0.0000	-8.1650	0.0000	0.0000
F9	8.3620	-86.4510	0.0000	61.3460	0.0000	0.0000	-3.6880	0.0000	0.0000	-45.5400	0.0000	0.0000	0.0000	-3.3860	0.0000	0.0000	-14.3880	0.0000	-7.3340	0.0000	0.0000
Q1	4.5420	-85.1670	0.0000	63.3470	0.2820	-0.0010	-2.8100	-0.0850	-0.0110	-42.6050	0.0000	0.0000	-0.0100	-2.2480	0.0310	0.0990	-10.8420	-0.6050	-9.0260	-0.0370	-0.0630
Q3	6.2630	-86.8600	0.0000	63.2770	0.0000	0.0000	-2.8060	0.0000	0.0000	-42.8560	0.0000	0.0000	0.0000	-2.3420	0.0000	0.0000	-11.7510	0.0000	-8.6370	0.0000	0.0000
Q2	6.2400	-86.1870	0.0000	62.7500	0.0000	0.0000	-2.8000	0.0000	0.0000	-42.4590	0.0000	0.0000	0.0000	-2.3430	0.0000	0.0000	-11.5790	0.0000	-8.5390	0.0000	0.0000
Q5	5.5080	-89.2140	0.0000	64.1720	-0.1280	0.0360	-2.9690	-0.0260	-0.1020	-45.3330	0.0000	0.0000	0.3470	-3.1670	-0.0880	-0.2960	-10.3050	-1.7320	-8.8630	2.0870	-0.5920
Q4	5.7770	-85.7840	0.0000	61.2740	0.0000	0.0000	-2.8110	0.0000	0.0000	-44.2550	0.0000	0.0000	0.0000	-2.3470	0.0000	0.0000	-11.4610	0.0000	-8.9020	0.0000	0.0000
Q7	8.8300	-91.1170	0.0000	63.4730	0.0000	0.0000	-2.7870	0.0000	0.0000	-43.7740	0.0000	0.0000	0.0000	-2.3170	0.0000	0.0000	-11.8640	0.0000	-7.9940	0.0000	0.0000
Q6	7.3710	-90.8310	0.0000	61.9090	0.0000	0.0000	-2.8020	0.0000	0.0000	-46.5700	0.0000	0.0000	0.0000	-2.2310	0.0000	0.0000	-11.7760	0.0000	-8.2090	0.0000	0.0000
E11	6.4010	-84.2460	0.0000	60.2200	0.0000	0.0000	-3.6190	0.0000	0.0000	-45.2400	0.0000	0.0000	0.0000	-2.1980	0.0000	0.0000	-13.7080	0.0000	-8.0910	0.0000	0.0000
E10	8.7360	-85.4580	0.0000	61.7840	0.0000	0.0000	-3.6810	0.0000	0.0000	-43.9600	0.0000	0.0000	0.0000	-3.2690	0.0000	0.0000	-14.4780	0.0000	-7.5960	0.0000	0.0000
E12	6.5430	-84.7130	0.0000	61.7270	0.0000	0.0000	-3.6180	0.0000	0.0000	-44.1230	0.0000	0.0000	0.0000	-2.2000	0.0000	0.0000	-13.7230	0.0000	-8.1380	0.0000	0.0000
C12	8.0420	-83.5000	0.0000	59.4890	0.0010	0.0010	-3.6630	0.0290	0.0080	-43.2070	0.0000	0.0000	0.0150	-2.3250	0.0000	-0.0190	-13.3320	0.0060	-7.9340	-0.0460	0.0210
C11	7.8130	-85.8410	0.0000	59.5210	0.0000	0.0000	-3.6790	0.0000	0.0000	-45.1390	0.0000	0.0000	0.0000	-2.2870	0.0000	0.0000	-13.0970	0.0000	-7.5690	0.0000	0.0000
C10	7.1020	-84.7550	0.0000	59.9840	0.0000	0.0000	-2.8670	0.0000	0.0000	-43.9750	0.0000	0.0000	0.0000	-2.3590	0.0000	0.0000	-12.8120	0.0000	-8.2700	0.0000	0.0000
A11	4.9150	-86.5270	0.0000	64.2990	0.0000	0.0000	-2.8040	0.0000	0.0000	-44.6540	0.0000	0.0000	0.0000	-3.6960	0.0000	0.0000	-12.0290	0.0000	-8.8120	0.0000	0.0000
A10	7.3720	-91.6730	0.0000	60.8910	0.0000	0.0000	-2.7340	0.0000	0.0000	-50.1570	0.0000	0.0000	0.0000	-2.2430	0.0000	0.0000	-12.1920	0.0000	-9.5780	0.0000	0.0000
A12	6.3200	-84.6920	0.0000	61.3360	0.0000	0.0000	-2.7920	0.0000	0.0000	-42.6190	0.0000	0.0000	0.0000	-2.3390	0.0000	0.0000	-11.7680	0.0000	-8.6850	0.0000	0.0000
A1	6.4300	-87.2450	0.0000	66.1680	0.0000	0.0000	-1.8250	0.0000	0.0000	-35.7890	0.0000	0.0000	0.0000	-1.8610	0.0000	0.0000	-9.0160	0.0000	-8.4410	0.0000	0.0000
A3	5.1520	-85.8790	0.0000	61.9150	0.0000	0.0000	-2.8290	0.0000	0.0000	-44.7590	0.0000	0.0000	0.0000	-2.3390	0.0000	0.0000	-11.7860	0.0000	-8.9920	0.0000	0.0000
A2	5.9340	-85.6790	0.0000	63.1090	-0.0050	-0.0010	-2.7940	0.0120	-0.0020	-42.0650	0.0000	0.0000	-0.0090	-2.3540	0.0000	-0.0080	-11.5790	0.0790	-8.7340	-0.0360	0.0030
A5	6.2080	-88.3090	0.0000	62.9940	0.0000	0.0000	-2.8220	0.0000	0.0000	-45.1770	0.0000	0.0000	0.0000	-2.3360	0.0000	0.0000	-11.7470	0.0000	-9.1670	0.0000	0.0000
A4	6.0290	-86.2830	0.0000	64.6020	0.0000	0.0000	-2.7990	0.0000	0.0000	-43.6950	0.0000	0.0000	0.0000	-3.4510	0.0000	0.0000	-12.6950	0.0000	-9.0990	0.0000	0.0000
A7	6.4470	-88.4070	0.0000	63.6750	-0.0040	-0.0020	-2.7270	-0.0030	0.0000	-44.0850	0.0000	0.0000	0.0000	-2.3940	0.0090	0.1320	-11.8830	0.2870	-9.1770	-0.0440	0.0040
A6	5.7790	-84.5830	0.0000	61.7080	0.0000	0.0000	-2.7950	0.0000	0.0000	-42.0760	0.0000	0.0000	0.0000	-2.3470	0.0000	0.0000	-11.2880	0.0000	-8.5490	0.0000	0.0000
A9	7.3650	-89.3610	0.0000	69.0210	0.0000	0.0000	-2.8160	0.0000	0.0000	-40.7840	0.0000	0.0000	0.0000	-3.8530	0.0000	0.0000	-12.2150	0.0000	-8.9230	0.0000	0.0000
A8	5.1460	-85.1950	0.0000	63.1170	0.0010	0.0000	-2.7950	0.0020	-0.0040	-44.3550	0.0000	0.0000	0.0000	-3.7900	0.0020	0.0010	-12.0150	0.0070	-8.8590	0.0270	-0.0030
D8	6.0580	-85.2460	0.0000	61.2520	0.0000	0.0000	-2.8560	0.0000	0.0000	-44.3190	0.0000	0.0000	0.0000	-2.2870	0.0000	0.0000	-13.0580	0.0000	-8.1820	0.0000	0.0000
D9	7.4100	-85.7680	0.0000	59.6880	-0.0030	-0.0040	-2.8820	-0.0090	-0.0120	-44.9780	0.0000	0.0000	-0.0070	-2.3320	-0.0010	-0.0130	-12.8720	0.0920	-8.2300	-0.0160	-0.0190
D6	8.2430	-85.2340	0.0000	59.7730	0.0000	0.0000	-3.6410	0.0000	0.0000	-44.6400	0.0000	0.0000	0.0000	-2.3140	0.0000	0.0000	-13.5040	0.0000	-7.9600	0.0000	0.0000
D7	6.5660	-84.3980	0.0000	60.2650	0.0000	0.0000	-3.4920	0.0000	0.0000	-45.2370	0.0000	0.0000	0.0000	-2.2270	0.0000	0.0000	-13.8300	0.0000	-8.1190	0.0000	0.0000
D4	8.5850	-86.0020	0.0000	61.5520	0.0000	0.0000	-3.6810	0.0000	0.0000	-44.8350	0.0000	0.0000	0.0000	-3.3460	0.0000	0.0000	-14.4810	0.0000	-7.4620	0.0000	0.0000
D5	7.6750	-86.6430	0.0000	61.3870	0.0000	0.0000	-3.6760	0.0000	0.0000	-45.6230	0.0000	0.0000	0.0000	-3.4460	0.0000	0.0000	-13.7350	0.0000	-7.1840	0.0000	0.0000
D2	8.0720	-83.8670	0.0000	59.3050	-0.0060	0.0020	-3.5270	0.0520	0.0030	-44.2790	0.0000	0.0000	-0.0160	-2.4090	-0.0100	-0.5010	-13.4680	0.2770	-8.2090	0.0410	-0.0190
D3	5.5480	-83.8240	0.0000	60.2910	-0.6840	0.0040	-3.5160	-0.0480	0.4240	-46.4190	0.0000	0.0000	0.0480	-3.4690	0.0160	0.9730	-13.6280	-1.4460	-6.6060	-0.1080	-0.3940
D1	6.1100	-83.1130	0.0000	60.6510	0.0000	0.0000	-2.8310	0.0000	0.0000	-42.6740	0.0000	0.0000	0.0000	-2.3420	0.0000	0.0000	-13.0090	0.0000	-8.1410	0.0000	0.0000
