MUT	fa_rep:	ref:	fa_atr:	hbond_sc:	fa_sol:	yhh_planarity:	dslf_fa13:	fa_intra_sol_xover4:	omega:	p_aa_pp:	TOT	sugar_bb:	fa_intra_rep:	hbond_lr_bb:	hbond_sr_bb:	hbond_bb_sc:	fa_elec:	cart_bonded:	lk_ball_wtd:	fa_dun:	rama_prepro:
G7	7.1930	-82.8800	0.0000	52.5640	0.0000	0.0000	-3.6250	0.0000	0.0000	-50.4290	0.0000	0.0000	0.0000	-2.2680	0.0000	0.0000	-13.7010	0.0000	-7.7130	0.0000	0.0000
G6	6.3570	-79.2560	0.0000	49.9940	-0.0080	0.0020	-3.6230	-0.0180	0.0040	-49.5210	0.0000	0.0000	0.0040	-2.1000	-0.0160	0.0180	-13.5480	0.0670	-7.3590	-0.0490	0.0100
G5	7.2380	-82.5680	0.0000	50.7580	-0.0020	0.0010	-3.6430	-0.0140	0.0230	-51.5190	0.0000	0.0000	-0.0100	-2.2480	-0.0220	-0.0030	-13.1380	0.0190	-7.8410	-0.0720	0.0030
G4	12.0590	-90.1490	0.0000	51.1890	0.0000	0.0000	-3.6240	0.0000	0.0000	-55.0370	0.0000	0.0000	0.0000	-2.2220	0.0000	0.0000	-14.5480	0.0000	-7.7420	0.0000	0.0000
G3	10.3700	-87.5890	0.0000	48.6450	0.0000	0.0000	-3.6240	0.0000	0.0000	-55.5610	0.0000	0.0000	0.0000	-2.1120	0.0000	0.0000	-13.5120	0.0000	-7.7380	0.0000	0.0000
G2	10.7400	-87.3570	0.0000	51.8580	0.0000	0.0000	-3.6380	0.0000	0.0000	-52.8050	0.0000	0.0000	0.0000	-2.1400	0.0000	0.0000	-14.9060	0.0000	-7.3620	0.0000	0.0000
G1	6.5000	-85.5040	0.0000	52.7500	0.0000	0.0000	-3.6270	0.0000	0.0000	-53.8940	0.0000	0.0000	0.0000	-2.3040	0.0000	0.0000	-13.5240	0.0000	-8.1860	0.0000	0.0000
G9	7.2800	-83.4230	0.0000	50.8150	0.0000	0.0000	-3.6420	0.0000	0.0000	-52.2130	0.0000	0.0000	0.0000	-2.2830	0.0000	0.0000	-13.2430	0.0000	-7.7160	0.0000	0.0000
G8	6.4820	-82.1800	0.0000	52.8620	0.0000	0.0000	-3.6300	0.0000	0.0000	-50.1010	0.0000	0.0000	0.0000	-2.2920	0.0000	0.0000	-13.3440	0.0000	-7.9990	0.0000	0.0000
N6	5.0050	-84.0040	0.0000	54.1930	0.0020	-0.0020	-2.7220	0.0220	0.0120	-49.8800	0.0000	0.0000	0.0020	-2.3400	0.0240	0.0140	-11.6190	0.0020	-8.4450	-0.0190	-0.0030
N7	5.0910	-84.4610	0.0000	54.9860	0.0000	0.0000	-2.7730	0.0000	0.0000	-49.0850	0.0000	0.0000	0.0000	-2.3500	0.0000	0.0000	-11.6200	0.0000	-7.9590	0.0000	0.0000
B4	9.0120	-85.7650	0.0000	51.2150	-0.0080	-0.0010	-2.6860	-0.0060	-0.0220	-50.2090	0.0000	0.0000	-0.0060	-2.2090	-0.0060	0.0040	-11.8780	0.0270	-7.8700	-0.0150	0.0050
B5	6.2730	-84.1280	0.0000	51.3190	0.0000	0.0000	-2.7380	0.0000	0.0000	-51.1660	0.0000	0.0000	0.0000	-2.3590	0.0000	0.0000	-11.4230	0.0000	-8.1120	0.0000	0.0000
B6	8.9880	-88.7820	0.0000	55.1180	-0.0150	-0.0020	-3.6210	0.0320	0.0550	-52.9260	0.0000	0.0000	-0.0040	-2.2740	-0.0080	-0.0020	-14.1030	-0.0930	-8.1530	-0.0370	-0.0270
B7	7.5320	-85.1450	0.0000	48.7280	0.0460	0.0010	-3.5490	-0.0390	-0.0590	-55.4970	0.0000	0.0000	-0.0080	-2.1500	-0.0140	0.0720	-13.1190	-0.1010	-7.7610	0.1260	-0.0540
B1	6.2630	-85.8700	0.0000	52.4250	0.0000	0.0000	-3.5720	0.0000	0.0000	-52.8400	0.0000	0.0000	0.0000	-2.2830	0.0000	0.0000	-11.7130	0.0000	-8.0910	0.0000	0.0000
B2	11.4550	-84.9860	0.0000	49.1010	0.0000	0.0000	-3.6280	0.0000	0.0000	-51.3840	0.0000	0.0000	0.0000	-2.0920	0.0000	0.0000	-13.8690	0.0000	-7.3640	0.0000	0.0000
B3	9.0150	-87.9760	0.0000	53.3820	0.0000	0.0040	-2.7840	-0.0030	-0.0060	-51.1960	0.0000	0.0000	0.0000	-2.3690	-0.0140	0.0190	-12.3740	0.0020	-8.0030	-0.0880	-0.0030
B8	9.6170	-88.2200	0.0000	51.9450	0.0000	0.0000	-3.6430	0.0000	0.0000	-54.1380	0.0000	0.0000	0.0000	-2.2740	0.0000	0.0000	-13.7440	0.0000	-7.8170	0.0000	0.0000
B9	9.3270	-90.2800	0.0000	53.1540	0.2180	0.0530	-3.5940	0.4850	0.0150	-52.5170	0.0000	0.0000	-0.1560	-1.0370	0.0490	-0.1600	-13.7530	0.1700	-8.0790	1.0800	-0.0070
N5	6.3930	-86.1760	0.0000	54.4880	-0.0240	0.0000	-3.6200	0.0270	-0.0010	-52.9960	0.0000	0.0000	-0.0140	-3.2350	0.0040	-0.3640	-13.2850	0.1770	-7.3630	-0.0030	0.0020
P10	7.4680	-85.5380	0.0000	51.3350	0.0040	0.0010	-2.6460	0.0240	0.0250	-50.0020	0.0000	0.0000	-0.0080	-2.3300	0.1430	0.0830	-10.3400	0.0780	-8.1590	-0.0970	-0.0440
P11	7.3130	-83.2720	0.0000	48.5060	0.0000	0.0000	-2.7290	0.0000	0.0000	-51.7490	0.0000	0.0000	0.0000	-2.1660	0.0000	0.0000	-11.4590	0.0000	-7.9430	0.0000	0.0000
P12	6.2320	-82.6950	0.0000	47.6630	0.0020	0.0000	-2.7310	-0.0110	0.0070	-52.9970	0.0000	0.0000	-0.0010	-2.1130	0.0010	-0.0030	-11.2220	0.0270	-8.1510	0.0010	-0.0030
E9	6.8930	-85.0930	0.0000	51.8150	0.0750	-0.0010	-3.6420	-0.0150	0.0230	-53.7340	0.0000	0.0000	-0.0210	-2.3220	0.0330	-0.0900	-13.6210	-0.0010	-7.8960	0.1380	-0.0080
E8	6.6670	-84.6460	0.0000	54.0080	0.0000	0.0000	-3.6340	0.0000	0.0000	-51.3750	0.0000	0.0000	0.0000	-2.2950	0.0000	0.0000	-13.6680	0.0000	-7.8050	0.0000	0.0000
E5	6.4840	-84.7450	0.0000	53.0940	0.0000	0.0000	-3.6250	0.0000	0.0000	-52.7900	0.0000	0.0000	0.0000	-2.3020	0.0000	0.0000	-13.5710	0.0000	-8.1240	0.0000	0.0000
E4	6.4900	-83.4900	0.0000	52.5000	0.0000	0.0000	-3.6330	0.0000	0.0000	-52.0000	0.0000	0.0000	0.0000	-2.3000	0.0000	0.0000	-13.4770	0.0000	-8.0900	0.0000	0.0000
E7	7.5180	-83.7250	0.0000	50.3340	0.0000	0.0000	-3.6320	0.0000	0.0000	-52.6640	0.0000	0.0000	0.0000	-2.2060	0.0000	0.0000	-13.4930	0.0000	-7.4600	0.0000	0.0000
E6	6.6070	-82.6400	0.0000	47.8780	0.0000	0.0000	-3.6180	0.0000	0.0000	-54.2080	0.0000	0.0000	0.0000	-2.0940	0.0000	0.0000	-13.1320	0.0000	-7.2100	0.0000	0.0000
E1	7.8440	-86.3730	0.0000	52.5550	0.0000	0.0000	-3.6390	0.0000	0.0000	-53.3720	0.0000	0.0000	0.0000	-2.2580	0.0000	0.0000	-14.1930	0.0000	-7.3080	0.0000	0.0000
P8	7.7230	-87.0320	0.0000	58.3630	-0.0380	0.0000	-2.8380	0.0180	0.0050	-46.4240	0.0000	0.0000	0.0050	-2.2970	-0.0030	0.0300	-11.7800	0.2120	-8.8460	0.0410	0.0130
E3	9.2320	-88.6620	0.0000	51.6640	0.0000	0.0000	-3.6370	0.0000	0.0000	-55.2520	0.0000	0.0000	0.0000	-2.2730	0.0000	0.0000	-13.8140	0.0000	-7.7620	0.0000	0.0000
E2	9.2200	-88.7020	0.0000	51.6840	0.0000	0.0000	-3.6390	0.0000	0.0000	-55.3010	0.0000	0.0000	0.0000	-2.2740	0.0000	0.0000	-13.8340	0.0000	-7.7570	0.0000	0.0000
P2	9.0370	-86.3710	0.0000	54.5060	0.0000	0.0000	-2.7320	0.0000	0.0000	-47.4250	0.0000	0.0000	0.0000	-1.9650	0.0000	0.0000	-11.7980	0.0000	-8.1020	0.0000	0.0000
P3	9.8740	-87.1230	0.0000	53.7380	0.0000	0.0000	-2.7230	0.0000	0.0000	-47.9570	0.0000	0.0000	0.0000	-1.9410	0.0000	0.0000	-11.7910	0.0000	-7.9910	0.0000	0.0000
P1	9.4460	-87.0240	0.0000	53.5950	0.0000	0.0000	-2.6100	0.0000	0.0000	-48.9450	0.0000	0.0000	0.0000	-2.0130	0.0000	0.0000	-12.1570	0.0000	-8.1830	0.0000	0.0000
P6	8.1320	-84.2860	0.0000	49.7860	0.0010	-0.0010	-3.2080	0.0000	0.0030	-51.5140	0.0000	0.0000	-0.0040	-2.2560	0.0040	-0.0090	-11.7930	-0.0690	-7.8680	0.0440	0.0080
P7	9.2260	-87.8500	0.0000	55.7780	0.0000	0.0000	-2.7660	0.0000	0.0000	-48.2010	0.0000	0.0000	0.0000	-2.3320	0.0000	0.0000	-11.9900	0.0000	-8.2680	0.0000	0.0000
P4	8.6670	-85.7190	0.0000	54.0030	0.0000	0.0000	-2.7780	0.0000	0.0000	-47.3980	0.0000	0.0000	0.0000	-1.8540	0.0000	0.0000	-11.6980	0.0000	-8.0180	0.0000	0.0000
P5	7.5900	-88.2540	0.0000	53.0080	0.0000	0.0000	-2.7760	0.0000	0.0000	-51.9910	0.0000	0.0000	0.0000	-2.3010	0.0000	0.0000	-10.7780	0.0000	-8.4790	0.0000	0.0000
H10	7.5050	-92.1350	0.0000	57.5550	0.0000	0.0000	-2.6820	0.0000	0.0000	-52.9020	0.0000	0.0000	0.0000	-3.0710	0.0000	0.0000	-11.7700	0.0000	-8.3050	0.0000	0.0000
H11	7.4120	-91.9500	0.0000	57.8900	-0.0180	-0.0520	-4.3020	0.0470	-0.0500	-52.8120	0.0000	0.0000	-0.0230	-2.2340	-0.0140	-0.1200	-12.4870	-0.1280	-7.9550	1.1680	0.0060
H12	7.7820	-93.2470	0.0000	59.2100	0.0000	0.0000	-2.5700	0.0000	0.0000	-52.3680	0.0000	0.0000	0.0000	-3.1060	0.0000	0.0000	-12.0710	0.0000	-8.3680	0.0000	0.0000
P9	7.4260	-87.7820	0.0000	56.2630	0.0010	0.0000	-2.7320	-0.0020	-0.0140	-49.3250	0.0000	0.0000	0.0000	-2.2880	0.0030	-0.0050	-11.7020	-0.0440	-8.4210	-0.0270	-0.0010
F12	10.6090	-87.3800	0.0000	48.5440	-0.0010	0.0010	-3.6010	-0.0130	-0.0310	-54.8310	0.0000	0.0000	-0.0170	-2.1490	-0.0040	0.0250	-13.1370	-0.0130	-7.6510	-0.0370	0.0230
F10	9.5510	-86.2290	0.0000	50.1530	0.0000	0.0000	-3.6390	0.0000	0.0000	-54.2910	0.0000	0.0000	0.0000	-2.1360	0.0000	0.0000	-14.4850	0.0000	-7.5040	0.0000	0.0000
F11	10.5610	-87.2160	0.0000	50.7960	-0.0020	0.0000	-3.6380	-0.0030	0.0190	-53.7960	0.0000	0.0000	0.0210	-2.1610	-0.0090	0.0010	-14.6200	0.0000	-7.5310	-0.0280	0.0130
N12	6.2200	-83.4470	0.0000	52.8310	0.0000	0.0000	-2.7470	0.0000	0.0000	-48.0930	0.0000	0.0000	0.0000	-2.3500	0.0000	0.0000	-11.0900	0.0000	-7.5090	0.0000	0.0000
H8	6.5020	-84.3090	0.0000	53.8330	0.0010	-0.0010	-2.7490	-0.0270	0.0190	-47.7340	0.0000	0.0000	0.0020	-2.3540	-0.0100	-0.0070	-11.2750	-0.0100	-7.4130	0.0450	0.0160
H9	6.3230	-84.4740	0.0000	53.3270	0.0000	0.0000	-2.7430	0.0000	0.0000	-48.5070	0.0000	0.0000	0.0000	-2.3430	0.0000	0.0000	-11.2010	0.0000	-7.3950	0.0000	0.0000
H6	6.4890	-84.7080	0.0000	53.3060	0.0000	0.0000	-2.7800	0.0000	0.0000	-48.9000	0.0000	0.0000	0.0000	-2.3400	0.0000	0.0000	-11.2530	0.0000	-7.6130	0.0000	0.0000
H7	6.3690	-84.9100	0.0000	54.0200	0.0000	0.0000	-2.7530	0.0000	0.0000	-48.6210	0.0000	0.0000	0.0000	-2.3320	0.0000	0.0000	-11.4370	0.0000	-7.5790	0.0000	0.0000
H4	5.2380	-80.7840	0.0000	49.8110	0.0000	-0.0020	-3.6270	-0.0070	0.0120	-52.3710	0.0000	0.0000	-0.0010	-2.2940	0.0030	0.0040	-12.8970	0.0490	-7.9150	0.0330	0.0050
H5	6.7840	-84.2500	0.0000	52.2050	0.0000	0.0000	-2.7620	0.0000	0.0000	-49.3970	0.0000	0.0000	0.0000	-2.3640	0.0000	0.0000	-11.3460	0.0000	-7.6630	0.0000	0.0000
D10	6.6380	-85.5690	0.0000	52.4140	0.0000	0.0000	-3.6250	0.0000	0.0000	-54.0550	0.0000	0.0000	0.0000	-2.3010	0.0000	0.0000	-13.5510	0.0000	-8.0620	0.0000	0.0000
D11	7.6300	-85.3580	0.0000	51.1050	0.0000	0.0000	-3.6320	0.0000	0.0000	-54.0770	0.0000	0.0000	0.0000	-2.2870	0.0000	0.0000	-13.7230	0.0000	-7.8130	0.0000	0.0000
D12	5.7440	-82.3020	0.0000	47.3860	0.0000	0.0000	-3.6310	0.0000	0.0000	-56.7580	0.0000	0.0000	0.0000	-2.7150	0.0000	0.0000	-13.9460	0.0000	-7.2930	0.0000	0.0000
B12	8.6640	-87.6870	0.0000	53.3820	0.0000	0.0000	-3.6460	0.0000	0.0000	-53.8180	0.0000	0.0000	0.0000	-2.2750	0.0000	0.0000	-14.1110	0.0000	-8.1450	0.0000	0.0000
B10	8.4100	-89.1550	0.0000	52.5220	0.0000	0.0000	-3.6290	0.0000	0.0000	-55.8850	0.0000	0.0000	0.0000	-2.2910	0.0000	0.0000	-13.6330	0.0000	-8.1110	0.0000	0.0000
B11	9.0990	-88.7640	0.0000	53.4630	0.0000	0.0000	-3.6290	0.0000	0.0000	-53.5930	0.0000	0.0000	0.0000	-2.2730	0.0000	0.0000	-13.5300	0.0000	-7.9580	0.0000	0.0000
Q8	7.1420	-85.9240	0.0000	54.7820	0.0000	0.0000	-3.1340	0.0000	0.0000	-53.7820	0.0000	0.0000	0.0000	-2.5330	0.0000	0.0000	-16.5330	0.0000	-7.5840	0.0000	0.0000
Q9	6.2910	-83.0190	0.0000	48.2340	0.0000	0.0000	-2.7170	0.0000	0.0000	-52.0730	0.0000	0.0000	0.0000	-2.1640	0.0000	0.0000	-11.3680	0.0000	-7.3290	0.0000	0.0000
C9	6.4600	-83.2460	0.0000	51.7330	0.0000	0.0000	-3.6200	0.0000	0.0000	-52.3960	0.0000	0.0000	0.0000	-2.3050	0.0000	0.0000	-13.3760	0.0000	-8.0440	0.0000	0.0000
C8	6.7290	-86.0980	0.0000	50.5970	0.0800	-0.0020	-3.6600	0.0020	0.0340	-55.9400	0.0000	0.0000	-0.0290	-2.3130	0.0130	-0.0560	-13.5760	0.0560	-7.8250	0.1230	-0.0150
Q11	8.2010	-83.6390	0.0000	48.6790	0.0000	0.0000	-2.6800	0.0000	0.0000	-50.9060	0.0000	0.0000	0.0000	-2.1390	0.0000	0.0000	-11.5420	0.0000	-7.7850	0.0000	0.0000
Q10	9.0370	-86.3710	0.0000	54.5060	0.0000	0.0000	-2.7320	0.0000	0.0000	-47.4250	0.0000	0.0000	0.0000	-1.9650	0.0000	0.0000	-11.7980	0.0000	-8.1020	0.0000	0.0000
Q12	8.8520	-86.5960	0.0000	54.8320	0.0000	0.0000	-2.7680	0.0000	0.0000	-47.8840	0.0000	0.0000	0.0000	-1.9780	0.0000	0.0000	-11.9300	0.0000	-8.2960	0.0000	0.0000
C3	8.3300	-85.6240	0.0000	47.9180	0.0000	0.0000	-3.6420	0.0000	0.0000	-55.7070	0.0000	0.0000	0.0000	-2.0600	0.0000	0.0000	-12.6560	0.0000	-7.9710	0.0000	0.0000
C2	8.6200	-87.9250	0.0000	52.6840	0.0000	0.0000	-3.6470	0.0000	0.0000	-54.1650	0.0000	0.0000	0.0000	-2.2820	0.0000	0.0000	-13.6050	0.0000	-8.0100	0.0000	0.0000
C1	8.6050	-87.6350	0.0000	52.5020	0.0000	0.0000	-3.6410	0.0000	0.0000	-54.1100	0.0000	0.0000	0.0000	-2.2830	0.0000	0.0000	-13.7070	0.0000	-7.9510	0.0000	0.0000
C7	6.3900	-81.0960	0.0000	53.3800	0.0000	0.0000	-3.6340	0.0000	0.0000	-48.8260	0.0000	0.0000	0.0000	-2.3090	0.0000	0.0000	-13.5330	0.0000	-8.0240	0.0000	0.0000
C6	6.4810	-81.7940	0.0000	51.9010	-0.0330	-0.0080	-3.6170	-0.0640	0.0430	-50.0440	0.0000	0.0000	0.0080	-2.2900	0.0620	0.1190	-13.2170	0.5980	-8.2070	-0.0570	0.0310
C5	6.4780	-83.3070	0.0000	51.8170	0.0000	0.0000	-3.6290	0.0000	0.0000	-52.3650	0.0000	0.0000	0.0000	-2.3020	0.0000	0.0000	-13.3840	0.0000	-8.0380	0.0000	0.0000
C4	6.5390	-83.2440	0.0000	51.1720	-0.0020	0.0000	-3.6390	0.0300	-0.0090	-52.4700	0.0000	0.0000	0.0160	-2.2630	-0.0020	-0.0070	-12.9320	0.0730	-8.1820	-0.0400	0.0150
N10	6.2790	-83.0050	0.0000	52.9270	-0.0480	0.0020	-2.8050	-0.0040	-0.0440	-47.8060	0.0000	0.0000	-0.0130	-2.1290	-0.0130	-0.2080	-11.3610	0.0130	-7.9620	0.5570	0.0070
N8	6.1370	-86.3700	0.0000	53.5520	0.0000	0.0000	-3.6330	0.0000	0.0000	-54.1130	0.0000	0.0000	0.0000	-3.0120	0.0000	0.0000	-12.4850	0.0000	-8.3040	0.0000	0.0000
N9	5.9640	-86.1740	0.0000	53.6170	0.0000	0.0000	-3.6260	0.0000	0.0000	-54.2230	0.0000	0.0000	0.0000	-3.0230	0.0000	0.0000	-13.3050	0.0000	-7.6730	0.0000	0.0000
N11	6.9100	-79.7540	0.0000	46.2240	0.0000	0.0000	-2.6230	0.0000	0.0000	-51.1630	0.0000	0.0000	0.0000	-2.3360	0.0000	0.0000	-11.9140	0.0000	-7.6710	0.0000	0.0000
G12	9.6030	-85.5330	0.0000	51.2210	0.0000	0.0000	-3.6510	0.0000	0.0000	-52.5080	0.0000	0.0000	0.0000	-2.1840	0.0000	0.0000	-14.6180	0.0000	-7.3440	0.0000	0.0000
G11	10.2100	-87.0850	0.0000	51.4460	0.0000	0.0000	-3.6280	0.0000	0.0000	-52.6490	0.0000	0.0000	0.0000	-2.0480	0.0000	0.0000	-14.3180	0.0000	-7.2260	0.0000	0.0000
G10	7.1090	-82.4370	0.0000	52.4860	0.0000	0.0000	-3.6300	0.0000	0.0000	-50.1420	0.0000	0.0000	0.0000	-2.2930	0.0000	0.0000	-13.3990	0.0000	-7.9760	0.0000	0.0000
F1	7.1960	-85.0920	0.0000	52.0090	0.0000	0.0000	-3.6380	0.0000	0.0000	-53.6330	0.0000	0.0000	0.0000	-2.2850	0.0000	0.0000	-13.9180	0.0000	-7.9040	0.0000	0.0000
F2	7.3080	-83.6150	0.0000	49.8700	0.0000	0.0000	-3.6250	0.0000	0.0000	-52.6160	0.0000	0.0000	0.0000	-2.0180	0.0000	0.0000	-13.4190	0.0000	-7.1170	0.0000	0.0000
F3	6.9340	-85.6450	0.0000	51.3840	0.0810	-0.0040	-3.6430	-0.0250	0.0160	-54.8120	0.0000	0.0000	-0.0250	-2.3150	0.0260	-0.0950	-13.6660	-0.0600	-7.9200	0.1560	-0.0090
F4	8.9980	-87.2860	0.0000	52.4720	0.0000	0.0000	-3.6390	0.0000	0.0000	-53.4140	0.0000	0.0000	0.0000	-2.2780	0.0000	0.0000	-13.7220	0.0000	-7.9590	0.0000	0.0000
F5	6.6940	-84.9100	0.0000	51.0520	0.0000	0.0000	-3.6360	0.0000	0.0000	-54.5920	0.0000	0.0000	0.0000	-2.2900	0.0000	0.0000	-13.5280	0.0000	-7.9740	0.0000	0.0000
F6	6.6320	-85.9310	0.0000	52.0190	0.0000	0.0000	-3.6330	0.0000	0.0000	-54.7070	0.0000	0.0000	0.0000	-2.3040	0.0000	0.0000	-13.3920	0.0000	-8.0990	0.0000	0.0000
F7	7.3340	-84.1660	0.0000	49.6480	0.0000	0.0000	-3.6290	0.0000	0.0000	-53.4260	0.0000	0.0000	0.0000	-2.1690	0.0000	0.0000	-13.1880	0.0000	-7.2560	0.0000	0.0000
F8	6.8780	-85.4540	0.0000	51.1620	0.0220	0.0010	-3.6510	0.1470	0.0120	-54.5550	0.0000	0.0000	-0.0940	-2.2860	0.0290	0.0240	-13.6880	-0.0280	-7.7970	0.2210	-0.0530
F9	10.1930	-87.5880	0.0000	51.9320	0.0000	0.0010	-3.6470	-0.0130	-0.0190	-52.8620	0.0000	0.0000	0.0020	-2.2410	0.0040	0.0000	-13.7090	-0.1580	-7.5770	-0.0240	-0.0150
Q1	8.1550	-82.7040	0.0000	52.0710	0.0000	0.0000	-3.2160	0.0000	0.0000	-47.9470	0.0000	0.0000	0.0000	-2.3010	0.0000	0.0000	-11.5620	0.0000	-8.3900	0.0000	0.0000
Q3	6.3700	-86.8070	0.0000	53.9190	0.0020	0.0010	-2.7720	-0.0020	-0.0020	-51.0350	0.0000	0.0000	0.0040	-2.3310	0.0130	-0.0010	-11.3540	0.0050	-8.0390	-0.0470	0.0070
Q2	6.4330	-82.7520	0.0000	48.6280	0.0000	0.0000	-2.7560	0.0000	0.0000	-51.5160	0.0000	0.0000	0.0000	-2.1400	0.0000	0.0000	-11.3920	0.0000	-7.5370	0.0000	0.0000
Q5	9.0800	-86.3590	0.0000	54.4990	0.0000	0.0000	-2.7330	0.0000	0.0000	-47.4030	0.0000	0.0000	0.0000	-1.9660	0.0000	0.0000	-11.8170	0.0000	-8.1080	0.0000	0.0000
Q4	6.2860	-82.6990	0.0000	47.6490	0.0000	0.0000	-2.7250	0.0000	0.0000	-52.9550	0.0000	0.0000	0.0000	-2.1060	0.0000	0.0000	-11.2030	0.0000	-8.1570	0.0000	0.0000
Q7	8.2140	-88.0240	0.0000	50.9040	0.0010	-0.0010	-2.6500	0.0120	-0.0020	-52.9410	0.0000	0.0000	0.0080	-2.1080	0.0050	0.0050	-11.9660	0.0000	-7.3240	-0.0140	-0.0020
Q6	5.6050	-81.0080	0.0000	46.9030	0.0000	0.0000	-2.7060	0.0000	0.0000	-52.7700	0.0000	0.0000	0.0000	-2.3170	0.0000	0.0000	-11.9190	0.0000	-7.3280	0.0000	0.0000
E11	6.5520	-84.2020	0.0000	52.0940	0.0000	0.0000	-3.6280	0.0000	0.0000	-53.2150	0.0000	0.0000	0.0000	-2.3050	0.0000	0.0000	-13.5920	0.0000	-8.1340	0.0000	0.0000
E10	9.7200	-86.9440	0.0000	52.4950	0.0030	0.0010	-3.6560	-0.0020	-0.0040	-52.3090	0.0000	0.0000	-0.0010	-2.2620	0.0050	0.0000	-14.0370	-0.0370	-7.6360	0.0520	-0.0050
E12	6.8710	-85.0450	0.0000	53.2410	0.0040	-0.0010	-3.6320	-0.0410	0.0050	-52.4310	0.0000	0.0000	-0.0020	-2.3030	0.0020	0.0010	-13.9200	-0.0210	-7.6290	0.0520	-0.0120
C12	7.5070	-83.5520	0.0000	49.7790	0.0000	0.0000	-3.6360	0.0000	0.0000	-52.9320	0.0000	0.0000	0.0000	-2.2100	0.0000	0.0000	-13.4170	0.0000	-7.4020	0.0000	0.0000
C11	5.9870	-82.0500	0.0000	46.9950	0.0000	0.0000	-3.6200	0.0000	0.0000	-56.1560	0.0000	0.0000	0.0000	-2.6940	0.0000	0.0000	-13.6050	0.0000	-7.1720	0.0000	0.0000
C10	6.4360	-84.4980	0.0000	52.3650	0.0000	0.0000	-3.6250	0.0000	0.0000	-53.1870	0.0000	0.0000	0.0000	-2.3030	0.0000	0.0000	-13.4840	0.0000	-8.0760	0.0000	0.0000
A11	7.3250	-86.8610	0.0000	56.4930	0.0000	0.0000	-2.8200	0.0000	0.0000	-48.6010	0.0000	0.0000	0.0000	-2.2790	0.0000	0.0000	-11.7970	0.0000	-8.6610	0.0000	0.0000
A10	10.9180	-88.9280	0.0000	51.0110	0.0000	0.0000	-3.6190	0.0000	0.0000	-54.7200	0.0000	0.0000	0.0000	-2.1730	0.0000	0.0000	-14.2390	0.0000	-7.6910	0.0000	0.0000
A12	6.6910	-84.6800	0.0000	52.3290	0.0000	0.0000	-2.7700	0.0000	0.0000	-49.6600	0.0000	0.0000	0.0000	-2.2790	0.0000	0.0000	-11.1840	0.0000	-7.7670	0.0000	0.0000
A1	9.4980	-89.3990	0.0000	58.5720	0.0000	0.0000	-1.8880	0.0000	0.0000	-40.7220	0.0000	0.0000	0.0000	-1.3660	0.0000	0.0000	-8.1380	0.0000	-8.0010	0.0000	0.0000
A3	6.0970	-85.3730	0.0000	52.9040	0.0000	0.0000	-2.7820	0.0000	0.0000	-50.8080	0.0000	0.0000	0.0000	-2.3390	0.0000	0.0000	-11.5230	0.0000	-7.7910	0.0000	0.0000
A2	6.6720	-84.3970	0.0000	52.9880	-0.0010	-0.0030	-2.7890	0.0110	-0.0060	-49.3360	0.0000	0.0000	0.0040	-2.3530	-0.0030	-0.0110	-11.3750	-0.0670	-8.0730	0.0570	0.0090
A5	6.9030	-86.3540	0.0000	51.0420	0.0000	0.0000	-2.7750	0.0000	0.0000	-52.8210	0.0000	0.0000	0.0000	-2.3640	0.0000	0.0000	-11.3120	0.0000	-7.9590	0.0000	0.0000
A4	7.8190	-87.3470	0.0000	55.6570	0.0000	0.0000	-2.7600	0.0000	0.0000	-48.7400	0.0000	0.0000	0.0000	-2.2640	0.0000	0.0000	-11.8360	0.0000	-8.0100	0.0000	0.0000
A7	6.8280	-89.9130	0.0000	53.7420	0.0000	0.0000	-2.7580	0.0000	0.0000	-54.1420	0.0000	0.0000	0.0000	-2.2980	0.0000	0.0000	-11.7030	0.0000	-8.0410	0.0000	0.0000
A6	6.6860	-84.4140	0.0000	52.9850	0.0000	0.0000	-2.7840	0.0000	0.0000	-49.3320	0.0000	0.0000	0.0000	-2.3680	0.0000	0.0000	-11.3630	0.0000	-8.0750	0.0000	0.0000
A9	8.5460	-90.2140	0.0000	60.5060	0.0000	0.0000	-2.7360	0.0000	0.0000	-47.2340	0.0000	0.0000	0.0000	-2.2970	0.0000	0.0000	-12.6540	0.0000	-8.3840	0.0000	0.0000
A8	6.9770	-86.4470	0.0000	55.9430	0.0000	0.0000	-2.7660	0.0000	0.0000	-48.5730	0.0000	0.0000	0.0000	-2.2880	0.0000	0.0000	-11.8810	0.0000	-8.1100	0.0000	0.0000
D8	6.9090	-85.0950	0.0000	53.0720	0.0000	0.0000	-3.6400	0.0000	0.0000	-52.4850	0.0000	0.0000	0.0000	-2.2980	0.0000	0.0000	-13.9120	0.0000	-7.5200	0.0000	0.0000
D9	6.9900	-85.4540	0.0000	50.6310	0.0000	0.0000	-3.6400	0.0000	0.0000	-54.9490	0.0000	0.0000	0.0000	-2.2920	0.0000	0.0000	-13.5910	0.0000	-7.5920	0.0000	0.0000
D6	7.3500	-83.9490	0.0000	49.5580	-0.0050	-0.0010	-3.6070	-0.0110	0.0200	-53.1260	0.0000	0.0000	0.0000	-2.0120	0.0050	-0.0110	-13.5270	0.1110	-7.0100	-0.0250	-0.0100
D7	7.5760	-84.5350	0.0000	49.8760	0.0000	0.0000	-3.6290	0.0000	0.0000	-53.9380	0.0000	0.0000	0.0000	-2.2170	0.0000	0.0000	-13.5590	0.0000	-7.4500	0.0000	0.0000
D4	9.5570	-87.4210	0.0000	52.2280	0.0000	0.0000	-3.6470	0.0000	0.0000	-53.1070	0.0000	0.0000	0.0000	-2.2660	0.0000	0.0000	-13.8720	0.0000	-7.6860	0.0000	0.0000
D5	6.8790	-84.1020	0.0000	46.0990	0.0000	0.0000	-3.6110	0.0000	0.0000	-58.1680	0.0000	0.0000	0.0000	-2.9320	0.0000	0.0000	-12.6310	0.0000	-7.8700	0.0000	0.0000
D2	6.8200	-84.4200	0.0000	50.5750	0.0010	0.0010	-3.6410	0.0460	0.0070	-54.0760	0.0000	0.0000	0.0000	-2.3060	-0.0040	0.0000	-13.4630	0.0260	-7.6620	-0.0560	-0.0030
D3	8.3540	-85.6280	0.0000	47.9260	0.0000	0.0000	-3.6520	0.0000	0.0000	-55.7010	0.0000	0.0000	0.0000	-2.0670	0.0000	0.0000	-12.6610	0.0000	-7.9750	0.0000	0.0000
D1	6.9920	-84.2920	0.0000	53.0770	0.0010	-0.0030	-3.6410	0.0310	-0.0070	-51.5880	0.0000	0.0000	-0.0140	-2.3020	0.0030	-0.0120	-13.7570	-0.1050	-7.5650	0.0190	-0.0110
