MUT	fa_rep:	ref:	fa_atr:	hbond_sc:	fa_sol:	yhh_planarity:	dslf_fa13:	fa_intra_sol_xover4:	omega:	p_aa_pp:	TOT	sugar_bb:	fa_intra_rep:	hbond_lr_bb:	hbond_sr_bb:	hbond_bb_sc:	fa_elec:	cart_bonded:	lk_ball_wtd:	fa_dun:	rama_prepro:
G7	5.8920	-88.1050	0.0000	59.5290	0.0000	0.0000	-2.7710	0.0000	0.0000	-48.4940	0.0000	0.0000	0.0000	-3.7460	0.0000	0.0000	-11.3270	0.0000	-7.9660	0.0000	0.0000
G6	7.1540	-84.3720	0.0000	55.5090	0.0000	0.0000	-3.6530	0.0000	0.0000	-47.5220	0.0000	0.0000	0.0000	-2.3030	0.0000	0.0000	-11.7670	0.0000	-8.0890	0.0000	0.0000
G5	7.8710	-87.9720	0.0000	59.4060	0.0040	0.0000	-3.5660	0.0010	-0.0140	-48.6040	0.0000	0.0000	-0.0080	-3.8220	-0.0040	-0.4130	-12.8390	0.5610	-7.7160	-0.0650	-0.0240
G4	8.1610	-93.6070	0.0000	59.1040	0.0000	0.0000	-3.6150	0.0000	0.0000	-53.9830	0.0000	0.0000	0.0000	-2.2930	0.0000	0.0000	-12.3780	0.0000	-9.3540	0.0000	0.0000
G3	9.9990	-93.3650	0.0000	59.1610	0.0000	0.0000	-2.8160	0.0000	0.0000	-51.2440	0.0000	0.0000	0.0000	-3.4020	0.0000	0.0000	-12.8620	0.0000	-7.9590	0.0000	0.0000
G2	8.4110	-91.8670	0.0000	59.4600	0.0000	0.0000	-3.6040	0.0000	0.0000	-51.6600	0.0000	0.0000	0.0000	-2.2940	0.0000	0.0000	-12.5870	0.0000	-9.1780	0.0000	0.0000
G1	6.1350	-90.1850	0.0000	60.9690	0.0000	0.0000	-2.7680	0.0000	0.0000	-50.3440	0.0000	0.0000	0.0000	-3.4750	0.0000	0.0000	-12.7780	0.0000	-8.2420	0.0000	0.0000
G9	6.1060	-87.1210	0.0000	56.3020	0.0000	0.0000	-3.6220	0.0000	0.0000	-51.1660	0.0000	0.0000	0.0000	-2.2930	0.0000	0.0000	-11.8460	0.0000	-8.6920	0.0000	0.0000
G8	5.6610	-84.4500	0.0000	56.5370	0.0000	0.0000	-3.6570	0.0000	0.0000	-48.3830	0.0000	0.0000	0.0000	-2.3240	0.0000	0.0000	-11.9980	0.0000	-8.1510	0.0000	0.0000
N6	5.2200	-90.0640	0.0000	62.1580	-0.0260	0.0000	-2.8140	-0.0270	0.0480	-48.7370	0.0000	0.0000	-0.0280	-3.6940	-0.0150	-0.0220	-10.9920	0.1460	-7.6660	-0.9540	-0.0040
N7	6.9850	-87.1290	0.0000	60.1400	0.0000	0.0000	-2.8010	0.0000	0.0000	-44.0320	0.0000	0.0000	0.0000	-2.3720	0.0000	0.0000	-11.2150	0.0000	-7.6390	0.0000	0.0000
B4	10.4130	-95.6920	0.0000	65.7040	0.6040	0.0090	-2.9170	0.0350	0.0530	-49.6560	0.0000	0.0000	-0.0600	-4.6640	0.1710	-0.3450	-13.3370	0.3360	-7.8150	-1.6220	-0.5300
B5	6.7360	-91.0750	0.0000	58.8120	0.3840	-0.0090	-2.8290	0.0000	-0.0610	-52.6570	0.0000	0.0000	0.0260	-3.7780	0.1070	0.0720	-11.7090	-0.1160	-8.3540	-0.7450	-0.1170
B6	1.9100	-90.5690	0.0000	60.2280	-0.0620	-0.0250	-3.5680	0.4840	0.1030	-52.1050	0.0000	0.0000	0.0930	-2.3810	0.2880	-0.2330	-12.7440	1.2780	-8.4140	2.1170	-0.6130
B7	4.0310	-89.1550	0.0000	61.4070	0.0990	-0.0020	-3.5780	-0.0630	0.6590	-52.5630	0.0000	0.0000	-0.0250	-3.1730	0.0880	-0.4350	-11.7640	-3.5240	-8.4730	1.1980	0.1450
B1	6.8100	-89.2420	0.0000	56.5490	-0.0840	-0.0050	-3.6450	-0.1910	-0.1010	-51.0800	0.0000	0.0000	-0.0520	-2.2680	0.1520	-0.0240	-11.2690	1.4620	-8.2600	-0.8630	-0.0460
B2	8.1100	-90.4960	0.0000	56.1830	0.0000	0.0000	-3.6520	0.0000	0.0000	-51.8020	0.0000	0.0000	0.0000	-2.3060	0.0000	0.0000	-11.7770	0.0000	-7.8650	0.0000	0.0000
B3	8.8500	-92.0220	0.0000	61.4230	0.0000	0.0000	-2.7670	0.0000	0.0000	-48.2400	0.0000	0.0000	0.0000	-3.3010	0.0000	0.0000	-12.2420	0.0000	-8.1810	0.0000	0.0000
B8	6.8080	-93.3640	0.0000	60.3860	-0.0110	0.0030	-2.7460	-0.0010	-0.0110	-53.0930	0.0000	0.0000	-0.0190	-3.3750	-0.0140	0.0400	-12.0470	-0.0370	-8.6140	-0.0540	-0.0360
B9	6.0360	-92.2760	0.0000	61.8370	0.0000	0.0000	-2.7470	0.0000	0.0000	-52.2010	0.0000	0.0000	0.0000	-3.4450	0.0000	0.0000	-12.6270	0.0000	-8.9790	0.0000	0.0000
N5	8.3030	-89.8530	0.0000	60.2400	0.0000	0.0000	-3.6340	0.0000	0.0000	-49.2390	0.0000	0.0000	0.0000	-3.2930	0.0000	0.0000	-13.1280	0.0000	-7.8720	0.0000	0.0000
P10	7.0140	-93.3070	0.0000	61.6990	0.0000	0.0000	-2.8230	0.0000	0.0000	-51.5170	0.0000	0.0000	0.0000	-3.6570	0.0000	0.0000	-11.7880	0.0000	-8.6560	0.0000	0.0000
P11	6.9570	-92.2950	0.0000	58.7400	0.0000	0.0000	-2.7890	0.0000	0.0000	-53.0070	0.0000	0.0000	0.0000	-3.9090	0.0000	0.0000	-11.9330	0.0000	-7.7790	0.0000	0.0000
P12	6.5160	-93.3090	0.0000	60.2570	0.0000	0.0000	-2.7640	0.0000	0.0000	-53.2860	0.0000	0.0000	0.0000	-3.7470	0.0000	0.0000	-11.9790	0.0000	-8.2580	0.0000	0.0000
E9	6.5170	-89.2330	0.0000	59.7140	0.0000	0.0000	-2.7700	0.0000	0.0000	-50.2420	0.0000	0.0000	0.0000	-3.4790	0.0000	0.0000	-12.7810	0.0000	-8.2090	0.0000	0.0000
E8	5.7580	-89.4350	0.0000	61.9150	0.0000	0.0000	-2.7570	0.0000	0.0000	-46.5660	0.0000	0.0000	0.0000	-2.3500	0.0000	0.0000	-11.3560	0.0000	-8.3400	0.0000	0.0000
E5	5.8560	-89.1740	0.0000	60.6100	0.0000	0.0000	-2.7550	0.0000	0.0000	-49.9490	0.0000	0.0000	0.0000	-3.3720	0.0000	0.0000	-12.7610	0.0000	-8.3520	0.0000	0.0000
E4	5.6560	-88.7950	0.0000	60.1910	0.0020	0.0110	-2.7440	-0.0630	-0.0080	-48.3140	0.0000	0.0000	-0.0050	-3.7660	0.0420	0.0000	-11.3260	0.1780	-7.9250	0.2060	0.0320
E7	7.2630	-88.9960	0.0000	60.3850	-0.0300	-0.0030	-2.7880	0.0010	0.0180	-48.9920	0.0000	0.0000	0.2110	-3.2210	-0.0390	0.1180	-12.1050	1.1880	-8.1900	-2.8720	0.0660
E6	6.8070	-91.4910	0.0000	60.6810	0.0000	0.0000	-2.7590	0.0000	0.0000	-51.2140	0.0000	0.0000	0.0000	-3.4510	0.0000	0.0000	-12.6740	0.0000	-8.3280	0.0000	0.0000
E1	7.4610	-89.8870	0.0000	59.7010	0.0000	0.0000	-3.6270	0.0000	0.0000	-49.7130	0.0000	0.0000	0.0000	-3.6330	0.0000	0.0000	-11.9920	0.0000	-7.7370	0.0000	0.0000
P8	6.4070	-90.9570	0.0000	63.7360	0.0000	0.0000	-2.8140	0.0000	0.0000	-45.7090	0.0000	0.0000	0.0000	-2.2810	0.0000	0.0000	-11.1810	0.0000	-8.6210	0.0000	0.0000
E3	7.5210	-92.6130	0.0000	59.9340	0.0000	0.0000	-2.8040	0.0000	0.0000	-51.0350	0.0000	0.0000	0.0000	-2.3330	0.0000	0.0000	-12.5800	0.0000	-8.1580	0.0000	0.0000
E2	7.4950	-92.6130	0.0000	59.9310	0.0000	0.0000	-2.8070	0.0000	0.0000	-51.0560	0.0000	0.0000	0.0000	-2.3340	0.0000	0.0000	-12.5610	0.0000	-8.1660	0.0000	0.0000
P2	7.3960	-94.7630	0.0000	62.5680	-0.0080	0.0010	-2.8590	0.0210	-0.0030	-49.7300	0.0000	0.0000	-0.0020	-2.2110	0.0060	0.0160	-11.0660	0.0050	-8.8440	0.0150	-0.0020
P3	7.8160	-94.5810	0.0000	61.2750	0.0000	0.0000	-2.8470	0.0000	0.0000	-50.2550	0.0000	0.0000	0.0000	-2.3060	0.0000	0.0000	-11.1450	0.0000	-8.4660	0.0000	0.0000
P1	8.3940	-94.6340	0.0000	61.3490	0.0000	0.0000	-3.2920	0.0000	0.0000	-51.4490	0.0000	0.0000	0.0000	-2.2370	0.0000	0.0000	-12.1280	0.0000	-8.9010	0.0000	0.0000
P6	8.2690	-91.0600	0.0000	60.3480	0.0000	0.0000	-2.7960	0.0000	0.0000	-46.9370	0.0000	0.0000	0.0000	-2.3680	0.0000	0.0000	-11.3690	0.0000	-7.9590	0.0000	0.0000
P7	8.4510	-94.2390	0.0000	61.1960	0.0010	-0.0010	-2.8510	-0.0240	0.0140	-49.7420	0.0000	0.0000	0.0050	-2.1980	0.0040	0.0040	-11.1890	0.0130	-8.9420	0.0120	0.0030
P4	8.7660	-95.5830	0.0000	62.2940	0.0000	0.0000	-2.8720	0.0000	0.0000	-49.4380	0.0000	0.0000	0.0000	-2.2350	0.0000	0.0000	-11.0670	0.0000	-8.7430	0.0000	0.0000
P5	6.1960	-92.3530	0.0000	62.4040	-0.0160	-0.0010	-2.8570	-0.0220	0.0780	-48.2820	0.0000	0.0000	0.0020	-2.1400	0.0330	0.0510	-10.3500	-0.4580	-8.5290	-0.2940	-0.0280
H10	8.4610	-93.1430	0.0000	63.5130	0.0000	0.0000	-2.8040	0.0000	0.0000	-47.9350	0.0000	0.0000	0.0000	-3.4720	0.0000	0.0000	-11.9150	0.0000	-8.5740	0.0000	0.0000
H11	8.5020	-93.4850	0.0000	64.0260	0.0000	0.0000	-2.6830	0.0000	0.0000	-47.9210	0.0000	0.0000	0.0000	-3.4870	0.0000	0.0000	-11.6320	0.0000	-9.1610	0.0000	0.0000
H12	8.8810	-93.8050	0.0000	64.8300	0.0000	0.0000	-2.7850	0.0000	0.0000	-47.0940	0.0000	0.0000	0.0000	-3.4910	0.0000	0.0000	-11.9610	0.0000	-8.7640	0.0000	0.0000
P9	6.9270	-92.2040	0.0000	62.5770	0.0000	0.0000	-2.7870	0.0000	0.0000	-47.5600	0.0000	0.0000	0.0000	-2.2750	0.0000	0.0000	-11.1940	0.0000	-8.6020	0.0000	0.0000
F12	8.6190	-95.0540	0.0000	59.0500	0.0000	0.0000	-3.5930	0.0000	0.0000	-54.8240	0.0000	0.0000	0.0000	-2.2980	0.0000	0.0000	-12.5300	0.0000	-9.0180	0.0000	0.0000
F10	9.7870	-92.9060	0.0000	58.8160	0.0040	0.0010	-3.6000	-0.0170	-0.0170	-51.5340	0.0000	0.0000	-0.0150	-3.3480	0.0260	-0.3870	-12.8870	1.1430	-8.5580	0.3890	0.0330
F11	8.5410	-93.0710	0.0000	59.5450	-0.0150	0.0000	-3.6590	-0.0140	-0.0230	-52.7730	0.0000	0.0000	0.0070	-3.1900	0.0350	-0.0880	-12.3810	0.2160	-8.8560	0.1560	0.0230
N12	6.1290	-85.6700	0.0000	59.2360	0.0000	0.0000	-2.7810	0.0000	0.0000	-46.5690	0.0000	0.0000	0.0000	-3.9320	0.0000	0.0000	-12.0120	0.0000	-7.5390	0.0000	0.0000
H8	6.6060	-85.6600	0.0000	59.4120	0.0000	0.0000	-2.7820	0.0000	0.0000	-43.9410	0.0000	0.0000	0.0000	-2.3710	0.0000	0.0000	-11.2480	0.0000	-7.8980	0.0000	0.0000
H9	6.6020	-86.0310	0.0000	59.0970	0.0000	0.0000	-2.7900	0.0000	0.0000	-44.6220	0.0000	0.0000	0.0000	-2.3740	0.0000	0.0000	-11.2380	0.0000	-7.8890	0.0000	0.0000
H6	6.1030	-86.2130	0.0000	59.7520	0.0170	0.0000	-2.7980	-0.0040	-0.0150	-47.0000	0.0000	0.0000	0.0000	-3.7430	0.0310	0.0120	-11.9030	0.3120	-7.8680	-0.6530	-0.0300
H7	7.2520	-86.4810	0.0000	59.5040	0.0000	0.0000	-2.7890	0.0000	0.0000	-44.0630	0.0000	0.0000	0.0000	-2.3730	0.0000	0.0000	-11.2550	0.0000	-7.9190	0.0000	0.0000
H4	6.9570	-86.1410	0.0000	57.2670	0.0000	0.0000	-3.5990	0.0000	0.0000	-47.8920	0.0000	0.0000	0.0000	-2.3050	0.0000	0.0000	-11.9050	0.0000	-8.1660	0.0000	0.0000
H5	7.4780	-87.0810	0.0000	59.4220	0.0000	0.0000	-2.8010	0.0000	0.0000	-44.5880	0.0000	0.0000	0.0000	-2.3700	0.0000	0.0000	-11.3560	0.0000	-7.8820	0.0000	0.0000
D10	6.2050	-90.1760	0.0000	59.9210	0.0000	0.0000	-2.7620	0.0000	0.0000	-51.1650	0.0000	0.0000	0.0000	-3.4680	0.0000	0.0000	-12.7750	0.0000	-8.1090	0.0000	0.0000
D11	7.4450	-90.2890	0.0000	59.0860	0.0000	0.0000	-2.7980	0.0000	0.0000	-50.4690	0.0000	0.0000	0.0000	-3.4010	0.0000	0.0000	-12.9310	0.0000	-7.5830	0.0000	0.0000
D12	8.3580	-91.3250	0.0000	58.7330	0.0000	0.0000	-2.7810	0.0000	0.0000	-51.0620	0.0000	0.0000	0.0000	-3.3470	0.0000	0.0000	-12.6430	0.0000	-8.0550	0.0000	0.0000
B12	5.9230	-91.9810	0.0000	62.3670	0.0000	0.0000	-2.7540	0.0000	0.0000	-51.6790	0.0000	0.0000	0.0000	-3.3990	0.0000	0.0000	-12.9440	0.0000	-8.8910	0.0000	0.0000
B10	6.9280	-93.5330	0.0000	60.9970	0.2060	0.0170	-2.7670	0.1420	0.1770	-51.5320	0.0000	0.0000	-0.0530	-2.3910	-0.0220	0.1020	-12.2750	-0.0730	-8.3180	-0.5490	-0.1200
B11	8.4380	-92.8770	0.0000	62.3290	-0.0070	0.0010	-3.5380	-0.0060	-0.0080	-49.1710	0.0000	0.0000	0.0020	-2.2980	0.0160	0.0200	-11.8970	-0.0400	-9.3280	-0.0060	0.0280
Q8	8.3230	-91.9650	0.0000	62.9720	0.0000	0.0000	-3.1600	0.0000	0.0000	-47.4890	0.0000	0.0000	0.0000	-2.3310	0.0000	0.0000	-13.0190	0.0000	-8.3090	0.0000	0.0000
Q9	6.9370	-91.9980	0.0000	59.1290	0.0010	-0.0010	-2.8130	-0.0270	-0.0020	-50.0660	0.0000	0.0000	0.0010	-2.3510	0.0020	0.1470	-11.0980	-0.1960	-7.7670	-0.0400	0.0100
C9	6.1650	-87.7870	0.0000	58.9020	0.0000	0.0000	-2.7870	0.0000	0.0000	-48.8840	0.0000	0.0000	0.0000	-2.3570	0.0000	0.0000	-12.8510	0.0000	-8.1690	0.0000	0.0000
C8	6.7340	-90.5650	0.0000	58.7230	0.0090	0.0080	-2.7950	-0.0420	-0.0480	-50.4790	0.0000	0.0000	-0.0010	-3.6750	0.0600	-0.0120	-11.3370	0.2290	-7.9700	0.1280	0.0730
Q11	7.7580	-93.5850	0.0000	58.6640	0.0000	0.0000	-2.7820	0.0000	0.0000	-51.7300	0.0000	0.0000	0.0000	-2.3620	0.0000	0.0000	-11.3400	0.0000	-8.0830	0.0000	0.0000
Q10	7.4310	-94.7580	0.0000	62.5960	0.0000	0.0000	-2.8560	0.0000	0.0000	-49.7260	0.0000	0.0000	0.0000	-2.2120	0.0000	0.0000	-11.0910	0.0000	-8.8350	0.0000	0.0000
Q12	8.0580	-95.8810	0.0000	63.2580	0.0000	0.0000	-2.9100	0.0000	0.0000	-50.0810	0.0000	0.0000	0.0000	-2.2160	0.0000	0.0000	-11.5590	0.0000	-8.8320	0.0000	0.0000
C3	7.4870	-90.5810	0.0000	59.0600	0.0000	0.0000	-3.5850	0.0000	0.0000	-52.7850	0.0000	0.0000	0.0000	-3.1800	0.0000	0.0000	-12.9830	0.0000	-9.0050	0.0000	0.0000
C2	6.6130	-92.9810	0.0000	61.8210	0.0130	0.0020	-2.7930	0.0190	0.0020	-51.2680	0.0000	0.0000	-0.0230	-2.3720	-0.0050	-0.0060	-12.8930	0.1010	-8.7240	-0.0360	-0.0040
C1	4.7900	-89.6370	0.0000	59.9310	-0.2130	0.0210	-2.5990	-0.1850	-0.1050	-50.1110	0.0000	0.0000	0.1200	-3.0890	0.0080	0.0110	-12.0030	-1.5690	-9.1170	3.6490	-0.1240
C7	5.3280	-87.8690	0.0000	61.7290	0.0000	0.0000	-2.7740	0.0000	0.0000	-48.4530	0.0000	0.0000	0.0000	-3.6080	0.0000	0.0000	-12.7810	0.0000	-8.4780	0.0000	0.0000
C6	5.5810	-88.8600	0.0000	60.9330	0.0000	0.0000	-2.7750	0.0000	0.0000	-49.9420	0.0000	0.0000	0.0000	-3.6060	0.0000	0.0000	-12.7600	0.0000	-8.4540	0.0000	0.0000
C5	5.4810	-88.5510	0.0000	59.4270	0.0000	0.0000	-2.7600	0.0000	0.0000	-48.4220	0.0000	0.0000	0.0000	-2.3500	0.0000	0.0000	-11.5230	0.0000	-8.1440	0.0000	0.0000
C4	7.7210	-88.8130	0.0000	60.4810	-0.0040	-0.0130	-3.5630	0.0340	0.0240	-49.1960	0.0000	0.0000	-0.0010	-3.4820	-0.0180	-0.4440	-13.5640	0.1740	-7.7480	0.0630	-0.0420
N10	5.4160	-86.7630	0.0000	60.9620	-0.0450	0.0000	-2.8510	-0.0330	0.1210	-45.7690	0.0000	0.0000	-0.0230	-3.7000	0.0200	-0.0990	-10.7700	-1.0890	-7.3970	0.5010	-0.0200
N8	6.5210	-94.0500	0.0000	61.7380	0.0000	0.0000	-2.7980	0.0000	0.0000	-53.1270	0.0000	0.0000	0.0000	-3.4510	0.0000	0.0000	-12.0480	0.0000	-9.0380	0.0000	0.0000
N9	6.2750	-93.1140	0.0000	60.5730	0.0000	0.0000	-3.6520	0.0000	0.0000	-55.6750	0.0000	0.0000	0.0000	-3.8130	0.0000	0.0000	-13.3070	0.0000	-8.6380	0.0000	0.0000
N11	6.7750	-90.7320	0.0000	59.7190	0.0000	0.0000	-2.7860	0.0000	0.0000	-49.2510	0.0000	0.0000	0.0000	-2.3710	0.0000	0.0000	-11.5300	0.0000	-8.3270	0.0000	0.0000
G12	7.3690	-89.9150	0.0000	55.8540	0.0000	0.0000	-3.6430	0.0000	0.0000	-53.7170	0.0000	0.0000	0.0000	-2.3130	0.0000	0.0000	-12.2560	0.0000	-8.8130	0.0000	0.0000
G11	9.1820	-91.5780	0.0000	59.8850	0.0000	0.0000	-2.8100	0.0000	0.0000	-49.4220	0.0000	0.0000	0.0000	-3.3910	0.0000	0.0000	-12.8830	0.0000	-7.8280	0.0000	0.0000
G10	7.5140	-85.1800	0.0000	55.6610	-0.0020	-0.0040	-3.9880	0.0290	0.0230	-48.1600	0.0000	0.0000	-0.0110	-2.1000	-0.0380	0.0110	-12.0080	0.2370	-8.0290	-0.2810	0.0050
F1	7.0230	-90.6370	0.0000	60.0210	0.0000	0.0000	-2.7890	0.0000	0.0000	-50.5390	0.0000	0.0000	0.0000	-3.3090	0.0000	0.0000	-12.5280	0.0000	-8.3210	0.0000	0.0000
F2	6.1060	-91.4590	0.0000	60.7350	0.0000	0.0000	-2.7480	0.0000	0.0000	-51.8880	0.0000	0.0000	0.0000	-3.4190	0.0000	0.0000	-12.6940	0.0000	-8.4080	0.0000	0.0000
F3	6.7370	-90.1240	0.0000	59.8720	0.0000	0.0000	-2.7730	0.0000	0.0000	-50.6380	0.0000	0.0000	0.0000	-3.4870	0.0000	0.0000	-12.6300	0.0000	-8.2320	0.0000	0.0000
F4	5.8730	-92.5600	0.0000	61.9590	0.0000	0.0000	-2.7520	0.0000	0.0000	-49.4420	0.0000	0.0000	0.0000	-2.3440	0.0000	0.0000	-11.1960	0.0000	-8.4240	0.0000	0.0000
F5	6.3880	-90.0540	0.0000	59.2020	-0.0050	-0.0050	-2.7870	0.0040	0.0220	-51.1550	0.0000	0.0000	-0.0010	-3.4330	-0.0030	0.0350	-12.5590	-0.1690	-7.7960	0.0010	0.0050
F6	6.6970	-90.7200	0.0000	59.9410	-0.0270	0.0170	-2.7660	-0.0070	-0.0040	-49.7540	0.0000	0.0000	0.0050	-2.3990	0.0070	0.1270	-12.5030	-0.4610	-7.8180	0.1300	0.0270
F7	7.2070	-92.8940	0.0000	59.3770	0.0000	0.0000	-2.7550	0.0000	0.0000	-53.4810	0.0000	0.0000	0.0000	-3.4700	0.0000	0.0000	-12.6360	0.0000	-8.3090	0.0000	0.0000
F8	7.2870	-91.8510	0.0000	58.9090	0.0000	0.0000	-2.7540	0.0000	0.0000	-52.8380	0.0000	0.0000	0.0000	-3.4910	0.0000	0.0000	-12.6080	0.0000	-8.3280	0.0000	0.0000
F9	6.0780	-93.0550	0.0000	60.6790	0.0000	0.0000	-2.7390	0.0000	0.0000	-51.0920	0.0000	0.0000	0.0000	-2.3420	0.0000	0.0000	-11.2130	0.0000	-8.5010	0.0000	0.0000
Q1	6.1990	-90.6590	0.0000	60.3350	0.0000	0.0000	-2.7690	0.0000	0.0000	-50.4480	0.0000	0.0000	0.0000	-3.8670	0.0000	0.0000	-12.0070	0.0000	-7.6810	0.0000	0.0000
Q3	7.9020	-91.0650	0.0000	61.4110	-0.0130	-0.0020	-2.7990	-0.0090	0.0300	-46.9020	0.0000	0.0000	-0.0200	-3.8370	-0.0030	-0.0570	-10.9490	0.4030	-7.4340	-0.4400	-0.0200
Q2	6.3570	-92.1650	0.0000	60.4560	0.0100	0.0030	-2.7770	0.0260	-0.0030	-51.9420	0.0000	0.0000	-0.0020	-3.7540	0.0000	0.0090	-11.9060	-0.0240	-8.1400	-0.0260	-0.0050
Q5	8.0490	-95.2750	0.0000	62.5680	0.0000	0.0000	-2.8700	0.0000	0.0000	-49.7600	0.0000	0.0000	0.0000	-2.2230	0.0000	0.0000	-11.2400	0.0000	-8.7690	0.0000	0.0000
Q4	6.0920	-91.4290	0.0000	60.0940	0.0000	0.0000	-2.7850	0.0000	0.0000	-51.9520	0.0000	0.0000	0.0000	-3.7480	0.0000	0.0000	-11.9530	0.0000	-8.2230	0.0000	0.0000
Q7	8.7640	-95.6830	0.0000	60.0900	0.0000	0.0000	-2.8080	0.0000	0.0000	-51.8850	0.0000	0.0000	0.0000	-2.3410	0.0000	0.0000	-11.7490	0.0000	-8.1590	0.0000	0.0000
Q6	8.0060	-94.8010	0.0000	60.2190	0.0000	0.0000	-2.7960	0.0000	0.0000	-51.6200	0.0000	0.0000	0.0000	-2.3550	0.0000	0.0000	-11.5920	0.0000	-8.3000	0.0000	0.0000
E11	6.1320	-89.5360	0.0000	60.4170	0.0000	0.0000	-2.7910	0.0000	0.0000	-50.0640	0.0000	0.0000	0.0000	-3.4110	0.0000	0.0000	-12.9940	0.0000	-7.8810	0.0000	0.0000
E10	5.8020	-91.0290	0.0000	61.0520	0.0000	0.0000	-2.7860	0.0000	0.0000	-50.5730	0.0000	0.0000	0.0000	-2.9150	0.0000	0.0000	-12.4420	0.0000	-8.2560	0.0000	0.0000
E12	5.7960	-89.9860	0.0000	61.1080	0.0690	-0.0090	-2.7850	0.0470	-0.0140	-49.5280	0.0000	0.0000	-0.0120	-3.2640	0.0300	0.4100	-12.1890	0.0230	-8.5990	-0.1550	0.0030
C12	6.7500	-89.6910	0.0000	58.1150	0.0000	0.0000	-2.7750	0.0000	0.0000	-51.3410	0.0000	0.0000	0.0000	-3.1510	0.0000	0.0000	-12.2320	0.0000	-8.3580	0.0000	0.0000
C11	6.7920	-90.9680	0.0000	59.2480	0.0000	0.0000	-2.7540	0.0000	0.0000	-52.1340	0.0000	0.0000	0.0000	-3.4330	0.0000	0.0000	-12.6420	0.0000	-8.3780	0.0000	0.0000
C10	5.5590	-89.1120	0.0000	59.8930	0.0000	0.0000	-2.7570	0.0000	0.0000	-48.4430	0.0000	0.0000	0.0000	-2.3510	0.0000	0.0000	-11.2200	0.0000	-8.4560	0.0000	0.0000
A11	7.4610	-88.9810	0.0000	62.3190	0.0000	0.0000	-2.8470	0.0000	0.0000	-43.9690	0.0000	0.0000	0.0000	-2.2940	0.0000	0.0000	-11.0130	0.0000	-8.6130	0.0000	0.0000
A10	5.6060	-91.6970	0.0000	57.5490	0.0270	0.0100	-3.3690	-0.0340	-0.0370	-54.0730	0.0000	0.0000	0.1070	-2.1580	-0.1370	0.1830	-12.4450	-1.6650	-9.4690	3.2730	0.1850
A12	6.4780	-89.0500	0.0000	57.4660	0.0000	0.0000	-2.7640	0.0000	0.0000	-49.3200	0.0000	0.0000	0.0000	-2.3620	0.0000	0.0000	-11.1150	0.0000	-7.9750	0.0000	0.0000
A1	8.4010	-92.8510	0.0000	63.3760	0.0000	0.0000	-2.8540	0.0000	0.0000	-45.9930	0.0000	0.0000	0.0000	-2.2880	0.0000	0.0000	-11.0660	0.0000	-8.7120	0.0000	0.0000
A3	7.3600	-87.7750	0.0000	58.8700	-0.0050	0.0000	-2.8020	-0.0050	0.0000	-45.8540	0.0000	0.0000	0.0000	-2.3670	0.0010	0.0080	-11.3240	0.0900	-7.8900	-0.0240	0.0080
A2	5.8880	-90.6390	0.0000	61.2900	0.0000	0.0000	-2.7730	0.0000	0.0000	-50.1340	0.0000	0.0000	0.0000	-3.7540	0.0000	0.0000	-12.0200	0.0000	-8.1260	0.0000	0.0000
A5	7.6440	-91.9880	0.0000	60.4250	0.0000	0.0000	-2.7840	0.0000	0.0000	-50.4080	0.0000	0.0000	0.0000	-3.8650	0.0000	0.0000	-11.9660	0.0000	-7.8740	0.0000	0.0000
A4	6.8430	-90.4930	0.0000	61.0450	0.0000	0.0000	-2.8340	0.0000	0.0000	-47.3320	0.0000	0.0000	0.0000	-2.2860	0.0000	0.0000	-11.0470	0.0000	-8.5590	0.0000	0.0000
A7	8.4040	-93.7310	0.0000	60.5560	0.0000	0.0000	-2.8000	0.0000	0.0000	-49.8730	0.0000	0.0000	0.0000	-2.3420	0.0000	0.0000	-11.7500	0.0000	-8.2110	0.0000	0.0000
A6	5.8780	-90.6480	0.0000	61.2830	0.0000	0.0000	-2.7680	0.0000	0.0000	-50.1650	0.0000	0.0000	0.0000	-3.7550	0.0000	0.0000	-12.0220	0.0000	-8.1330	0.0000	0.0000
A9	7.3480	-94.9630	0.0000	65.9260	0.0010	-0.0060	-2.8300	0.0320	0.0020	-47.8550	0.0000	0.0000	0.0000	-3.4140	0.0030	-0.0040	-11.5120	0.0710	-8.4330	-0.0390	-0.0380
A8	6.3130	-88.7460	0.0000	61.7210	0.0000	0.0000	-2.8110	0.0000	0.0000	-45.7040	0.0000	0.0000	0.0000	-2.1300	0.0000	0.0000	-11.3070	0.0000	-8.7430	0.0000	0.0000
D8	6.2790	-90.0230	0.0000	60.4700	0.0000	0.0000	-2.7570	0.0000	0.0000	-50.4980	0.0000	0.0000	0.0000	-3.3880	0.0000	0.0000	-12.7700	0.0000	-8.3100	0.0000	0.0000
D9	6.8400	-90.2070	0.0000	59.0890	0.0000	0.0000	-2.7790	0.0000	0.0000	-51.4510	0.0000	0.0000	0.0000	-3.4880	0.0000	0.0000	-12.7450	0.0000	-8.1620	0.0000	0.0000
D6	7.0100	-92.4450	0.0000	59.7120	0.0000	0.0000	-2.7580	0.0000	0.0000	-52.8580	0.0000	0.0000	0.0000	-3.4180	0.0000	0.0000	-12.6240	0.0000	-8.3380	0.0000	0.0000
D7	6.8780	-90.4250	0.0000	59.2590	0.0000	0.0000	-2.7640	0.0000	0.0000	-51.3710	0.0000	0.0000	0.0000	-3.1870	0.0000	0.0000	-12.8430	0.0000	-8.2890	0.0000	0.0000
D4	6.1290	-92.1330	0.0000	60.4940	0.0000	0.0000	-2.7490	0.0000	0.0000	-52.7960	0.0000	0.0000	0.0000	-3.4350	0.0000	0.0000	-12.6290	0.0000	-8.4740	0.0000	0.0000
D5	6.7450	-92.3970	0.0000	59.8600	0.0170	-0.0050	-2.7370	-0.1000	0.0590	-52.4440	0.0000	0.0000	0.0120	-3.4350	0.1050	-0.0750	-11.7070	0.3780	-9.0930	-0.1020	0.0310
D2	6.9420	-88.7400	0.0000	58.6670	0.0000	0.0000	-2.7670	0.0000	0.0000	-50.4170	0.0000	0.0000	0.0000	-3.4560	0.0000	0.0000	-12.7610	0.0000	-8.3030	0.0000	0.0000
D3	5.5970	-91.3010	0.0000	60.6890	0.0000	0.0000	-2.7410	0.0000	0.0000	-49.8280	0.0000	0.0000	0.0000	-2.3520	0.0000	0.0000	-11.1990	0.0000	-8.5230	0.0000	0.0000
D1	6.1050	-87.8810	0.0000	58.8900	-0.0690	-0.0220	-3.5400	0.4660	0.6550	-47.5120	0.0000	0.0000	-0.0230	-2.5320	0.6920	-0.3750	-10.8950	-0.1690	-8.5690	0.0960	-0.3420
