MUT	fa_rep:	ref:	fa_atr:	hbond_sc:	fa_sol:	yhh_planarity:	dslf_fa13:	fa_intra_sol_xover4:	omega:	p_aa_pp:	TOT	sugar_bb:	fa_intra_rep:	hbond_lr_bb:	hbond_sr_bb:	hbond_bb_sc:	fa_elec:	cart_bonded:	lk_ball_wtd:	fa_dun:	rama_prepro:
G7	8.3710	-84.3240	0.0000	58.7920	0.0000	0.0000	-2.6620	0.0000	0.0000	-42.5990	0.0000	0.0000	0.0000	-2.3400	0.0000	0.0000	-11.6680	0.0000	-8.7670	0.0000	0.0000
G6	5.4370	-86.2970	0.0000	61.4400	-0.0100	0.0010	-4.5310	0.1060	0.0300	-49.5350	0.0000	0.0000	0.0220	-2.4620	-0.0470	-0.4440	-14.7800	0.2730	-9.1830	0.9290	-0.0200
G5	6.9110	-84.3720	0.0000	58.9120	0.0000	0.0000	-3.5880	0.0000	0.0000	-45.4040	0.0000	0.0000	0.0000	-2.1060	0.0000	0.0000	-12.3150	0.0000	-8.8460	0.0000	0.0000
G4	9.9640	-86.3080	0.0000	55.8290	0.0000	0.0000	-2.6920	0.0000	0.0000	-46.8490	0.0000	0.0000	0.0000	-2.7390	0.0000	0.0000	-12.9440	0.0000	-7.9600	0.0000	0.0000
G3	9.0020	-86.8120	0.0000	53.3460	-0.0080	0.0030	-1.5740	-0.0280	0.1020	-47.4320	0.0000	0.0000	-0.2170	-2.1070	0.0200	-0.0800	-9.4370	-0.1390	-8.9170	-0.6940	0.1110
G2	9.7960	-88.9560	0.0000	60.9270	0.0000	0.0000	-3.5730	0.0000	0.0000	-47.6670	0.0000	0.0000	0.0000	-2.9500	0.0000	0.0000	-15.4810	0.0000	-7.4300	0.0000	0.0000
G1	8.0660	-87.5320	0.0000	61.0070	0.0000	0.0000	-3.5590	0.0000	0.0000	-45.9310	0.0000	0.0000	0.0000	-2.2530	0.0000	0.0000	-12.6030	0.0000	-9.0580	0.0000	0.0000
G9	7.2440	-84.8650	0.0000	57.9080	0.0000	0.0000	-2.5930	0.0000	0.0000	-44.5360	0.0000	0.0000	0.0000	-2.0270	0.0000	0.0000	-11.9580	0.0000	-8.2460	0.0000	0.0000
G8	6.9540	-83.1520	0.0000	62.8790	-0.0220	-0.0070	-4.6070	0.0490	0.0230	-43.5040	0.0000	0.0000	-0.0330	-2.8840	-0.0100	0.0630	-16.9720	0.5120	-7.0390	0.7750	-0.0330
N6	7.0150	-87.0810	0.0000	62.1690	0.0010	0.0040	-2.5670	0.0190	-0.0050	-42.9380	0.0000	0.0000	0.0060	-2.3460	0.0000	-0.0020	-10.9970	0.0390	-9.1750	-0.0200	0.0000
N7	6.6560	-86.3860	0.0000	62.4730	0.0000	0.0000	-2.5950	0.0000	0.0000	-43.5170	0.0000	0.0000	0.0000	-2.3500	0.0000	0.0000	-11.9720	0.0000	-9.3420	0.0000	0.0000
B4	8.8230	-88.5390	0.0000	59.5530	0.0000	0.0000	-2.4880	0.0010	0.0040	-46.4470	0.0000	0.0000	0.0060	-2.0410	-0.0010	0.0060	-11.8070	-0.0150	-9.9590	0.0080	0.0000
B5	8.2560	-87.9120	0.0000	59.3350	0.0000	0.0000	-2.5960	0.0000	0.0000	-45.0750	0.0000	0.0000	0.0000	-2.3490	0.0000	0.0000	-10.6520	0.0000	-9.1570	0.0000	0.0000
B6	9.9990	-86.6250	0.0000	56.7720	0.0000	0.0000	-3.5420	0.0000	0.0000	-48.6340	0.0000	0.0000	0.0000	-2.9810	0.0000	0.0000	-13.4070	0.0000	-8.8490	0.0000	0.0000
B7	5.3930	-83.4830	0.0000	55.3660	0.0000	0.0000	-2.6520	0.0000	0.0000	-49.9070	0.0000	0.0000	0.0000	-2.6430	0.0000	0.0000	-12.9790	0.0000	-8.9090	0.0000	0.0000
B1	6.4720	-86.7580	0.0000	59.6160	0.0000	0.0000	-3.5230	0.0000	0.0000	-46.0640	0.0000	0.0000	0.0000	-2.2470	0.0000	0.0000	-11.6370	0.0000	-7.9870	0.0000	0.0000
B2	7.5670	-82.9780	0.0000	55.7810	0.0000	0.0000	-3.5070	0.0000	0.0000	-47.2870	0.0000	0.0000	0.0000	-2.8520	0.0000	0.0000	-12.7690	0.0000	-8.5290	0.0000	0.0000
B3	9.1790	-89.0070	0.0000	59.4080	0.0000	0.0000	-2.5270	0.0000	0.0000	-45.9780	0.0000	0.0000	0.0000	-2.0460	0.0000	0.0000	-11.8150	0.0000	-9.1690	0.0000	0.0000
B8	8.2450	-85.1090	0.0000	55.3470	0.0000	0.0000	-2.7240	0.0000	0.0000	-48.0150	0.0000	0.0000	0.0000	-2.7750	0.0000	0.0000	-13.4470	0.0000	-7.5530	0.0000	0.0000
B9	7.9170	-89.6280	0.0000	60.2900	0.0000	0.0000	-2.5760	0.0000	0.0000	-46.6430	0.0000	0.0000	0.0000	-1.9950	0.0000	0.0000	-11.9990	0.0000	-8.6530	0.0000	0.0000
N5	7.1380	-87.6840	0.0000	62.0410	0.0000	0.0000	-2.6450	0.0000	0.0000	-46.6440	0.0000	0.0000	0.0000	-3.4000	0.0000	0.0000	-12.7070	0.0000	-9.3870	0.0000	0.0000
P10	7.7610	-89.3450	0.0000	62.4290	0.0010	0.0060	-2.4620	-0.0110	0.0040	-44.5410	0.0000	0.0000	0.0040	-2.2740	0.0010	0.0040	-11.2950	-0.0240	-9.3280	-0.0010	-0.0120
P11	8.3320	-89.2000	0.0000	60.6850	0.0000	0.0000	-2.6120	0.0000	0.0000	-45.2630	0.0000	0.0000	0.0000	-2.3310	0.0000	0.0000	-11.2300	0.0000	-8.9080	0.0000	0.0000
P12	8.1110	-89.2090	0.0000	61.2180	0.0000	0.0000	-2.6190	0.0000	0.0000	-45.2900	0.0000	0.0000	0.0000	-2.3260	0.0000	0.0000	-11.3750	0.0000	-9.0900	0.0000	0.0000
E9	8.5680	-87.7920	0.0000	60.4370	0.0000	0.0000	-2.6310	0.0000	0.0000	-43.6490	0.0000	0.0000	0.0000	-2.2940	0.0000	0.0000	-11.3660	0.0000	-8.5720	0.0000	0.0000
E8	7.1690	-88.0850	0.0000	63.7850	0.0000	0.0000	-2.6760	0.0000	0.0000	-45.9610	0.0000	0.0000	0.0000	-3.2810	0.0000	0.0000	-13.5390	0.0000	-9.3350	0.0000	0.0000
E5	7.3580	-88.4790	0.0000	62.2000	0.0000	0.0000	-2.6650	0.0000	0.0000	-47.8900	0.0000	0.0000	0.0000	-3.2570	0.0000	0.0000	-13.6160	0.0000	-9.4300	0.0000	0.0000
E4	7.8620	-86.8490	0.0000	59.5450	0.0000	0.0000	-2.6300	0.0000	0.0000	-44.2830	0.0000	0.0000	0.0000	-2.2980	0.0000	0.0000	-11.0920	0.0000	-8.8200	0.0000	0.0000
E7	7.3030	-85.7350	0.0000	58.9010	0.0000	0.0000	-3.5620	0.0000	0.0000	-47.9800	0.0000	0.0000	0.0000	-2.7080	0.0000	0.0000	-13.5100	0.0000	-8.6710	0.0000	0.0000
E6	6.7910	-84.2720	0.0000	57.6760	0.0000	0.0000	-3.5230	0.0000	0.0000	-47.6820	0.0000	0.0000	0.0000	-2.9260	0.0000	0.0000	-13.2520	0.0000	-8.1760	0.0000	0.0000
E1	8.8960	-88.2880	0.0000	61.5680	0.0000	0.0000	-3.6120	0.0000	0.0000	-46.6410	0.0000	0.0000	0.0000	-2.1660	0.0000	0.0000	-14.6120	0.0000	-8.4270	0.0000	0.0000
P8	7.9810	-88.6510	0.0000	63.4350	0.0000	0.0000	-2.4720	0.0000	0.0000	-43.1250	0.0000	0.0000	0.0000	-2.2830	0.0000	0.0000	-11.4300	0.0000	-9.7050	0.0000	0.0000
E3	6.7570	-85.6780	0.0000	58.6070	0.0000	0.0000	-3.5950	0.0000	0.0000	-48.5080	0.0000	0.0000	0.0000	-2.7130	0.0000	0.0000	-13.5640	0.0000	-8.3230	0.0000	0.0000
E2	8.7660	-90.8230	0.0000	59.2940	0.0000	0.0000	-3.6340	0.0000	0.0000	-51.0480	0.0000	0.0000	0.0000	-2.7750	0.0000	0.0000	-13.7080	0.0000	-8.1680	0.0000	0.0000
P2	8.0210	-88.6790	0.0000	62.4250	0.0000	0.0000	-2.4560	0.0000	0.0000	-43.2610	0.0000	0.0000	0.0000	-1.9980	0.0000	0.0000	-11.2990	0.0000	-9.2770	0.0000	0.0000
P3	9.1760	-88.5980	0.0000	60.8370	0.0000	0.0000	-2.4600	0.0000	0.0000	-43.5130	0.0000	0.0000	0.0000	-2.0480	0.0000	0.0000	-11.2250	0.0000	-9.1960	0.0000	0.0000
P1	8.9990	-87.9880	0.0000	59.6710	0.0000	0.0000	-2.4000	0.0000	0.0000	-44.5920	0.0000	0.0000	0.0000	-2.0270	0.0000	0.0000	-11.4880	0.0000	-9.3600	0.0000	0.0000
P6	8.6750	-90.4410	0.0000	63.8380	0.0000	0.0000	-2.6210	0.0000	0.0000	-44.9420	0.0000	0.0000	0.0000	-2.3260	0.0000	0.0000	-12.9810	0.0000	-9.0860	0.0000	0.0000
P7	6.9150	-89.0540	0.0000	63.2900	0.0020	-0.0060	-2.4680	-0.0100	0.0120	-44.2060	0.0000	0.0000	0.0010	-1.7710	0.0000	-0.0010	-12.0680	-0.0090	-8.9870	-0.0460	-0.0050
P4	8.0220	-89.2650	0.0000	62.9170	0.0000	0.0000	-2.5190	0.0000	0.0000	-43.1170	0.0000	0.0000	0.0000	-2.0510	0.0000	0.0000	-11.2830	0.0000	-8.9380	0.0000	0.0000
P5	7.8410	-88.4440	0.0000	64.1250	0.0000	0.0000	-2.4770	0.0000	0.0000	-43.2710	0.0000	0.0000	0.0000	-2.2350	0.0000	0.0000	-13.2030	0.0000	-8.8770	0.0000	0.0000
H10	7.5920	-92.8960	0.0000	64.2170	0.0000	0.0000	-2.4000	0.0000	0.0000	-46.6220	0.0000	0.0000	0.0000	-2.1360	0.0000	0.0000	-11.4180	0.0000	-9.5820	0.0000	0.0000
H11	6.7790	-89.1450	0.0000	63.7630	0.0000	0.0000	-2.5650	0.0000	0.0000	-44.6170	0.0000	0.0000	0.0000	-2.5000	0.0000	0.0000	-11.6590	0.0000	-9.2900	0.0000	0.0000
H12	7.1420	-88.8760	0.0000	66.7250	0.0000	0.0000	-2.4990	0.0000	0.0000	-42.7870	0.0000	0.0000	0.0000	-2.7090	0.0000	0.0000	-13.1020	0.0000	-9.4680	0.0000	0.0000
P9	7.5640	-90.0980	0.0000	64.6580	0.0000	0.0000	-2.6250	0.0000	0.0000	-43.4450	0.0000	0.0000	0.0000	-2.2500	0.0000	0.0000	-11.5950	0.0000	-9.0980	0.0000	0.0000
F12	9.6190	-90.3360	0.0000	61.6450	-0.0210	0.0010	-4.5460	0.0390	-0.0130	-50.3320	0.0000	0.0000	-0.0160	-3.2160	-0.0160	-0.2050	-16.3180	0.2110	-7.9240	0.7890	-0.0260
F10	8.6240	-87.9080	0.0000	57.4380	0.0000	0.0000	-3.5680	0.0000	0.0000	-49.2340	0.0000	0.0000	0.0000	-2.8210	0.0000	0.0000	-12.9950	0.0000	-8.0030	0.0000	0.0000
F11	8.9280	-89.4730	0.0000	58.4320	0.0000	0.0000	-2.5890	0.0000	0.0000	-47.0070	0.0000	0.0000	0.0000	-2.0920	0.0000	0.0000	-11.6520	0.0000	-8.5610	0.0000	0.0000
N12	5.2730	-85.1420	0.0000	59.8410	0.0000	0.0000	-2.5860	0.0000	0.0000	-45.2890	0.0000	0.0000	0.0000	-2.3520	0.0000	0.0000	-11.2680	0.0000	-9.0550	0.0000	0.0000
H8	5.0600	-85.1450	0.0000	61.3270	0.0000	0.0000	-2.5630	0.0000	0.0000	-43.9180	0.0000	0.0000	0.0000	-2.3290	0.0000	0.0000	-11.3320	0.0000	-8.9360	0.0000	0.0000
H9	5.7460	-85.7720	0.0000	61.0190	0.0000	0.0000	-2.5660	0.0000	0.0000	-44.2970	0.0000	0.0000	0.0000	-2.3300	0.0000	0.0000	-11.1480	0.0000	-9.2470	0.0000	0.0000
H6	5.3960	-86.0380	0.0000	60.8410	0.0000	0.0000	-2.5940	0.0000	0.0000	-45.2110	0.0000	0.0000	0.0000	-2.3480	0.0000	0.0000	-11.3930	0.0000	-9.0750	0.0000	0.0000
H7	5.6230	-85.7310	0.0000	61.9990	0.0000	0.0000	-2.5950	0.0000	0.0000	-43.5920	0.0000	0.0000	0.0000	-2.3380	0.0000	0.0000	-11.3760	0.0000	-9.1740	0.0000	0.0000
H4	5.1310	-86.2960	0.0000	60.1830	0.0000	0.0000	-2.6180	0.0000	0.0000	-45.7450	0.0000	0.0000	0.0000	-2.3610	0.0000	0.0000	-10.8730	0.0000	-8.9120	0.0000	0.0000
H5	5.7030	-86.6510	0.0000	61.0160	0.0000	0.0000	-2.6050	0.0000	0.0000	-45.4620	0.0000	0.0000	0.0000	-2.3490	0.0000	0.0000	-11.4510	0.0000	-9.1270	0.0000	0.0000
D10	7.7930	-88.8750	0.0000	61.1290	0.0000	0.0000	-2.6670	0.0000	0.0000	-48.4700	0.0000	0.0000	0.0000	-3.2840	0.0000	0.0000	-12.9500	0.0000	-9.6170	0.0000	0.0000
D11	7.9040	-87.4640	0.0000	57.8520	0.0000	0.0000	-3.6140	0.0000	0.0000	-48.5240	0.0000	0.0000	0.0000	-2.0940	0.0000	0.0000	-12.7710	0.0000	-8.3370	0.0000	0.0000
D12	7.8490	-87.1540	0.0000	58.1250	0.0000	0.0000	-3.5630	0.0000	0.0000	-49.6090	0.0000	0.0000	0.0000	-2.7100	0.0000	0.0000	-13.4720	0.0000	-8.6850	0.0000	0.0000
B12	9.4320	-91.2550	0.0000	62.0440	0.0000	0.0000	-2.6460	0.0000	0.0000	-45.6670	0.0000	0.0000	0.0000	-2.2900	0.0000	0.0000	-12.2970	0.0000	-8.6540	0.0000	0.0000
B10	9.9210	-86.5110	0.0000	55.9750	0.0000	0.0000	-3.5150	0.0000	0.0000	-48.9170	0.0000	0.0000	0.0000	-2.9460	0.0000	0.0000	-12.4400	0.0000	-9.4010	0.0000	0.0000
B11	7.1690	-86.3020	0.0000	60.3160	0.0000	0.0000	-3.6020	0.0000	0.0000	-47.2200	0.0000	0.0000	0.0000	-2.6780	0.0000	0.0000	-13.3390	0.0000	-8.7860	0.0000	0.0000
Q8	7.9180	-90.8500	0.0000	66.3500	0.0010	-0.0010	-3.1790	0.0040	-0.0080	-45.6790	0.0000	0.0000	-0.0110	-2.1990	0.0020	0.0010	-15.6480	0.2000	-8.2300	-0.0240	-0.0040
Q9	8.7360	-89.2030	0.0000	62.5960	0.0000	0.0000	-2.6180	0.0000	0.0000	-44.4560	0.0000	0.0000	0.0000	-2.3280	0.0000	0.0000	-12.7900	0.0000	-8.8490	0.0000	0.0000
C9	7.9190	-86.8020	0.0000	59.1360	0.0000	0.0000	-2.6250	0.0000	0.0000	-44.4900	0.0000	0.0000	0.0000	-2.2990	0.0000	0.0000	-11.0750	0.0000	-8.7450	0.0000	0.0000
C8	7.5490	-89.9470	0.0000	60.4650	0.0000	0.0000	-2.6600	0.0000	0.0000	-50.0670	0.0000	0.0000	0.0000	-3.8480	0.0000	0.0000	-11.8950	0.0000	-9.7300	0.0000	0.0000
Q11	6.8710	-86.9600	0.0000	59.5910	0.0000	-0.0040	-2.6160	-0.0170	0.0170	-47.5740	0.0000	0.0000	-0.0020	-2.7040	0.0070	0.0050	-12.6470	0.0090	-9.0950	-0.0290	0.0030
Q10	8.0240	-88.6830	0.0000	62.4280	0.0000	0.0000	-2.4570	0.0000	0.0000	-43.2560	0.0000	0.0000	0.0000	-1.9960	0.0000	0.0000	-11.2950	0.0000	-9.2760	0.0000	0.0000
Q12	7.5720	-88.7430	0.0000	62.5970	-0.0050	0.0000	-2.4860	0.0480	0.0100	-43.5860	0.0000	0.0000	0.0030	-1.7040	-0.0020	0.0040	-11.2970	0.0790	-9.5470	-0.1250	0.0110
C3	11.7010	-87.0900	0.0000	56.8590	0.0000	0.0000	-3.5820	0.0000	0.0000	-46.4700	0.0000	0.0000	0.0000	-2.7360	0.0000	0.0000	-13.8590	0.0000	-7.7640	0.0000	0.0000
C2	10.4010	-86.6280	0.0000	56.6440	0.0000	0.0000	-3.5400	0.0000	0.0000	-48.3650	0.0000	0.0000	0.0000	-2.9720	0.0000	0.0000	-13.3850	0.0000	-8.8870	0.0000	0.0000
C1	9.1950	-91.4850	0.0000	61.3390	0.0000	0.0000	-2.7030	0.0000	0.0000	-46.2640	0.0000	0.0000	0.0000	-2.3780	0.0000	0.0000	-11.8530	0.0000	-8.3800	0.0000	0.0000
C7	5.5970	-83.9600	0.0000	59.2700	0.0000	0.0000	-3.5940	0.0000	0.0000	-47.1500	0.0000	0.0000	0.0000	-2.8470	0.0000	0.0000	-13.2830	0.0000	-8.3320	0.0000	0.0000
C6	6.7090	-85.0750	0.0000	59.4560	0.0000	0.0000	-2.6040	0.0000	0.0000	-44.3890	0.0000	0.0000	0.0000	-2.3250	0.0000	0.0000	-11.3720	0.0000	-9.1780	0.0000	0.0000
C5	7.8910	-86.7550	0.0000	59.1060	0.0000	0.0000	-2.6320	0.0000	0.0000	-44.4790	0.0000	0.0000	0.0000	-2.2990	0.0000	0.0000	-11.0560	0.0000	-8.7360	0.0000	0.0000
C4	5.7780	-85.7900	0.0000	57.8800	0.0000	0.0000	-3.6020	0.0000	0.0000	-50.3810	0.0000	0.0000	0.0000	-2.8870	0.0000	0.0000	-13.4940	0.0000	-8.2660	0.0000	0.0000
N10	5.4240	-85.5780	0.0000	60.7260	0.0000	0.0000	-2.6180	0.0000	0.0000	-44.7360	0.0000	0.0000	0.0000	-2.3470	0.0000	0.0000	-11.3590	0.0000	-8.9840	0.0000	0.0000
N8	7.0460	-87.8740	0.0000	60.9700	0.0000	0.0000	-2.6680	0.0000	0.0000	-46.0170	0.0000	0.0000	0.0000	-2.3780	0.0000	0.0000	-11.4370	0.0000	-9.6780	0.0000	0.0000
N9	6.6620	-89.1120	0.0000	62.5500	0.0000	0.0000	-2.6570	0.0000	0.0000	-47.5750	0.0000	0.0000	0.0000	-3.1530	0.0000	0.0000	-12.7280	0.0000	-9.1370	0.0000	0.0000
N11	6.4250	-88.1500	0.0000	58.7560	0.0000	0.0000	-2.5950	0.0000	0.0000	-48.4720	0.0000	0.0000	0.0000	-2.3450	0.0000	0.0000	-11.9310	0.0000	-8.6310	0.0000	0.0000
G12	7.3970	-81.7760	0.0000	54.0160	-0.0320	-0.0010	-2.5920	-0.0220	0.0050	-47.6210	0.0000	0.0000	0.0170	-2.9870	-0.0170	-0.4250	-11.9320	-0.0240	-8.5050	-0.7300	-0.0140
G11	10.4500	-87.9950	0.0000	59.4130	0.0000	0.0000	-2.5170	0.0000	0.0000	-44.2790	0.0000	0.0000	0.0000	-2.0250	0.0000	0.0000	-13.5600	0.0000	-8.0450	0.0000	0.0000
G10	7.9280	-83.4650	0.0000	58.3710	0.0000	0.0000	-2.6700	0.0000	0.0000	-42.7490	0.0000	0.0000	0.0000	-2.3390	0.0000	0.0000	-11.6940	0.0000	-8.8790	0.0000	0.0000
F1	7.6410	-85.8390	0.0000	58.9880	0.0000	0.0000	-3.5560	0.0000	0.0000	-47.6170	0.0000	0.0000	0.0000	-2.7150	0.0000	0.0000	-13.4430	0.0000	-8.6930	0.0000	0.0000
F2	7.3740	-85.8640	0.0000	59.2000	0.0000	0.0000	-3.5900	0.0000	0.0000	-47.5380	0.0000	0.0000	0.0000	-2.7570	0.0000	0.0000	-13.7160	0.0000	-8.1830	0.0000	0.0000
F3	7.1260	-89.8700	0.0000	60.5180	0.0000	0.0000	-2.6980	0.0000	0.0000	-50.3770	0.0000	0.0000	0.0000	-2.9730	0.0000	0.0000	-12.8920	0.0000	-9.5880	0.0000	0.0000
F4	10.1190	-86.5940	0.0000	56.6030	0.0000	0.0000	-3.5440	0.0000	0.0000	-48.5080	0.0000	0.0000	0.0000	-2.9850	0.0000	0.0000	-13.2980	0.0000	-8.8090	0.0000	0.0000
F5	8.1240	-88.3140	0.0000	58.9170	0.0000	0.0000	-2.6080	0.0000	0.0000	-46.1010	0.0000	0.0000	0.0000	-2.2950	0.0000	0.0000	-11.3680	0.0000	-8.5570	0.0000	0.0000
F6	7.3990	-89.1690	0.0000	61.0830	0.0060	0.0030	-2.6220	0.0420	0.0620	-48.5140	0.0000	0.0000	0.0160	-3.8690	-0.0050	0.0580	-12.0710	0.0940	-9.4650	-0.0330	-0.0430
F7	5.8970	-84.7700	0.0000	58.2980	0.0000	0.0000	-3.5410	0.0000	0.0000	-48.7460	0.0000	0.0000	0.0000	-2.7110	0.0000	0.0000	-13.9510	0.0000	-7.9690	0.0000	0.0000
F8	8.9790	-87.9860	0.0000	59.9670	0.0000	0.0000	-3.5940	0.0000	0.0000	-46.6680	0.0000	0.0000	0.0000	-2.1740	0.0000	0.0000	-12.7570	0.0000	-9.1060	0.0000	0.0000
F9	6.6740	-84.9830	0.0000	58.5920	0.0000	0.0000	-3.5920	0.0000	0.0000	-47.7200	0.0000	0.0000	0.0000	-2.7410	0.0000	0.0000	-13.4240	0.0000	-8.2460	0.0000	0.0000
Q1	9.0150	-86.8920	0.0000	61.6320	0.0000	0.0000	-2.6010	0.0000	0.0000	-43.1410	0.0000	0.0000	0.0000	-3.3260	0.0000	0.0000	-11.7720	0.0000	-9.1980	0.0000	0.0000
Q3	7.7250	-89.4140	0.0000	62.8020	0.0000	0.0000	-2.6080	0.0000	0.0000	-44.4080	0.0000	0.0000	0.0000	-2.3320	0.0000	0.0000	-11.4150	0.0000	-9.1650	0.0000	0.0000
Q2	8.4860	-89.2040	0.0000	63.2720	0.0000	0.0000	-2.6180	0.0000	0.0000	-44.5050	0.0000	0.0000	0.0000	-2.3320	0.0000	0.0000	-12.9590	0.0000	-9.1490	0.0000	0.0000
Q5	8.0160	-88.6810	0.0000	62.4310	0.0000	0.0000	-2.4570	0.0000	0.0000	-43.2540	0.0000	0.0000	0.0000	-1.9970	0.0000	0.0000	-11.2910	0.0000	-9.2760	0.0000	0.0000
Q4	7.5360	-89.0030	0.0000	61.2790	-0.0110	-0.0030	-2.6190	-0.0090	-0.0080	-45.3460	0.0000	0.0000	0.0000	-2.3010	0.0080	0.0290	-11.4190	0.2210	-9.1050	0.0410	0.0160
Q7	6.9380	-89.5540	0.0000	60.2610	0.0000	0.0000	-2.6310	0.0000	0.0000	-49.3900	0.0000	0.0000	0.0000	-2.7280	0.0000	0.0000	-12.7480	0.0000	-8.9280	0.0000	0.0000
Q6	7.5320	-86.1730	0.0000	58.2000	0.0000	0.0000	-2.5990	0.0000	0.0000	-46.2080	0.0000	0.0000	0.0000	-2.6300	0.0000	0.0000	-12.6610	0.0000	-7.8750	0.0000	0.0000
E11	7.7290	-86.6380	0.0000	59.3660	0.0000	0.0000	-3.5790	0.0000	0.0000	-46.2930	0.0000	0.0000	0.0000	-2.1370	0.0000	0.0000	-12.8330	0.0000	-8.2000	0.0000	0.0000
E10	8.8830	-89.7860	0.0000	60.6200	0.0000	0.0000	-2.6020	0.0000	0.0000	-45.3830	0.0000	0.0000	0.0000	-2.0280	0.0000	0.0000	-12.3260	0.0000	-8.1450	0.0000	0.0000
E12	8.7840	-87.2290	0.0000	62.6820	0.0000	0.0000	-3.5940	0.0000	0.0000	-44.9150	0.0000	0.0000	0.0000	-2.2180	0.0000	0.0000	-14.5180	0.0000	-8.8220	0.0000	0.0000
C12	7.1570	-85.0080	0.0000	58.2540	0.0000	0.0000	-3.5510	0.0000	0.0000	-48.3220	0.0000	0.0000	0.0000	-2.7210	0.0000	0.0000	-13.1180	0.0000	-9.3370	0.0000	0.0000
C11	6.6130	-82.4030	0.0000	55.5180	0.0000	0.0000	-2.7010	0.0000	0.0000	-46.8770	0.0000	0.0000	0.0000	-3.0010	0.0000	0.0000	-12.7010	0.0000	-8.2020	0.0000	0.0000
C10	8.4510	-84.3790	0.0000	56.6690	-0.0420	0.0020	-2.6130	-0.0080	0.0240	-44.6080	0.0000	0.0000	-0.0150	-2.3070	-0.0130	-0.4260	-9.9830	-0.0940	-9.1450	-0.7210	-0.0060
A11	5.6520	-87.1260	0.0000	62.3190	0.0000	0.0000	-2.4810	0.0000	0.0000	-44.8480	0.0000	0.0000	0.0000	-2.2700	0.0000	0.0000	-11.4580	0.0000	-9.4840	0.0000	0.0000
A10	7.4520	-90.2080	0.0000	58.5900	0.0640	-0.0020	-3.6060	0.0130	0.0030	-50.4510	0.0000	0.0000	-0.1160	-2.9910	0.0940	-0.1050	-12.6190	0.3990	-8.5490	1.1630	-0.0350
A12	7.1740	-89.0580	0.0000	61.7570	0.0000	0.0000	-2.5850	0.0000	0.0000	-46.8800	0.0000	0.0000	0.0000	-2.3390	0.0000	0.0000	-11.1150	0.0000	-10.7160	0.0000	0.0000
A1	6.8010	-90.1450	0.0000	63.5810	0.0000	0.0000	-2.4980	0.0000	0.0000	-45.2700	0.0000	0.0000	0.0000	-2.2370	0.0000	0.0000	-11.4690	0.0000	-9.3020	0.0000	0.0000
A3	6.0340	-87.1470	0.0000	60.6330	0.0020	0.0000	-2.5960	0.0220	0.0050	-46.0350	0.0000	0.0000	0.0000	-2.3500	0.0030	0.0080	-11.4600	-0.0790	-9.2090	0.1050	-0.0040
A2	8.3730	-87.9530	0.0000	61.1750	0.0000	0.0000	-2.5760	0.0000	0.0000	-43.5510	0.0000	0.0000	0.0000	-2.3420	0.0000	0.0000	-10.9060	0.0000	-9.3220	0.0000	0.0000
A5	7.7870	-90.3200	0.0000	61.9540	0.0000	0.0000	-2.6160	0.0000	0.0000	-46.0350	0.0000	0.0000	0.0000	-2.3180	0.0000	0.0000	-11.4630	0.0000	-9.0590	0.0000	0.0000
A4	10.4800	-87.8430	0.0000	62.4210	-0.9660	0.0010	-2.6900	-0.1550	-0.0630	-40.7490	0.0000	0.0000	-0.0140	-2.4050	0.0240	0.1900	-11.5850	1.3050	-9.8370	0.4720	-0.0860
A7	8.3530	-92.8240	0.0000	63.4490	0.0000	0.0000	-2.6490	0.0000	0.0000	-47.6360	0.0000	0.0000	0.0000	-2.3070	0.0000	0.0000	-11.8520	0.0000	-9.8090	0.0000	0.0000
A6	8.3670	-87.9640	0.0000	61.1910	0.0000	0.0000	-2.5720	0.0000	0.0000	-43.5450	0.0000	0.0000	0.0000	-2.3410	0.0000	0.0000	-10.9050	0.0000	-9.3210	0.0000	0.0000
A9	8.6480	-91.5260	0.0000	68.3120	0.0020	0.0010	-2.6370	-0.0070	0.0040	-41.9650	0.0000	0.0000	0.0000	-2.3120	-0.0110	0.0030	-12.7090	0.1510	-9.8360	-0.0110	-0.0370
A8	5.8330	-87.2220	0.0000	61.1340	0.0000	0.0000	-2.4560	0.0000	0.0000	-45.4540	0.0000	0.0000	0.0000	-2.2830	0.0000	0.0000	-11.3580	0.0000	-9.1020	0.0000	0.0000
D8	8.8630	-88.3960	0.0000	62.4310	0.0000	0.0000	-2.6330	0.0000	0.0000	-43.8880	0.0000	0.0000	0.0000	-2.3180	0.0000	0.0000	-12.9650	0.0000	-8.8680	0.0000	0.0000
D9	7.5890	-89.1190	0.0000	60.5320	0.0000	0.0000	-2.6560	0.0000	0.0000	-49.1880	0.0000	0.0000	0.0000	-3.8170	0.0000	0.0000	-12.1750	0.0000	-9.5430	0.0000	0.0000
D6	7.1460	-85.2400	0.0000	56.8400	0.0000	0.0000	-3.5540	0.0000	0.0000	-48.6680	0.0000	0.0000	0.0000	-2.8720	0.0000	0.0000	-12.5810	0.0000	-8.4070	0.0000	0.0000
D7	7.2430	-85.5670	0.0000	58.0290	0.0000	0.0000	-3.5460	0.0000	0.0000	-48.9070	0.0000	0.0000	0.0000	-2.6850	0.0000	0.0000	-13.1340	0.0000	-9.2460	0.0000	0.0000
D4	9.5550	-86.4590	0.0000	56.6220	0.0000	0.0000	-3.5380	0.0000	0.0000	-48.9550	0.0000	0.0000	0.0000	-2.9970	0.0000	0.0000	-13.3470	0.0000	-8.7900	0.0000	0.0000
D5	9.5390	-86.4020	0.0000	56.5720	0.0000	0.0000	-3.5450	0.0000	0.0000	-48.9250	0.0000	0.0000	0.0000	-2.9890	0.0000	0.0000	-13.3100	0.0000	-8.7920	0.0000	0.0000
D2	6.9770	-88.9250	0.0000	59.0070	0.0000	0.0000	-2.6970	0.0000	0.0000	-51.2020	0.0000	0.0000	0.0000	-2.9860	0.0000	0.0000	-12.8440	0.0000	-9.7340	0.0000	0.0000
D3	8.7680	-90.2310	0.0000	60.7550	0.0000	0.0000	-2.6560	0.0000	0.0000	-46.1560	0.0000	0.0000	0.0000	-2.2290	0.0000	0.0000	-12.3580	0.0000	-8.2050	0.0000	0.0000
D1	9.3330	-88.6810	0.0000	66.9690	-0.0340	0.0010	-4.5480	-0.0540	-0.0200	-43.8620	0.0000	0.0000	-0.0150	-2.2630	-0.0150	-0.2060	-17.4810	0.0490	-7.8220	0.9390	-0.0140
