MUT	fa_rep:	ref:	fa_atr:	hbond_sc:	fa_sol:	yhh_planarity:	dslf_fa13:	fa_intra_sol_xover4:	omega:	p_aa_pp:	TOT	sugar_bb:	fa_intra_rep:	hbond_lr_bb:	hbond_sr_bb:	hbond_bb_sc:	fa_elec:	cart_bonded:	lk_ball_wtd:	fa_dun:	rama_prepro:
G7	6.9180	-84.9870	0.0000	55.0370	0.0000	0.0000	-3.3560	0.0000	0.0000	-49.7330	0.0000	0.0000	0.0000	-2.9640	0.0000	0.0000	-13.1690	0.0000	-7.2120	0.0000	0.0000
G6	5.8630	-84.1430	0.0000	54.7500	0.0000	0.0000	-3.3430	0.0000	0.0000	-50.1090	0.0000	0.0000	0.0000	-2.9690	0.0000	0.0000	-13.0550	0.0000	-7.2130	0.0000	0.0000
G5	7.6160	-86.2270	0.0000	55.2510	0.0020	-0.0010	-3.3430	0.0070	-0.0070	-50.0940	0.0000	0.0000	-0.0100	-2.9640	-0.0110	0.0060	-13.1590	0.0420	-7.2670	-0.0360	0.0070
G4	9.2290	-88.9790	0.0000	54.0920	0.0000	0.0000	-3.3840	0.0000	0.0000	-53.1510	0.0000	0.0000	0.0000	-2.9240	0.0000	0.0000	-13.6110	0.0000	-7.5740	0.0000	0.0000
G3	7.7110	-89.4720	0.0000	53.3560	-0.0690	-0.0050	-3.2840	0.5970	-0.6200	-54.7090	0.0000	0.0000	0.1970	-2.9450	-0.0460	-0.1260	-12.9810	0.3530	-7.5330	0.3180	-0.1590
G2	7.5630	-88.3860	0.0000	55.0720	-0.0050	0.0000	-3.3790	0.0280	0.0050	-53.0510	0.0000	0.0000	-0.0070	-2.9450	-0.0300	-0.0190	-13.6550	-0.0360	-7.2810	0.0260	-0.0010
G1	6.8660	-88.1490	0.0000	56.7030	0.0000	0.0000	-3.3330	0.0000	0.0000	-52.0690	0.0000	0.0000	0.0000	-2.9740	0.0000	0.0000	-13.4670	0.0000	-7.7140	0.0000	0.0000
G9	6.7730	-86.2140	0.0000	55.3190	0.0000	0.0000	-3.3690	0.0000	0.0000	-50.9820	0.0000	0.0000	0.0000	-2.9680	0.0000	0.0000	-13.2720	0.0000	-7.2500	0.0000	0.0000
G8	6.5930	-84.1470	0.0000	55.5740	0.0000	0.0000	-3.3600	0.0000	0.0000	-48.9180	0.0000	0.0000	0.0000	-2.9620	0.0000	0.0000	-13.3130	0.0000	-7.3030	0.0000	0.0000
N6	6.0550	-85.8940	0.0000	57.7550	0.0000	0.0000	-3.1510	0.0000	0.0000	-49.2790	0.0000	0.0000	0.0000	-2.9550	0.0000	0.0000	-12.8220	0.0000	-8.2680	0.0000	0.0000
N7	6.3090	-83.4160	0.0000	54.5010	0.0000	0.0000	-3.2450	0.0000	0.0000	-49.9550	0.0000	0.0000	0.0000	-3.0220	0.0000	0.0000	-13.3970	0.0000	-7.6860	0.0000	0.0000
B4	8.4360	-89.4000	0.0000	56.8250	0.0000	0.0000	-3.1720	0.0000	0.0000	-51.6080	0.0000	0.0000	0.0000	-3.0020	0.0000	0.0000	-13.1510	0.0000	-8.1480	0.0000	0.0000
B5	6.5820	-82.8500	0.0000	52.6790	0.0000	0.0000	-3.2600	0.0000	0.0000	-50.6320	0.0000	0.0000	0.0000	-2.9880	0.0000	0.0000	-13.1750	0.0000	-7.6200	0.0000	0.0000
B6	12.3260	-89.3830	0.0000	54.5640	0.0000	0.0000	-3.4190	0.0000	0.0000	-49.9040	0.0000	0.0000	0.0000	-2.8790	0.0000	0.0000	-13.4670	0.0000	-7.6430	0.0000	0.0000
B7	7.9090	-85.3940	0.0000	52.1100	0.0000	0.0000	-3.4400	0.0000	0.0000	-52.7140	0.0000	0.0000	0.0000	-2.9680	0.0000	0.0000	-13.3450	0.0000	-7.5850	0.0000	0.0000
B1	6.1200	-86.1010	0.0000	56.1450	0.0000	0.0000	-3.3270	0.0000	0.0000	-51.5400	0.0000	0.0000	0.0000	-2.9590	0.0000	0.0000	-13.7120	0.0000	-7.7050	0.0000	0.0000
B2	7.5260	-81.6010	0.0000	50.8740	0.0000	0.0000	-3.4470	0.0000	0.0000	-48.6100	0.0000	0.0000	0.0000	-2.8100	0.0000	0.0000	-12.3490	0.0000	-6.8030	0.0000	0.0000
B3	9.1730	-89.6280	0.0000	57.0380	0.0000	0.0000	-3.1610	0.0000	0.0000	-50.5430	0.0000	0.0000	0.0000	-3.0400	0.0000	0.0000	-13.3240	0.0000	-7.6010	0.0000	0.0000
B8	7.8240	-88.9040	0.0000	55.4650	0.0000	0.0000	-3.3540	0.0000	0.0000	-53.2640	0.0000	0.0000	0.0000	-2.8990	0.0000	0.0000	-13.6030	0.0000	-7.7930	0.0000	0.0000
B9	8.4040	-88.0760	0.0000	55.5930	0.0000	0.0000	-3.3910	0.0000	0.0000	-52.0300	0.0000	0.0000	0.0000	-2.9080	0.0000	0.0000	-13.8620	0.0000	-7.7920	0.0000	0.0000
N5	5.7490	-85.3250	0.0000	54.3120	0.0000	0.0000	-3.3310	0.0000	0.0000	-53.1380	0.0000	0.0000	0.0000	-2.9500	0.0000	0.0000	-13.1570	0.0000	-8.4340	0.0000	0.0000
P10	8.9950	-88.3750	0.0000	60.6270	0.0000	0.0000	-3.1500	0.0000	0.0000	-44.5210	0.0000	0.0000	0.0000	-2.7150	0.0000	0.0000	-12.3130	0.0000	-7.5910	0.0000	0.0000
P11	7.7270	-85.5780	0.0000	54.4860	0.0000	0.0000	-3.1570	0.0000	0.0000	-50.2500	0.0000	0.0000	0.0000	-2.8960	0.0000	0.0000	-12.8780	0.0000	-7.9540	0.0000	0.0000
P12	7.0250	-86.3440	0.0000	55.9250	0.0000	0.0000	-3.1570	0.0000	0.0000	-50.4290	0.0000	0.0000	0.0000	-2.8920	0.0000	0.0000	-12.7840	0.0000	-8.2020	0.0000	0.0000
E9	6.4320	-86.6100	0.0000	55.2030	0.0000	0.0000	-3.4110	0.0000	0.0000	-51.7390	0.0000	0.0000	0.0000	-2.8540	0.0000	0.0000	-13.0340	0.0000	-7.4630	0.0000	0.0000
E8	6.6210	-85.6310	0.0000	56.0590	0.0000	0.0000	-3.4040	0.0000	0.0000	-50.6300	0.0000	0.0000	0.0000	-2.8260	0.0000	0.0000	-13.7890	0.0000	-7.6600	0.0000	0.0000
E5	6.6990	-87.2080	0.0000	56.7840	0.0000	0.0000	-3.3370	0.0000	0.0000	-51.1950	0.0000	0.0000	0.0000	-2.9760	0.0000	0.0000	-13.4280	0.0000	-7.7280	0.0000	0.0000
E4	5.9980	-86.5780	0.0000	56.2200	0.0000	0.0000	-3.3320	0.0000	0.0000	-51.9040	0.0000	0.0000	0.0000	-2.9720	0.0000	0.0000	-13.4650	0.0000	-7.7750	0.0000	0.0000
E7	8.5250	-87.3960	0.0000	54.2010	0.0000	0.0000	-3.3770	0.0000	0.0000	-51.8390	0.0000	0.0000	0.0000	-2.8770	0.0000	0.0000	-13.4440	0.0000	-7.4730	0.0000	0.0000
E6	7.9930	-85.2740	0.0000	53.3680	0.0000	0.0000	-3.4160	0.0000	0.0000	-51.3920	0.0000	0.0000	0.0000	-2.9170	0.0000	0.0000	-13.7110	0.0000	-7.4340	0.0000	0.0000
E1	8.0030	-89.0870	0.0000	56.2550	0.0000	0.0000	-3.3340	0.0000	0.0000	-51.9360	0.0000	0.0000	0.0000	-2.9210	0.0000	0.0000	-13.4150	0.0000	-7.4350	0.0000	0.0000
P8	7.4720	-87.6010	0.0000	62.4210	0.0000	0.0000	-3.1980	0.0000	0.0000	-43.4240	0.0000	0.0000	0.0000	-2.7270	0.0000	0.0000	-12.3300	0.0000	-7.4580	0.0000	0.0000
E3	6.5030	-87.2610	0.0000	53.1430	0.0000	0.0000	-3.4170	0.0000	0.0000	-55.1010	0.0000	0.0000	0.0000	-2.9380	0.0000	0.0000	-13.5330	0.0000	-7.5990	0.0000	0.0000
E2	6.5030	-87.2610	0.0000	53.1430	0.0000	0.0000	-3.4170	0.0000	0.0000	-55.1010	0.0000	0.0000	0.0000	-2.9380	0.0000	0.0000	-13.5330	0.0000	-7.5990	0.0000	0.0000
P2	12.1260	-90.5020	0.0000	61.3080	0.0000	0.0010	-3.2060	-0.0010	-0.0020	-43.1420	0.0000	0.0000	-0.0040	-2.6910	0.0030	-0.0020	-12.3280	0.0400	-7.8620	-0.0230	0.0020
P3	11.4450	-90.0830	0.0000	60.4260	0.0000	0.0000	-3.2180	0.0000	0.0000	-43.8930	0.0000	0.0000	0.0000	-2.7950	0.0000	0.0000	-12.4670	0.0000	-7.1980	0.0000	0.0000
P1	10.9650	-94.3620	0.0000	58.3990	0.0000	0.0000	-3.1370	0.0000	0.0000	-51.2130	0.0000	0.0000	0.0000	-2.6970	0.0000	0.0000	-12.5250	0.0000	-7.8580	0.0000	0.0000
P6	7.8530	-86.1590	0.0000	55.7830	0.0040	-0.0040	-3.1650	0.0450	-0.0100	-48.3620	0.0000	0.0000	0.0050	-2.9580	0.0020	-0.0020	-12.5890	0.0230	-7.1100	-0.0950	0.0140
P7	9.5070	-88.6320	0.0000	60.8210	-0.0010	0.0000	-3.1550	-0.0010	-0.0110	-44.0150	0.0000	0.0000	-0.0040	-2.7370	-0.0060	-0.0030	-12.3190	0.0530	-7.6300	0.1000	0.0000
P4	11.5860	-90.6070	0.0000	61.0700	0.0230	0.0030	-3.1920	-0.0080	-0.0040	-43.9190	0.0000	0.0000	0.0080	-2.7190	-0.0020	-0.0020	-12.2860	0.1210	-7.8720	-0.0040	-0.0320
P5	8.0350	-88.7340	0.0000	62.5880	-0.0050	0.0000	-3.2850	-0.0560	-0.0530	-43.9890	0.0000	0.0000	0.0090	-2.9190	-0.0080	-0.0040	-12.3020	-0.1380	-7.1920	0.0540	0.0230
H10	7.5460	-92.5010	0.0000	63.1280	-0.3430	-0.0110	-2.8990	0.2230	0.0450	-48.4730	0.0000	0.0000	-0.1250	-2.4370	0.0000	-0.4240	-12.3630	-0.8530	-9.0930	1.6540	-0.0170
H11	7.4820	-93.3210	0.0000	62.2410	-0.5330	0.0130	-3.0890	0.2760	0.3640	-47.4480	0.0000	0.0000	0.2420	-1.7070	-0.1560	-0.7460	-11.7760	-0.7550	-8.0850	1.6470	0.4550
H12	8.5500	-90.2750	0.0000	62.8690	0.0000	0.0000	-3.3270	0.0000	0.0000	-45.8760	0.0000	0.0000	0.0000	-3.1730	0.0000	0.0000	-12.5910	0.0000	-7.9290	0.0000	0.0000
P9	8.2840	-88.6140	0.0000	61.6550	0.0240	-0.0020	-3.2670	0.0010	0.0060	-44.4700	0.0000	0.0000	0.0000	-2.9190	-0.0060	0.0070	-12.2100	-0.0100	-7.3820	-0.0340	-0.0020
F12	8.2740	-86.6650	0.0000	51.5170	0.0000	0.0000	-3.4310	0.0000	0.0000	-54.0340	0.0000	0.0000	0.0000	-2.9260	0.0000	0.0000	-13.2530	0.0000	-7.5500	0.0000	0.0000
F10	7.4280	-88.2990	0.0000	53.6650	0.0000	0.0000	-3.3870	0.0000	0.0000	-53.8240	0.0000	0.0000	0.0000	-2.9590	0.0000	0.0000	-13.2050	0.0000	-7.0660	0.0000	0.0000
F11	7.5990	-88.9550	0.0000	54.0450	0.0000	0.0000	-3.3200	0.0000	0.0000	-53.7490	0.0000	0.0000	0.0000	-3.0420	0.0000	0.0000	-13.1960	0.0000	-6.8800	0.0000	0.0000
N12	5.9400	-81.7950	0.0000	53.0450	0.0000	0.0000	-3.2390	0.0000	0.0000	-49.9640	0.0000	0.0000	0.0000	-3.0460	0.0000	0.0000	-13.2360	0.0000	-7.6330	0.0000	0.0000
H8	5.3850	-82.1500	0.0000	54.4310	0.0000	0.0000	-3.2020	0.0000	0.0000	-48.5300	0.0000	0.0000	0.0000	-2.9250	0.0000	0.0000	-12.4960	0.0000	-7.5720	0.0000	0.0000
H9	5.7970	-82.7570	0.0000	54.2310	0.0000	0.0000	-3.2080	0.0000	0.0000	-48.9610	0.0000	0.0000	0.0000	-2.9200	0.0000	0.0000	-12.4950	0.0000	-7.6090	0.0000	0.0000
H6	5.5970	-82.8300	0.0000	53.7920	0.0000	0.0000	-3.2210	0.0000	0.0000	-50.5110	0.0000	0.0000	0.0000	-3.1250	0.0000	0.0000	-13.2440	0.0000	-7.4810	0.0000	0.0000
H7	5.6090	-81.7140	0.0000	53.9530	0.0000	0.0000	-3.2380	0.0000	0.0000	-49.3520	0.0000	0.0000	0.0000	-3.0560	0.0000	0.0000	-13.1470	0.0000	-7.7570	0.0000	0.0000
H4	4.9610	-85.2110	0.0000	56.1500	-0.0050	-0.0010	-3.3430	0.0080	0.0310	-52.1400	0.0000	0.0000	-0.0030	-2.9950	0.0030	-0.0010	-13.8870	-0.1180	-7.7240	-0.0080	0.0020
H5	5.7510	-82.8800	0.0000	53.6160	0.0000	0.0000	-3.2470	0.0000	0.0000	-50.5520	0.0000	0.0000	0.0000	-3.0400	0.0000	0.0000	-13.1960	0.0000	-7.5570	0.0000	0.0000
D10	7.0720	-88.2420	0.0000	56.3190	0.0010	0.0020	-3.3350	0.0210	0.0240	-52.3870	0.0000	0.0000	0.0180	-2.9680	-0.0050	-0.0020	-13.5840	-0.0480	-7.6850	0.0450	-0.0200
D11	7.0510	-87.2390	0.0000	53.4580	0.0000	0.0000	-3.3880	0.0000	0.0000	-53.9080	0.0000	0.0000	0.0000	-2.9350	0.0000	0.0000	-13.4810	0.0000	-7.3750	0.0000	0.0000
D12	7.5860	-87.8290	0.0000	52.5110	0.0000	0.0000	-3.3830	0.0000	0.0000	-54.7630	0.0000	0.0000	0.0000	-2.9260	0.0000	0.0000	-13.2060	0.0000	-7.5140	0.0000	0.0000
B12	8.1170	-87.4590	0.0000	58.4360	0.0000	0.0000	-3.3840	0.0000	0.0000	-49.5350	0.0000	0.0000	0.0000	-2.9930	0.0000	0.0000	-14.4070	0.0000	-7.8460	0.0000	0.0000
B10	12.2540	-89.6380	0.0000	52.7530	0.0000	0.0000	-3.4100	0.0000	0.0000	-51.9060	0.0000	0.0000	0.0000	-2.8740	0.0000	0.0000	-13.2950	0.0000	-7.6950	0.0000	0.0000
B11	8.1030	-86.2630	0.0000	54.3550	0.0000	0.0000	-3.3780	0.0000	0.0000	-50.7600	0.0000	0.0000	0.0000	-2.8130	0.0000	0.0000	-12.8460	0.0000	-7.9190	0.0000	0.0000
Q8	6.4060	-85.2090	0.0000	58.6410	0.1630	-0.0010	-3.5910	-0.0510	-0.0010	-52.8170	0.0000	0.0000	-0.0040	-3.1950	-0.0010	0.0030	-19.4280	0.0660	-6.6180	-0.0100	0.0100
Q9	6.9960	-86.1830	0.0000	56.5720	0.0000	0.0000	-3.1670	0.0000	0.0000	-49.5820	0.0000	0.0000	0.0000	-2.9000	0.0000	0.0000	-12.8300	0.0000	-8.0710	0.0000	0.0000
C9	6.2170	-85.7620	0.0000	55.0080	0.0000	0.0000	-3.3510	0.0000	0.0000	-52.4790	0.0000	0.0000	0.0000	-2.9720	0.0000	0.0000	-13.8530	0.0000	-7.7650	0.0000	0.0000
C8	6.6810	-85.6620	0.0000	51.8430	0.0000	0.0000	-3.4010	0.0000	0.0000	-54.4870	0.0000	0.0000	0.0000	-2.9140	0.0000	0.0000	-13.6210	0.0000	-7.4130	0.0000	0.0000
Q11	11.4510	-86.5480	0.0000	54.5940	0.0000	0.0000	-3.1720	0.0000	0.0000	-46.7090	0.0000	0.0000	0.0000	-2.9500	0.0000	0.0000	-12.5640	0.0000	-7.5200	0.0000	0.0000
Q10	12.0770	-90.4880	0.0000	61.3160	0.0000	0.0000	-3.2050	0.0000	0.0000	-43.1530	0.0000	0.0000	0.0000	-2.6850	0.0000	0.0000	-12.3240	0.0000	-7.8450	0.0000	0.0000
Q12	11.8690	-90.6890	0.0000	61.5180	0.0000	0.0000	-3.4300	0.0000	0.0000	-43.8310	0.0000	0.0000	0.0000	-2.7110	0.0000	0.0000	-12.5160	0.0000	-7.8720	0.0000	0.0000
C3	9.7670	-90.0740	0.0000	53.6790	0.0000	0.0000	-3.4030	0.0000	0.0000	-52.7760	0.0000	0.0000	0.0000	-2.9530	0.0000	0.0000	-12.4460	0.0000	-7.3450	0.0000	0.0000
C2	10.9270	-87.7190	0.0000	52.5650	0.0000	0.0000	-3.4480	0.0000	0.0000	-51.0960	0.0000	0.0000	0.0000	-2.9430	0.0000	0.0000	-13.0750	0.0000	-7.4060	0.0000	0.0000
C1	8.5620	-86.3480	0.0000	55.2690	0.0000	0.0000	-3.3710	0.0000	0.0000	-49.5740	0.0000	0.0000	0.0000	-2.9250	0.0000	0.0000	-13.0870	0.0000	-7.6750	0.0000	0.0000
C7	5.6670	-85.0410	0.0000	57.4060	0.0000	0.0000	-3.3420	0.0000	0.0000	-49.1310	0.0000	0.0000	0.0000	-3.0280	0.0000	0.0000	-13.3910	0.0000	-7.4020	0.0000	0.0000
C6	6.0190	-85.9700	0.0000	56.8450	0.0000	0.0000	-3.3470	0.0000	0.0000	-50.3710	0.0000	0.0000	0.0000	-3.0340	0.0000	0.0000	-13.5040	0.0000	-7.3800	0.0000	0.0000
C5	6.2170	-85.7620	0.0000	55.0080	0.0000	0.0000	-3.3510	0.0000	0.0000	-52.4790	0.0000	0.0000	0.0000	-2.9720	0.0000	0.0000	-13.8530	0.0000	-7.7650	0.0000	0.0000
C4	6.9930	-86.9780	0.0000	55.7700	0.0010	-0.0010	-3.3680	-0.0250	0.0260	-51.1520	0.0000	0.0000	-0.0110	-2.9190	-0.0090	-0.0050	-13.3110	0.0240	-7.3130	-0.0330	0.0080
N10	6.3520	-82.6500	0.0000	54.3010	0.0000	0.0000	-3.2400	0.0000	0.0000	-49.0110	0.0000	0.0000	0.0000	-3.0470	0.0000	0.0000	-13.1410	0.0000	-7.5840	0.0000	0.0000
N8	6.6840	-87.7550	0.0000	56.9080	-0.0020	0.0000	-3.3350	-0.0030	0.0030	-52.4850	0.0000	0.0000	-0.0110	-2.9290	0.0000	-0.0040	-13.3300	0.0510	-8.7960	0.0380	-0.0040
N9	6.4230	-87.6760	0.0000	56.4490	0.0000	0.0000	-3.3480	0.0000	0.0000	-53.0230	0.0000	0.0000	0.0000	-2.9170	0.0000	0.0000	-13.3400	0.0000	-8.6150	0.0000	0.0000
N11	7.3410	-84.4290	0.0000	53.3400	0.0000	0.0000	-3.2280	0.0000	0.0000	-50.3030	0.0000	0.0000	0.0000	-2.9480	0.0000	0.0000	-12.9480	0.0000	-7.4290	0.0000	0.0000
G12	5.9560	-84.0160	0.0000	52.2560	0.0000	0.0000	-3.4230	0.0000	0.0000	-52.9810	0.0000	0.0000	0.0000	-2.8850	0.0000	0.0000	-13.3980	0.0000	-7.4700	0.0000	0.0000
G11	9.4230	-86.9900	0.0000	52.8550	0.0000	0.0000	-3.4290	0.0000	0.0000	-52.2030	0.0000	0.0000	0.0000	-2.9070	0.0000	0.0000	-13.8660	0.0000	-7.2900	0.0000	0.0000
G10	6.8340	-84.4550	0.0000	54.9310	0.0000	0.0000	-3.3800	0.0000	0.0000	-49.3780	0.0000	0.0000	0.0000	-2.8520	0.0000	0.0000	-13.1970	0.0000	-7.2610	0.0000	0.0000
F1	8.7750	-87.6530	0.0000	54.6360	0.0000	0.0000	-3.4050	0.0000	0.0000	-50.7500	0.0000	0.0000	0.0000	-2.8410	0.0000	0.0000	-12.8150	0.0000	-7.4470	0.0000	0.0000
F2	8.2020	-88.4380	0.0000	55.2880	0.0000	0.0000	-3.4010	0.0000	0.0000	-52.0840	0.0000	0.0000	0.0000	-2.8410	0.0000	0.0000	-13.3050	0.0000	-7.5880	0.0000	0.0000
F3	7.6350	-87.8190	0.0000	55.3170	0.0000	0.0000	-3.3480	0.0000	0.0000	-52.4360	0.0000	0.0000	0.0000	-2.9660	0.0000	0.0000	-13.5520	0.0000	-7.7030	0.0000	0.0000
F4	9.0680	-89.6600	0.0000	57.2570	0.0000	0.0000	-3.3500	0.0000	0.0000	-50.7170	0.0000	0.0000	0.0000	-3.0460	0.0000	0.0000	-13.9720	0.0000	-7.0140	0.0000	0.0000
F5	6.5320	-86.5760	0.0000	54.4290	0.0000	0.0000	-3.3400	0.0000	0.0000	-53.2950	0.0000	0.0000	0.0000	-2.9390	0.0000	0.0000	-13.7250	0.0000	-7.6780	0.0000	0.0000
F6	7.1350	-88.1750	0.0000	55.6820	0.0020	0.0010	-3.3840	-0.0070	0.0180	-52.4330	0.0000	0.0000	-0.0030	-2.9680	0.0030	0.0030	-13.4460	0.0490	-7.3350	-0.0200	0.0120
F7	8.3720	-87.4810	0.0000	53.6050	0.0000	0.0000	-3.3960	0.0000	0.0000	-53.2650	0.0000	0.0000	0.0000	-2.9300	0.0000	0.0000	-13.9370	0.0000	-7.4990	0.0000	0.0000
F8	7.4990	-85.9510	0.0000	53.8190	0.0000	0.0000	-3.3960	0.0000	0.0000	-52.2880	0.0000	0.0000	0.0000	-2.9480	0.0000	0.0000	-13.8390	0.0000	-7.4700	0.0000	0.0000
F9	8.9660	-89.8960	0.0000	55.9300	0.0000	0.0000	-3.3670	0.0000	0.0000	-52.3390	0.0000	0.0000	0.0000	-2.9030	0.0000	0.0000	-13.6170	0.0000	-7.4520	0.0000	0.0000
Q1	7.7310	-84.5470	0.0000	56.2500	0.0000	0.0000	-3.1760	0.0000	0.0000	-47.0040	0.0000	0.0000	0.0000	-2.8750	0.0000	0.0000	-12.6630	0.0000	-7.7250	0.0000	0.0000
Q3	7.0450	-84.8370	0.0000	54.8850	0.0000	0.0000	-3.1450	0.0000	0.0000	-48.9200	0.0000	0.0000	0.0000	-2.9250	0.0000	0.0000	-12.5290	0.0000	-7.4140	0.0000	0.0000
Q2	7.3030	-85.2680	0.0000	56.3020	0.0000	0.0000	-3.1480	-0.0110	0.0040	-47.6690	0.0000	0.0000	-0.0030	-2.9860	0.0060	0.0000	-12.7650	0.0560	-7.1410	-0.0130	-0.0040
Q5	12.1670	-90.5120	0.0000	61.3140	-0.0110	0.0010	-3.1980	-0.0050	0.0020	-43.1400	0.0000	0.0000	0.0030	-2.6890	-0.0030	-0.0030	-12.3070	-0.0290	-7.8440	-0.0240	0.0010
Q4	6.9840	-86.2190	0.0000	55.8370	0.0000	0.0000	-3.1790	0.0000	0.0000	-50.4620	0.0000	0.0000	0.0000	-2.8940	0.0000	0.0000	-12.8020	0.0000	-8.1900	0.0000	0.0000
Q7	11.6590	-89.8990	0.0000	56.5560	0.0000	0.0000	-3.2320	0.0000	0.0000	-49.8440	0.0000	0.0000	0.0000	-2.9110	0.0000	0.0000	-14.3330	0.0000	-7.6850	0.0000	0.0000
Q6	8.8320	-84.9740	0.0000	52.4650	0.0000	0.0000	-3.2540	0.0000	0.0000	-49.9340	0.0000	0.0000	0.0000	-2.7860	0.0000	0.0000	-12.8080	0.0000	-7.4080	0.0000	0.0000
E11	6.2510	-87.1560	0.0000	55.8170	0.0000	0.0000	-3.3270	0.0000	0.0000	-52.6410	0.0000	0.0000	0.0000	-2.9660	0.0000	0.0000	-13.4480	0.0000	-7.8120	0.0000	0.0000
E10	8.6950	-87.5460	0.0000	55.4900	0.0000	0.0000	-3.3890	0.0000	0.0000	-51.1770	0.0000	0.0000	0.0000	-2.9440	0.0000	0.0000	-13.7750	0.0000	-7.7080	0.0000	0.0000
E12	7.2050	-87.6480	0.0000	57.3330	0.0000	0.0000	-3.3370	0.0000	0.0000	-50.6620	0.0000	0.0000	0.0000	-2.9690	0.0000	0.0000	-13.5480	0.0000	-7.6980	0.0000	0.0000
C12	9.1410	-87.4730	0.0000	53.7940	0.0000	0.0000	-3.3930	0.0000	0.0000	-51.8100	0.0000	0.0000	0.0000	-2.8450	0.0000	0.0000	-13.5150	0.0000	-7.5200	0.0000	0.0000
C11	8.2370	-85.3190	0.0000	52.8730	0.0000	0.0000	-3.4160	0.0000	0.0000	-51.5320	0.0000	0.0000	0.0000	-2.9060	0.0000	0.0000	-13.6030	0.0000	-7.3960	0.0000	0.0000
C10	6.7910	-87.0050	0.0000	55.9620	0.0000	0.0000	-3.3450	0.0000	0.0000	-51.7900	0.0000	0.0000	0.0000	-2.9640	0.0000	0.0000	-13.5800	0.0000	-7.6500	0.0000	0.0000
A11	6.2150	-86.7490	0.0000	59.8300	0.0000	0.0000	-3.1610	0.0000	0.0000	-46.7200	0.0000	0.0000	0.0000	-2.7580	0.0000	0.0000	-12.3740	0.0000	-7.7250	0.0000	0.0000
A10	10.7580	-90.0050	0.0000	52.6940	0.0000	0.0000	-3.3860	0.0000	0.0000	-53.0880	0.0000	0.0000	0.0000	-2.7710	0.0000	0.0000	-13.0680	0.0000	-7.3100	0.0000	0.0000
A12	7.0160	-83.1540	0.0000	53.4860	0.0000	0.0000	-3.1410	0.0000	0.0000	-48.7180	0.0000	0.0000	0.0000	-2.9340	0.0000	0.0000	-12.4630	0.0000	-7.5290	0.0000	0.0000
A1	8.1600	-89.7270	0.0000	61.1400	0.0000	0.0000	-3.1810	0.0000	0.0000	-46.0740	0.0000	0.0000	0.0000	-2.6890	0.0000	0.0000	-12.3310	0.0000	-7.4460	0.0000	0.0000
A3	5.9800	-83.2190	0.0000	53.3850	0.0000	0.0000	-3.2440	0.0000	0.0000	-50.8090	0.0000	0.0000	0.0000	-3.0340	0.0000	0.0000	-13.0550	0.0000	-7.6220	0.0000	0.0000
A2	6.1830	-83.6270	0.0000	54.9400	0.0000	0.0000	-3.1360	0.0000	0.0000	-49.2410	0.0000	0.0000	0.0000	-2.8700	0.0000	0.0000	-12.6140	0.0000	-8.1180	0.0000	0.0000
A5	7.3740	-87.2610	0.0000	55.3210	0.0000	0.0000	-3.1700	0.0000	0.0000	-51.4860	0.0000	0.0000	0.0000	-2.9060	0.0000	0.0000	-12.8040	0.0000	-8.0400	0.0000	0.0000
A4	7.4360	-86.3830	0.0000	59.5220	0.0000	0.0000	-3.1500	0.0000	0.0000	-45.3880	0.0000	0.0000	0.0000	-2.7800	0.0000	0.0000	-12.2590	0.0000	-7.7750	0.0000	0.0000
A7	8.2420	-88.8730	0.0000	56.8090	0.0000	0.0000	-3.2220	0.0000	0.0000	-51.3990	0.0000	0.0000	0.0000	-2.8550	0.0000	0.0000	-13.9020	0.0000	-7.5990	0.0000	0.0000
A6	6.3410	-83.9050	0.0000	55.1080	0.0000	0.0000	-3.1420	0.0000	0.0000	-49.2140	0.0000	0.0000	0.0000	-2.8770	0.0000	0.0000	-12.5930	0.0000	-8.1440	0.0000	0.0000
A9	8.7300	-90.2240	0.0000	63.7410	0.0000	0.0000	-3.2110	0.0000	0.0000	-45.4030	0.0000	0.0000	0.0000	-2.9820	0.0000	0.0000	-13.5790	0.0000	-7.8780	0.0000	0.0000
A8	6.5880	-86.3160	0.0000	59.5510	0.0000	0.0000	-3.1820	0.0000	0.0000	-45.9420	0.0000	0.0000	0.0000	-2.7720	0.0000	0.0000	-12.3370	0.0000	-7.4740	0.0000	0.0000
D8	7.5060	-87.9950	0.0000	57.1530	0.0000	0.0000	-3.3410	0.0000	0.0000	-50.7910	0.0000	0.0000	0.0000	-2.9720	0.0000	0.0000	-13.5670	0.0000	-7.5750	0.0000	0.0000
D9	7.8670	-87.6400	0.0000	55.2390	0.0000	0.0000	-3.3910	0.0000	0.0000	-51.8150	0.0000	0.0000	0.0000	-2.8600	0.0000	0.0000	-13.6240	0.0000	-7.4070	0.0000	0.0000
D6	8.2870	-86.3630	0.0000	53.2810	0.0000	0.0000	-3.3820	0.0000	0.0000	-52.2740	0.0000	0.0000	0.0000	-2.8850	0.0000	0.0000	-13.7370	0.0000	-7.4740	0.0000	0.0000
D7	7.5910	-85.7690	0.0000	52.2180	0.0000	0.0000	-3.4060	0.0000	0.0000	-53.3870	0.0000	0.0000	0.0000	-2.9340	0.0000	0.0000	-13.5940	0.0000	-7.4920	0.0000	0.0000
D4	9.2300	-90.3720	0.0000	58.2880	0.0000	0.0000	-3.3780	0.0000	0.0000	-51.4520	0.0000	0.0000	0.0000	-2.8890	0.0000	0.0000	-14.2200	0.0000	-8.1100	0.0000	0.0000
D5	8.7660	-89.5370	0.0000	56.1130	0.0000	0.0000	-3.4060	0.0000	0.0000	-51.6870	0.0000	0.0000	0.0000	-2.9550	0.0000	0.0000	-13.4910	0.0000	-7.1770	0.0000	0.0000
D2	6.3460	-86.3550	0.0000	54.2780	0.0000	0.0000	-3.3280	0.0000	0.0000	-52.9410	0.0000	0.0000	0.0000	-2.9390	0.0000	0.0000	-13.2040	0.0000	-7.7380	0.0000	0.0000
D3	8.6090	-88.6790	0.0000	55.9680	0.0000	0.0000	-3.3630	0.0000	0.0000	-51.5070	0.0000	0.0000	0.0000	-2.8810	0.0000	0.0000	-13.7880	0.0000	-7.3730	0.0000	0.0000
D1	7.0790	-86.7220	0.0000	56.7080	0.0000	0.0000	-3.3520	0.0000	0.0000	-50.4970	0.0000	0.0000	0.0000	-2.9610	0.0000	0.0000	-13.5040	0.0000	-7.7460	0.0000	0.0000
