384A  11.27  14.26   2.99  11.83   2.43
384C  10.37  13.10   2.73  10.93   2.17
384E   9.60  11.82   2.22  10.18   1.65
384D   9.88  12.66   2.77  10.46   2.20
384G  15.21  18.34   3.13  15.75   2.59
384I   9.45  11.23   1.79   9.88   1.36
384H   5.11   6.76   1.65   5.49   1.27
384K   9.91  13.18   3.27   9.94   3.24
384M   5.02   5.92   0.90   5.39   0.53
384L   4.14   4.87   0.73   4.61   0.26
384N   7.49  10.64   3.15   7.98   2.65
384Q   7.35   9.81   2.47   8.37   1.45
384P  25.14  28.18   3.04  25.66   2.52
384S  12.09  15.20   3.10  12.77   2.43
384R  10.95  14.00   3.05   7.64   6.36
384T   9.06  12.07   3.00   9.65   2.42
384W  -0.49  -1.96  -1.47  -0.50  -1.46
384V   7.50  10.41   2.91   8.02   2.39
384Y   0.34  -0.25  -0.58   0.64  -0.89
348Y   7.75   7.64  -0.11 -10.29  17.93
348Q   3.28   5.97   2.69  -5.67  11.64
348P   4.25   5.72   1.46  10.85  -5.13
348S  -1.24   0.02   1.26  -2.03   2.04
348R   7.30  10.37   3.07  -4.87  15.24
348T  -0.47  -1.13  -0.66  -5.22   4.09
348W   0.45   1.89   1.44 -12.68  14.57
348V  -1.55  -2.67  -1.12  -7.78   5.11
348I  -1.78  -1.16   0.62  -8.70   7.53
348H   2.58   3.45   0.87  -5.43   8.87
348K  16.37  16.58   0.20  -1.65  18.23
348M   0.12   1.71   1.59  -9.20  10.91
348L  -6.18  -5.93   0.25  -6.34   0.41
348N   3.25   4.25   1.01  -2.57   6.82
348A  -3.79  -2.81   0.98  -5.25   2.44
348C  -2.47  -3.23  -0.76  -5.30   2.07
348E   6.15  11.52   5.38  -2.39  13.91
348D   5.11   7.31   2.20   2.02   5.28
348F   0.67  -1.37  -2.04 -10.02   8.65
417G  16.43  21.75   5.32  16.69   5.06
346W  11.46  10.76  -0.70  -9.64  20.41
309C   5.90   6.32   0.43   6.17   0.16
309A   6.26   7.70   1.43   5.69   2.01
309F  -1.69  -3.00  -1.31  -3.39   0.39
309G  10.13  12.93   2.80  11.07   1.86
309D   8.53  10.67   2.13   8.06   2.60
309E   7.92  10.20   2.28   6.15   4.05
309K  11.82  12.93   1.11   5.84   7.09
309H   2.84   2.07  -0.77   2.21  -0.14
309I   2.37   3.61   1.24   2.63   0.97
309N   5.66   8.50   2.84   5.24   3.26
309L   1.77   2.65   0.88  -1.93   4.58
309R  10.12  14.00   3.89   3.74  10.26
309S   7.84   9.61   1.76   7.84   1.77
309P  27.33  28.66   1.32  29.11  -0.46
309Q   5.39   6.61   1.22   3.83   2.78
309V   3.41   4.51   1.10   3.67   0.85
309W   4.42   5.61   1.19  -5.36  10.97
309T   5.44   7.40   1.96   5.80   1.60
417M   9.56  11.37   1.80   9.16   2.20
346N   4.20   4.80   0.60  -2.09   6.89
346M  -7.43  -8.12  -0.69  -9.72   1.60
309Y   1.72   1.58  -0.14   1.15   0.43
346K   6.60   7.86   1.26  -3.41  11.28
346I  -4.57  -3.95   0.63  -7.13   3.19
346H  -0.62   0.61   1.23  -5.08   5.69
346L   0.99  -0.01  -1.01  -5.55   5.53
417K  12.93  16.29   3.37  12.93   3.37
302Y  10.07   7.61  -2.45   2.87   4.75
302W  13.76  12.01  -1.76  -0.17  12.17
302V   4.43   1.87  -2.56   5.09  -3.22
302T   8.81   8.24  -0.56   8.11   0.14
302S  10.94  12.08   1.14  11.28   0.80
302R  16.55  18.27   1.72   9.25   9.02
302Q  11.31  12.37   1.06   8.15   4.22
302P  12.77  11.91  -0.86  12.46  -0.55
302N  12.72  13.15   0.43   9.69   3.46
302M   9.79   8.15  -1.64   4.62   3.53
302L  -0.83  -1.96  -1.12  -1.65  -0.31
302K  19.28  20.88   1.59  12.50   8.37
302I   7.22   4.18  -3.04   6.39  -2.21
302H  13.20  13.81   0.61   7.66   6.15
302G   9.38  11.56   2.18  10.28   1.27
302F  11.81  10.08  -1.74   2.80   7.28
302E  13.23  14.31   1.08  10.42   3.89
302D  12.81  14.60   1.79  10.75   3.85
302C  11.13   9.62  -1.51  10.31  -0.69
417T  10.71  14.04   3.33  11.94   2.10
417V   9.90  13.29   3.38  10.18   3.11
417P  19.60  24.75   5.16  20.70   4.05
417Q  11.13  13.08   1.94  10.62   2.46
417R   8.70  12.20   3.50   8.80   3.40
346V  -4.89  -4.75   0.15  -5.83   1.09
417Y   3.71   5.07   1.36   3.64   1.43
417D  16.13  20.92   4.78  16.29   4.63
417E  14.50  19.44   4.94  14.63   4.80
417F   5.37   6.91   1.54   5.62   1.28
346T  -2.28  -0.49   1.79  -3.29   2.80
417A  10.86  15.86   5.00  11.78   4.08
417C  12.25  16.36   4.11  12.15   4.21
417L   9.20  11.43   2.23   9.03   2.40
346S  -0.16   2.50   2.66  -1.42   3.92
417N  10.82  14.99   4.17  11.16   3.83
417H  10.65  13.54   2.89   7.40   6.14
417I   9.61  11.58   1.97  10.04   1.54
346R   5.33   9.95   4.62  -6.35  16.30
346Q  -2.89  -1.96   0.93  -5.54   3.58
346P  15.24  16.93   1.69  15.73   1.20
346Y  -2.22  -3.79  -1.57  -9.34   5.55
417S  12.62  17.80   5.17  13.12   4.68
346F  -3.75  -5.60  -1.85  -9.18   3.58
346E   0.73   1.83   1.10  -2.33   4.16
346D   4.00   3.96  -0.03   3.91   0.06
346C  -1.90  -0.84   1.06  -3.78   2.94
401Y   0.25  -0.47  -0.73   0.81  -1.28
346A  -4.91  -5.68  -0.77  -5.20  -0.49
401S   6.66   8.08   1.42   6.79   1.30
401R   7.47   7.23  -0.24   5.56   1.67
401Q   6.39   7.61   1.22   4.52   3.09
401P   9.28   9.50   0.22   8.92   0.58
401W   3.53   2.43  -1.10  -2.20   4.63
401T   4.47   5.22   0.75   4.28   0.94
401K  11.79  12.76   0.97  11.69   1.07
401I   0.38  -0.55  -0.94   0.22  -0.78
401H   7.75   7.15  -0.60   6.45   0.69
401N   7.38   7.52   0.14   6.99   0.53
401M   3.95   1.67  -2.28   2.21  -0.54
401L   2.06   0.05  -2.01   1.03  -0.98
401C   5.07   5.70   0.63   4.78   0.91
401A   5.13   6.25   1.12   4.90   1.35
401G  11.02  12.15   1.13  10.73   1.42
401F   0.97  -1.71  -2.68   0.34  -2.05
401E  10.14  10.64   0.49   9.70   0.94
401D  11.62  12.50   0.88  11.60   0.90
305N   7.66  12.85   5.19   7.20   5.65
305L   0.56  -0.56  -1.12   1.21  -1.77
305M   3.16   2.34  -0.83   2.15   0.19
305K  10.18  12.83   2.64   8.93   3.90
305H   6.43  10.19   3.76   3.47   6.72
305I   2.73   1.41  -1.32   3.16  -1.75
305G  11.88  18.12   6.24  11.73   6.39
305D   9.65  14.89   5.24   8.92   5.97
305E   7.21  10.04   2.83   6.79   3.25
305C   7.75  10.99   3.23   7.94   3.05
305A   7.90  10.02   2.12   7.18   2.84
305Y   2.73   2.77   0.04   2.88  -0.11
305V   5.00   6.39   1.38   4.46   1.93
305W   7.66   7.10  -0.56   0.29   6.81
305T   7.34   9.67   2.33   7.22   2.44
305R   9.67   9.81   0.13   5.76   4.05
305S   9.06  11.68   2.62   9.37   2.31
305P  24.16  26.44   2.29  24.70   1.75
305Q   7.38  10.01   2.63   5.92   4.09
306C  11.06  14.48   3.42  11.20   3.28
306A  12.29  14.44   2.15  10.50   3.94
306G  18.19  18.37   0.19  16.59   1.79
306F   1.87   2.71   0.85   1.72   0.99
306E  14.39  17.18   2.79  13.70   3.48
306D  14.00  18.30   4.30  14.22   4.08
306K  11.13  12.89   1.76   9.61   3.28
306I  10.89  13.28   2.39   9.28   4.00
306H   7.58   7.25  -0.33   7.93  -0.68
306N  10.23  13.32   3.08  10.63   2.68
306M   6.53   8.16   1.63   5.21   2.95
306L   7.00   8.53   1.52   5.21   3.32
306S  15.63  18.67   3.04  13.93   4.74
306R   9.37  12.33   2.96   7.01   5.32
306Q  11.72  14.45   2.73  10.91   3.54
306P  33.48  34.17   0.68  32.08   2.09
306W   2.35   0.08  -2.27   2.29  -2.21
306V  12.44  13.51   1.07  12.67   0.84
306T  14.34  16.77   2.43  14.42   2.35
