MUT	fa_rep:	ref:	fa_atr:	hbond_sc:	fa_sol:	yhh_planarity:	dslf_fa13:	fa_intra_sol_xover4:	omega:	p_aa_pp:	TOT	sugar_bb:	fa_intra_rep:	hbond_lr_bb:	hbond_sr_bb:	hbond_bb_sc:	fa_elec:	cart_bonded:	lk_ball_wtd:	fa_dun:	rama_prepro:
384A	0.3300	2.5340	0.0000	0.0340	0.0000	0.0000	0.0250	0.0000	0.0000	2.9850	0.0000	0.0000	0.0000	-0.0190	0.0000	0.0000	0.1000	0.0000	-0.0200	0.0000	0.0000
384C	-0.1300	2.8190	0.0000	-0.0940	0.0000	0.0000	0.0120	0.0000	0.0000	2.7310	0.0000	0.0000	0.0000	-0.0110	0.0000	0.0000	0.0000	0.0000	0.1370	0.0000	0.0000
384E	0.1910	1.9190	0.0000	1.0020	0.0000	0.0000	0.0320	0.0000	0.0000	2.2180	0.0000	0.0000	0.0000	-0.0280	0.0000	0.0000	-0.5720	0.0000	-0.3280	0.0000	0.0000
384D	-0.2140	3.0250	0.0000	0.7890	0.0000	-0.0010	-0.0130	-0.0110	0.0010	2.7740	0.0000	0.0000	0.0000	0.0040	-0.0060	-0.0050	-0.6570	-0.0330	-0.1210	0.0230	-0.0040
384G	0.2060	2.6760	0.0000	0.0730	0.0000	0.0000	0.0250	0.0000	0.0000	3.1320	0.0000	0.0000	0.0000	-0.0260	0.0000	0.0000	0.1250	0.0000	0.0520	0.0000	0.0000
384I	0.6510	1.8370	0.0000	-0.8890	0.0000	0.0000	0.0340	0.0020	-0.0030	1.7870	0.0000	0.0000	0.0000	-0.0230	0.0020	0.0030	0.2130	-0.0120	-0.0550	0.0150	0.0120
384H	0.1370	0.7960	0.0000	1.1360	0.0010	0.0000	0.0520	0.0030	0.0010	1.6470	0.0000	0.0000	0.0000	-0.0280	0.0070	0.0020	-0.3050	0.0280	-0.1950	0.0050	0.0050
384K	-0.1300	1.3320	0.0000	1.8950	0.0000	0.0000	0.0020	0.0000	0.0000	3.2730	0.0000	0.0000	0.0000	-0.0110	0.0000	0.0000	0.6560	0.0000	-0.4700	0.0000	0.0000
384M	-0.0830	1.3880	0.0000	-0.6520	0.0000	0.0000	0.0010	0.0000	0.0000	0.9000	0.0000	0.0000	0.0000	0.0010	0.0000	0.0000	0.2070	0.0000	0.0380	0.0000	0.0000
384L	0.7380	1.0850	0.0000	-1.2440	0.0000	0.0000	0.0300	0.0000	0.0000	0.7270	0.0000	0.0000	0.0000	-0.0230	0.0000	0.0000	0.2100	0.0000	-0.0690	0.0000	0.0000
384N	-0.0850	2.2090	0.0000	0.9950	0.0000	0.0000	-0.0030	0.0000	0.0000	3.1520	0.0000	0.0000	0.0000	-0.0070	0.0000	0.0000	0.1840	0.0000	-0.1420	0.0000	0.0000
384Q	-0.1170	2.1660	0.0000	0.5010	0.0000	0.0000	0.0090	0.0000	0.0000	2.4660	0.0000	0.0000	0.0000	-0.0100	0.0000	0.0000	0.0390	0.0000	-0.1220	0.0000	0.0000
384P	0.2930	2.5550	0.0000	0.0970	0.0000	0.0000	0.0310	0.0000	0.0000	3.0360	0.0000	0.0000	0.0000	-0.0300	0.0000	0.0000	0.1050	0.0000	-0.0150	0.0000	0.0000
384S	0.1730	2.5590	0.0000	0.2700	0.0000	0.0000	0.0260	0.0000	0.0000	3.1010	0.0000	0.0000	0.0000	-0.0220	0.0000	0.0000	0.0920	0.0000	0.0020	0.0000	0.0000
384R	-0.1310	1.0680	0.0000	1.8700	0.0000	0.0000	0.0050	0.0000	0.0000	3.0500	0.0000	0.0000	0.0000	-0.0310	0.0000	0.0000	0.4770	0.0000	-0.2080	0.0000	0.0000
384T	-0.1530	2.9310	0.0000	-0.0090	0.0000	0.0000	0.0060	0.0000	0.0000	3.0020	0.0000	0.0000	0.0000	-0.0100	0.0000	0.0000	0.1290	0.0000	0.1080	0.0000	0.0000
384W	-0.2440	-1.3050	0.0000	0.3370	0.0000	0.0000	-0.0180	0.0000	0.0000	-1.4730	0.0000	0.0000	0.0000	0.0200	0.0000	0.0000	-0.1200	0.0000	-0.1390	0.0000	0.0000
384V	-0.1670	2.9760	0.0000	-0.1560	0.0000	0.0000	0.0090	0.0000	0.0000	2.9080	0.0000	0.0000	0.0000	-0.0120	0.0000	0.0000	0.1370	0.0000	0.1210	0.0000	0.0000
384Y	0.0110	0.5980	0.0000	0.8450	0.0000	0.0000	-0.0130	0.0000	0.0000	-0.5830	0.0000	0.0000	0.0000	-1.4810	0.0000	0.0000	-0.7750	0.0000	0.2310	0.0000	0.0000
348Y	3.7580	-3.1040	0.0000	-0.1820	0.0270	-0.0040	0.0490	-0.0390	-0.0180	-0.1090	0.0000	0.0000	-0.0100	0.0450	0.0000	-0.6810	-0.1350	0.6760	0.4870	-0.9730	-0.0060
348Q	-0.4940	-2.1640	0.0000	3.8270	0.0210	0.0410	-0.0320	-0.0470	-0.0000	2.6910	0.0000	0.0000	0.0530	-0.0500	0.0000	-0.0650	0.3430	-0.3840	0.7780	0.7720	0.0940
348P	1.2080	-0.9440	0.0000	-0.9800	0.0000	0.0000	-0.0560	0.0000	0.0000	1.4610	0.0000	0.0000	0.0000	-0.0360	0.0000	0.0000	1.2980	0.0000	0.9720	0.0000	0.0000
348S	0.7300	-0.7160	0.0000	0.8760	0.0000	0.0000	-0.0210	0.0000	0.0000	1.2580	0.0000	0.0000	0.0000	-0.0010	0.0000	0.0000	0.0050	0.0000	0.3840	0.0000	0.0000
348R	-1.9050	0.9400	0.0000	6.1900	-0.0640	0.1020	-0.1160	-0.1510	-0.0650	3.0710	0.0000	0.0000	0.3340	0.2450	0.0000	0.1570	-0.7930	-2.7030	0.4970	0.4310	-0.0300
348T	0.0430	-0.1470	0.0000	0.2140	0.0030	0.0070	-0.0420	0.0000	-0.0110	-0.6620	0.0000	0.0000	0.0010	-0.0050	0.0000	-0.0110	-0.4970	0.0100	0.8020	-1.0210	-0.0070
348W	0.4020	2.5970	0.0000	-2.3180	0.0000	0.0020	-0.0580	0.0090	-0.0070	1.4370	0.0000	0.0000	-0.0020	-0.1350	0.0000	-0.0050	-0.8250	-0.0900	1.8380	0.0260	-0.0010
348V	0.8950	0.2010	0.0000	-1.5090	0.0030	0.0050	-0.0530	-0.0060	-0.0030	-1.1150	0.0000	0.0000	0.0020	-0.0010	0.0000	-0.0060	-0.5060	0.0360	0.8460	-1.0110	-0.0060
348I	5.0440	-2.4270	0.0000	-3.6600	0.0270	-0.0020	0.0370	0.0130	-0.0080	0.6170	0.0000	0.0000	-0.0080	0.0660	0.0000	-0.5320	0.7180	0.7170	0.4290	0.2150	-0.0110
348H	2.3820	-3.8460	0.0000	0.5200	0.0000	0.0000	0.0630	0.0000	0.0000	0.8680	0.0000	0.0000	0.0000	0.1210	0.0000	0.0000	1.1300	0.0000	0.5020	0.0000	0.0000
348K	0.0150	-1.4260	0.0000	2.0430	0.0030	0.0070	-0.0760	0.0000	-0.0110	0.2030	0.0000	0.0000	0.0010	0.0990	0.0000	-0.0110	-0.4550	0.0100	1.0320	-1.0210	-0.0070
348M	2.2540	0.2510	0.0000	-3.3050	-0.0030	-0.0120	-0.0890	0.0050	0.0020	1.5890	0.0000	0.0000	0.0010	0.0200	0.0000	0.2870	0.5570	-0.4940	1.1760	0.9410	-0.0020
348L	1.0710	0.2810	0.0000	-1.5140	-0.0160	-0.0160	-0.0690	0.0480	-0.0500	0.2540	0.0000	0.0000	0.0130	0.0530	0.0000	0.2260	-0.1000	-0.2750	0.8340	-0.1840	-0.0480
348N	0.8810	-0.8810	0.0000	0.4740	-0.0500	0.0150	-0.0730	-0.0220	0.0160	1.0070	0.0000	0.0000	-0.0150	-0.0190	0.0000	0.1540	0.4650	-0.3960	0.3250	0.1260	0.0020
348A	1.1040	-0.4010	0.0000	-1.4120	0.0000	0.0000	-0.0460	0.0000	0.0000	0.9840	0.0000	0.0000	0.0000	-0.0430	0.0000	0.0000	1.1510	0.0000	0.6310	0.0000	0.0000
348C	0.4210	-2.8930	0.0000	1.0280	0.0000	0.0000	-0.0230	0.0000	0.0000	-0.7650	0.0000	0.0000	0.0000	0.0290	0.0000	0.0000	0.1730	0.0000	0.5030	0.0000	0.0000
348E	-0.4700	-0.8300	0.0000	4.6510	-0.0350	0.0230	-0.0540	0.0240	0.0020	5.3770	0.0000	0.0000	0.0350	-0.0780	0.0000	0.0060	1.6070	-0.6390	0.8700	0.2480	0.0180
348D	-0.1270	-0.7140	0.0000	1.8320	0.0000	0.0000	0.0100	0.0000	0.0000	2.1950	0.0000	0.0000	0.0000	-0.0100	0.0000	0.0000	0.7370	0.0000	0.4670	0.0000	0.0000
348F	3.2780	-4.2890	0.0000	-3.1560	0.0020	-0.0060	0.0670	0.0110	-0.0020	-2.0410	0.0000	0.0000	-0.0080	0.1430	0.0000	0.0790	1.2730	0.1060	0.4360	0.0310	-0.0030
417G	-0.8740	4.7570	0.0000	2.7500	-0.0350	0.0040	-0.0030	0.0020	0.0050	5.3240	0.0000	0.0000	-0.0100	0.0000	0.0000	-0.0160	-0.5240	-0.4440	-0.1830	-0.0990	-0.0070
346W	0.9800	-1.9020	0.0000	0.2740	0.0010	0.0050	-0.0450	0.0240	-0.0080	-0.7000	0.0000	0.0000	-0.0190	-1.0210	0.0000	0.0140	-0.0340	0.0930	0.8010	0.1430	-0.0030
309C	-0.1630	0.6790	0.0000	0.0210	0.0000	0.0000	0.0000	0.0000	0.0000	0.4260	0.0000	0.0000	0.0000	0.0020	0.0000	0.0000	-0.1140	0.0000	0.0010	0.0000	0.0000
309A	-0.5590	1.4710	0.0000	0.1340	-0.0170	0.0150	-0.0280	-0.0230	-0.0370	1.4300	0.0000	0.0000	0.0000	0.0330	0.0990	0.0040	0.0880	-0.4210	0.3550	0.3610	-0.0460
309F	0.9980	-1.2420	0.0000	-0.9810	0.0000	0.0000	0.0190	0.0000	0.0000	-1.3130	0.0000	0.0000	0.0000	-0.0080	0.0000	0.0000	0.1640	0.0000	-0.2650	0.0000	0.0000
309G	-0.3640	2.4310	0.0000	0.7660	-0.0030	0.0000	-0.0140	-0.0150	0.0180	2.8040	0.0000	0.0000	0.0000	-0.0020	0.0020	0.0950	-0.2140	0.0070	0.0920	0.0070	-0.0020
309D	-0.1290	1.9380	0.0000	1.2430	0.0010	0.0030	-0.0160	0.0040	-0.0010	2.1320	0.0000	0.0000	0.0000	0.0270	-0.0010	0.0010	-1.0450	-0.0120	0.1240	0.0010	-0.0040
309E	-0.0970	1.0060	0.0000	1.5130	0.0000	0.0000	-0.0130	0.0000	0.0000	2.2760	0.0000	0.0000	0.0000	0.0260	0.0000	0.0000	-0.5090	0.0000	0.3510	0.0000	0.0000
309K	-0.1120	0.3630	0.0000	0.8230	0.0000	-0.0020	0.0020	0.0030	0.0030	1.1110	0.0000	0.0000	0.0000	-0.0020	-0.0030	0.0990	0.0590	0.0040	-0.1320	0.0030	0.0040
309H	0.0580	-0.4420	0.0000	1.1100	0.0000	0.0020	0.0300	-0.0080	0.0020	-0.7750	0.0000	0.0000	0.0000	0.0280	0.0000	0.0000	-0.8810	0.0000	-0.6750	0.0010	-0.0010
309I	-0.1330	1.0820	0.0000	0.4400	0.0000	0.0000	-0.0010	0.0000	0.0000	1.2380	0.0000	0.0000	0.0000	-0.0010	0.0000	0.0000	-0.1410	0.0000	-0.0060	0.0000	0.0000
309N	0.0870	1.5820	0.0000	1.1130	0.0000	0.0000	-0.0110	0.0000	0.0000	2.8420	0.0000	0.0000	0.0000	0.0110	0.0000	0.0000	-0.1410	0.0000	0.2010	0.0000	0.0000
309L	0.0700	0.9340	0.0000	-0.0210	0.0000	0.0000	-0.0210	0.0060	-0.0050	0.8760	0.0000	0.0000	0.0000	0.0290	-0.0040	0.0200	-0.2440	0.0650	0.0780	-0.0270	-0.0030
309R	1.1360	0.3910	0.0000	2.0950	0.0000	0.0000	-0.0080	0.0000	0.0000	3.8870	0.0000	0.0000	0.0000	0.0590	0.0000	0.0000	0.0910	0.0000	0.1230	0.0000	0.0000
309S	-0.8470	1.7960	0.0000	2.0350	-0.0370	-0.0060	0.0040	0.0080	-0.0100	1.7630	0.0000	0.0000	0.0000	-0.0110	-0.0650	0.0060	-0.6300	-0.3110	-0.0690	-0.1070	0.0130
309P	-0.3580	1.2380	0.0000	0.5330	0.0000	0.0000	0.0020	0.0000	0.0000	1.3240	0.0000	0.0000	0.0000	0.0010	0.0000	0.0000	-0.0690	0.0000	-0.0230	0.0000	0.0000
309Q	-0.0100	0.3910	0.0000	0.8470	0.0000	0.0000	0.0060	0.0000	0.0000	1.2210	0.0000	0.0000	0.0000	0.0000	0.0000	0.0000	0.0320	0.0000	-0.0450	0.0000	0.0000
309V	-0.2440	1.2510	0.0000	0.1810	0.0020	-0.0010	-0.0050	-0.0100	0.0040	1.0980	0.0000	0.0000	0.0000	0.0010	-0.0030	0.0280	-0.1180	0.0270	-0.0300	0.0060	0.0100
309W	1.4860	-0.7410	0.0000	0.4990	0.0000	0.0030	0.0150	0.0160	-0.0150	1.1880	0.0000	0.0000	0.0000	-0.0140	-0.0140	0.0280	-0.2090	0.0390	0.0650	0.0240	0.0030
309T	-0.3980	1.3550	0.0000	1.0950	0.0000	0.0000	-0.0060	0.0000	0.0000	1.9560	0.0000	0.0000	0.0000	0.0050	0.0000	0.0000	-0.2410	0.0000	0.1490	0.0000	0.0000
417M	-0.5570	3.1470	0.0000	0.7170	-0.0350	0.0030	-0.0110	-0.0010	0.0050	1.8040	0.0000	0.0000	-0.0050	0.0000	0.0000	-0.0230	-0.6620	-0.4030	-0.2760	-0.0870	-0.0060
346N	0.9610	-1.4700	0.0000	2.5350	0.0000	0.0000	-0.1060	0.0000	0.0000	0.5990	0.0000	0.0000	0.0000	-1.1400	0.0000	0.0000	-0.4510	0.0000	0.2700	0.0000	0.0000
346M	2.6760	-1.8150	0.0000	-2.1240	0.0000	0.0000	-0.0780	0.0000	0.0000	-0.6910	0.0000	0.0000	0.0000	-0.0080	0.0000	0.0000	0.1660	0.0000	0.4930	0.0000	0.0000
309Y	1.0540	-0.5940	0.0000	-0.2070	0.0000	0.0040	0.0190	0.0010	0.0000	-0.1390	0.0000	0.0000	0.0000	-0.0100	0.0060	0.0020	-0.1010	-0.0310	-0.2910	0.0120	-0.0020
346K	4.0660	-1.6990	0.0000	3.9020	0.0000	0.0000	-0.0800	0.0000	0.0000	1.2610	0.0000	0.0000	0.0000	-1.3090	0.0000	0.0000	-4.4690	0.0000	0.8490	0.0000	0.0000
346I	0.5320	1.4340	0.0000	-5.9850	-0.0100	0.0010	-0.0920	0.0150	-0.0050	0.6260	0.0000	0.0000	-0.0180	-0.0100	0.0000	-0.1670	4.3290	0.2940	0.9880	-0.6820	0.0000
346H	2.0850	-0.5520	0.0000	0.0950	0.0000	0.0000	-0.8280	0.0000	0.0000	1.2320	0.0000	0.0000	0.0000	0.1010	0.0000	0.0000	-0.8560	0.0000	1.1870	0.0000	0.0000
346L	1.6910	-0.8780	0.0000	-2.7470	0.0000	0.0000	-0.0390	0.0000	0.0000	-1.0090	0.0000	0.0000	0.0000	0.0820	0.0000	0.0000	0.8880	0.0000	-0.0030	0.0000	0.0000
417K	-0.4230	2.9100	0.0000	2.9080	-0.0330	0.0040	-0.0320	0.0040	0.0090	3.3650	0.0000	0.0000	-0.0020	0.0070	0.0000	-0.0370	-0.8970	-0.3850	-0.5740	-0.0950	-0.0020
302Y	1.3930	-3.4840	0.0000	1.3700	-0.0350	0.0010	0.0810	-0.0020	0.0070	-2.4530	0.0000	0.0000	0.0000	0.0000	-0.0070	-0.0320	-0.4270	-0.3810	-0.8210	-0.0920	-0.0230
302W	4.2860	-7.7860	0.0000	3.6680	-0.0410	0.0190	-0.2050	-0.0060	0.0030	-1.7560	0.0000	0.0000	0.0000	-0.2670	-0.0110	-0.0620	-0.0510	0.0800	-1.2550	-0.1190	-0.0110
302V	0.5070	-2.3710	0.0000	-0.9370	0.0000	0.0000	-0.0830	0.0000	0.0000	-2.5630	0.0000	0.0000	0.0000	0.0220	0.0000	0.0000	0.2720	0.0000	0.0280	0.0000	0.0000
302T	0.2400	-0.8380	0.0000	2.3090	0.0000	0.0000	-0.0010	0.0000	0.0000	-0.5630	0.0000	0.0000	0.0000	-1.1780	0.0000	0.0000	-1.3690	0.0000	0.2730	0.0000	0.0000
302S	-0.2240	-0.2270	0.0000	2.1310	0.0350	-0.0050	0.0170	0.0020	-0.0060	1.1410	0.0000	0.0000	0.0000	-1.5090	-0.0120	0.0220	-0.1440	0.6220	0.4190	0.0180	0.0010
302R	1.4920	-4.2090	0.0000	6.2330	0.0060	0.0420	0.0770	0.0050	-0.0060	1.7190	0.0000	0.0000	0.0000	-0.0880	0.0500	-0.0030	0.5500	-0.1090	-1.3910	-0.9950	0.0660
302Q	0.8160	-2.4620	0.0000	2.9210	-0.0030	-0.0190	0.2280	0.1440	-0.2260	1.0550	0.0000	0.0000	0.0000	0.7110	0.0560	0.3210	-0.7360	-1.5010	-0.5650	1.3560	0.0120
302P	0.4010	-0.4700	0.0000	-0.9440	0.0040	-0.0360	0.1480	-0.0050	0.0180	-0.8590	0.0000	0.0000	0.0000	0.2950	-0.0200	-0.1970	0.8570	-0.5400	-0.5400	0.1960	-0.0250
302N	-0.3660	-0.4170	0.0000	3.2620	-0.0360	0.0420	-0.1480	0.0140	-0.0030	0.4290	0.0000	0.0000	0.0000	-0.4060	0.0440	-0.0100	-1.0690	0.0250	-0.1330	-0.3910	0.0220
302M	2.2810	-6.2690	0.0000	4.8030	-0.0300	0.0580	0.0640	0.0080	-0.0010	-1.6410	0.0000	0.0000	0.0000	-0.1210	0.0320	-0.0320	-0.4420	-0.4320	-0.5430	-1.0730	0.0590
302L	0.7140	-1.9690	0.0000	1.2080	0.0050	0.0610	0.0360	0.0100	0.0000	-1.1250	0.0000	0.0000	0.0000	-0.1310	0.0430	0.0140	0.1220	-0.0510	-0.2680	-0.9930	0.0770
302K	1.5420	-3.8370	0.0000	5.2520	0.0040	0.0580	0.0720	-0.0130	0.0090	1.5930	0.0000	0.0000	0.0000	-0.1220	0.0450	0.0130	0.2260	-0.0020	-0.7700	-0.9510	0.0660
302I	2.1620	-2.4180	0.0000	-2.8860	0.0000	0.0000	-0.0110	0.0000	0.0000	-3.0370	0.0000	0.0000	0.0000	-0.0050	0.0000	0.0000	0.5320	0.0000	-0.4090	0.0000	0.0000
302H	1.1670	-2.7700	0.0000	3.1500	0.0000	0.0000	0.0490	0.0000	0.0000	0.6120	0.0000	0.0000	0.0000	-0.0420	0.0000	0.0000	-0.5910	0.0000	-0.3510	0.0000	0.0000
302G	0.4300	-0.3250	0.0000	1.4410	-0.0140	-0.0680	-0.0340	-0.0430	0.0050	2.1800	0.0000	0.0000	0.0000	0.1290	0.0530	-0.2810	0.1500	-0.0910	-0.1230	0.9640	-0.0130
302F	0.9320	-2.3670	0.0000	0.9450	0.0050	0.0590	0.0360	-0.0020	-0.0080	-1.7370	0.0000	0.0000	0.0000	-0.1410	0.0400	-0.0050	-0.2800	0.0010	-0.0900	-0.9370	0.0710
302E	0.1180	-0.2380	0.0000	2.3050	-0.0340	0.0000	0.0270	0.0160	-0.0040	1.0780	0.0000	0.0000	0.0000	-0.0430	-0.0080	-0.0320	0.2830	-0.4550	-0.7580	-0.0920	-0.0060
302D	0.3490	-1.5310	0.0000	7.0290	-0.0370	0.0000	0.0080	-0.0040	0.0090	1.7880	0.0000	0.0000	0.0000	-0.5300	-0.0100	-0.0320	-3.1780	-0.5200	0.2680	-0.0290	-0.0050
302C	-0.6030	-0.0110	0.0000	0.2450	0.0040	0.0590	0.0580	0.0150	-0.0190	-1.5120	0.0000	0.0000	0.0000	-0.1210	0.0470	0.0110	-0.3580	0.1180	0.0020	-1.0400	0.0800
417T	-1.1980	4.0850	0.0000	1.7690	0.0000	0.0000	0.0200	0.0000	0.0000	3.3320	0.0000	0.0000	0.0000	0.0350	0.0000	0.0000	-0.8380	0.0000	-0.5400	0.0000	0.0000
417V	0.0760	3.2280	0.0000	0.2850	-0.0080	0.0000	-0.0080	0.0060	0.0080	3.3850	0.0000	0.0000	0.0010	0.0010	0.0000	0.1050	-0.2380	-0.2140	0.0600	0.0860	-0.0040
417P	-0.7480	3.7820	0.0000	2.0630	-0.0020	0.0170	0.0090	0.0390	0.0100	5.1580	0.0000	0.0000	-0.0050	-0.0130	0.0000	0.0510	-0.0240	0.1020	-0.0990	-0.0140	-0.0100
417Q	-1.1010	2.9040	0.0000	3.3490	-0.0340	0.0000	0.0060	0.0170	0.0050	1.9420	0.0000	0.0000	-0.0040	0.0280	0.0000	-0.0200	-1.6010	-0.4770	-1.0290	-0.0980	-0.0010
417R	-0.0710	1.0470	0.0000	3.1450	0.0000	0.0000	-0.0180	0.0000	0.0000	3.5010	0.0000	0.0000	0.0000	0.0160	0.0000	0.0000	-0.0760	0.0000	-0.5430	0.0000	0.0000
346V	0.7700	-0.9500	0.0000	-1.5080	0.0000	0.0000	-0.1100	0.0000	0.0000	0.1480	0.0000	0.0000	0.0000	0.0240	0.0000	0.0000	0.9120	0.0000	1.0110	0.0000	0.0000
417Y	-0.1210	1.0960	0.0000	0.6970	-0.0010	-0.0030	-0.0070	-0.0040	-0.0130	1.3640	0.0000	0.0000	0.0000	0.0000	0.0000	0.0140	-0.1590	0.0990	-0.2330	-0.0040	0.0050
417D	-1.0120	3.8000	0.0000	3.7800	-0.0360	0.0010	-0.0010	0.0140	0.0110	4.7850	0.0000	0.0000	0.0090	-0.0060	0.0000	-0.0220	-0.7350	-0.4850	-0.4730	-0.0650	0.0030
417E	-0.6450	3.3260	0.0000	3.1980	-0.0010	0.0010	-0.0130	0.0000	0.0050	4.9370	0.0000	0.0000	0.0010	0.0140	0.0000	-0.0020	-0.5530	-0.0820	-0.3290	0.0170	0.0010
417F	-0.4980	1.7830	0.0000	0.3270	0.0000	0.0000	0.0100	0.0000	0.0000	1.5360	0.0000	0.0000	0.0000	-0.0010	0.0000	0.0000	0.0190	0.0000	-0.1050	0.0000	0.0000
346T	0.5140	0.5620	0.0000	-1.0710	0.0070	0.0010	-0.1130	0.0230	-0.0060	1.7920	0.0000	0.0000	0.0040	0.0190	0.0000	0.0460	0.7880	-0.0580	1.0100	0.0700	-0.0060
417A	-1.0200	4.7750	0.0000	1.4280	0.0000	0.0000	-0.0000	0.0000	0.0000	5.0010	0.0000	0.0000	0.0000	0.0040	0.0000	0.0000	-0.0600	0.0000	-0.1250	0.0000	0.0000
417C	-0.1640	3.3530	0.0000	2.1750	-0.0320	0.0040	-0.0290	0.0210	0.0110	4.1060	0.0000	0.0000	-0.0120	0.0370	0.0000	0.0140	-0.8990	-0.4470	0.1700	-0.1050	0.0070
417L	-0.6790	2.8850	0.0000	1.4660	-0.0320	0.0070	-0.0030	0.0080	0.0080	2.2280	0.0000	0.0000	-0.0060	0.0070	0.0000	-0.0230	-0.6310	-0.4260	-0.2340	-0.1280	0.0090
346S	0.8070	1.0150	0.0000	2.6600	0.0020	-0.0120	-0.0780	-0.0170	0.0000	2.6590	0.0000	0.0000	0.0000	-0.0380	0.0000	0.1240	-3.5250	0.0040	1.0110	0.7130	-0.0060
417N	-1.2110	4.1530	0.0000	2.7210	-0.0340	0.0010	-0.0060	0.0210	0.0060	4.1710	0.0000	0.0000	-0.0060	0.0040	0.0000	-0.0240	-0.4130	-0.3790	-0.5760	-0.0850	0.0000
417H	-0.8390	2.5540	0.0000	2.5960	-0.0340	0.0020	-0.0040	0.0020	0.0080	2.8930	0.0000	0.0000	-0.0050	-0.0020	0.0000	-0.0240	-0.3730	-0.4110	-0.4940	-0.0850	0.0000
417I	-0.9260	2.8240	0.0000	1.4660	-0.0330	0.0000	-0.0050	0.0040	0.0080	1.9670	0.0000	0.0000	-0.0050	0.0010	0.0000	-0.0200	-0.4540	-0.4670	-0.3830	-0.0450	0.0010
346R	5.1030	-2.0570	0.0000	3.3790	0.0000	0.0000	-0.0610	0.0000	0.0000	4.6200	0.0000	0.0000	0.0000	-0.7130	0.0000	0.0000	-2.6820	0.0000	1.6520	0.0000	0.0000
346Q	1.7580	-1.0280	0.0000	1.2380	0.0000	0.0000	-0.0980	0.0000	0.0000	0.9270	0.0000	0.0000	0.0000	-0.7990	0.0000	0.0000	-0.3080	0.0000	0.1620	0.0000	0.0000
346P	0.3240	-0.1990	0.0000	0.3960	0.0000	0.0000	-0.1170	0.0000	0.0000	1.6900	0.0000	0.0000	0.0000	-0.0020	0.0000	0.0000	0.6670	0.0000	0.6230	0.0000	0.0000
346Y	2.3560	-1.3390	0.0000	-1.5570	0.0000	0.0000	-0.8040	0.0000	0.0000	-1.5680	0.0000	0.0000	0.0000	-0.3450	0.0000	0.0000	-1.5330	0.0000	1.6540	0.0000	0.0000
417S	-1.1610	4.4300	0.0000	2.9740	-0.0330	-0.0130	-0.0030	-0.0040	0.0090	5.1740	0.0000	0.0000	0.0010	0.0190	0.0000	0.0870	-0.4970	-0.3870	-0.2770	0.0350	-0.0070
346F	2.1420	-1.0120	0.0000	-3.4730	0.0000	0.0000	-0.8150	0.0000	0.0000	-1.8460	0.0000	0.0000	0.0000	0.2440	0.0000	0.0000	-0.3140	0.0000	1.3830	0.0000	0.0000
346E	1.7740	-0.4320	0.0000	2.5700	0.0000	0.0000	-0.1020	0.0000	0.0000	1.1000	0.0000	0.0000	0.0000	-0.9920	0.0000	0.0000	-1.4550	0.0000	-0.2630	0.0000	0.0000
346D	0.5600	-1.0870	0.0000	3.7660	0.0000	0.0000	-0.0720	0.0000	0.0000	-0.0340	0.0000	0.0000	0.0000	-0.7320	0.0000	0.0000	-2.9820	0.0000	0.5120	0.0000	0.0000
346C	0.7980	-0.7520	0.0000	-0.1080	0.0000	0.0000	-0.0920	0.0000	0.0000	1.0590	0.0000	0.0000	0.0000	-0.0110	0.0000	0.0000	0.7280	0.0000	0.4960	0.0000	0.0000
401Y	0.7790	-3.7160	0.0000	3.2040	0.0000	0.0000	-0.0560	0.0000	0.0000	-0.7260	0.0000	0.0000	0.0000	0.0470	0.0000	0.0000	-0.9950	0.0000	0.0110	0.0000	0.0000
346A	0.2190	-0.1530	0.0000	-0.9080	0.0000	0.0000	0.0200	0.0000	0.0000	-0.7740	0.0000	0.0000	0.0000	-0.0130	0.0000	0.0000	0.0530	0.0000	0.0060	0.0000	0.0000
401S	0.2420	0.7850	0.0000	0.7940	-0.0010	-0.0340	0.0000	0.0050	-0.0390	1.4190	0.0000	0.0000	0.0580	0.0690	0.0000	-0.2210	0.1490	0.0540	-0.3190	-0.0260	-0.0980
401R	-0.1590	-3.4910	0.0000	7.6820	-0.0010	0.0340	-0.0020	-0.0080	0.0070	-0.2350	0.0000	0.0000	0.0270	-2.5810	0.0000	0.0500	-2.2670	-0.0150	0.5500	-0.0730	0.0130
401Q	0.1500	0.2170	0.0000	0.9110	0.0000	0.0000	0.0140	0.0000	0.0000	1.2200	0.0000	0.0000	0.0000	0.0090	0.0000	0.0000	-0.0400	0.0000	-0.0420	0.0000	0.0000
401P	-1.0830	0.2970	0.0000	1.8380	-0.0400	0.0580	0.0110	-0.0250	0.0280	0.2220	0.0000	0.0000	0.0730	-0.0940	0.0000	0.2920	-0.3530	-0.5400	-0.1820	-0.1060	0.0490
401W	2.1520	-4.9760	0.0000	3.1750	-0.0370	0.0240	-0.0620	-0.0180	0.0250	-1.0960	0.0000	0.0000	0.0350	0.0540	0.0000	0.2240	-1.1210	-0.4950	-0.1530	0.0360	0.0390
401T	-0.3530	0.4410	0.0000	1.8240	-0.0350	-0.0020	0.0020	-0.0090	0.0040	0.7470	0.0000	0.0000	-0.0040	-0.0090	0.0000	0.1260	-0.4870	-0.3680	-0.3050	-0.0700	-0.0090
401K	-1.0710	1.5730	0.0000	1.4940	-0.0420	0.0300	-0.0140	-0.0110	0.0210	0.9680	0.0000	0.0000	0.0330	-0.0280	0.0000	0.1950	-0.2920	-0.5020	-0.4740	0.0260	0.0300
401I	0.5810	-1.5400	0.0000	0.8790	-0.0380	0.0580	0.0420	-0.0260	0.0320	-0.9350	0.0000	0.0000	0.0620	-0.1040	0.0000	0.2740	-0.3110	-0.5100	-0.3500	-0.0370	0.0520
401H	-0.5560	-1.6270	0.0000	3.3330	-0.0370	0.0240	-0.0250	-0.0180	0.0250	-0.5980	0.0000	0.0000	0.0350	-0.0050	0.0000	0.2240	-0.6840	-0.4950	-0.8680	0.0360	0.0390
401N	-0.9040	-0.0180	0.0000	2.5790	-0.0390	0.0190	-0.0150	0.0020	0.0320	0.1430	0.0000	0.0000	0.0460	-0.0230	0.0000	0.3610	-0.4680	-0.5620	-0.9730	0.0620	0.0440
401M	-0.4610	-2.0770	0.0000	1.4670	-0.0380	0.0230	-0.0130	-0.0210	0.0260	-2.2770	0.0000	0.0000	0.0520	-0.0250	0.0000	0.2280	-0.4960	-0.5210	-0.4820	0.0250	0.0380
401L	0.2440	-0.3120	0.0000	0.5070	-0.0130	0.0020	0.0510	0.0010	-0.0010	-2.0130	0.0000	0.0000	0.0090	0.0220	0.0000	0.1010	-1.2860	-0.3680	-0.8560	-0.1390	0.0240
401C	-0.3890	0.8000	0.0000	1.4820	-0.0300	-0.0040	0.0000	0.0090	-0.0030	0.6280	0.0000	0.0000	-0.0220	-0.0100	0.0000	-0.0390	-0.3750	-0.4750	-0.2190	-0.0940	-0.0030
401A	-1.1480	1.7200	0.0000	1.4290	-0.0370	0.0580	0.0120	-0.0260	0.0280	1.1210	0.0000	0.0000	0.0700	-0.1020	0.0000	0.2680	-0.4400	-0.4010	-0.3030	-0.0490	0.0410
401G	0.4290	0.1250	0.0000	1.6920	-0.0270	0.0020	0.0270	-0.0180	-0.0010	1.1310	0.0000	0.0000	0.0070	0.0060	0.0000	-0.0490	-0.3850	-0.2970	-0.2670	-0.1010	-0.0130
401F	1.4060	-4.0770	0.0000	0.0950	0.0000	0.0000	0.0000	-0.0130	0.0000	-2.6810	0.0000	0.0000	0.0060	0.0200	0.0000	-0.0010	-0.3530	0.0760	0.1770	-0.0180	-0.0010
401E	1.4160	-1.5190	0.0000	0.9230	0.0050	-0.0020	0.0400	-0.0140	-0.0060	0.4940	0.0000	0.0000	0.0040	0.0070	0.0000	-0.0290	-0.0740	0.1660	-0.3370	-0.0730	-0.0150
401D	-0.6180	-0.0920	0.0000	3.0340	-0.0400	0.0230	0.0110	-0.0290	0.0320	0.8840	0.0000	0.0000	0.0470	-0.0070	0.0000	0.2320	-0.7480	-0.5440	-0.4720	0.0120	0.0420
305N	0.1450	2.4980	0.0000	-0.0190	0.0330	0.0020	-0.0710	-0.0080	-0.0010	5.1940	0.0000	0.0000	0.0000	-0.0440	-0.0040	0.0190	1.2740	0.4230	0.9260	0.0180	0.0060
305L	-0.8870	-0.8730	0.0000	2.4570	-0.0310	0.0320	0.0470	0.0010	-0.0230	-1.1230	0.0000	0.0000	0.0000	0.0700	0.0080	0.2060	-1.2580	-0.3540	-0.4200	-0.0950	-0.0040
305M	-0.5270	-1.6110	0.0000	1.9410	-0.0350	0.0220	-0.0270	0.0030	-0.0100	-0.8280	0.0000	0.0000	0.0000	0.0690	0.0070	0.2500	-0.6450	-0.4910	0.2030	0.0290	-0.0030
305K	-0.2460	1.7730	0.0000	1.0620	0.0000	0.0000	0.0000	0.0000	0.0000	2.6420	0.0000	0.0000	0.0000	-0.0040	0.0000	0.0000	0.1010	0.0000	-0.0450	0.0000	0.0000
305H	-0.1100	1.3270	0.0000	1.2480	0.0000	0.0000	-0.0730	0.0000	0.0000	3.7620	0.0000	0.0000	0.0000	-0.0190	0.0000	0.0000	0.8500	0.0000	0.5370	0.0000	0.0000
305I	-0.2330	-1.2130	0.0000	0.8760	0.0000	0.0000	0.0240	0.0000	0.0000	-1.3240	0.0000	0.0000	0.0000	0.0670	0.0000	0.0000	-0.8450	0.0000	0.0020	0.0000	0.0000
305G	-0.2710	4.5870	0.0000	-0.7190	0.0340	-0.0020	-0.0680	0.0060	0.0000	6.2370	0.0000	0.0000	0.0000	-0.0210	-0.0030	0.0220	1.1470	0.4130	0.9850	0.1170	0.0080
305D	0.1950	2.6500	0.0000	0.5670	0.0310	0.0030	-0.1380	-0.0090	0.0240	5.2410	0.0000	0.0000	0.0000	-0.4490	-0.0170	0.1280	0.4680	0.8600	1.0100	-0.0730	-0.0090
305E	-0.7770	-0.2310	0.0000	4.8180	0.0000	0.0000	0.0120	0.0000	0.0000	2.8310	0.0000	0.0000	0.0000	0.0510	0.0000	0.0000	-1.2060	0.0000	0.1660	0.0000	0.0000
305C	-0.5760	0.8160	0.0000	2.4180	0.0040	0.0370	-0.0090	0.0300	-0.0040	3.2320	0.0000	0.0000	0.0000	0.0420	0.0250	0.0910	0.0150	-0.0600	0.4190	-0.0070	-0.0090
305A	-0.1670	2.9210	0.0000	-0.0670	0.0150	0.0090	-0.0390	0.0130	0.0010	2.1210	0.0000	0.0000	0.0000	0.0650	0.0080	0.3000	0.0680	0.0260	-0.0550	-0.9910	0.0100
305Y	0.0240	0.0760	0.0000	-0.0140	0.0000	0.0000	-0.0060	0.0000	0.0000	0.0390	0.0000	0.0000	0.0000	-0.0080	0.0000	0.0000	-0.0160	0.0000	-0.0160	0.0000	0.0000
305V	-0.6950	0.3680	0.0000	1.7800	-0.0320	0.0190	0.1330	-0.0260	-0.0380	1.3840	0.0000	0.0000	0.0000	0.3850	0.0090	0.2360	0.1610	-0.8630	-0.1410	0.0960	-0.0080
305W	1.5970	-1.2350	0.0000	0.2380	-0.0340	0.0230	-0.0130	0.0210	0.0040	-0.5620	0.0000	0.0000	0.0000	0.1050	0.0100	0.2090	-0.6350	-0.4260	-0.3460	-0.0680	-0.0130
305T	-0.3770	0.8220	0.0000	1.6150	-0.0010	0.0030	-0.0210	-0.0010	0.0010	2.3280	0.0000	0.0000	0.0000	0.0270	0.0000	-0.0050	0.0810	0.0140	0.1750	-0.0080	0.0050
305R	-1.0750	0.0830	0.0000	3.0900	0.0010	0.0540	0.0680	0.0220	0.0160	0.1330	0.0000	0.0000	0.0000	-0.0290	0.0100	0.0450	-0.8080	0.0280	-0.4250	-0.9410	-0.0060
305S	-0.7620	1.1760	0.0000	3.0100	0.0000	0.0000	0.0070	0.0000	0.0000	2.6210	0.0000	0.0000	0.0000	0.0570	0.0000	0.0000	-0.8160	0.0000	-0.0510	0.0000	0.0000
305P	-0.7680	1.1290	0.0000	2.5320	0.0000	0.0000	0.0150	0.0000	0.0000	2.2880	0.0000	0.0000	0.0000	0.0590	0.0000	0.0000	-0.7850	0.0000	0.1060	0.0000	0.0000
305Q	-0.0850	0.1650	0.0000	2.1910	0.0000	0.0000	-0.0220	0.0000	0.0000	2.6300	0.0000	0.0000	0.0000	-0.0130	0.0000	0.0000	0.2180	0.0000	0.1720	0.0000	0.0000
306C	0.8520	1.9960	0.0000	-1.7610	0.0030	-0.0010	-0.0210	-0.0080	-0.0080	3.4220	0.0000	0.0000	0.0000	-0.0670	-0.0080	-0.1030	0.8130	0.2880	0.3680	0.9830	0.0960
306A	-0.5140	3.9450	0.0000	-1.7050	-0.0460	0.0250	-0.0310	-0.0180	-0.0140	2.1510	0.0000	0.0000	0.0000	-0.0390	-0.0070	0.2510	0.3970	-0.4090	0.1530	0.1690	-0.0040
306G	-0.2980	3.5130	0.0000	-2.6930	0.0000	0.0000	0.0350	0.0000	0.0000	0.1850	0.0000	0.0000	0.0000	-0.0400	0.0000	0.0000	0.0220	0.0000	-0.3540	0.0000	0.0000
306F	-0.2260	-1.3190	0.0000	1.7820	-0.0060	-0.0050	0.0040	-0.0170	0.0010	0.8470	0.0000	0.0000	0.0000	0.0450	-0.0100	0.0220	0.2680	-0.0340	0.2700	0.0660	0.0070
306E	-0.0240	0.8150	0.0000	3.8590	-0.0340	-0.0050	0.0220	0.0190	0.0120	2.7890	0.0000	0.0000	0.0000	0.0040	-0.0050	-0.0120	-0.7380	-0.4590	-0.5860	-0.0850	0.0040
306D	0.2550	-0.3700	0.0000	4.5200	0.0000	0.0000	-0.0150	0.0000	0.0000	4.2990	0.0000	0.0000	0.0000	0.0570	0.0000	0.0000	-0.5430	0.0000	0.3960	0.0000	0.0000
306K	-0.7950	-0.6120	0.0000	5.1120	-0.0320	0.0010	-0.0110	-0.0090	0.0170	1.7590	0.0000	0.0000	0.0000	-0.0010	0.0040	-0.2180	-0.3330	-0.3840	0.0230	-0.9970	-0.0020
306I	0.2890	0.2230	0.0000	3.0480	0.0090	0.0000	0.0270	0.0140	0.0130	2.3890	0.0000	0.0000	0.0000	-0.0290	0.0100	-0.2840	-0.2390	0.4560	0.0730	-1.2170	-0.0050
306H	-0.1870	-2.0730	0.0000	4.3980	-0.0330	0.0000	0.0560	0.0070	0.0010	-0.3310	0.0000	0.0000	0.0000	0.0790	-0.0200	-0.0250	-1.0640	-0.5560	-0.8550	-0.0640	0.0090
306N	-0.0410	-0.5700	0.0000	4.5970	-0.0340	-0.0090	-0.0200	0.0140	-0.0290	3.0840	0.0000	0.0000	0.0000	0.0550	0.0140	-0.0090	-0.4030	-0.4470	0.0370	-0.0610	-0.0090
306M	0.6950	0.0900	0.0000	0.5360	0.0000	0.0000	0.0050	0.0000	0.0000	1.6310	0.0000	0.0000	0.0000	-0.0050	0.0000	0.0000	0.0780	0.0000	0.2290	0.0000	0.0000
306L	0.4630	-0.8630	0.0000	3.9040	-0.0310	0.0250	-0.0080	0.0000	-0.0360	1.5240	0.0000	0.0000	0.0000	0.0270	0.0190	-0.2640	-0.4920	-0.3150	0.1330	-1.0340	-0.0060
306S	-0.1870	3.7350	0.0000	-1.5250	0.0000	0.0000	-0.0220	0.0000	0.0000	3.0350	0.0000	0.0000	0.0000	-0.0550	0.0000	0.0000	0.7360	0.0000	0.3520	0.0000	0.0000
306R	0.8830	1.2460	0.0000	-0.3340	0.0000	0.0000	-0.0270	0.0000	0.0000	2.9650	0.0000	0.0000	0.0000	-0.0700	0.0000	0.0000	1.2540	0.0000	0.0100	0.0000	0.0000
306Q	0.6060	1.7940	0.0000	-0.3620	0.0000	0.0000	-0.0210	0.0000	0.0000	2.7350	0.0000	0.0000	0.0000	-0.0530	0.0000	0.0000	0.8050	0.0000	-0.0330	0.0000	0.0000
306P	-0.4920	1.7490	0.0000	-0.7170	0.0030	0.0000	0.0030	-0.0020	0.0210	0.6840	0.0000	0.0000	0.0000	-0.0060	-0.0140	0.0040	0.1350	0.1220	-0.1310	0.0080	0.0020
306W	-0.4910	-1.6110	0.0000	1.9550	-0.0020	0.0020	0.0140	0.0100	-0.0130	-2.2700	0.0000	0.0000	0.0000	0.0360	0.0080	-0.1840	-0.8950	-0.0350	-0.1230	-0.9390	-0.0030
306V	-0.1450	1.3490	0.0000	-0.1950	0.0000	0.0000	0.0290	0.0000	0.0000	1.0740	0.0000	0.0000	0.0000	0.0050	0.0000	0.0000	0.2110	0.0000	-0.1810	0.0000	0.0000
306T	-0.3880	0.2430	0.0000	3.1120	-0.0340	-0.0070	0.0010	0.0180	-0.0120	2.4300	0.0000	0.0000	0.0000	0.0380	0.0110	-0.0080	-0.0080	-0.4040	-0.0610	-0.0750	0.0030
