MUT	fa_rep:	ref:	fa_atr:	hbond_sc:	fa_sol:	yhh_planarity:	dslf_fa13:	fa_intra_sol_xover4:	omega:	p_aa_pp:	TOT	sugar_bb:	fa_intra_rep:	hbond_lr_bb:	hbond_sr_bb:	hbond_bb_sc:	fa_elec:	cart_bonded:	lk_ball_wtd:	fa_dun:	rama_prepro:
384A	0.3680	2.1870	0.0000	-1.1290	0.0000	0.0000	0.0050	0.0000	0.0000	0.7810	0.0000	0.0000	0.0000	0.0220	0.0000	0.0000	-0.4590	0.0000	-0.2130	0.0000	0.0000
384C	0.2910	1.9250	0.0000	-1.2350	-0.0010	0.0000	0.0150	0.0010	-0.0010	0.3040	0.0000	0.0000	0.0000	-0.0070	-0.0020	0.0010	-0.5130	-0.0070	-0.1720	0.0130	-0.0030
384E	0.2650	1.2760	0.0000	0.4740	0.0000	0.0000	0.0080	0.0000	0.0000	0.5520	0.0000	0.0000	0.0000	0.0350	0.0000	0.0000	-1.0800	0.0000	-0.4280	0.0000	0.0000
384D	0.2270	1.8220	0.0000	0.0380	-0.0090	0.0000	-0.0150	0.0040	0.0000	0.4280	0.0000	0.0000	0.0000	-0.0330	0.0000	-0.0050	-1.2270	-0.0170	-0.3620	0.0040	0.0010
384G	0.3900	2.2330	0.0000	-1.1430	0.0090	0.0010	0.0100	0.0000	-0.0030	0.8610	0.0000	0.0000	0.0000	0.0250	-0.0030	0.0130	-0.4710	-0.0120	-0.1970	0.0130	-0.0040
384I	0.0810	1.2160	0.0000	-1.2600	0.0000	0.0000	0.0030	0.0000	0.0000	-1.0760	0.0000	0.0000	0.0000	0.0270	0.0000	0.0000	-0.6470	0.0000	-0.4970	0.0000	0.0000
384H	-0.0240	1.1100	0.0000	0.5930	0.0000	0.0000	0.0010	0.0000	0.0000	-1.8530	0.0000	0.0000	0.0000	-1.7880	0.0000	0.0000	-2.2080	0.0000	0.4620	0.0000	0.0000
384K	0.6710	-1.2080	0.0000	4.7400	0.0000	0.0000	0.0090	0.0000	0.0000	3.7230	0.0000	0.0000	0.0000	0.1350	0.0000	0.0000	-0.0010	0.0000	-0.6250	0.0000	0.0000
384M	0.4070	0.1660	0.0000	-1.1080	-0.0060	0.0000	0.0030	-0.0020	-0.0020	-1.2130	0.0000	0.0000	0.0000	0.0220	-0.0010	-0.0050	-0.4510	0.0150	-0.2650	0.0120	0.0020
384L	-0.0430	0.4760	0.0000	-1.5120	0.0000	0.0000	0.0000	0.0000	0.0000	-2.1510	0.0000	0.0000	0.0000	0.0540	0.0000	0.0000	-0.5890	0.0000	-0.5380	0.0000	0.0000
384N	0.6400	1.2670	0.0000	0.6560	0.0000	0.0000	-0.7330	0.0000	0.0000	0.7540	0.0000	0.0000	0.0000	-0.0140	0.0000	0.0000	-0.7150	0.0000	-0.3490	0.0000	0.0000
384Q	0.4310	1.9940	0.0000	1.4830	0.0000	0.0000	-0.7330	0.0000	0.0000	2.2360	0.0000	0.0000	0.0000	0.0210	0.0000	0.0000	-0.9380	0.0000	-0.0210	0.0000	0.0000
384P	0.6770	1.9010	0.0000	-0.3580	0.0000	0.0000	-0.7450	0.0000	0.0000	0.6180	0.0000	0.0000	0.0000	0.0040	0.0000	0.0000	-0.7240	0.0000	-0.1390	0.0000	0.0000
384S	0.4220	2.0320	0.0000	-0.8050	0.0000	0.0000	0.0020	0.0000	0.0000	0.7760	0.0000	0.0000	0.0000	0.0200	0.0000	0.0000	-0.6040	0.0000	-0.2930	0.0000	0.0000
384R	1.1290	-2.1060	0.0000	3.1700	0.0000	0.0000	0.0060	0.0000	0.0000	2.0010	0.0000	0.0000	0.0000	0.0350	0.0000	0.0000	-0.1870	0.0000	-0.0480	0.0000	0.0000
384T	0.2580	1.9770	0.0000	-1.0200	-0.0010	0.0000	0.0000	0.0000	-0.0010	0.5460	0.0000	0.0000	0.0000	0.0280	-0.0020	-0.0030	-0.4480	0.0450	-0.2890	-0.0040	0.0040
384W	1.3100	-3.8680	0.0000	1.6930	0.0000	0.0000	0.0030	0.0000	0.0000	-1.5960	0.0000	0.0000	0.0000	0.1360	0.0000	0.0000	-0.7980	0.0000	-0.0740	0.0000	0.0000
384V	0.5050	2.1090	0.0000	-0.7980	0.0000	0.0000	-0.7190	0.0000	0.0000	0.1590	0.0000	0.0000	0.0000	0.0100	0.0000	0.0000	-0.7880	0.0000	-0.1610	0.0000	0.0000
384Y	0.1990	-1.2760	0.0000	2.5800	0.0000	0.0000	0.0080	0.0000	0.0000	1.1980	0.0000	0.0000	0.0000	0.1150	0.0000	0.0000	-0.1900	0.0000	-0.2370	0.0000	0.0000
348Y	1.3240	-1.2470	0.0000	-1.3570	0.0070	0.0060	-0.6620	-0.0110	-0.0120	-2.1800	0.0000	0.0000	0.0020	-0.2920	0.0000	-0.0140	0.2040	-0.0800	-0.0820	0.0390	-0.0030
348Q	0.3110	-2.1370	0.0000	0.2700	0.0000	-0.0010	0.0080	-0.0090	0.0070	-1.1780	0.0000	0.0000	0.0010	0.0270	0.0000	-0.0010	-0.0330	0.0530	0.3350	-0.0100	0.0000
348P	1.5250	-2.5300	0.0000	0.7920	0.0000	0.0000	-0.7060	0.0000	0.0000	-1.9140	0.0000	0.0000	0.0000	-0.0100	0.0000	0.0000	-1.2890	0.0000	0.3030	0.0000	0.0000
348S	0.2530	-0.7530	0.0000	1.0640	0.0000	0.0000	-0.7290	0.0000	0.0000	-0.3820	0.0000	0.0000	0.0000	-0.1750	0.0000	0.0000	-0.0850	0.0000	0.0420	0.0000	0.0000
348R	0.7700	-2.5770	0.0000	0.6670	0.0390	-0.0030	-0.0050	-0.0080	0.0010	-1.6120	0.0000	0.0000	0.0080	0.0980	0.0000	-0.1020	-0.4960	-0.1640	-0.1000	0.2450	0.0160
348T	1.2360	-1.9820	0.0000	1.4000	0.0000	0.0000	-0.7170	0.0000	0.0000	-1.2420	0.0000	0.0000	0.0000	0.0840	0.0000	0.0000	-1.2200	0.0000	-0.0420	0.0000	0.0000
348W	0.8500	-0.4200	0.0000	-2.5470	0.0000	0.0000	0.0270	0.0000	0.0000	-1.4750	0.0000	0.0000	0.0000	-0.0920	0.0000	0.0000	1.2440	0.0000	-0.5340	0.0000	0.0000
348V	0.9600	-3.2280	0.0000	0.3110	0.0000	0.0000	0.0210	0.0000	0.0000	-2.1620	0.0000	0.0000	0.0000	0.0740	0.0000	0.0000	-0.2130	0.0000	-0.0860	0.0000	0.0000
348I	2.0720	-2.3750	0.0000	-0.2960	0.0020	0.0060	-0.7110	-0.0150	-0.0030	-2.0420	0.0000	0.0000	-0.0050	0.0630	0.0000	-0.0850	-1.0680	0.0510	0.2740	0.0290	0.0190
348H	-0.0150	0.4910	0.0000	-2.3010	0.0000	0.0000	0.0390	0.0000	0.0000	-0.4690	0.0000	0.0000	0.0000	-0.2440	0.0000	0.0000	1.6870	0.0000	-0.1290	0.0000	0.0000
348K	0.5520	-2.9040	0.0000	2.9810	0.0000	0.0000	0.0010	0.0000	0.0000	1.1900	0.0000	0.0000	0.0000	0.1160	0.0000	0.0000	-0.1710	0.0000	0.6140	0.0000	0.0000
348M	1.1210	-3.6660	0.0000	0.3960	0.0080	-0.0010	-0.7270	0.0000	0.0000	-3.6030	0.0000	0.0000	0.0030	-0.1160	0.0000	-0.0050	-0.9400	0.0360	0.3420	-0.0550	0.0000
348L	0.3380	-2.8110	0.0000	-0.1600	0.0000	0.0000	0.0120	0.0000	0.0000	-2.2830	0.0000	0.0000	0.0000	-0.1000	0.0000	0.0000	0.2830	0.0000	0.1550	0.0000	0.0000
348N	0.7450	-2.8780	0.0000	0.9520	0.0000	0.0000	-0.0020	0.0000	0.0000	-1.7580	0.0000	0.0000	0.0000	0.0270	0.0000	0.0000	-0.4950	0.0000	-0.1060	0.0000	0.0000
348A	0.0910	-1.2780	0.0000	-0.9840	0.0000	0.0000	0.0140	0.0000	0.0000	-1.9320	0.0000	0.0000	0.0000	0.0380	0.0000	0.0000	0.0220	0.0000	0.1660	0.0000	0.0000
348C	0.2180	-2.2660	0.0000	0.4120	0.0000	0.0000	-0.0010	0.0000	0.0000	-1.7300	0.0000	0.0000	0.0000	0.0370	0.0000	0.0000	-0.0810	0.0000	-0.0480	0.0000	0.0000
348E	0.6520	-2.8800	0.0000	3.5550	0.0000	0.0000	0.0030	0.0000	0.0000	-0.1020	0.0000	0.0000	0.0000	0.0540	0.0000	0.0000	-0.7570	0.0000	-0.7300	0.0000	0.0000
348D	0.2030	-2.4770	0.0000	1.7720	0.0000	0.0000	0.0080	0.0000	0.0000	-0.6430	0.0000	0.0000	0.0000	-0.0710	0.0000	0.0000	-0.3810	0.0000	0.3020	0.0000	0.0000
348F	0.8340	-1.3570	0.0000	-1.8850	0.0000	0.0000	-0.6330	0.0000	0.0000	-2.8330	0.0000	0.0000	0.0000	-0.4200	0.0000	0.0000	0.7920	0.0000	-0.1650	0.0000	0.0000
417G	-1.3860	1.1580	0.0000	1.3720	0.0080	-0.0030	0.7600	0.0060	-0.0050	1.7850	0.0000	0.0000	0.0010	0.3170	0.0000	0.0000	0.7010	-0.0300	-1.1440	0.0200	0.0100
346W	2.5770	-4.9910	0.0000	0.2540	0.0000	0.0000	-0.0510	0.0000	0.0000	-2.4570	0.0000	0.0000	0.0000	0.4310	0.0000	0.0000	0.5550	0.0000	-1.2310	0.0000	0.0000
309C	-0.4440	1.6060	0.0000	-0.2470	0.0100	0.0000	0.0080	0.0000	-0.0040	1.1260	0.0000	0.0000	0.0000	-0.0150	-0.0010	0.0310	0.0520	0.0210	0.0810	0.0270	0.0010
309A	-0.2390	1.8440	0.0000	-0.1790	0.0000	0.0000	-0.0140	0.0000	0.0000	1.5730	0.0000	0.0000	0.0000	-0.0350	0.0000	0.0000	0.0910	0.0000	0.1050	0.0000	0.0000
309F	-0.5510	-0.2300	0.0000	-0.1770	0.0110	-0.0050	0.2390	0.0000	-0.0170	-0.3070	0.0000	0.0000	0.0000	0.4110	-0.0170	-0.0100	-0.0120	-0.6450	-0.3220	1.0170	0.0000
309G	-0.2570	1.9140	0.0000	-0.1430	0.0000	0.0000	-0.0200	0.0000	0.0000	1.6790	0.0000	0.0000	0.0000	-0.0310	0.0000	0.0000	0.1040	0.0000	0.1110	0.0000	0.0000
309D	-0.2450	1.6340	0.0000	0.3530	0.0000	0.0000	0.0100	0.0000	0.0000	1.6200	0.0000	0.0000	0.0000	-0.0630	0.0000	0.0000	-0.1250	0.0000	0.0540	0.0000	0.0000
309E	-0.4370	1.0380	0.0000	1.6730	0.0000	0.0000	0.0150	0.0000	0.0000	1.5840	0.0000	0.0000	0.0000	-0.0810	0.0000	0.0000	-0.5350	0.0000	-0.0890	0.0000	0.0000
309K	0.2020	1.8620	0.0000	1.2550	-0.1080	0.0010	-0.8940	-0.0140	0.0010	1.0940	0.0000	0.0000	0.0000	-0.5030	0.0160	-0.2040	-0.9470	0.8690	-0.3170	-0.1200	-0.0080
309H	0.0120	1.0780	0.0000	0.7430	0.0100	-0.0030	-0.5530	0.0010	-0.0020	0.6320	0.0000	0.0000	0.0000	0.2050	-0.0150	-0.1950	-0.3390	-0.1600	-0.2210	0.0750	-0.0020
309I	0.0540	0.8380	0.0000	-0.8090	0.0000	0.0000	-0.0140	0.0000	0.0000	0.1190	0.0000	0.0000	0.0000	-0.0260	0.0000	0.0000	0.1040	0.0000	-0.0290	0.0000	0.0000
309N	-0.2610	1.4130	0.0000	0.2450	0.0000	0.0000	-0.0140	0.0000	0.0000	1.4270	0.0000	0.0000	0.0000	-0.0480	0.0000	0.0000	0.1440	0.0000	-0.0530	0.0000	0.0000
309L	-0.0920	0.7870	0.0000	-0.5320	0.0000	0.0000	0.0000	0.0000	0.0000	0.1930	0.0000	0.0000	0.0000	-0.0140	0.0000	0.0000	0.0530	0.0000	-0.0120	0.0000	0.0000
309R	0.5530	0.5050	0.0000	0.5000	0.0000	0.0000	-0.5980	0.0000	0.0000	-0.3860	0.0000	0.0000	0.0000	-0.3590	0.0000	0.0000	0.0610	0.0000	-1.0490	0.0000	0.0000
309S	-0.4070	1.8100	0.0000	0.0260	0.0000	0.0030	-0.0140	-0.0040	0.0000	1.5870	0.0000	0.0000	0.0000	-0.0230	-0.0050	0.0090	0.0410	0.0600	0.0450	0.0490	-0.0030
309P	0.0370	1.8670	0.0000	0.3280	-0.0010	-0.0010	-0.7310	-0.0020	-0.0070	1.0240	0.0000	0.0000	0.0000	-0.0790	-0.0050	0.0060	-0.5400	0.0100	0.1430	0.0000	-0.0030
309Q	-0.2440	0.3060	0.0000	0.8810	0.0000	0.0000	-0.0030	0.0000	0.0000	0.8150	0.0000	0.0000	0.0000	-0.0360	0.0000	0.0000	0.0820	0.0000	-0.1690	0.0000	0.0000
309V	-0.2460	1.6670	0.0000	-0.2530	0.0030	0.0030	-0.0230	0.0060	0.0020	1.3360	0.0000	0.0000	0.0000	-0.0310	-0.0070	-0.0030	0.0440	0.0800	0.0900	-0.0060	0.0110
309W	-0.1670	-0.0950	0.0000	0.6420	0.0000	0.0000	-0.0020	0.0000	0.0000	0.6830	0.0000	0.0000	0.0000	0.0310	0.0000	0.0000	0.0330	0.0000	0.2410	0.0000	0.0000
309T	-0.2130	1.6840	0.0000	0.0250	-0.0020	-0.0010	0.0060	-0.0010	0.0040	1.4880	0.0000	0.0000	0.0000	-0.0330	-0.0040	0.0090	-0.0180	-0.0540	0.0540	0.0230	0.0060
417M	-0.1300	-2.0380	0.0000	1.6150	0.0050	0.0000	0.1190	-0.0030	0.0040	-2.1120	0.0000	0.0000	0.0020	0.4620	0.0000	0.2470	-0.2080	-0.3120	-1.9120	0.0320	0.0060
346N	0.6340	1.5890	0.0000	-0.5390	-0.0470	0.0020	-0.8410	0.0070	0.0150	-1.1990	0.0000	0.0000	0.0010	-0.6830	0.0000	-0.0880	-0.4240	0.2750	-1.0900	-0.0350	0.0240
346M	2.2310	-0.9160	0.0000	-3.3630	0.0000	0.0000	-0.6280	0.0000	0.0000	-3.7210	0.0000	0.0000	0.0000	-0.6710	0.0000	0.0000	-0.0370	0.0000	-0.3360	0.0000	0.0000
309Y	-0.4150	-0.3810	0.0000	0.1430	0.0020	-0.0410	-0.0080	0.0110	-0.0100	-0.1490	0.0000	0.0000	0.0000	-0.1490	0.0200	0.0600	0.4400	0.2880	-0.0930	-0.0170	-0.0020
346K	1.6070	-2.2530	0.0000	0.2880	0.0000	0.0000	-0.6950	0.0000	0.0000	-1.8540	0.0000	0.0000	0.0000	0.0460	0.0000	0.0000	-0.6370	0.0000	-0.2120	0.0000	0.0000
346I	0.2980	0.7980	0.0000	-3.7240	0.0000	0.0000	-0.6090	0.0000	0.0000	-4.7860	0.0000	0.0000	0.0000	-0.4020	0.0000	0.0000	-0.3230	0.0000	-0.8230	0.0000	0.0000
346H	1.0400	-1.0630	0.0000	-0.0900	0.0000	0.0000	-0.6500	0.0000	0.0000	-2.8760	0.0000	0.0000	0.0000	-0.7060	0.0000	0.0000	-0.8620	0.0000	-0.5420	0.0000	0.0000
346L	1.2470	-0.6320	0.0000	-4.2980	0.0830	-0.0010	-0.6380	0.0380	-0.0050	-4.5110	0.0000	0.0000	-0.0440	-0.4180	0.0000	-0.3160	0.2280	1.0430	-0.9930	0.2060	-0.0130
417K	-0.2130	0.4590	0.0000	0.9050	0.0080	-0.0030	0.7550	0.0060	-0.0050	2.2550	0.0000	0.0000	0.0010	0.3780	0.0000	0.0000	0.4080	-0.0300	-0.4440	0.0200	0.0100
302Y	6.7420	-13.3310	0.0000	10.3490	0.0000	0.0000	-0.5830	0.0000	0.0000	-0.5220	0.0000	0.0000	0.0000	0.5050	0.0000	0.0000	-1.3660	0.0000	-2.8390	0.0000	0.0000
302W	3.0010	-9.2870	0.0000	3.6630	0.0000	0.0000	-0.0270	0.0000	0.0000	-3.2540	0.0000	0.0000	0.0000	-0.0560	0.0000	0.0000	0.3980	0.0000	-0.9460	0.0000	0.0000
302V	1.6190	-1.7410	0.0000	0.1080	0.0000	0.0000	0.0100	0.0000	0.0000	-0.2560	0.0000	0.0000	0.0000	-0.0340	0.0000	0.0000	0.6870	0.0000	-0.9040	0.0000	0.0000
302T	1.4250	-1.3720	0.0000	3.5580	-0.0280	-0.0030	0.0200	0.0160	0.0240	2.5340	0.0000	0.0000	0.0000	-0.1040	0.0000	-0.0420	-0.6580	0.2500	-0.4740	-0.0600	-0.0180
302S	0.0030	-0.7130	0.0000	4.1300	0.0000	0.0000	0.0280	0.0000	0.0000	2.7560	0.0000	0.0000	0.0000	-0.0640	0.0000	0.0000	-0.1710	0.0000	-0.4570	0.0000	0.0000
302R	1.0340	-3.1070	0.0000	3.9810	0.0000	0.0000	-0.0120	0.0000	0.0000	1.9300	0.0000	0.0000	0.0000	-0.0320	0.0000	0.0000	0.7900	0.0000	-0.7250	0.0000	0.0000
302Q	0.3880	-0.9280	0.0000	3.0470	0.0000	0.0000	-0.0370	0.0000	0.0000	1.2620	0.0000	0.0000	0.0000	-0.0510	0.0000	0.0000	0.0480	0.0000	-1.2050	0.0000	0.0000
302P	0.1710	1.3000	0.0000	-0.3360	0.0090	0.0000	-0.3190	-0.0010	0.0340	-0.0520	0.0000	0.0000	0.0000	0.1820	0.0000	-0.4290	-0.2600	0.0820	-0.5400	0.0670	-0.0110
302N	-2.2410	3.0270	0.0000	0.8140	0.0790	-0.0370	0.3160	0.1830	0.1170	2.5800	0.0000	0.0000	0.0000	-0.8750	-0.1050	0.4440	0.2470	0.0090	-0.3440	0.6230	0.3250
302M	2.2820	-3.9360	0.0000	1.7870	0.0000	0.0000	-0.0290	0.0000	0.0000	-1.2580	0.0000	0.0000	0.0000	-0.0110	0.0000	0.0000	-0.0670	0.0000	-1.2860	0.0000	0.0000
302L	1.5770	-2.2160	0.0000	1.9990	0.0010	0.0040	-0.0130	0.0160	-0.0190	1.2100	0.0000	0.0000	0.0000	0.0480	0.0000	-0.0010	0.6790	-0.0660	-0.8470	0.0560	-0.0070
302K	0.4680	-1.2610	0.0000	5.4160	0.0000	0.0000	-0.6920	0.0000	0.0000	3.4510	0.0000	0.0000	0.0000	0.0430	0.0000	0.0000	0.2080	0.0000	-0.7310	0.0000	0.0000
302I	1.8320	-1.9910	0.0000	-0.4350	0.0000	0.0000	-0.6890	0.0000	0.0000	-2.6390	0.0000	0.0000	0.0000	-0.1910	0.0000	0.0000	-0.2490	0.0000	-0.9180	0.0000	0.0000
302H	0.7130	-1.5850	0.0000	3.0840	0.0000	0.0000	0.0040	0.0000	0.0000	2.1520	0.0000	0.0000	0.0000	-0.0160	0.0000	0.0000	0.4960	0.0000	-0.5420	0.0000	0.0000
302G	-1.0620	2.2010	0.0000	0.7170	0.0370	-0.0040	0.2300	-0.0020	-0.0270	1.7950	0.0000	0.0000	0.0000	0.1470	-0.0020	0.2210	0.5850	-0.5510	-0.7460	0.0410	0.0110
302F	7.3480	-12.6420	0.0000	9.6690	0.7640	-0.0840	-0.5350	-0.1310	-0.1230	-0.8670	0.0000	0.0000	0.0000	1.1030	0.0360	-1.1210	-1.4500	-3.7050	-2.9120	2.8080	0.1090
302E	-0.1130	-0.0450	0.0000	3.0850	0.0000	0.0000	-0.0330	0.0000	0.0000	1.3620	0.0000	0.0000	0.0000	-0.1140	0.0000	0.0000	-0.3690	0.0000	-1.0490	0.0000	0.0000
302D	-1.1000	1.5650	0.0000	4.1130	0.0000	0.0000	0.0300	0.0000	0.0000	2.0680	0.0000	0.0000	0.0000	-1.0840	0.0000	0.0000	-1.8460	0.0000	0.3930	0.0000	0.0000
302C	-0.1150	-0.2360	0.0000	1.7140	0.0020	-0.0020	0.0050	0.0150	-0.0280	1.3040	0.0000	0.0000	0.0000	0.0270	0.0000	0.0100	0.6420	-0.0360	-0.7950	0.0950	0.0020
417T	-1.4300	-0.4370	0.0000	2.2030	-0.0020	-0.0020	0.7880	0.0000	-0.0010	-0.6680	0.0000	0.0000	0.0020	0.2900	0.0000	0.0030	-0.0630	-0.0320	-1.9950	0.0120	-0.0020
417V	-1.3180	-1.1230	0.0000	1.3370	0.0000	0.0000	0.7780	0.0000	0.0000	-1.0220	0.0000	0.0000	0.0000	0.2930	0.0000	0.0000	0.7540	0.0000	-1.7450	0.0000	0.0000
417P	-1.4840	-0.2730	0.0000	2.1140	0.0000	0.0000	0.7850	0.0000	0.0000	-0.2930	0.0000	0.0000	0.0000	0.2990	0.0000	0.0000	0.1810	0.0000	-1.9140	0.0000	0.0000
417Q	-0.8200	-1.8350	0.0000	2.7960	0.0000	0.0000	0.7810	0.0000	0.0000	-1.2670	0.0000	0.0000	0.0000	0.2980	0.0000	0.0000	-0.1460	0.0000	-2.3380	0.0000	0.0000
417R	0.5250	-0.3700	0.0000	2.6230	0.0000	0.0000	-0.0100	0.0000	0.0000	2.4280	0.0000	0.0000	0.0000	0.0360	0.0000	0.0000	0.4250	0.0000	-0.8010	0.0000	0.0000
346V	1.3660	-0.8120	0.0000	-2.4520	0.0300	-0.0020	0.0010	0.0140	-0.0020	-1.7950	0.0000	0.0000	0.0020	-0.2370	0.0000	-0.0050	0.4070	0.0530	-0.1490	-0.0110	-0.0010
417Y	-0.5270	-2.5470	0.0000	2.0180	0.0130	0.0020	0.7630	-0.0060	-0.0020	-1.3920	0.0000	0.0000	-0.0030	0.3210	0.0000	0.0070	0.2360	-0.0090	-1.6330	-0.0320	0.0070
417D	-1.6740	2.3410	0.0000	1.2850	0.0140	-0.0020	0.7580	0.0090	-0.0050	2.9870	0.0000	0.0000	0.0000	0.3170	0.0000	-0.0050	0.3170	0.1160	-0.4610	-0.0260	0.0060
417E	-0.7760	0.8030	0.0000	4.1650	0.1290	0.0000	0.7740	0.0590	0.2640	2.9430	0.0000	0.0000	-0.2650	0.3480	0.0000	0.0270	1.3810	-0.6930	-1.8170	-1.2820	-0.1730
417F	-0.4320	-1.9360	0.0000	1.8150	0.0080	0.0050	0.0370	0.0040	0.0020	-2.2150	0.0000	0.0000	0.0020	0.2680	0.0000	0.0080	-0.4630	0.0920	-1.6410	0.0100	0.0050
346T	0.7900	-1.2110	0.0000	0.1550	0.0000	0.0000	-0.6820	0.0000	0.0000	-1.5430	0.0000	0.0000	0.0000	-0.1780	0.0000	0.0000	-0.2560	0.0000	-0.1630	0.0000	0.0000
417A	-1.2770	0.4380	0.0000	1.7790	0.1480	-0.0020	0.7880	-0.0020	0.0050	0.2640	0.0000	0.0000	0.0120	0.2580	0.0000	-0.3630	0.1260	0.2770	-1.9120	-0.0070	-0.0030
417C	-1.4820	-0.6620	0.0000	1.9910	-0.0090	0.0000	0.7810	-0.0010	0.0060	-0.6720	0.0000	0.0000	0.0000	0.3040	0.0000	0.0100	0.1310	-0.0060	-1.7730	0.0500	-0.0100
417L	-0.5910	-1.4290	0.0000	0.8230	0.0080	0.0020	0.7670	0.0030	-0.0060	-1.7260	0.0000	0.0000	-0.0030	0.2930	0.0000	0.0240	0.1540	0.0400	-1.8250	0.0190	-0.0030
346S	0.3920	-1.9140	0.0000	2.1390	0.3190	0.0050	-0.7640	-0.0530	-0.0390	-0.3470	0.0000	0.0000	0.1090	-0.1350	0.0000	-0.1160	-0.4830	0.2410	-0.0740	0.0260	0.0000
417N	-1.5560	-0.4770	0.0000	2.7280	0.0020	0.0010	0.7930	0.0000	0.0000	-0.2380	0.0000	0.0000	0.0030	0.2990	0.0000	0.0050	-0.0680	0.0560	-2.0380	0.0160	0.0010
417H	-0.6650	-1.6180	0.0000	3.4950	-0.0010	0.0030	0.0230	0.0010	0.0010	-0.9950	0.0000	0.0000	-0.0010	0.2460	0.0000	-0.0020	-0.7120	-0.0630	-1.7620	0.0530	0.0080
417I	-0.4410	-1.4610	0.0000	0.6050	0.0000	0.0000	0.7810	0.0000	0.0000	-1.9760	0.0000	0.0000	0.0000	0.3040	0.0000	0.0000	0.1230	0.0000	-1.8870	0.0000	0.0000
346R	2.0730	-2.5840	0.0000	0.2380	0.0000	0.0000	-0.0170	0.0000	0.0000	-0.2460	0.0000	0.0000	0.0000	0.2170	0.0000	0.0000	0.0990	0.0000	-0.2700	0.0000	0.0000
346Q	1.9220	-0.7040	0.0000	1.2280	0.0000	0.0000	-0.6710	0.0000	0.0000	-3.9530	0.0000	0.0000	0.0000	-1.0770	0.0000	0.0000	-2.9570	0.0000	-1.6940	0.0000	0.0000
346P	0.5670	-1.9770	0.0000	0.4040	-0.0710	0.0010	0.0040	-0.0220	0.0000	-0.7000	0.0000	0.0000	-0.0020	-0.0470	0.0000	0.0580	0.4490	0.0470	-0.1510	0.0530	-0.0120
346Y	2.1050	-2.3010	0.0000	-0.9880	0.0000	0.0000	-0.6940	0.0000	0.0000	-6.2500	0.0000	0.0000	0.0000	-2.5060	0.0000	0.0000	-0.9070	0.0000	-0.9590	0.0000	0.0000
417S	-1.6140	3.0980	0.0000	0.9820	-0.0130	-0.0040	0.0010	-0.0030	-0.0020	2.4080	0.0000	0.0000	0.0060	0.2030	0.0000	0.2320	0.3790	-0.5400	-0.7360	0.4140	0.0040
346F	1.9480	-2.0410	0.0000	-2.4800	0.0000	0.0000	-0.6680	0.0000	0.0000	-5.0160	0.0000	0.0000	0.0000	-0.6560	0.0000	0.0000	-0.3630	0.0000	-0.7560	0.0000	0.0000
346E	0.2080	1.7050	0.0000	0.6940	-0.0010	0.0000	0.0680	0.0100	0.0020	-1.1800	0.0000	0.0000	0.0110	-1.2790	0.0000	0.0110	-0.9090	0.0970	-1.7140	-0.0860	0.0070
346D	1.8670	-5.1120	0.0000	6.1700	-0.0590	0.0030	-0.1870	0.0320	0.0080	-2.7040	0.0000	0.0000	-0.0010	-1.2710	0.0000	-0.1000	-2.9110	0.5030	-1.6260	-0.0350	0.0120
346C	0.6630	-1.8840	0.0000	-0.9200	0.0000	0.0000	0.0170	0.0000	0.0000	-1.4570	0.0000	0.0000	0.0000	-0.2160	0.0000	0.0000	1.2950	0.0000	-0.4090	0.0000	0.0000
401Y	1.0040	-5.8210	0.0000	3.5170	0.0000	0.0000	-0.0290	0.0000	0.0000	-3.2500	0.0000	0.0000	0.0000	-1.1720	0.0000	0.0000	-0.8640	0.0000	0.1130	0.0000	0.0000
346A	0.5660	-1.5520	0.0000	-0.8760	-0.0550	0.0060	-0.2000	0.0390	0.0200	-1.9390	0.0000	0.0000	0.0170	-0.2580	0.0000	-0.0710	-0.0080	0.4710	-0.0880	0.0300	0.0180
401S	0.2310	-0.2390	0.0000	1.1600	0.0000	0.0000	0.0080	0.0000	0.0000	1.2910	0.0000	0.0000	0.0000	0.1520	0.0000	0.0000	-0.1800	0.0000	0.1600	0.0000	0.0000
401R	1.5170	-6.1660	0.0000	7.9460	0.2900	-0.0010	-0.0180	0.0140	-0.0070	-0.6150	0.0000	0.0000	0.0250	-1.8730	0.0000	-0.3450	-3.3320	0.9510	0.2620	0.1310	-0.0090
401Q	0.7440	-2.0850	0.0000	2.0420	0.0000	0.0000	-0.0350	0.0000	0.0000	-0.4160	0.0000	0.0000	0.0000	0.0560	0.0000	0.0000	-1.1170	0.0000	-0.0210	0.0000	0.0000
401P	0.0840	-0.6600	0.0000	1.1670	0.0190	-0.0030	-0.0020	-0.0040	0.0060	0.7340	0.0000	0.0000	-0.0060	0.0080	0.0000	-0.0010	0.0320	0.0130	0.0590	0.0060	0.0170
401W	3.1850	-8.2880	0.0000	1.4500	0.0030	0.0000	0.0280	-0.0040	0.0000	-4.6010	0.0000	0.0000	0.0010	0.2000	0.0000	-0.0030	-1.6480	-0.0020	0.5160	-0.0430	0.0030
401T	0.0750	0.8400	0.0000	1.1000	-0.0020	0.0010	-0.0160	0.0130	0.0000	1.9450	0.0000	0.0000	0.0020	0.0390	0.0000	0.0470	-0.1140	0.0090	-0.0440	-0.0060	0.0040
401K	0.5360	1.0870	0.0000	1.4310	0.0000	0.0000	-0.7490	0.0000	0.0000	1.7900	0.0000	0.0000	0.0000	-0.0210	0.0000	0.0000	-0.6800	0.0000	0.1870	0.0000	0.0000
401I	0.7310	-1.5150	0.0000	0.2240	0.0000	0.0000	0.0090	0.0000	0.0000	-0.5020	0.0000	0.0000	0.0000	0.0770	0.0000	0.0000	0.0100	0.0000	-0.0360	0.0000	0.0000
401H	0.4320	-2.9950	0.0000	1.8300	0.0000	0.0000	-0.0200	0.0000	0.0000	-0.3970	0.0000	0.0000	0.0000	-0.0290	0.0000	0.0000	-0.0500	0.0000	0.4340	0.0000	0.0000
401N	0.7150	-1.4310	0.0000	1.0930	0.0090	-0.0020	-0.0110	0.0010	0.0030	0.1130	0.0000	0.0000	0.0020	0.0740	0.0000	-0.0110	-0.3480	0.1420	-0.1190	-0.0230	0.0180
401M	1.9050	-4.3320	0.0000	-0.2120	0.0000	0.0000	0.0090	0.0000	0.0000	-2.4350	0.0000	0.0000	0.0000	0.0460	0.0000	0.0000	-0.2150	0.0000	0.3640	0.0000	0.0000
401L	0.6230	-0.0610	0.0000	0.7140	0.0590	-0.0020	0.0150	0.0170	-0.0050	1.5250	0.0000	0.0000	-0.0060	0.3140	0.0000	-0.0320	-0.2730	0.1380	-0.0170	0.0500	-0.0080
401C	0.9670	-0.2060	0.0000	-0.1870	0.0000	0.0010	-0.0190	-0.0150	0.0020	0.1140	0.0000	0.0000	-0.0040	0.1080	0.0000	-0.0070	-0.3950	-0.0340	-0.0940	-0.0040	0.0020
401A	0.0270	1.3240	0.0000	0.5380	0.0000	0.0000	-0.0060	0.0040	0.0030	1.9370	0.0000	0.0000	0.0010	0.0180	0.0000	0.0010	-0.0720	0.0240	0.0800	-0.0070	0.0030
401G	0.8850	-0.1120	0.0000	0.8720	-0.0200	0.0010	-0.7240	-0.0120	0.0010	0.6930	0.0000	0.0000	-0.0040	-0.0150	0.0000	-0.2600	-0.6870	0.2980	0.4620	0.0060	0.0040
401F	1.0800	-4.5740	0.0000	0.8690	0.0100	0.0000	0.0160	0.0000	-0.0010	-2.5120	0.0000	0.0000	0.0060	0.0640	0.0000	0.0010	-0.2800	0.0870	0.1840	0.0220	0.0030
401E	0.2710	-0.6700	0.0000	3.4920	0.0000	0.0000	0.0100	0.0000	0.0000	1.7260	0.0000	0.0000	0.0000	0.3590	0.0000	0.0000	-1.1480	0.0000	-0.5880	0.0000	0.0000
401D	0.3870	-0.5300	0.0000	2.8900	0.0000	0.0000	0.0060	0.0000	0.0000	1.6710	0.0000	0.0000	0.0000	0.1030	0.0000	0.0000	-1.2260	0.0000	0.0410	0.0000	0.0000
305N	-0.5210	1.4950	0.0000	1.4230	0.0150	-0.0050	0.0250	0.0160	-0.0310	2.4100	0.0000	0.0000	0.0000	-0.0360	-0.0140	0.0130	0.0280	-0.0470	0.0030	0.0330	0.0090
305L	-0.1550	0.5170	0.0000	-0.1560	-0.0010	-0.0010	0.0030	-0.0240	-0.0300	0.0680	0.0000	0.0000	0.0000	-0.0490	-0.0020	-0.0020	-0.0160	-0.0700	-0.0190	0.0650	0.0060
305M	0.3180	0.5760	0.0000	0.6570	0.0000	0.0000	-0.0040	0.0000	0.0000	1.2790	0.0000	0.0000	0.0000	0.0020	0.0000	0.0000	-0.3980	0.0000	0.1290	0.0000	0.0000
305K	0.2060	0.5450	0.0000	1.2090	0.0000	0.0000	-0.0040	0.0000	0.0000	1.5850	0.0000	0.0000	0.0000	-0.0150	0.0000	0.0000	-0.3620	0.0000	0.0070	0.0000	0.0000
305H	-0.2230	0.5420	0.0000	1.1150	0.0000	0.0000	0.0180	0.0000	0.0000	1.0580	0.0000	0.0000	0.0000	0.0470	0.0000	0.0000	-0.2510	0.0000	-0.1880	0.0000	0.0000
305I	0.9290	-0.5550	0.0000	-1.2490	0.0000	0.0000	-0.7380	0.0000	0.0000	-2.5890	0.0000	0.0000	0.0000	0.0300	0.0000	0.0000	-1.1820	0.0000	0.1760	0.0000	0.0000
305G	-0.7480	3.7880	0.0000	0.3350	0.0000	0.0000	0.0110	0.0000	0.0000	3.2590	0.0000	0.0000	0.0000	-0.0840	0.0000	0.0000	-0.0610	0.0000	0.0150	0.0000	0.0000
305D	-0.2440	1.2950	0.0000	2.2480	0.0010	-0.0010	-0.0060	-0.0080	-0.0020	2.9050	0.0000	0.0000	0.0000	0.0140	0.0010	-0.0040	-0.5260	-0.0240	0.1570	0.0060	-0.0060
305E	-0.5320	3.4880	0.0000	-1.4110	0.0490	-0.0020	-0.2280	0.1660	0.0320	2.0880	0.0000	0.0000	0.0000	-0.5410	0.0390	0.0710	2.2550	0.1820	-0.7240	-0.7500	-0.0060
305C	-0.0970	1.7240	0.0000	-0.6280	0.0000	0.0000	-0.0040	0.0000	0.0000	1.0890	0.0000	0.0000	0.0000	-0.0710	0.0000	0.0000	0.0000	0.0000	0.1680	0.0000	0.0000
305A	0.1640	1.9650	0.0000	-1.0680	0.0000	0.0000	0.0130	0.0000	0.0000	0.7240	0.0000	0.0000	0.0000	0.0660	0.0000	0.0000	-0.4890	0.0000	0.0730	0.0000	0.0000
305Y	0.6610	-0.7260	0.0000	-0.7550	0.0000	0.0000	-0.0140	0.0000	0.0000	-1.4320	0.0000	0.0000	0.0000	0.0890	0.0000	0.0000	-0.6450	0.0000	-0.0430	0.0000	0.0000
305V	0.2880	1.2940	0.0000	-0.8980	0.0000	0.0000	0.0040	0.0000	0.0000	0.0820	0.0000	0.0000	0.0000	0.1070	0.0000	0.0000	-0.6410	0.0000	-0.0710	0.0000	0.0000
305W	0.9780	-0.1060	0.0000	1.0990	0.0000	0.0000	-0.7550	0.0000	0.0000	-0.0290	0.0000	0.0000	0.0000	-0.0250	0.0000	0.0000	-1.0690	0.0000	-0.1510	0.0000	0.0000
305T	0.3550	1.1360	0.0000	0.0470	0.0000	0.0000	0.0030	0.0000	0.0000	1.0400	0.0000	0.0000	0.0000	0.2400	0.0000	0.0000	-0.9330	0.0000	0.1940	0.0000	0.0000
305R	-0.0560	1.2010	0.0000	0.6780	0.0000	0.0000	-0.0100	0.0000	0.0000	1.5750	0.0000	0.0000	0.0000	-0.0410	0.0000	0.0000	-0.2480	0.0000	0.0490	0.0000	0.0000
305S	0.0620	2.2300	0.0000	0.7780	0.0000	0.0000	0.0100	0.0000	0.0000	2.5850	0.0000	0.0000	0.0000	0.0940	0.0000	0.0000	-0.5500	0.0000	-0.0380	0.0000	0.0000
305P	0.1790	1.0870	0.0000	0.4860	0.0000	0.0000	0.0040	0.0000	0.0000	1.4080	0.0000	0.0000	0.0000	0.0730	0.0000	0.0000	-0.4580	0.0000	0.0360	0.0000	0.0000
305Q	0.1350	0.5910	0.0000	1.0780	0.0000	0.0000	-0.0060	0.0000	0.0000	1.3830	0.0000	0.0000	0.0000	0.0260	0.0000	0.0000	-0.3950	0.0000	-0.0460	0.0000	0.0000
306C	-0.7030	1.6390	0.0000	-0.8020	0.0000	0.0000	-0.0070	0.0000	0.0000	0.1760	0.0000	0.0000	0.0000	0.0320	0.0000	0.0000	-0.0210	0.0000	0.0390	0.0000	0.0000
306A	-1.0470	2.9340	0.0000	-1.2350	0.0050	0.0000	0.0090	0.0140	0.0030	0.7440	0.0000	0.0000	0.0000	0.0220	0.0010	0.0160	-0.0960	0.0190	0.0220	0.0730	0.0050
306G	-0.7910	2.9980	0.0000	-0.9040	0.0010	0.0030	-0.0040	0.0020	0.0020	1.3050	0.0000	0.0000	0.0000	0.0310	-0.0010	-0.0010	-0.0530	-0.0140	0.0340	0.0040	-0.0020
306F	0.3910	0.3580	0.0000	-1.1440	0.0000	0.0000	-0.0140	0.0000	0.0000	-0.8340	0.0000	0.0000	0.0000	0.0520	0.0000	0.0000	-0.5560	0.0000	0.0790	0.0000	0.0000
306E	-0.5900	1.5800	0.0000	0.8710	0.0000	0.0000	-0.0090	0.0000	0.0000	1.3550	0.0000	0.0000	0.0000	-0.0300	0.0000	0.0000	-0.1690	0.0000	-0.2970	0.0000	0.0000
306D	-0.1460	1.7400	0.0000	1.7250	0.0010	0.0030	-0.7340	0.0020	0.0020	1.9090	0.0000	0.0000	0.0000	-0.0280	-0.0010	-0.0010	-0.8870	-0.0140	0.2460	0.0040	-0.0020
306K	0.3960	0.8130	0.0000	0.9600	0.0000	-0.0030	-0.0120	-0.0050	-0.0050	1.2930	0.0000	0.0000	0.0000	0.0810	-0.0010	-0.0010	-0.3510	-0.0500	-0.4980	-0.0280	-0.0030
306I	0.3500	0.6840	0.0000	-1.0720	0.0890	0.0030	0.0080	-0.0140	-0.0030	-0.4680	0.0000	0.0000	0.0000	0.0930	-0.0050	-0.0130	-0.6440	0.0100	-0.0030	0.0370	0.0080
306H	-0.0680	0.7630	0.0000	0.6720	0.0000	0.0000	-0.0080	0.0000	0.0000	1.0760	0.0000	0.0000	0.0000	-0.0420	0.0000	0.0000	0.0340	0.0000	-0.2750	0.0000	0.0000
306N	-0.5450	1.6220	0.0000	0.2190	0.0000	0.0000	-0.0090	0.0000	0.0000	1.2390	0.0000	0.0000	0.0000	-0.0250	0.0000	0.0000	0.0060	0.0000	-0.0300	0.0000	0.0000
306M	1.0880	-0.3090	0.0000	-0.6630	0.0000	0.0000	0.0050	0.0000	0.0000	-0.1250	0.0000	0.0000	0.0000	0.2060	0.0000	0.0000	-0.7480	0.0000	0.2960	0.0000	0.0000
306L	0.3120	1.1500	0.0000	-0.9840	0.0000	0.0000	-0.0070	0.0000	0.0000	-0.1930	0.0000	0.0000	0.0000	0.1440	0.0000	0.0000	-0.5920	0.0000	-0.2160	0.0000	0.0000
306S	-0.7200	1.9930	0.0000	0.0600	0.0000	0.0020	-0.0200	0.0030	-0.0050	1.3450	0.0000	0.0000	0.0000	0.0420	0.0030	-0.0170	-0.0070	-0.0790	0.0650	0.0230	0.0020
306R	0.1280	-0.6430	0.0000	1.5810	0.0000	0.0000	-0.0040	0.0000	0.0000	0.8800	0.0000	0.0000	0.0000	-0.0150	0.0000	0.0000	0.3620	0.0000	-0.5270	0.0000	0.0000
306Q	-0.3700	0.8150	0.0000	0.6390	0.0000	0.0000	-0.0040	0.0000	0.0000	0.8260	0.0000	0.0000	0.0000	0.0010	0.0000	0.0000	-0.0020	0.0000	-0.2520	0.0000	0.0000
306P	-0.0960	2.3900	0.0000	-1.8230	-0.0150	0.0000	-0.0160	-0.0550	0.0010	-0.5150	0.0000	0.0000	0.0000	0.1880	0.0650	0.0270	-0.8050	-0.2030	0.2250	-0.6460	0.2500
306W	0.6040	-1.3190	0.0000	-0.0890	0.0000	-0.0000	-0.0090	-0.0100	0.0090	-1.7020	0.0000	0.0000	0.0000	0.1220	-0.0170	0.0020	-0.6180	0.0260	-0.3410	-0.0540	-0.0050
306V	-0.6840	1.5640	0.0000	-0.9490	0.0000	0.0000	-0.0030	0.0000	0.0000	0.0880	0.0000	0.0000	0.0000	0.0650	0.0000	0.0000	0.0670	0.0000	0.0280	0.0000	0.0000
306T	-0.5820	1.6890	0.0000	-0.8330	0.0000	0.0000	-0.0060	0.0000	0.0000	0.3190	0.0000	0.0000	0.0000	0.0430	0.0000	0.0000	0.0230	0.0000	-0.0130	0.0000	0.0000
