MUT	fa_rep:	ref:	fa_atr:	hbond_sc:	fa_sol:	yhh_planarity:	dslf_fa13:	fa_intra_sol_xover4:	omega:	p_aa_pp:	TOT	sugar_bb:	fa_intra_rep:	hbond_lr_bb:	hbond_sr_bb:	hbond_bb_sc:	fa_elec:	cart_bonded:	lk_ball_wtd:	fa_dun:	rama_prepro:
G7	5.7410	-80.1470	0.0000	50.6230	0.0000	0.0000	-3.6150	0.0000	0.0000	-51.3020	0.0000	0.0000	0.0000	-2.7990	0.0000	0.0000	-13.9210	0.0000	-7.1840	0.0000	0.0000
G6	5.2240	-80.5590	0.0000	49.7840	0.0000	0.0000	-3.6430	0.0000	0.0000	-52.9540	0.0000	0.0000	0.0000	-3.3790	0.0000	0.0000	-12.9350	0.0000	-7.4470	0.0000	0.0000
G5	6.3630	-80.6120	0.0000	51.1200	0.0000	0.0000	-3.6070	0.0000	0.0000	-51.6110	0.0000	0.0000	0.0000	-2.8390	0.0000	0.0000	-14.6750	0.0000	-7.3610	0.0000	0.0000
G4	11.0390	-88.8030	0.0000	50.4510	0.0000	0.0000	-3.6280	0.0000	0.0000	-54.2430	0.0000	0.0000	0.0000	-3.1470	0.0000	0.0000	-12.3950	0.0000	-7.7590	0.0000	0.0000
G3	10.3950	-86.3780	0.0000	48.6090	-0.0030	-0.0020	-3.6110	-0.0170	-0.0050	-54.1180	0.0000	0.0000	-0.0030	-2.2540	0.0180	0.0020	-13.2140	0.1980	-7.7430	-0.1140	0.0060
G2	10.5310	-85.7510	0.0000	50.4030	0.0000	0.0000	-3.6020	0.0000	0.0000	-52.1690	0.0000	0.0000	0.0000	-2.9250	0.0000	0.0000	-13.3770	0.0000	-7.4490	0.0000	0.0000
G1	6.7780	-83.8260	0.0000	51.2620	0.0140	0.0040	-3.6420	-0.0230	0.0020	-53.7210	0.0000	0.0000	0.0070	-3.1270	-0.0330	0.0050	-13.7850	0.1920	-7.4450	-0.1050	0.0000
G9	6.1360	-80.9010	0.0000	50.4740	-0.0010	0.0010	-3.6120	-0.0290	0.0270	-52.0670	0.0000	0.0000	0.0130	-2.8010	-0.0230	0.0270	-13.8420	-0.2630	-7.1800	-0.0890	-0.0040
G8	5.8600	-80.7390	0.0000	52.1690	0.0970	0.0010	-3.6420	0.1850	0.0470	-50.0430	0.0000	0.0000	-0.0340	-3.1550	0.0950	-0.0280	-14.1910	0.0240	-6.7860	0.0830	-0.0260
N6	5.1730	-83.5260	0.0000	52.3870	0.0000	0.0000	-2.7270	0.0000	0.0000	-51.2390	0.0000	0.0000	0.0000	-2.3370	0.0000	0.0000	-11.5590	0.0000	-8.6490	0.0000	0.0000
N7	5.9590	-84.3420	0.0000	53.2530	0.0000	0.0000	-2.6900	0.0000	0.0000	-49.6110	0.0000	0.0000	0.0000	-2.3260	0.0000	0.0000	-11.3990	0.0000	-8.0650	0.0000	0.0000
B4	11.4510	-88.6910	0.0000	54.2110	0.0000	0.0000	-2.7480	0.0000	0.0000	-49.6820	0.0000	0.0000	0.0000	-2.8880	0.0000	0.0000	-12.6200	0.0000	-8.3980	0.0000	0.0000
B5	6.7280	-85.2090	0.0000	51.4820	0.0000	0.0000	-2.7260	0.0000	0.0000	-51.2930	0.0000	0.0000	0.0000	-2.3470	0.0000	0.0000	-11.1140	0.0000	-8.1070	0.0000	0.0000
B6	7.5150	-86.6490	0.0000	53.5650	-0.2270	-0.0010	-3.6110	0.2470	-0.1120	-52.8520	0.0000	0.0000	0.1200	-2.6990	-0.0280	-0.2790	-13.2630	-0.0220	-6.9540	-0.4300	-0.0190
B7	6.4700	-84.6340	0.0000	49.2510	0.0000	0.0000	-3.5890	0.0000	0.0000	-55.3140	0.0000	0.0000	0.0000	-2.1380	0.0000	0.0000	-13.1330	0.0000	-7.5400	0.0000	0.0000
B1	5.6800	-82.0100	0.0000	49.3150	0.0000	0.0000	-3.5930	0.0000	0.0000	-52.5380	0.0000	0.0000	0.0000	-2.3170	0.0000	0.0000	-12.0260	0.0000	-7.5860	0.0000	0.0000
B2	7.5410	-83.7690	0.0000	47.2500	0.0170	0.0320	-3.5990	0.0530	-0.0750	-54.4210	0.0000	0.0000	-0.0120	-2.4000	0.0960	-0.0060	-11.0510	0.5020	-7.7260	-1.3140	0.0420
B3	10.4090	-89.8350	0.0000	54.3020	0.0000	0.0000	-2.7770	0.0000	0.0000	-52.1990	0.0000	0.0000	0.0000	-3.1600	0.0000	0.0000	-12.7650	0.0000	-8.3750	0.0000	0.0000
B8	8.8260	-84.3840	0.0000	50.7550	0.0000	0.0000	-3.6290	0.0000	0.0000	-52.8620	0.0000	0.0000	0.0000	-2.9760	0.0000	0.0000	-14.3480	0.0000	-7.1040	0.0000	0.0000
B9	6.7500	-87.8760	0.0000	53.9900	0.0000	0.0000	-3.5920	0.0000	0.0000	-54.7490	0.0000	0.0000	0.0000	-3.2440	0.0000	0.0000	-11.8680	0.0000	-8.9090	0.0000	0.0000
N5	7.2260	-85.1070	0.0000	50.5710	0.0000	0.0000	-3.6840	0.0000	0.0000	-53.8110	0.0000	0.0000	0.0000	-2.2920	0.0000	0.0000	-12.0050	0.0000	-8.5200	0.0000	0.0000
P10	8.2280	-88.5970	0.0000	55.3540	0.5130	0.0000	-2.8840	0.0320	-0.0250	-51.7030	0.0000	0.0000	0.0040	-4.8800	-0.0040	0.9390	-11.5020	-0.1960	-8.4540	-0.2400	0.0100
P11	8.8150	-87.9490	0.0000	52.8800	0.0000	0.0000	-2.8580	0.0000	0.0000	-52.8050	0.0000	0.0000	0.0000	-3.5080	0.0000	0.0000	-11.5290	0.0000	-8.6550	0.0000	0.0000
P12	8.3460	-89.7940	0.0000	53.8400	0.0000	0.0000	-2.8160	0.0000	0.0000	-54.4330	0.0000	0.0000	0.0000	-3.6030	0.0000	0.0000	-11.7230	0.0000	-8.6820	0.0000	0.0000
E9	5.8730	-82.1090	0.0000	51.0360	0.0050	-0.0190	-3.6680	0.1590	-0.0190	-52.7200	0.0000	0.0000	-0.0060	-2.7760	-0.0480	-0.1640	-12.7860	-0.5020	-7.7820	0.1240	-0.0400
E8	6.5820	-81.7550	0.0000	52.9760	0.0000	0.0000	-3.6320	0.0000	0.0000	-49.6490	0.0000	0.0000	0.0000	-3.2080	0.0000	0.0000	-13.0600	0.0000	-7.5530	0.0000	0.0000
E5	6.6740	-82.2110	0.0000	52.5010	0.0000	0.0000	-3.6310	0.0000	0.0000	-51.1950	0.0000	0.0000	0.0000	-3.2050	0.0000	0.0000	-13.7300	0.0000	-7.5950	0.0000	0.0000
E4	6.2280	-81.2290	0.0000	51.8600	0.0000	0.0000	-3.6290	0.0000	0.0000	-50.8120	0.0000	0.0000	0.0000	-2.9700	0.0000	0.0000	-13.1700	0.0000	-7.9010	0.0000	0.0000
E7	6.6650	-82.0330	0.0000	51.4560	0.0000	0.0000	-3.5920	0.0000	0.0000	-51.4140	0.0000	0.0000	0.0000	-3.0850	0.0000	0.0000	-13.5590	0.0000	-7.2660	0.0000	0.0000
E6	6.2380	-83.8310	0.0000	51.4210	0.0060	0.0050	-3.5940	-0.0190	0.0140	-53.3990	0.0000	0.0000	-0.0090	-3.1300	0.0020	0.0150	-12.9970	-0.0410	-7.4620	0.0030	-0.0210
E1	8.4600	-83.9200	0.0000	50.4230	-0.3540	-0.0410	-3.7060	-0.0140	-0.1700	-52.9670	0.0000	0.0000	0.0390	-3.0380	0.1100	0.1860	-13.7270	0.2590	-7.1570	-0.1830	-0.1350
P8	6.9030	-88.0380	0.0000	56.9100	0.4470	0.0010	-2.8360	-0.0010	-0.0270	-50.9120	0.0000	0.0000	0.0350	-4.9540	0.0100	0.8930	-11.2560	0.0370	-8.2940	-0.7250	-0.0150
E3	7.2330	-88.6660	0.0000	52.2650	0.0000	0.0000	-3.6100	0.0000	0.0000	-56.5350	0.0000	0.0000	0.0000	-3.2110	0.0000	0.0000	-11.9840	0.0000	-8.5630	0.0000	0.0000
E2	7.2620	-87.7400	0.0000	51.2690	0.0000	0.0000	-3.6740	0.0040	-0.0050	-56.7500	0.0000	0.0000	-0.0020	-3.1920	-0.0100	-0.0010	-12.2670	-0.0500	-8.3900	0.0140	0.0290
P2	7.3160	-90.5210	0.0000	54.8530	0.4590	0.0010	-2.8710	0.0360	-0.0400	-55.0520	0.0000	0.0000	0.0060	-4.9260	0.0070	0.9840	-11.2410	-0.3760	-8.4000	-0.3560	0.0140
P3	7.8320	-89.1330	0.0000	52.9560	0.0000	0.0000	-2.7060	0.0000	0.0000	-53.9980	0.0000	0.0000	0.0000	-3.7000	0.0000	0.0000	-11.2350	0.0000	-8.0110	0.0000	0.0000
P1	7.1900	-88.3380	0.0000	52.2090	0.0000	0.0000	-2.6180	0.0000	0.0000	-55.0820	0.0000	0.0000	0.0000	-3.7240	0.0000	0.0000	-11.2150	0.0000	-8.5870	0.0000	0.0000
P6	8.4150	-88.8270	0.0000	54.0830	0.0000	0.0000	-2.8220	0.0000	0.0000	-53.1180	0.0000	0.0000	0.0000	-3.5680	0.0000	0.0000	-11.7590	0.0000	-8.6400	0.0000	0.0000
P7	7.7950	-88.5740	0.0000	52.2110	-0.1870	0.0130	-2.7080	0.0330	-0.0620	-52.8970	0.0000	0.0000	-0.0020	-3.3780	0.0250	0.1140	-10.3690	0.9450	-7.5850	-1.1490	-0.0190
P4	7.9330	-89.4430	0.0000	53.2810	0.0000	0.0000	-2.7030	0.0000	0.0000	-54.0870	0.0000	0.0000	0.0000	-3.8220	0.0000	0.0000	-11.2830	0.0000	-8.0480	0.0000	0.0000
P5	8.1010	-87.7020	0.0000	54.6000	-0.0010	0.0000	-2.7100	0.0020	-0.0140	-50.8210	0.0000	0.0000	0.0040	-3.7430	0.0000	-0.0120	-11.5610	0.0280	-7.8060	0.0120	-0.0200
H10	9.0490	-91.8830	0.0000	55.4920	-0.0020	0.0260	-2.7170	0.0010	-0.0110	-52.5680	0.0000	0.0000	0.0210	-2.3060	0.0000	0.0150	-10.7800	0.0640	-9.5650	0.0320	-0.0070
H11	8.6110	-90.7190	0.0000	54.8990	-0.0100	0.0380	-2.5580	-0.0730	0.0100	-52.8710	0.0000	0.0000	-0.0630	-3.0550	0.0030	-0.0640	-11.2110	-0.0930	-9.1000	0.5270	-0.0130
H12	9.1130	-93.8260	0.0000	57.8870	0.0230	0.0070	-2.5010	-0.1120	0.0320	-54.7060	0.0000	0.0000	-0.0880	-4.7840	0.0000	-0.1070	-12.5470	0.1110	-8.4260	0.4770	0.0360
P9	7.5890	-87.8620	0.0000	55.0080	0.0270	-0.0010	-2.7940	-0.0040	-0.0030	-51.1510	0.0000	0.0000	0.0000	-3.8070	0.0010	-0.0440	-11.5930	0.0570	-7.6780	-0.0520	0.0030
F12	9.2570	-87.4780	0.0000	49.4550	0.1210	-0.0020	-3.5780	0.1160	-0.0080	-54.9290	0.0000	0.0000	-0.0300	-2.4430	-0.0240	0.0440	-12.9290	-0.1970	-7.3190	0.0740	0.0110
F10	7.5820	-84.6710	0.0000	48.6460	0.0580	0.0260	-3.5540	0.0340	0.0370	-52.6640	0.0000	0.0000	-0.0510	-2.3370	0.0840	0.5510	-12.0340	-2.1590	-7.8830	2.6510	0.3580
F11	10.6200	-86.5570	0.0000	49.0710	0.0060	0.0070	-3.6210	0.0730	0.0460	-53.6860	0.0000	0.0000	-0.0140	-2.2530	-0.0150	0.2150	-12.5540	-0.4310	-8.3430	0.1520	-0.0890
N12	6.0650	-84.9460	0.0000	53.0160	0.0000	0.0000	-2.7130	0.0000	0.0000	-50.5950	0.0000	0.0000	0.0000	-2.2720	0.0000	0.0000	-11.4270	0.0000	-8.3170	0.0000	0.0000
H8	5.6500	-84.4760	0.0000	53.7380	0.0000	0.0000	-2.7280	0.0000	0.0000	-49.5430	0.0000	0.0000	0.0000	-2.3190	0.0000	0.0000	-11.1480	0.0000	-8.2600	0.0000	0.0000
H9	5.9110	-84.3840	0.0000	52.5960	0.0000	0.0000	-2.6840	0.0000	0.0000	-50.1900	0.0000	0.0000	0.0000	-2.3470	0.0000	0.0000	-10.9090	0.0000	-8.3730	0.0000	0.0000
H6	5.6440	-85.6690	0.0000	53.3710	0.0000	0.0000	-2.7220	0.0000	0.0000	-51.6330	0.0000	0.0000	0.0000	-2.3160	0.0000	0.0000	-11.1670	0.0000	-8.7740	0.0000	0.0000
H7	5.5870	-84.5730	0.0000	53.6640	0.0000	0.0000	-2.7360	0.0000	0.0000	-49.9050	0.0000	0.0000	0.0000	-2.3260	0.0000	0.0000	-11.2180	0.0000	-8.3040	0.0000	0.0000
H4	4.6260	-80.9290	0.0000	49.8470	0.0150	0.0000	-3.6290	-0.0270	0.0210	-51.9560	0.0000	0.0000	0.0020	-2.2970	0.0060	0.0470	-11.9680	0.1360	-7.7760	-0.0390	0.0100
H5	5.8410	-86.2890	0.0000	53.5160	0.0000	0.0000	-2.7250	0.0000	0.0000	-51.7330	0.0000	0.0000	0.0000	-2.2790	0.0000	0.0000	-11.6080	0.0000	-8.1880	0.0000	0.0000
D10	6.5960	-83.7120	0.0000	51.0530	0.0000	0.0000	-3.6130	0.0000	0.0000	-53.2140	0.0000	0.0000	0.0000	-2.7190	0.0000	0.0000	-13.0700	0.0000	-7.7500	0.0000	0.0000
D11	7.5400	-82.2190	0.0000	49.7130	0.0000	0.0000	-3.6270	0.0000	0.0000	-52.2880	0.0000	0.0000	0.0000	-3.0680	0.0000	0.0000	-13.3100	0.0000	-7.3170	0.0000	0.0000
D12	8.2910	-83.9510	0.0000	48.5530	0.0020	0.0010	-3.6360	0.3170	-0.0640	-54.1270	0.0000	0.0000	0.2620	-2.8730	-0.0500	-0.3260	-13.7490	0.4610	-6.9900	-0.5060	0.1300
B12	6.7100	-87.3850	0.0000	54.3060	0.0000	0.0000	-3.5780	0.0000	0.0000	-53.8400	0.0000	0.0000	0.0000	-3.3070	0.0000	0.0000	-12.1080	0.0000	-8.4790	0.0000	0.0000
B10	8.0220	-84.8110	0.0000	51.2880	0.0000	0.0000	-3.6390	0.0000	0.0000	-52.9980	0.0000	0.0000	0.0000	-3.0020	0.0000	0.0000	-12.6480	0.0000	-8.2080	0.0000	0.0000
B11	7.8710	-87.4960	0.0000	53.6840	0.0000	0.0000	-3.6040	0.0000	0.0000	-53.5240	0.0000	0.0000	0.0000	-3.0100	0.0000	0.0000	-12.6020	0.0000	-8.3670	0.0000	0.0000
Q8	7.5680	-86.7570	0.0000	54.3780	0.0000	0.0000	-3.1730	0.0000	0.0000	-53.6460	0.0000	0.0000	0.0000	-3.8430	0.0000	0.0000	-14.7230	0.0000	-7.0970	0.0000	0.0000
Q9	7.7260	-88.6450	0.0000	54.0070	-0.0990	0.0000	-2.8350	0.0060	-0.0490	-53.5070	0.0000	0.0000	0.0190	-3.6240	0.0190	-0.1320	-11.7230	0.2440	-8.5450	0.1200	0.0050
C9	6.2180	-80.1660	0.0000	50.5340	0.0000	0.0000	-3.6350	0.0000	0.0000	-51.1160	0.0000	0.0000	0.0000	-3.2750	0.0000	0.0000	-13.2130	0.0000	-7.5770	0.0000	0.0000
C8	7.2880	-84.4260	0.0000	49.0300	0.0000	0.0000	-3.6220	0.0000	0.0000	-55.1430	0.0000	0.0000	0.0000	-2.6760	0.0000	0.0000	-12.8190	0.0000	-7.9180	0.0000	0.0000
Q11	8.1070	-90.0580	0.0000	52.5290	0.0980	0.0020	-2.8230	-0.0220	0.0270	-55.5540	0.0000	0.0000	0.0040	-3.5530	-0.0060	0.0360	-11.2660	0.0130	-8.6270	-0.0330	0.0180
Q10	7.3830	-90.4420	0.0000	54.7630	0.4610	0.0020	-2.8870	0.0200	-0.0180	-54.9920	0.0000	0.0000	-0.0040	-4.9180	0.0030	0.9890	-11.1670	-0.3380	-8.4040	-0.4470	0.0120
Q12	7.7270	-91.0640	0.0000	55.2790	0.0000	0.0000	-2.9060	0.0000	0.0000	-55.7020	0.0000	0.0000	0.0000	-4.8620	0.0000	0.0000	-11.3360	0.0000	-8.5390	0.0000	0.0000
C3	6.4870	-86.1490	0.0000	52.3950	-0.0290	0.0020	-3.5130	0.0440	-0.0120	-54.2530	0.0000	0.0000	0.0010	-3.2610	-0.0030	0.0150	-11.7130	0.0070	-8.6460	0.1030	0.0170
C2	8.4840	-86.7640	0.0000	52.7550	0.0000	0.0000	-3.6010	0.0000	0.0000	-53.0810	0.0000	0.0000	0.0000	-3.0220	0.0000	0.0000	-13.0030	0.0000	-7.9320	0.0000	0.0000
C1	7.4670	-88.1190	0.0000	53.2750	-0.0030	-0.0010	-3.6290	-0.0360	-0.0550	-54.7480	0.0000	0.0000	-0.0170	-3.2440	0.0020	0.0020	-11.9010	0.1220	-8.4600	-0.1440	-0.0080
C7	6.7570	-80.5830	0.0000	52.7960	0.0010	0.0000	-3.6680	-0.0350	0.1470	-48.8570	0.0000	0.0000	0.2300	-3.6000	0.0270	-0.0370	-13.0470	0.0770	-7.6200	-0.5240	0.2200
C6	6.0230	-80.9790	0.0000	51.8120	0.0000	0.0000	-3.6320	0.0000	0.0000	-50.7800	0.0000	0.0000	0.0000	-3.6000	0.0000	0.0000	-12.8320	0.0000	-7.5730	0.0000	0.0000
C5	6.1700	-79.9760	0.0000	50.6730	0.0000	0.0000	-3.6320	0.0000	0.0000	-50.8800	0.0000	0.0000	0.0000	-3.2800	0.0000	0.0000	-13.2700	0.0000	-7.5650	0.0000	0.0000
C4	5.9340	-81.2660	0.0000	49.0490	0.0000	0.0010	-3.5820	-0.0130	0.0160	-54.2290	0.0000	0.0000	-0.0040	-3.4060	-0.0140	-0.0020	-13.3090	0.0620	-7.6100	-0.0980	0.0090
N10	5.6080	-84.9020	0.0000	54.4100	0.0000	0.0000	-2.7210	0.0000	0.0000	-49.7190	0.0000	0.0000	0.0000	-2.2810	0.0000	0.0000	-11.4620	0.0000	-8.3720	0.0000	0.0000
N8	6.1910	-86.4100	0.0000	51.5600	0.0410	0.0020	-3.6780	-0.0280	-0.0090	-55.7100	0.0000	0.0000	-0.0090	-2.2150	-0.0070	0.0100	-12.4440	-0.0920	-8.6830	0.0540	0.0070
N9	5.8370	-86.8970	0.0000	51.0180	0.0000	0.0000	-3.6140	0.0000	0.0000	-57.4930	0.0000	0.0000	0.0000	-2.7430	0.0000	0.0000	-12.6000	0.0000	-8.4950	0.0000	0.0000
N11	5.5440	-85.6790	0.0000	51.8970	0.2530	-0.0030	-2.7180	0.0090	0.0030	-52.1480	0.0000	0.0000	-0.0030	-2.3410	0.0080	0.0290	-11.0140	-0.0320	-8.1640	0.0650	-0.0020
G12	9.7590	-86.8700	0.0000	51.6270	0.0000	0.0000	-3.6450	0.0000	0.0000	-52.4490	0.0000	0.0000	0.0000	-2.7820	0.0000	0.0000	-12.3540	0.0000	-8.1840	0.0000	0.0000
G11	10.0720	-84.1050	0.0000	49.9150	-0.2450	0.0010	-3.6030	-0.0840	-0.0460	-51.9960	0.0000	0.0000	0.2340	-1.6210	-0.0480	0.0340	-13.8280	1.4360	-7.3210	-2.5690	-0.2180
G10	6.6150	-80.7960	0.0000	51.8230	0.0000	0.0000	-3.6210	0.0000	0.0000	-50.3630	0.0000	0.0000	0.0000	-3.1810	0.0000	0.0000	-14.4520	0.0000	-6.7520	0.0000	0.0000
F1	7.0800	-83.6120	0.0000	50.5690	0.0000	0.0000	-3.6020	0.0000	0.0000	-53.3060	0.0000	0.0000	0.0000	-2.9790	0.0000	0.0000	-13.4960	0.0000	-7.2650	0.0000	0.0000
F2	6.6580	-85.8740	0.0000	50.4850	0.0000	0.0000	-3.6220	0.0000	0.0000	-55.5000	0.0000	0.0000	0.0000	-2.7430	0.0000	0.0000	-12.6660	0.0000	-7.7380	0.0000	0.0000
F3	6.7160	-83.0850	0.0000	49.9470	0.0000	0.0000	-3.6140	0.0000	0.0000	-53.6430	0.0000	0.0000	0.0000	-2.7560	0.0000	0.0000	-12.9650	0.0000	-7.8850	0.0000	0.0000
F4	7.1930	-88.1760	0.0000	53.0890	-0.0040	-0.0010	-3.6170	-0.0230	-0.0120	-55.4580	0.0000	0.0000	-0.0120	-3.2660	-0.0090	-0.0010	-12.3180	0.1170	-8.4470	0.0290	0.0000
F5	6.9270	-83.1560	0.0000	49.9930	0.0000	0.0000	-3.6330	0.0000	0.0000	-53.1900	0.0000	0.0000	0.0000	-2.7350	0.0000	0.0000	-12.7390	0.0000	-7.8480	0.0000	0.0000
F6	6.9480	-84.5170	0.0000	50.5340	0.0000	0.0000	-3.6260	0.0000	0.0000	-54.0700	0.0000	0.0000	0.0000	-2.6930	0.0000	0.0000	-12.9200	0.0000	-7.7960	0.0000	0.0000
F7	6.9310	-85.3940	0.0000	49.3860	0.0000	0.0000	-3.6290	0.0000	0.0000	-56.0880	0.0000	0.0000	0.0000	-3.2410	0.0000	0.0000	-12.6670	0.0000	-7.4740	0.0000	0.0000
F8	7.7360	-84.0760	0.0000	49.0540	0.0000	0.0000	-3.6240	0.0000	0.0000	-54.2210	0.0000	0.0000	0.0000	-2.9220	0.0000	0.0000	-12.9200	0.0000	-7.4700	0.0000	0.0000
F9	8.1500	-87.2630	0.0000	51.1860	0.0060	-0.0040	-3.6550	0.0790	0.0550	-55.1160	0.0000	0.0000	0.0310	-3.2000	-0.0260	-0.2220	-11.9950	0.1610	-8.2170	-0.1630	-0.0400
Q1	6.9450	-85.3370	0.0000	53.6090	0.0000	0.0000	-2.6990	0.0000	0.0000	-49.2970	0.0000	0.0000	0.0000	-2.3390	0.0000	0.0000	-11.4280	0.0000	-8.0480	0.0000	0.0000
Q3	7.8400	-88.0310	0.0000	54.6820	0.0000	0.0000	-2.8280	0.0000	0.0000	-52.0460	0.0000	0.0000	0.0000	-3.5680	0.0000	0.0000	-11.5490	0.0000	-8.5910	0.0000	0.0000
Q2	7.8460	-88.5990	0.0000	54.3690	0.0000	0.0000	-2.8160	0.0000	0.0000	-53.2770	0.0000	0.0000	0.0000	-3.6120	0.0000	0.0000	-11.7560	0.0000	-8.7090	0.0000	0.0000
Q5	7.4990	-90.5530	0.0000	54.8670	0.4570	0.0040	-2.8590	0.0280	-0.0310	-55.0030	0.0000	0.0000	-0.0030	-4.9090	0.0050	0.9810	-11.2040	-0.5200	-8.4220	-0.3310	-0.0090
Q4	8.4970	-90.5110	0.0000	52.8950	-0.0830	0.0120	-2.8380	0.0250	-0.0770	-53.7460	0.0000	0.0000	0.0000	-3.6760	0.0990	-0.0110	-11.0290	0.0270	-8.6420	1.5640	0.0050
Q7	7.9060	-92.5780	0.0000	54.0630	0.0680	-0.0010	-2.9410	-0.0310	-0.0230	-56.7690	0.0000	0.0000	0.0160	-3.4750	0.0020	0.3120	-11.3370	0.4980	-8.9650	-0.2700	-0.0140
Q6	8.1320	-90.2670	0.0000	52.6000	0.0000	0.0000	-2.8500	0.0000	0.0000	-55.5200	0.0000	0.0000	0.0000	-3.5100	0.0000	0.0000	-11.0740	0.0000	-8.5510	0.0000	0.0000
E11	6.8970	-82.3330	0.0000	50.6180	0.0000	0.0000	-3.6240	0.0000	0.0000	-52.2640	0.0000	0.0000	0.0000	-3.1740	0.0000	0.0000	-13.2130	0.0000	-7.4350	0.0000	0.0000
E10	6.6950	-86.7630	0.0000	53.8820	-0.0010	0.0040	-3.6410	0.0100	-0.0240	-53.8780	0.0000	0.0000	-0.0150	-3.2190	-0.0050	0.0020	-12.2840	0.0140	-8.4730	-0.0400	-0.0200
E12	6.2780	-82.6010	0.0000	52.5240	-0.0060	-0.0050	-3.6330	-0.0780	0.0170	-50.9700	0.0000	0.0000	-0.0170	-2.8690	-0.0100	-0.0010	-12.6370	-0.0110	-7.8750	-0.0230	-0.0220
C12	6.5110	-82.1140	0.0000	50.6400	0.0000	0.0000	-3.6230	0.0000	0.0000	-52.3130	0.0000	0.0000	0.0000	-2.9270	0.0000	0.0000	-12.9180	0.0000	-7.8830	0.0000	0.0000
C11	5.5380	-84.4100	0.0000	51.0770	0.1090	-0.0030	-3.6000	-0.0130	-0.0020	-54.5600	0.0000	0.0000	0.0750	-2.9960	-0.0300	0.0640	-12.2900	0.1320	-8.1760	-0.0650	0.0310
C10	6.2010	-82.5010	0.0000	51.2300	0.0000	0.0000	-3.6300	0.0000	0.0000	-52.5210	0.0000	0.0000	0.0000	-2.8610	0.0000	0.0000	-13.0590	0.0000	-7.9000	0.0000	0.0000
A11	5.4080	-88.7450	0.0000	55.1990	-0.0170	0.0030	-2.5860	-0.0160	0.0200	-53.8960	0.0000	0.0000	0.0000	-5.0800	-0.0090	0.4030	-13.0110	1.9900	-7.7830	0.3160	0.0160
A10	11.0210	-88.8070	0.0000	50.4590	0.0000	0.0000	-3.6250	0.0000	0.0000	-54.2530	0.0000	0.0000	0.0000	-3.1500	0.0000	0.0000	-12.3910	0.0000	-7.7600	0.0000	0.0000
A12	8.5420	-87.0280	0.0000	53.2990	0.0000	0.0000	-2.7930	0.0050	-0.0170	-51.6940	0.0000	0.0000	0.0070	-3.6280	0.0080	0.0030	-11.5320	-0.0530	-8.5800	0.0970	-0.0240
A1	9.2170	-87.2210	0.0000	55.7730	0.0000	0.0000	-1.9660	0.0000	0.0000	-41.9000	0.0000	0.0000	0.0000	-1.8470	0.0000	0.0000	-7.9810	0.0000	-7.8760	0.0000	0.0000
A3	5.7900	-86.2460	0.0000	52.4000	0.0000	0.0000	-2.7420	0.0000	0.0000	-52.6200	0.0000	0.0000	0.0000	-2.3110	0.0000	0.0000	-11.3890	0.0000	-8.1220	0.0000	0.0000
A2	6.1450	-84.6690	0.0000	52.3110	0.0000	0.0000	-2.7410	0.0000	0.0000	-50.9130	0.0000	0.0000	0.0000	-2.3210	0.0000	0.0000	-11.1930	0.0000	-8.4460	0.0000	0.0000
A5	8.8260	-89.4240	0.0000	53.7030	0.0000	0.0000	-2.8190	0.0000	0.0000	-53.7510	0.0000	0.0000	0.0000	-3.5730	0.0000	0.0000	-11.7270	0.0000	-8.7360	0.0000	0.0000
A4	7.3030	-85.5100	0.0000	53.9150	0.0000	0.0000	-2.6880	0.0000	0.0000	-48.2950	0.0000	0.0000	0.0000	-2.2880	0.0000	0.0000	-11.1280	0.0000	-7.8980	0.0000	0.0000
A7	7.8000	-91.0760	0.0000	54.8470	-0.0160	0.0000	-2.8870	0.0050	0.0000	-55.8840	0.0000	0.0000	0.0000	-3.5600	-0.0060	0.0020	-11.7810	-0.0510	-9.1810	0.0120	0.0050
A6	6.9970	-87.6280	0.0000	55.1650	0.0340	0.0010	-2.9140	-0.0220	-0.0620	-51.7710	0.0000	0.0000	0.0420	-3.5520	0.0750	0.3440	-11.2910	0.3130	-8.4890	-0.7180	-0.0660
A9	7.8240	-88.3710	0.0000	58.1920	0.0000	0.0000	-2.8070	0.0000	0.0000	-49.2930	0.0000	0.0000	0.0000	-4.0060	0.0000	0.0000	-12.5190	0.0000	-7.6060	0.0000	0.0000
A8	5.7650	-87.6460	0.0000	54.4680	0.0000	0.0000	-2.6690	0.0000	0.0000	-52.8110	0.0000	0.0000	0.0000	-3.6340	0.0000	0.0000	-11.0950	0.0000	-8.0010	0.0000	0.0000
D8	6.7230	-82.6610	0.0000	51.5810	0.0000	0.0000	-3.6280	0.0000	0.0000	-51.6970	0.0000	0.0000	0.0000	-3.1110	0.0000	0.0000	-13.3140	0.0000	-7.2860	0.0000	0.0000
D9	6.6130	-83.0330	0.0000	49.6290	-0.0030	0.0030	-3.6380	0.0400	0.0440	-54.0790	0.0000	0.0000	-0.0060	-2.7480	-0.0010	-0.0060	-13.0790	0.0030	-7.8870	-0.0300	0.0220
D6	4.6610	-81.6970	0.0000	50.5180	0.1490	0.0310	-3.5520	-0.0490	0.2050	-54.3990	0.0000	0.0000	-0.5420	-3.1270	-0.0270	0.1210	-12.9950	0.3270	-7.1630	-0.5320	-0.7280
D7	7.3470	-82.6710	0.0000	49.5180	0.0000	0.0000	-3.6290	0.0000	0.0000	-53.1810	0.0000	0.0000	0.0000	-3.1110	0.0000	0.0000	-12.9760	0.0000	-7.6610	0.0000	0.0000
D4	7.5150	-88.6840	0.0000	52.9700	-0.0060	0.0020	-3.6220	0.0070	0.0180	-55.6450	0.0000	0.0000	0.0130	-3.2340	-0.0120	0.0050	-12.0900	0.0940	-8.4720	-0.1340	-0.0150
D5	7.7170	-88.7290	0.0000	53.1840	0.0090	0.0010	-3.6330	-0.0820	-0.0390	-55.6240	0.0000	0.0000	-0.0940	-3.2510	-0.0290	0.0180	-12.1280	0.1540	-8.5160	-0.1370	-0.0710
D2	6.1570	-81.9230	0.0000	49.8210	0.0000	0.0000	-3.6160	0.0000	0.0000	-53.4240	0.0000	0.0000	0.0000	-2.8390	0.0000	0.0000	-13.1170	0.0000	-7.9090	0.0000	0.0000
D3	6.8960	-86.9070	0.0000	53.1090	0.0250	0.0010	-3.6380	-0.0560	-0.0010	-54.2630	0.0000	0.0000	-0.0260	-3.1960	0.0040	0.0000	-12.2480	0.3360	-8.6340	0.0850	-0.0130
D1	6.0530	-81.8680	0.0000	52.0490	0.0000	0.0000	-3.6260	0.0000	0.0000	-50.8980	0.0000	0.0000	0.0000	-2.9110	0.0000	0.0000	-12.7200	0.0000	-7.8740	0.0000	0.0000
