MUT	fa_rep:	ref:	fa_atr:	hbond_sc:	fa_sol:	yhh_planarity:	dslf_fa13:	fa_intra_sol_xover4:	omega:	p_aa_pp:	TOT	sugar_bb:	fa_intra_rep:	hbond_lr_bb:	hbond_sr_bb:	hbond_bb_sc:	fa_elec:	cart_bonded:	lk_ball_wtd:	fa_dun:	rama_prepro:
384A	-0.3170	3.6620	0.0000	-0.2240	0.0000	0.0000	-0.0020	0.0000	0.0000	3.4950	0.0000	0.0000	0.0000	-0.0010	0.0000	0.0000	0.1180	0.0000	0.2570	0.0000	0.0000
384C	-0.3910	3.6480	0.0000	-1.1630	-0.0010	0.0020	0.0080	-0.0020	0.0000	2.4660	0.0000	0.0000	0.0000	-0.0020	-0.0020	-0.0070	0.0620	-0.0360	0.3470	0.0020	-0.0010
384E	-0.3930	1.9660	0.0000	1.4670	0.0000	0.0000	0.0000	0.0000	0.0000	2.3330	0.0000	0.0000	0.0000	0.0090	0.0000	0.0000	-0.4950	0.0000	-0.2210	0.0000	0.0000
384D	-0.1630	2.3580	0.0000	1.4020	-0.0010	0.0000	-0.0190	-0.0010	-0.0010	2.8970	0.0000	0.0000	0.0000	0.0070	-0.0030	-0.0030	-0.5460	0.0070	-0.0970	-0.0380	-0.0040
384G	0.1570	3.1170	0.0000	-0.2980	-0.0040	0.0080	-0.0070	0.0080	-0.0010	3.1960	0.0000	0.0000	0.0000	-0.0030	-0.0030	0.0170	0.1110	-0.0750	0.1120	0.0490	0.0050
384I	-0.1600	3.0880	0.0000	-2.0760	0.0000	-0.0050	0.0220	-0.0110	0.0010	1.3530	0.0000	0.0000	0.0000	-0.0060	-0.0010	0.0010	0.1770	0.0120	0.3010	0.0060	0.0030
384H	0.0830	0.8200	0.0000	1.5190	-0.0010	0.0020	-0.0030	-0.0020	0.0000	1.8840	0.0000	0.0000	0.0000	-0.0030	-0.0020	-0.0070	-0.2730	-0.0360	-0.2150	0.0020	-0.0010
384K	-0.1270	1.2820	0.0000	3.2160	0.0000	0.0000	-0.0030	0.0000	0.0000	4.7450	0.0000	0.0000	0.0000	0.0020	0.0000	0.0000	0.7800	0.0000	-0.4040	0.0000	0.0000
384M	0.5660	0.8280	0.0000	-0.4480	0.0160	-0.0610	-0.0160	0.0000	-0.0090	1.2430	0.0000	0.0000	0.0000	0.0940	0.0040	-0.1040	0.1300	-0.1350	0.2820	0.1030	-0.0080
384L	0.4060	1.4560	0.0000	-1.6830	0.0000	0.0000	0.0130	0.0000	0.0000	0.4970	0.0000	0.0000	0.0000	-0.0070	0.0000	0.0000	0.1440	0.0000	0.1670	0.0000	0.0000
384N	-0.2080	2.3550	0.0000	0.5150	-0.0120	0.0000	0.0030	-0.0360	-0.0340	3.2240	0.0000	0.0000	0.0000	0.0010	0.0470	0.0830	0.2230	0.0380	-0.0080	0.1890	0.0670
384Q	-0.2620	2.1250	0.0000	0.1130	-0.0010	0.0020	-0.0020	-0.0020	0.0000	1.9960	0.0000	0.0000	0.0000	-0.0010	-0.0020	-0.0070	0.1840	-0.0360	-0.1170	0.0020	-0.0010
384P	-0.2490	3.4280	0.0000	0.1540	0.0000	0.0000	-0.0040	0.0000	0.0000	3.6660	0.0000	0.0000	0.0000	-0.0030	0.0000	0.0000	0.1030	0.0000	0.2380	0.0000	0.0000
384S	-0.2830	3.3860	0.0000	0.2780	-0.0010	0.0000	-0.0050	-0.0010	-0.0010	3.5560	0.0000	0.0000	0.0000	0.0010	-0.0030	-0.0030	0.0770	0.0070	0.1470	-0.0380	-0.0040
384R	0.8190	-2.0120	0.0000	7.0710	0.0000	0.0000	0.0600	0.0000	0.0000	2.5760	0.0000	0.0000	0.0000	-1.8460	0.0000	0.0000	-2.3310	0.0000	0.8160	0.0000	0.0000
384T	-0.4280	3.6500	0.0000	-0.7020	-0.0020	0.0010	-0.0010	0.0020	0.0000	2.9240	0.0000	0.0000	0.0000	0.0000	-0.0030	0.0050	0.1010	0.0100	0.2720	0.0240	-0.0030
384W	0.8110	-3.1870	0.0000	3.3820	0.0000	0.0000	-0.0740	0.0000	0.0000	0.3700	0.0000	0.0000	0.0000	0.0540	0.0000	0.0000	-0.5640	0.0000	-0.0530	0.0000	0.0000
384V	-0.4790	3.9670	0.0000	-1.3130	0.0010	0.0000	0.0150	0.0050	-0.0020	2.7000	0.0000	0.0000	0.0000	0.0040	0.0030	0.0000	0.1960	-0.0340	0.3360	-0.0030	0.0020
384Y	0.1170	-0.3650	0.0000	1.4550	-0.0010	0.0020	-0.0160	-0.0020	0.0000	0.8060	0.0000	0.0000	0.0000	0.0010	-0.0020	-0.0070	-0.2580	-0.0360	-0.0830	0.0020	-0.0010
348Y	0.4160	-1.3660	0.0000	-0.4900	0.0000	0.0000	0.0080	0.0000	0.0000	-1.1710	0.0000	0.0000	0.0000	0.0000	0.0000	0.0000	0.0320	0.0000	0.2290	0.0000	0.0000
348Q	0.8050	-1.7870	0.0000	0.5700	0.0000	0.0000	-0.0020	0.0000	0.0000	-0.5580	0.0000	0.0000	0.0000	0.0040	0.0000	0.0000	-0.1270	0.0000	-0.0210	0.0000	0.0000
348P	0.4890	-1.0370	0.0000	-0.2670	0.0000	0.0000	-0.0160	0.0000	0.0000	-0.2790	0.0000	0.0000	0.0000	0.0000	0.0000	0.0000	-0.1630	0.0000	0.7140	0.0000	0.0000
348S	0.1420	-1.1070	0.0000	0.7250	-0.0010	0.0050	0.0040	0.0460	-0.0100	-0.3000	0.0000	0.0000	-0.0050	-0.0090	0.0000	-0.0080	-0.1720	0.0550	0.0500	0.0100	-0.0270
348R	1.1390	-0.4220	0.0000	0.7040	0.0000	-0.0020	-0.0230	-0.0070	0.0030	2.0980	0.0000	0.0000	0.0020	0.0200	0.0000	0.0010	0.2130	-0.0060	0.4900	-0.0240	0.0070
348T	0.3450	-1.1370	0.0000	0.4390	0.0000	0.0000	0.0020	0.0000	0.0000	-0.3830	0.0000	0.0000	0.0000	-0.0260	0.0000	0.0000	-0.2220	0.0000	0.2150	0.0000	0.0000
348W	2.2860	-2.2030	0.0000	-0.7230	0.0530	-0.0140	-0.0080	0.0090	0.0170	-0.0740	0.0000	0.0000	-0.0100	-0.0350	0.0000	0.1120	0.0570	0.3110	0.0340	0.0450	-0.0030
348V	0.4000	-2.1270	0.0000	-0.4380	0.0000	0.0000	0.0190	0.0000	0.0000	-2.0880	0.0000	0.0000	0.0000	-0.0250	0.0000	0.0000	0.0080	0.0000	0.0740	0.0000	0.0000
348I	1.4530	-1.7650	0.0000	-0.8990	-0.0010	0.0000	0.0130	-0.0050	0.0060	-0.9310	0.0000	0.0000	0.0010	-0.0180	0.0000	-0.0020	0.0720	0.0160	0.2250	-0.0250	-0.0030
348H	0.6430	-1.5350	0.0000	0.3500	0.0000	0.0000	0.0170	0.0000	0.0000	-0.6100	0.0000	0.0000	0.0000	-0.0220	0.0000	0.0000	-0.1340	0.0000	0.0700	0.0000	0.0000
348K	0.7910	0.2670	0.0000	0.6390	0.0000	0.0000	-0.0300	0.0000	0.0000	2.9080	0.0000	0.0000	0.0000	0.0400	0.0000	0.0000	0.4850	0.0000	0.7160	0.0000	0.0000
348M	0.7480	-2.0600	0.0000	0.1180	0.0000	0.0000	-0.0020	0.0000	0.0000	-1.1160	0.0000	0.0000	0.0000	0.0030	0.0000	0.0000	-0.0460	0.0000	0.1210	0.0000	0.0000
348L	1.2860	-1.6940	0.0000	-0.6640	0.0000	0.0000	0.0150	0.0000	0.0000	-1.0300	0.0000	0.0000	0.0000	-0.0220	0.0000	0.0000	-0.1210	0.0000	0.1700	0.0000	0.0000
348N	0.4200	-1.8150	0.0000	1.2210	0.0000	0.0000	-0.0030	0.0000	0.0000	-0.9650	0.0000	0.0000	0.0000	-0.9020	0.0000	0.0000	-0.3820	0.0000	0.4940	0.0000	0.0000
348A	0.1910	-1.0170	0.0000	-0.4060	0.0000	0.0000	0.0250	0.0000	0.0000	-1.3500	0.0000	0.0000	0.0000	-0.0280	0.0000	0.0000	-0.0630	0.0000	-0.0550	0.0000	0.0000
348C	0.1660	-1.8370	0.0000	0.2710	0.0000	0.0000	-0.0090	0.0000	0.0000	-1.4740	0.0000	0.0000	0.0000	0.0000	0.0000	0.0000	-0.1050	0.0000	0.0400	0.0000	0.0000
348E	0.6180	-1.6300	0.0000	0.7020	-0.0010	0.0000	-0.0000	-0.0050	0.0060	-0.2300	0.0000	0.0000	0.0010	-0.0020	0.0000	-0.0020	-0.0650	0.0160	0.1600	-0.0250	-0.0030
348D	1.1060	-0.8420	0.0000	0.9110	0.0000	0.0000	0.0040	0.0000	0.0000	1.0730	0.0000	0.0000	0.0000	-0.0030	0.0000	0.0000	-0.0450	0.0000	-0.0570	0.0000	0.0000
348F	0.7470	-1.6260	0.0000	-0.5380	-0.0010	0.0000	-0.0010	-0.0050	0.0060	-1.2410	0.0000	0.0000	0.0010	-0.0220	0.0000	-0.0020	-0.1550	0.0160	0.3670	-0.0250	-0.0030
417G	-0.5440	3.2700	0.0000	0.0520	0.0000	0.0000	0.0070	0.0000	0.0000	2.9450	0.0000	0.0000	0.0000	-0.0010	0.0000	0.0000	0.0790	0.0000	0.0840	0.0000	0.0000
346W	2.0700	-2.1880	0.0000	1.2640	-0.0030	0.0000	-0.1250	-0.0140	0.0070	-0.6200	0.0000	0.0000	-0.0070	-1.0380	0.0000	0.0010	-0.5900	0.0040	0.0050	-0.0110	0.0030
309C	-0.1800	0.7780	0.0000	-0.0480	-0.0010	-0.0030	-0.0010	0.0050	-0.0010	0.7370	0.0000	0.0000	0.0000	0.0120	-0.0020	0.0000	0.1640	-0.0220	0.0190	0.0150	0.0010
309A	-0.0550	0.7230	0.0000	-0.0900	0.0070	0.0580	0.0060	0.1010	0.0250	1.1030	0.0000	0.0000	0.0000	-0.0660	-0.0860	0.0260	-0.0350	-0.2420	0.2400	0.1820	0.3050
309F	0.3730	-0.4700	0.0000	-0.1490	-0.0090	0.0570	0.0010	0.1080	0.0200	0.1850	0.0000	0.0000	0.0000	-0.0560	-0.0880	-0.0210	-0.0460	-0.1570	0.1510	0.1590	0.3080
309G	-0.1340	0.8260	0.0000	-0.0140	0.0080	0.0490	0.0090	0.1180	0.0240	1.1880	0.0000	0.0000	0.0000	-0.0530	-0.0840	0.0240	-0.0810	-0.1850	0.2510	0.1380	0.2900
309D	-0.2100	0.9640	0.0000	0.3430	0.0000	0.0000	0.0040	0.0000	0.0000	0.9280	0.0000	0.0000	0.0000	0.0010	0.0000	0.0000	-0.1220	0.0000	-0.0540	0.0000	0.0000
309E	-0.2140	0.5490	0.0000	0.9770	0.0000	0.0000	-0.0030	0.0000	0.0000	1.0970	0.0000	0.0000	0.0000	-0.0050	0.0000	0.0000	-0.1610	0.0000	-0.0450	0.0000	0.0000
309K	-0.1220	0.0760	0.0000	1.3330	0.0070	0.0530	-0.0130	0.1050	0.0160	1.8780	0.0000	0.0000	0.0000	-0.0690	-0.0860	0.0230	0.0100	-0.1090	0.2220	0.1310	0.3000
309H	0.0330	-0.0680	0.0000	0.3940	0.0060	0.0520	0.0040	0.1030	0.0180	0.8260	0.0000	0.0000	0.0000	-0.0480	-0.0890	0.0300	-0.0210	-0.1850	0.1470	0.1610	0.2900
309I	-0.0590	0.4940	0.0000	-0.3160	0.0000	0.0000	0.0040	0.0000	0.0000	0.2520	0.0000	0.0000	0.0000	0.0020	0.0000	0.0000	0.1270	0.0000	0.0010	0.0000	0.0000
309N	-0.0860	0.2730	0.0000	0.3120	0.0080	0.0510	0.0110	0.1040	0.0250	0.9620	0.0000	0.0000	0.0000	-0.0470	-0.0860	0.0270	0.0040	-0.1520	0.0880	0.1340	0.2970
309L	-0.1090	0.5350	0.0000	0.0260	0.0000	0.0000	0.0070	0.0000	0.0000	0.5390	0.0000	0.0000	0.0000	0.0080	0.0000	0.0000	0.0650	0.0000	0.0060	0.0000	0.0000
309R	0.0330	-0.1010	0.0000	1.4320	0.0000	0.0000	-0.0070	0.0000	0.0000	2.1050	0.0000	0.0000	0.0000	-0.0080	0.0000	0.0000	0.2040	0.0000	0.5520	0.0000	0.0000
309S	-0.1280	0.7170	0.0000	0.0540	0.0060	0.0550	0.0090	0.1070	0.0210	1.1470	0.0000	0.0000	0.0000	-0.0670	-0.0850	0.0240	-0.0270	-0.2090	0.2030	0.1600	0.3030
309P	-0.1180	0.6370	0.0000	0.0480	0.0070	0.0470	0.0130	0.1110	0.0230	1.1300	0.0000	0.0000	0.0000	-0.0350	-0.0810	0.0200	-0.0530	-0.1940	0.2470	0.1630	0.2970
309Q	-0.2190	0.2360	0.0000	0.6830	0.0010	-0.0020	0.0150	0.0110	0.0110	0.4730	0.0000	0.0000	0.0000	0.0090	-0.0010	-0.0060	-0.0310	-0.0300	-0.1700	-0.0480	0.0090
309V	-0.1710	0.9670	0.0000	-0.1470	0.0000	0.0000	0.0130	0.0000	0.0000	0.8750	0.0000	0.0000	0.0000	0.0040	0.0000	0.0000	0.1820	0.0000	0.0280	0.0000	0.0000
309W	0.0450	-0.5970	0.0000	0.4670	0.0060	0.0570	0.0130	0.1110	0.0200	0.3870	0.0000	0.0000	0.0000	-0.0710	-0.0780	0.0180	-0.0260	-0.1920	0.2070	0.1040	0.3020
309T	-0.0460	0.5620	0.0000	0.0910	0.0070	0.0550	0.0130	0.0960	0.0210	1.1270	0.0000	0.0000	0.0000	-0.0550	-0.0890	0.0330	-0.0610	-0.2250	0.2130	0.2160	0.2950
417M	-0.5410	2.6020	0.0000	0.1250	0.0000	0.0000	-0.0080	0.0000	0.0000	2.3530	0.0000	0.0000	0.0000	-0.0100	0.0000	0.0000	0.0990	0.0000	0.0860	0.0000	0.0000
346N	1.0440	-0.3020	0.0000	0.7460	0.0030	0.0030	-0.0510	-0.0050	0.0060	2.1430	0.0000	0.0000	-0.0070	0.0330	0.0000	-0.1080	-0.2850	0.0500	1.0780	-0.0630	0.0020
346M	2.8060	-2.6950	0.0000	-1.9750	0.0000	0.0000	-0.0380	0.0000	0.0000	-0.4010	0.0000	0.0000	0.0000	0.1420	0.0000	0.0000	1.3220	0.0000	0.0390	0.0000	0.0000
309Y	0.4930	-0.7060	0.0000	0.3290	-0.0010	-0.0030	-0.0130	0.0050	-0.0010	0.0240	0.0000	0.0000	0.0000	0.0100	-0.0020	0.0000	0.0720	-0.0220	-0.1560	0.0150	0.0010
346K	3.7700	-1.4110	0.0000	-0.5760	0.0030	0.0030	-0.0430	-0.0050	0.0060	1.9670	0.0000	0.0000	-0.0070	0.0260	0.0000	-0.1080	-0.0740	0.0500	0.3930	-0.0630	0.0020
346I	1.6590	-0.3930	0.0000	-1.3220	0.0000	0.0000	-0.0510	0.0000	0.0000	1.0600	0.0000	0.0000	0.0000	0.0360	0.0000	0.0000	0.0790	0.0000	1.0520	0.0000	0.0000
346H	2.0540	-1.4490	0.0000	1.0250	0.0040	0.0000	-0.0890	-0.0090	-0.0060	1.1450	0.0000	0.0000	-0.0020	-1.6200	0.0000	-0.0080	0.7070	0.0520	0.4720	0.0120	0.0000
346L	2.3880	-2.5410	0.0000	-1.8920	0.0000	0.0000	-0.0640	0.0000	0.0000	-0.3950	0.0000	0.0000	0.0000	0.0460	0.0000	0.0000	0.5990	0.0000	1.0660	0.0000	0.0000
417K	-0.6570	1.9620	0.0000	0.7580	0.0000	0.0000	-0.0040	0.0000	0.0000	2.1740	0.0000	0.0000	0.0000	-0.0100	0.0000	0.0000	0.1590	0.0000	-0.0370	0.0000	0.0000
302Y	1.1510	-4.2590	0.0000	3.8730	0.0040	-0.0010	-0.0250	0.0020	-0.0040	0.8420	0.0000	0.0000	0.0000	0.0230	0.0060	-0.1150	-0.0220	0.0370	0.2260	-0.0440	-0.0090
302W	1.4120	-4.8290	0.0000	4.0610	0.0020	-0.0010	-0.0360	0.0040	-0.0050	1.3550	0.0000	0.0000	0.0000	0.0640	0.0070	-0.1110	0.4180	0.0680	0.3130	-0.0020	-0.0120
302V	0.8650	-1.6470	0.0000	-0.9580	-0.0100	-0.0160	0.0040	0.0340	-0.0180	-1.3010	0.0000	0.0000	0.0000	0.0290	0.0090	0.0620	0.2790	-0.1880	0.2050	0.0670	-0.0200
302T	-0.1310	-0.9390	0.0000	3.0610	0.0000	0.0000	0.0110	0.0000	0.0000	0.4090	0.0000	0.0000	0.0000	-1.4480	0.0000	0.0000	-0.6090	0.0000	0.4650	0.0000	0.0000
302S	-0.3860	-0.0620	0.0000	3.5700	0.0000	0.0000	0.0000	0.0000	0.0000	1.5220	0.0000	0.0000	0.0000	-1.5360	0.0000	0.0000	-0.4000	0.0000	0.3350	0.0000	0.0000
302R	1.9780	-3.6350	0.0000	5.6260	-0.0010	0.0000	0.0280	-0.0110	0.0110	3.3300	0.0000	0.0000	0.0000	-0.0230	-0.0050	0.0000	-0.0870	-0.0400	-0.5370	0.0280	-0.0010
302Q	1.1910	-2.4510	0.0000	4.4750	0.0000	0.0000	-0.0180	0.0000	0.0000	3.6410	0.0000	0.0000	0.0000	0.0330	0.0000	0.0000	0.1300	0.0000	0.2780	0.0000	0.0000
302P	1.3620	0.4240	0.0000	-1.1480	-0.0010	0.0000	-0.0280	-0.0110	0.0110	1.9550	0.0000	0.0000	0.0000	0.0380	-0.0050	0.0000	1.3980	-0.0400	-0.0720	0.0280	-0.0010
302N	0.3380	-1.4230	0.0000	3.2990	-0.0010	0.0040	-0.0160	0.0090	-0.0140	2.2180	0.0000	0.0000	0.0000	0.0210	0.0100	-0.1130	-0.1350	0.0190	0.2310	-0.0110	0.0000
302M	2.9370	-3.5460	0.0000	1.5410	0.0000	0.0000	0.0150	0.0000	0.0000	1.6950	0.0000	0.0000	0.0000	0.0060	0.0000	0.0000	0.4280	0.0000	0.3150	0.0000	0.0000
302L	0.7650	-1.8720	0.0000	1.1120	0.0000	0.0000	0.0140	0.0000	0.0000	0.0150	0.0000	0.0000	0.0000	-0.0300	0.0000	0.0000	0.0790	0.0000	-0.0540	0.0000	0.0000
302K	-0.0350	-1.6770	0.0000	3.1410	0.0000	0.0000	-0.0090	0.0000	0.0000	1.4610	0.0000	0.0000	0.0000	-0.0250	0.0000	0.0000	0.2690	0.0000	-0.2030	0.0000	0.0000
302I	2.0410	-3.6620	0.0000	2.0450	0.0000	0.0000	0.0260	0.0000	0.0000	1.0340	0.0000	0.0000	0.0000	-0.0240	0.0000	0.0000	0.6840	0.0000	-0.0760	0.0000	0.0000
302H	1.7980	-2.6550	0.0000	4.6610	0.0000	0.0000	0.0170	0.0000	0.0000	3.9170	0.0000	0.0000	0.0000	0.0060	0.0000	0.0000	-0.5740	0.0000	0.6600	0.0000	0.0000
302G	-0.1480	1.6120	0.0000	1.2870	0.0040	-0.0030	0.0250	-0.0110	0.0100	2.7680	0.0000	0.0000	0.0000	0.0020	0.0000	-0.1130	-0.0600	0.0190	0.1870	-0.0370	-0.0070
302F	2.7930	-4.0190	0.0000	2.2100	0.0010	0.0070	-0.0150	0.0100	-0.0050	1.2990	0.0000	0.0000	0.0000	0.0380	-0.0030	-0.0120	-0.2050	0.0220	0.4620	0.0190	-0.0090
302E	0.7580	-2.0200	0.0000	6.1140	0.0030	-0.0010	0.0220	-0.0030	0.0120	5.1370	0.0000	0.0000	0.0000	0.0070	0.0030	-0.1040	0.0050	0.0170	0.3330	-0.0050	-0.0020
302D	0.0580	-0.9950	0.0000	4.5680	-0.0040	0.0030	0.0190	0.0120	-0.0090	3.2420	0.0000	0.0000	0.0000	-0.0350	-0.0100	-0.0060	-0.1380	-0.0050	-0.1900	-0.0320	0.0040
302C	0.3590	-1.5420	0.0000	1.1480	0.0040	-0.0010	0.0040	0.0020	-0.0040	-0.0730	0.0000	0.0000	0.0000	0.0350	0.0060	-0.1150	-0.0550	0.0370	0.1030	-0.0440	-0.0090
417T	-0.6630	3.1330	0.0000	0.1690	-0.0060	0.0000	0.0050	-0.0040	0.0010	2.7820	0.0000	0.0000	0.0020	0.0000	0.0000	0.1130	0.0550	-0.0010	-0.0080	-0.0180	0.0050
417V	-0.6260	2.9510	0.0000	-0.1840	0.0000	0.0000	0.0070	0.0000	0.0000	2.3000	0.0000	0.0000	0.0000	-0.0020	0.0000	0.0000	0.1570	0.0000	-0.0020	0.0000	0.0000
417P	-0.5940	3.0760	0.0000	0.1550	0.0000	0.0000	0.0090	0.0000	0.0000	2.7860	0.0000	0.0000	0.0000	0.0010	0.0000	0.0000	0.0790	0.0000	0.0630	0.0000	0.0000
417Q	-0.6280	2.5880	0.0000	0.5540	0.0010	0.0150	-0.0040	-0.0100	-0.0020	2.5250	0.0000	0.0000	0.0030	-0.0880	0.0000	0.0030	0.0520	0.0820	-0.0590	0.0230	-0.0050
417R	-0.4900	0.4080	0.0000	2.5010	-0.0010	-0.0010	-0.0290	-0.0070	-0.0010	2.3620	0.0000	0.0000	-0.0020	0.0280	0.0000	0.0010	0.0290	-0.0750	-0.0310	0.0400	-0.0070
346V	0.7480	-1.2040	0.0000	-1.2750	0.0000	0.0000	-0.0500	0.0000	0.0000	-0.9310	0.0000	0.0000	0.0000	0.0290	0.0000	0.0000	0.1970	0.0000	0.6230	0.0000	0.0000
417Y	-0.5470	1.1690	0.0000	0.5120	0.0010	0.0000	-0.0060	-0.0070	-0.0010	1.3670	0.0000	0.0000	0.0010	0.0230	0.0000	0.0060	0.1530	0.0270	0.0420	-0.0090	0.0060
417D	-0.5770	3.0550	0.0000	0.5300	0.0010	-0.0080	0.0080	-0.0020	0.0020	2.8660	0.0000	0.0000	0.0090	0.0300	0.0000	-0.0040	-0.0330	-0.1030	-0.0170	-0.0240	0.0000
417E	-0.6860	2.4450	0.0000	0.8710	-0.0010	0.0090	-0.0080	0.0000	-0.0010	2.4200	0.0000	0.0000	-0.0010	-0.0350	0.0000	0.0020	-0.0740	0.0530	-0.1810	0.0260	-0.0010
417F	-0.5060	1.8180	0.0000	-0.0930	-0.0010	0.0090	-0.0090	-0.0100	-0.0060	1.6300	0.0000	0.0000	-0.0040	0.0120	0.0000	0.0000	0.1580	0.0340	0.2580	-0.0290	-0.0030
346T	0.8570	-0.3860	0.0000	-0.3160	0.0000	-0.0030	-0.0680	-0.0370	0.0070	0.6960	0.0000	0.0000	0.0060	0.0680	0.0000	-0.0020	-0.0810	-0.0710	0.7620	-0.0530	0.0120
417A	-0.6550	3.2500	0.0000	-0.0100	-0.0010	0.0090	0.0020	0.0000	-0.0010	2.8200	0.0000	0.0000	-0.0010	-0.0290	0.0000	0.0020	0.1100	0.0530	0.0630	0.0260	-0.0010
417C	-0.6330	3.0970	0.0000	0.0530	0.0020	0.0030	0.0080	0.0000	-0.0270	2.6910	0.0000	0.0000	-0.0100	0.0000	0.0000	0.0080	-0.0320	0.1650	0.0220	0.0570	-0.0220
417L	-0.4810	2.5140	0.0000	-0.2570	0.0000	-0.0030	-0.0020	-0.0090	0.0020	1.8200	0.0000	0.0000	-0.0030	0.0120	0.0000	-0.0050	0.1690	-0.1030	-0.0330	0.0190	-0.0020
346S	-0.0650	0.3350	0.0000	0.8310	0.0020	-0.0030	0.0050	-0.0100	0.0000	1.0140	0.0000	0.0000	-0.0130	-0.0170	0.0000	0.0810	-0.2420	-0.0180	0.0520	0.0760	-0.0030
417N	-0.6310	3.0410	0.0000	0.4650	0.0000	0.0000	-0.0070	0.0000	0.0000	3.0320	0.0000	0.0000	0.0000	-0.0080	0.0000	0.0000	0.0810	0.0000	0.0880	0.0000	0.0000
417H	-0.6220	2.7620	0.0000	0.5760	0.0000	0.0000	-0.0040	0.0000	0.0000	2.9030	0.0000	0.0000	0.0000	-0.0070	0.0000	0.0000	0.1230	0.0000	0.0750	0.0000	0.0000
417I	-0.5880	2.5430	0.0000	-0.4310	0.0010	-0.0010	0.0030	0.0260	-0.0030	1.7790	0.0000	0.0000	-0.0040	0.0010	0.0000	-0.0020	0.1840	0.0090	0.0290	0.0150	-0.0010
346R	3.9510	-1.1560	0.0000	-0.7020	0.0030	0.0020	-0.0400	0.0070	0.0070	2.5370	0.0000	0.0000	0.0030	0.0340	0.0000	-0.1060	0.0980	0.0950	0.4260	-0.0860	0.0040
346Q	2.6980	-2.6900	0.0000	1.8020	0.0000	0.0000	0.0380	0.0000	0.0000	0.3740	0.0000	0.0000	0.0000	-0.5960	0.0000	0.0000	-0.1970	0.0000	-0.6810	0.0000	0.0000
346P	-0.2060	0.1210	0.0000	0.5470	0.0000	0.0000	-0.0370	0.0000	0.0000	0.6660	0.0000	0.0000	0.0000	0.0120	0.0000	0.0000	0.1930	0.0000	0.0340	0.0000	0.0000
346Y	4.0630	-0.8390	0.0000	0.1410	0.0000	0.0000	-0.1090	0.0120	0.0030	2.2240	0.0000	0.0000	0.0100	-0.7530	0.0000	-0.1110	-1.0010	0.1060	0.7960	-0.0970	0.0030
417S	-0.5900	3.2430	0.0000	0.2710	0.0000	0.0000	-0.0070	0.0000	0.0000	3.1430	0.0000	0.0000	0.0000	-0.0060	0.0000	0.0000	0.0720	0.0000	0.1590	0.0000	0.0000
346F	5.3430	-1.8330	0.0000	-0.5370	0.0000	0.0000	-0.0660	0.0000	0.0000	4.2820	0.0000	0.0000	0.0000	0.0270	0.0000	0.0000	0.8420	0.0000	0.5050	0.0000	0.0000
346E	1.2030	-0.9930	0.0000	2.5290	0.0000	0.0000	-0.0130	0.0000	0.0000	0.7260	0.0000	0.0000	0.0000	-1.1060	0.0000	0.0000	-1.2780	0.0000	0.3830	0.0000	0.0000
346D	0.6520	-0.5830	0.0000	2.5550	0.0030	0.0030	-0.0070	-0.0050	0.0060	0.3140	0.0000	0.0000	-0.0070	-0.9990	0.0000	-0.1080	-2.7260	0.0500	1.5400	-0.0630	0.0020
346C	1.0240	-0.5420	0.0000	-0.9330	0.0020	-0.0020	-0.0180	-0.0080	-0.0010	0.1110	0.0000	0.0000	-0.0100	0.0110	0.0000	0.0700	-0.1310	0.0320	0.5520	0.0630	0.0010
401Y	1.3580	-5.1570	0.0000	4.1960	-0.0040	-0.0240	0.0150	-0.0640	0.0200	-0.6420	0.0000	0.0000	0.0300	-0.8500	0.0000	-0.0340	0.1080	-0.2230	-0.2500	0.1690	0.0670
346A	-0.2130	0.4070	0.0000	-0.4500	0.0000	0.0000	0.0000	0.0000	0.0000	-0.3310	0.0000	0.0000	0.0000	-0.0180	0.0000	0.0000	0.0080	0.0000	-0.0640	0.0000	0.0000
401S	0.0130	0.8890	0.0000	1.0430	0.0010	-0.0020	0.0020	-0.0030	0.0000	1.6690	0.0000	0.0000	-0.0010	0.0090	0.0000	0.0000	-0.1080	-0.0410	-0.1260	-0.0050	0.0010
401R	0.4790	-4.5520	0.0000	8.2130	0.0000	0.0000	-0.0060	0.0000	0.0000	-0.0230	0.0000	0.0000	0.0000	-2.4160	0.0000	0.0000	-2.0930	0.0000	0.3500	0.0000	0.0000
401Q	-0.0880	0.6940	0.0000	0.8400	0.0010	0.0120	0.0050	-0.0130	0.0010	1.3500	0.0000	0.0000	0.0000	-0.0320	0.0000	-0.0080	-0.0780	0.0570	-0.0200	-0.0240	0.0020
401P	-0.4300	0.0850	0.0000	0.7930	0.0000	0.0000	0.0210	0.0000	0.0000	0.2920	0.0000	0.0000	0.0000	-0.0270	0.0000	0.0000	-0.0230	0.0000	-0.1270	0.0000	0.0000
401W	2.8960	-4.4640	0.0000	2.4670	-0.0010	-0.0010	0.0340	0.0170	0.0030	0.2590	0.0000	0.0000	-0.0030	0.0010	0.0000	0.0090	-0.4010	-0.0170	-0.2620	-0.0190	0.0010
401T	-0.1860	0.7070	0.0000	0.9100	0.0000	0.0000	0.0020	0.0000	0.0000	1.2310	0.0000	0.0000	0.0000	0.0070	0.0000	0.0000	-0.0640	0.0000	-0.1460	0.0000	0.0000
401K	0.2220	-2.6920	0.0000	6.0410	0.0000	0.0000	-0.0480	0.0000	0.0000	2.0110	0.0000	0.0000	0.0000	0.0770	0.0000	0.0000	-1.0110	0.0000	-0.5770	0.0000	0.0000
401I	1.0510	-1.3980	0.0000	-0.0120	-0.0010	-0.0020	0.0310	0.0050	0.0040	-0.6820	0.0000	0.0000	-0.0100	-0.0360	0.0000	0.0160	-0.2930	0.0290	-0.1070	0.0370	0.0050
401H	0.0510	-1.6940	0.0000	2.6540	-0.0010	-0.0020	0.0110	0.0050	0.0040	0.0870	0.0000	0.0000	-0.0100	-0.0180	0.0000	0.0160	-0.4620	0.0290	-0.5380	0.0370	0.0050
401N	-0.1750	-0.7000	0.0000	2.0550	-0.0010	-0.0040	0.0170	0.0100	-0.0020	0.3970	0.0000	0.0000	0.0030	-0.0190	0.0000	0.0000	-0.1830	0.0460	-0.6450	-0.0120	0.0070
401M	0.1610	-2.5750	0.0000	1.1610	0.0000	0.0000	0.0300	0.0000	0.0000	-1.5020	0.0000	0.0000	0.0000	-0.0230	0.0000	0.0000	0.0130	0.0000	-0.2710	0.0000	0.0000
401L	0.4480	0.2140	0.0000	-0.0060	-0.0010	-0.0020	0.0040	-0.0180	0.0020	0.5870	0.0000	0.0000	0.0000	-0.0010	0.0000	0.0030	-0.1060	0.0280	0.0180	0.0060	-0.0010
401C	-0.2540	0.8470	0.0000	0.7860	0.0040	0.0050	0.0260	-0.0260	0.0020	1.1270	0.0000	0.0000	0.0050	-0.0270	0.0000	-0.0090	-0.0840	0.0240	-0.1200	-0.0470	-0.0080
401A	-0.4220	1.2630	0.0000	0.5500	-0.0020	0.0100	0.0060	-0.0060	0.0010	1.4280	0.0000	0.0000	0.0040	-0.0300	0.0000	-0.0040	-0.0070	0.0280	0.0070	0.0270	0.0010
401G	-0.0910	1.1980	0.0000	0.7890	0.0000	0.0000	0.0010	0.0000	0.0000	1.8210	0.0000	0.0000	0.0000	0.0070	0.0000	0.0000	-0.0600	0.0000	-0.0210	0.0000	0.0000
401F	1.4540	-3.2710	0.0000	1.3750	0.0020	0.0100	0.0270	-0.0160	0.0010	-1.3390	0.0000	0.0000	-0.0010	-0.0370	0.0000	-0.0080	-0.6120	0.0160	-0.2520	-0.0290	0.0030
401E	0.3640	0.0620	0.0000	1.7130	0.0010	0.0120	-0.0010	-0.0130	0.0010	1.4700	0.0000	0.0000	0.0000	-0.0260	0.0000	-0.0080	-0.4250	0.0570	-0.2460	-0.0240	0.0020
401D	-0.1470	-0.1020	0.0000	2.3150	0.0000	0.0000	0.0000	0.0000	0.0000	1.4500	0.0000	0.0000	0.0000	0.0000	0.0000	0.0000	-0.3350	0.0000	-0.2800	0.0000	0.0000
305N	-0.3150	1.5710	0.0000	0.9070	0.0090	0.0180	-0.0100	-0.0020	0.0000	2.4500	0.0000	0.0000	0.0000	-0.0170	-0.0040	-0.0850	0.1540	0.1920	0.0640	-0.0350	0.0040
305L	-0.1380	0.6760	0.0000	-0.0350	0.0040	0.0090	-0.0360	-0.0350	-0.0260	0.5350	0.0000	0.0000	0.0000	0.0520	-0.0120	-0.0020	-0.0210	0.0220	0.2100	-0.1390	0.0060
305M	-0.0960	0.1240	0.0000	0.0970	0.0000	0.0000	-0.0400	0.0000	0.0000	0.3860	0.0000	0.0000	0.0000	0.0260	0.0000	0.0000	-0.0980	0.0000	0.3730	0.0000	0.0000
305K	-0.1210	1.3770	0.0000	0.8550	0.0000	0.0000	-0.0290	0.0000	0.0000	2.2790	0.0000	0.0000	0.0000	0.0300	0.0000	0.0000	0.1060	0.0000	0.0600	0.0000	0.0000
305H	-0.0260	1.1650	0.0000	0.6620	0.0000	0.0000	-0.0210	0.0000	0.0000	1.9710	0.0000	0.0000	0.0000	0.0070	0.0000	0.0000	0.0210	0.0000	0.1650	0.0000	0.0000
305I	0.5110	0.8300	0.0000	-0.6450	-0.0060	-0.0010	-0.0190	-0.0130	-0.0050	0.7530	0.0000	0.0000	0.0000	-0.0030	-0.0020	0.0860	-0.0770	-0.0430	0.1840	-0.0400	-0.0040
305G	-0.4360	3.0380	0.0000	0.4490	0.0000	0.0000	-0.0340	0.0000	0.0000	3.5330	0.0000	0.0000	0.0000	0.0260	0.0000	0.0000	0.0420	0.0000	0.4500	0.0000	0.0000
305D	-0.0090	1.5970	0.0000	1.4750	0.0000	0.0000	-0.0560	0.0000	0.0000	2.8180	0.0000	0.0000	0.0000	0.0400	0.0000	0.0000	-0.8140	0.0000	0.5840	0.0000	0.0000
305E	-0.0220	1.2000	0.0000	2.2790	0.0010	0.0070	-0.0340	0.0060	0.0080	3.0970	0.0000	0.0000	0.0000	0.0220	0.0050	-0.0960	-0.9070	0.1530	0.5580	-0.0790	-0.0020
305C	-0.0160	1.6670	0.0000	0.2650	0.0000	0.0000	-0.0290	0.0000	0.0000	2.1360	0.0000	0.0000	0.0000	0.0070	0.0000	0.0000	-0.1190	0.0000	0.3600	0.0000	0.0000
305A	-0.1820	2.2430	0.0000	0.0010	0.0000	0.0000	-0.0340	0.0000	0.0000	2.4140	0.0000	0.0000	0.0000	0.0290	0.0000	0.0000	-0.0400	0.0000	0.3990	0.0000	0.0000
305Y	0.1420	-0.1850	0.0000	0.1210	0.0000	-0.0010	-0.0250	0.0120	-0.0010	0.2530	0.0000	0.0000	0.0000	0.0330	0.0090	0.0170	-0.0320	0.0480	0.1180	0.0030	-0.0020
305V	0.5500	1.5430	0.0000	-0.5490	0.0010	0.0040	-0.0470	0.0100	-0.0120	1.8310	0.0000	0.0000	0.0000	0.0350	-0.0020	-0.0010	-0.0280	0.0160	0.2910	0.0150	0.0040
305W	2.6720	-1.3250	0.0000	-1.4360	0.0000	0.0000	0.0210	0.0000	0.0000	0.8750	0.0000	0.0000	0.0000	-0.0020	0.0000	0.0000	0.4560	0.0000	0.4910	0.0000	0.0000
305T	0.4380	1.5990	0.0000	0.1630	0.0000	0.0000	-0.0440	0.0000	0.0000	2.4130	0.0000	0.0000	0.0000	0.0320	0.0000	0.0000	-0.0850	0.0000	0.3120	0.0000	0.0000
305R	0.0200	0.6070	0.0000	1.0580	-0.0010	0.0000	-0.0580	0.0040	-0.0090	2.0000	0.0000	0.0000	0.0000	-0.0180	-0.0130	-0.0630	0.0690	0.0160	0.1390	0.2400	0.0120
305S	-0.1280	2.1220	0.0000	0.9180	0.0000	0.0010	-0.0340	0.0020	0.0060	3.1090	0.0000	0.0000	0.0000	0.0220	0.0040	-0.0770	-0.0930	0.0870	0.3120	-0.0360	0.0050
305P	-0.1470	2.1600	0.0000	0.4740	0.0000	0.0000	-0.0430	0.0000	0.0000	2.9300	0.0000	0.0000	0.0000	0.0320	0.0000	0.0000	-0.0390	0.0000	0.4930	0.0000	0.0000
305Q	-0.1150	1.2610	0.0000	0.9620	0.0000	0.0000	-0.0490	0.0000	0.0000	1.7880	0.0000	0.0000	0.0000	0.0330	0.0000	0.0000	-0.5830	0.0000	0.2800	0.0000	0.0000
306C	-0.1770	0.9530	0.0000	0.8600	0.0000	0.0000	-0.0100	0.0000	0.0000	1.9590	0.0000	0.0000	0.0000	-0.0000	0.0000	0.0000	-0.1480	0.0000	0.4830	0.0000	0.0000
306A	-0.2360	1.3400	0.0000	1.2770	0.0000	0.0000	-0.0190	0.0000	0.0000	2.6020	0.0000	0.0000	0.0000	0.0060	0.0000	0.0000	-0.0830	0.0000	0.3190	0.0000	0.0000
306G	-0.1680	1.7850	0.0000	0.9480	0.0000	0.0000	-0.0100	0.0000	0.0000	2.7960	0.0000	0.0000	0.0000	0.0010	0.0000	0.0000	0.0270	0.0000	0.2120	0.0000	0.0000
306F	0.1120	-0.1910	0.0000	-0.1050	0.0000	0.0000	-0.0060	0.0000	0.0000	-0.0690	0.0000	0.0000	0.0000	-0.0010	0.0000	0.0000	0.0400	0.0000	0.0830	0.0000	0.0000
306E	-0.1270	0.6390	0.0000	1.7630	0.0000	0.0000	-0.0080	0.0000	0.0000	1.9130	0.0000	0.0000	0.0000	0.0020	0.0000	0.0000	-0.2530	0.0000	-0.1010	0.0000	0.0000
306D	-0.0740	0.5250	0.0000	2.1920	0.0000	0.0000	-0.0020	0.0000	0.0000	2.3480	0.0000	0.0000	0.0000	-0.0020	0.0000	0.0000	-0.2980	0.0000	0.0100	0.0000	0.0000
306K	-0.2960	0.2340	0.0000	1.8630	0.0000	0.0000	0.0150	0.0000	0.0000	1.8250	0.0000	0.0000	0.0000	-0.0300	0.0000	0.0000	0.1110	0.0000	-0.0700	0.0000	0.0000
306I	0.0540	0.1270	0.0000	1.3310	0.0000	0.0030	-0.0220	0.0070	0.0060	1.6830	0.0000	0.0000	0.0000	0.0110	-0.0040	0.0110	-0.0980	-0.0180	0.3060	-0.0260	-0.0020
306H	-0.0770	0.0650	0.0000	1.3060	0.0000	0.0000	0.0200	0.0000	0.0000	1.0870	0.0000	0.0000	0.0000	-0.0340	0.0000	0.0000	0.0330	0.0000	-0.2230	0.0000	0.0000
306N	-0.0270	0.7970	0.0000	1.3350	0.0000	0.0000	-0.0140	0.0000	0.0000	2.0650	0.0000	0.0000	0.0000	0.0030	0.0000	0.0000	-0.1340	0.0000	0.1060	0.0000	0.0000
306M	-0.1290	0.0330	0.0000	0.7400	0.0000	0.0000	0.0130	0.0000	0.0000	0.7390	0.0000	0.0000	0.0000	-0.0290	0.0000	0.0000	-0.0530	0.0000	0.1640	0.0000	0.0000
306L	-0.2220	0.3580	0.0000	0.6910	0.0000	0.0000	0.0160	0.0000	0.0000	1.0440	0.0000	0.0000	0.0000	-0.0340	0.0000	0.0000	-0.1220	0.0000	0.3590	0.0000	0.0000
306S	-0.3260	1.5970	0.0000	1.0920	0.0000	0.0000	0.0200	0.0000	0.0000	2.4990	0.0000	0.0000	0.0000	-0.0360	0.0000	0.0000	0.0130	0.0000	0.1420	0.0000	0.0000
306R	-0.0440	-0.1980	0.0000	1.6920	0.0000	0.0000	-0.0140	0.0000	0.0000	1.5630	0.0000	0.0000	0.0000	0.0090	0.0000	0.0000	0.1860	0.0000	-0.0650	0.0000	0.0000
306Q	-0.1610	0.4770	0.0000	1.5210	0.0000	0.0000	-0.0150	0.0000	0.0000	1.9590	0.0000	0.0000	0.0000	0.0080	0.0000	0.0000	-0.0750	0.0000	0.2030	0.0000	0.0000
306P	-0.0440	1.1910	0.0000	0.8760	0.0000	0.0000	-0.0090	0.0000	0.0000	2.3280	0.0000	0.0000	0.0000	-0.0000	0.0000	0.0000	0.1160	0.0000	0.2000	0.0000	0.0000
306W	-0.0080	-0.5870	0.0000	-0.2370	0.0000	0.0000	-0.0020	0.0000	0.0000	-0.7360	0.0000	0.0000	0.0000	0.0040	0.0000	0.0000	0.0740	0.0000	0.0220	0.0000	0.0000
306V	-0.0440	0.4520	0.0000	1.4310	0.0000	0.0000	-0.0150	0.0000	0.0000	2.0980	0.0000	0.0000	0.0000	0.0070	0.0000	0.0000	-0.0420	0.0000	0.3100	0.0000	0.0000
306T	-0.1720	0.5880	0.0000	1.3080	0.0000	0.0000	-0.0160	0.0000	0.0000	1.9490	0.0000	0.0000	0.0000	0.0050	0.0000	0.0000	-0.0530	0.0000	0.2920	0.0000	0.0000
