384A  11.99  15.48   3.50  12.08   3.41
384C  11.45  13.92   2.47  11.41   2.51
384E  12.15  14.49   2.33  12.17   2.32
384D  12.89  15.79   2.90  10.99   4.79
384G  16.87  20.07   3.20  15.92   4.15
384I  10.57  11.93   1.35  10.28   1.65
384H   5.77   7.66   1.88   5.66   2.00
384K  11.65  16.39   4.75  10.19   6.21
384M   5.47   6.72   1.24   5.01   1.70
384L   4.90   5.40   0.50   4.54   0.86
384N   8.39  11.62   3.22   8.53   3.09
384Q   8.24  10.23   2.00   7.98   2.25
384P  26.20  29.86   3.67  26.21   3.65
384S  13.09  16.65   3.56  13.14   3.51
384R  11.38  13.96   2.58   9.19   4.77
384T  10.20  13.12   2.92  10.26   2.87
384W   2.62   2.99   0.37   2.35   0.64
384V   8.63  11.33   2.70   8.70   2.62
384Y   1.05   1.86   0.81   0.93   0.92
348Y  14.34  13.17  -1.17  -8.48  21.65
348Q   0.23  -0.32  -0.56  -3.06   2.74
348P   4.33   4.05  -0.28   4.22  -0.17
348S  -2.29  -2.59  -0.30  -2.44  -0.15
348R   3.71   5.81   2.10  -0.42   6.24
348T  -2.58  -2.97  -0.38  -2.46  -0.50
348W   9.97   9.89  -0.07 -10.41  20.30
348V  -4.78  -6.87  -2.09  -3.99  -2.87
348I  -1.65  -2.58  -0.93  -6.08   3.50
348H   1.08   0.47  -0.61  -3.73   4.20
348K   8.97  11.88   2.91   0.26  11.62
348M  -1.54  -2.65  -1.12  -4.74   2.08
348L  -7.54  -8.58  -1.03  -8.89   0.31
348N  -0.73  -1.69  -0.97  -1.23  -0.46
348A  -4.61  -5.96  -1.35  -4.94  -1.02
348C  -4.65  -6.13  -1.47  -4.79  -1.34
348E   4.14   3.92  -0.23  -0.15   4.07
348D   4.57   5.64   1.07   2.94   2.70
348F  -0.22  -1.46  -1.24  -3.85   2.39
417G  18.65  21.59   2.94  18.92   2.68
346W  10.08   9.46  -0.62 -12.14  21.59
309C   6.66   7.39   0.74   6.72   0.67
309A   6.73   7.83   1.10   6.86   0.98
309F  -2.56  -2.38   0.18  -2.87   0.49
309G  12.09  13.28   1.19  12.23   1.05
309D   9.33  10.25   0.93   9.32   0.93
309E   7.08   8.18   1.10   7.09   1.09
309K   9.01  10.89   1.88   7.09   3.80
309H   3.07   3.89   0.83   3.07   0.82
309I   3.09   3.34   0.25   3.70  -0.37
309N   6.23   7.19   0.96   6.28   0.91
309L  -2.20  -1.66   0.54  -1.82   0.16
309R   6.48   8.58   2.11   4.24   4.34
309S   8.82   9.97   1.15   8.91   1.06
309P  29.59  30.72   1.13  29.66   1.06
309Q   4.57   5.04   0.47   4.64   0.40
309V   4.99   5.86   0.88   4.99   0.87
309W  -0.50  -0.11   0.39  -5.10   4.99
309T   7.05   8.18   1.13   7.17   1.01
417M  12.53  14.88   2.35  10.99   3.89
346N   1.81   3.95   2.14  -1.32   5.28
346M  -8.29  -8.69  -0.40 -10.01   1.32
309Y   1.51   1.53   0.02  -0.35   1.89
346K  17.33  19.29   1.97  -2.36  21.65
346I  -5.64  -4.58   1.06  -8.95   4.37
346H  -0.19   0.96   1.14  -5.42   6.38
346L  -1.96  -2.36  -0.39  -4.93   2.57
417K  16.52  18.69   2.17  15.68   3.01
302Y  12.04  12.88   0.84   3.09   9.79
302W  11.18  12.53   1.35  -0.73  13.26
302V   6.37   5.07  -1.30   5.43  -0.36
302T   9.02   9.43   0.41   8.14   1.29
302S  12.00  13.52   1.52  11.39   2.13
302R  15.00  18.33   3.33   9.57   8.76
302Q  10.56  14.20   3.64   8.17   6.04
302P  13.04  15.00   1.96  12.67   2.33
302N  11.74  13.96   2.22  10.14   3.82
302M   9.66  11.36   1.69   3.80   7.56
302L  -0.99  -0.97   0.01  -1.75   0.78
302K  26.29  27.76   1.46  12.97  14.79
302I  11.92  12.95   1.03   4.68   8.27
302H  14.75  18.66   3.92   7.77  10.89
302G  10.09  12.86   2.77   9.89   2.98
302F  13.94  15.24   1.30   2.42  12.83
302E  13.80  18.94   5.14  10.21   8.73
302D  15.31  18.55   3.24  11.10   7.45
302C  10.27  10.19  -0.07  10.21  -0.02
417T  13.63  16.42   2.78  14.43   1.99
417V  11.90  14.20   2.30  12.15   2.05
417P  21.80  24.58   2.79  22.04   2.54
417Q  14.98  17.51   2.53  14.37   3.14
417R  11.92  14.29   2.36  11.94   2.35
346V  -6.35  -7.28  -0.93  -5.96  -1.32
417Y   3.40   4.77   1.37   3.74   1.03
417D  18.27  21.13   2.87  18.51   2.62
417E  18.73  21.15   2.42  16.02   5.13
417F   5.40   7.03   1.63   5.63   1.40
346T  -2.92  -2.22   0.70  -3.54   1.32
417A  13.11  15.93   2.82  13.39   2.54
417C  14.08  16.77   2.69  14.35   2.42
417L  10.62  12.44   1.82  10.29   2.14
346S  -1.49  -0.48   1.01  -2.04   1.56
417N  12.07  15.10   3.03  12.24   2.87
417H   8.31  11.22   2.90   8.42   2.79
417I  10.78  12.56   1.78  11.26   1.30
346R   8.18  10.72   2.54  -6.50  17.22
346Q  -2.17  -1.79   0.37  -5.11   3.32
346P  12.03  12.70   0.67  12.81  -0.11
346Y   5.09   7.32   2.22  -9.81  17.12
417S  14.96  18.10   3.14  15.13   2.97
346F   2.85   7.13   4.28  -9.50  16.63
346E  -0.10   0.62   0.73  -1.58   2.20
346D   4.21   4.52   0.31   3.16   1.36
346C  -3.18  -3.07   0.11  -4.01   0.94
401Y   2.50   1.86  -0.64   1.44   0.41
346A  -6.14  -6.47  -0.33  -6.49   0.02
401S   7.12   8.78   1.67   7.64   1.15
401R   8.88   8.86  -0.02   6.52   2.34
401Q   7.50   8.85   1.35   5.34   3.51
401P   9.53   9.82   0.29   9.70   0.12
401W   7.58   7.84   0.26   1.18   6.67
401T   4.38   5.61   1.23   4.61   1.00
401K   9.46  11.47   2.01   9.09   2.37
401I   0.37  -0.31  -0.68  -0.00  -0.30
401H   9.21   9.30   0.09   5.05   4.25
401N   7.99   8.39   0.40   7.99   0.40
401M   4.41   2.91  -1.50   0.42   2.49
401L   2.87   3.46   0.59   1.80   1.66
401C   5.04   6.16   1.13   5.13   1.03
401A   5.53   6.96   1.43   5.82   1.13
401G  11.39  13.21   1.82  11.93   1.28
401F   2.47   1.13  -1.34   1.40  -0.28
401E  11.20  12.67   1.47   9.19   3.48
401D  12.40  13.85   1.45  12.43   1.42
305N   7.25   9.70   2.45   7.24   2.46
305L   0.98   1.52   0.54   0.85   0.67
305M   2.36   2.74   0.39   1.89   0.85
305K  10.34  12.61   2.28   9.11   3.50
305H   6.11   8.08   1.97   2.99   5.09
305I   4.94   5.69   0.75   3.94   1.75
305G  12.20  15.74   3.53  12.14   3.60
305D   9.65  12.46   2.82   9.21   3.25
305E   7.87  10.97   3.10   7.20   3.77
305C   8.51  10.64   2.14   8.18   2.46
305A   7.65  10.06   2.41   7.47   2.60
305Y   2.81   3.06   0.25   2.82   0.24
305V   6.65   8.48   1.83   5.60   2.89
305W   9.67  10.55   0.88   6.66   3.89
305T   9.09  11.51   2.41   8.27   3.24
305R   9.25  11.25   2.00   5.94   5.31
305S   9.86  12.97   3.11   9.67   3.30
305P  25.30  28.23   2.93  25.12   3.11
305Q   6.82   8.61   1.79   6.15   2.46
306C  12.55  14.51   1.96  12.58   1.93
306A  12.57  15.17   2.60  12.66   2.51
306G  18.39  21.18   2.80  18.27   2.91
306F   1.54   1.47  -0.07   1.91  -0.44
306E  15.66  17.57   1.91  15.39   2.18
306D  16.62  18.97   2.35  16.63   2.34
306K  11.73  13.55   1.82  11.49   2.07
306I  11.85  13.54   1.68  10.09   3.45
306H   8.47   9.55   1.09   8.57   0.98
306N  11.95  14.01   2.06  12.05   1.96
306M   6.52   7.26   0.74   6.40   0.86
306L   5.11   6.15   1.04   5.00   1.15
306S  15.57  18.07   2.50  15.67   2.39
306R   8.43   9.99   1.56   8.53   1.46
306Q  10.80  12.76   1.96  10.74   2.02
306P  34.17  36.50   2.33  34.24   2.26
306W   2.44   1.70  -0.74   2.61  -0.90
306V  13.85  15.95   2.10  13.83   2.12
306T  16.07  18.02   1.95  16.03   1.99
