MUT	fa_rep:	ref:	fa_atr:	hbond_sc:	fa_sol:	yhh_planarity:	dslf_fa13:	fa_intra_sol_xover4:	omega:	p_aa_pp:	TOT	sugar_bb:	fa_intra_rep:	hbond_lr_bb:	hbond_sr_bb:	hbond_bb_sc:	fa_elec:	cart_bonded:	lk_ball_wtd:	fa_dun:	rama_prepro:
384A	5.2580	-81.1060	0.0000	55.0180	0.0000	0.0000	-3.3070	0.0000	0.0000	-47.5670	0.0000	0.0000	0.0000	-3.1150	0.0000	0.0000	-13.4680	0.0000	-6.8480	0.0000	0.0000
384C	5.2230	-82.0100	0.0000	55.2420	0.0000	0.0000	-3.3000	0.0000	0.0000	-48.4910	0.0000	0.0000	0.0000	-3.1070	0.0000	0.0000	-13.5530	0.0000	-6.9850	0.0000	0.0000
384E	6.2440	-84.9430	0.0000	58.2480	0.0040	0.0020	-3.3440	-0.0430	0.0150	-47.5010	0.0000	0.0000	0.0050	-2.9420	-0.0020	0.0090	-13.6080	0.0870	-7.2650	0.0320	-0.0010
384D	5.5910	-83.0820	0.0000	57.7150	0.0000	0.0000	-3.3420	0.0000	0.0000	-47.6640	0.0000	0.0000	0.0000	-2.9620	0.0000	0.0000	-14.1920	0.0000	-7.3910	0.0000	0.0000
384G	5.1980	-80.7530	0.0000	55.1460	0.0000	0.0000	-3.3080	0.0000	0.0000	-47.0930	0.0000	0.0000	0.0000	-3.1190	0.0000	0.0000	-13.4500	0.0000	-6.8050	0.0000	0.0000
384I	5.5850	-83.5620	0.0000	54.3380	0.0030	0.0020	-3.3260	-0.0180	0.0090	-50.8020	0.0000	0.0000	0.0120	-3.1320	-0.0210	0.0090	-13.6040	-0.1470	-7.0530	0.0770	0.0250
384H	5.6420	-84.0610	0.0000	56.9480	0.0000	0.0000	-3.3480	0.0000	0.0000	-49.1010	0.0000	0.0000	0.0000	-3.0080	0.0000	0.0000	-13.8550	0.0000	-7.4190	0.0000	0.0000
384K	5.6320	-84.6400	0.0000	61.1710	-0.0040	0.0000	-3.3060	0.0460	0.0280	-48.2020	0.0000	0.0000	0.0240	-3.1380	-0.0080	-0.0020	-16.0790	-0.0080	-7.9090	0.0160	-0.0230
384M	5.4510	-84.2880	0.0000	54.8000	0.0020	0.0000	-3.2930	-0.0350	-0.0040	-50.9930	0.0000	0.0000	-0.0170	-3.1090	0.0140	0.0000	-13.5120	-0.0560	-6.9900	0.0560	-0.0100
384L	5.3450	-84.2590	0.0000	53.6010	0.0000	0.0000	-3.3510	0.0000	0.0000	-52.2930	0.0000	0.0000	0.0000	-3.1080	0.0000	0.0000	-13.5820	0.0000	-6.9380	0.0000	0.0000
384N	5.5520	-83.3180	0.0000	57.4240	0.0000	0.0000	-3.3380	0.0000	0.0000	-47.3900	0.0000	0.0000	0.0000	-2.9610	0.0000	0.0000	-13.4220	0.0000	-7.3290	0.0000	0.0000
384Q	5.1450	-83.0800	0.0000	56.6400	0.0000	0.0000	-3.3070	0.0000	0.0000	-48.6040	0.0000	0.0000	0.0000	-3.1340	0.0000	0.0000	-13.7190	0.0000	-7.1490	0.0000	0.0000
384P	5.2050	-81.4800	0.0000	55.6140	0.0000	0.0000	-3.3050	0.0000	0.0000	-47.4660	0.0000	0.0000	0.0000	-3.1310	0.0000	0.0000	-13.4640	0.0000	-6.9070	0.0000	0.0000
384S	5.1930	-81.1390	0.0000	55.6980	0.0000	0.0000	-3.3070	0.0000	0.0000	-47.1400	0.0000	0.0000	0.0000	-3.1280	0.0000	0.0000	-13.4980	0.0000	-6.9590	0.0000	0.0000
384R	6.5990	-86.8530	0.0000	60.1060	0.0000	0.0000	-3.3200	0.0000	0.0000	-48.2590	0.0000	0.0000	0.0000	-3.0400	0.0000	0.0000	-14.2080	0.0000	-7.5430	0.0000	0.0000
384T	5.3410	-81.7860	0.0000	55.3640	0.0000	0.0000	-3.3070	0.0000	0.0000	-47.8320	0.0000	0.0000	0.0000	-3.1290	0.0000	0.0000	-13.3070	0.0000	-7.0060	0.0000	0.0000
384W	7.4250	-88.2550	0.0000	57.9670	0.0000	0.0000	-3.3580	0.0000	0.0000	-50.1610	0.0000	0.0000	0.0000	-3.0110	0.0000	0.0000	-13.5600	0.0000	-7.3690	0.0000	0.0000
384V	5.2950	-81.7870	0.0000	54.8650	-0.0050	-0.0010	-3.2910	-0.0520	0.0070	-48.3940	0.0000	0.0000	0.0160	-3.1120	-0.0020	-0.0030	-13.3690	0.0630	-6.9610	-0.0640	0.0070
384Y	6.7680	-88.6880	0.0000	61.1780	0.0000	0.0000	-3.1760	0.0000	0.0000	-47.3510	0.0000	0.0000	0.0000	-2.8830	0.0000	0.0000	-12.8530	0.0000	-7.6980	0.0000	0.0000
348Y	7.8470	-85.5660	0.0000	53.2220	0.0150	0.0010	-3.3820	-0.0370	0.0190	-50.6050	0.0000	0.0000	-0.0110	-2.9090	-0.0120	-0.0050	-12.7290	0.2320	-7.3120	0.0230	0.0000
348Q	8.1060	-87.5550	0.0000	56.4840	0.0000	0.0000	-3.3260	0.0000	0.0000	-49.7720	0.0000	0.0000	0.0000	-2.9250	0.0000	0.0000	-12.9270	0.0000	-7.6280	0.0000	0.0000
348P	7.7010	-88.2540	0.0000	56.5650	0.0000	0.0000	-3.3360	0.0000	0.0000	-51.2530	0.0000	0.0000	0.0000	-2.9510	0.0000	0.0000	-13.4660	0.0000	-7.5100	0.0000	0.0000
348S	6.8450	-86.8000	0.0000	57.1140	0.0010	0.0020	-3.3240	-0.0110	0.0040	-49.8110	0.0000	0.0000	0.0100	-2.9210	0.0020	-0.0100	-13.1340	-0.0200	-7.6230	0.0420	0.0120
348R	7.9380	-88.4550	0.0000	57.3800	-0.0050	-0.0020	-3.3310	-0.0420	-0.0180	-50.3790	0.0000	0.0000	-0.0100	-2.9420	-0.0080	0.0030	-13.2180	-0.0420	-7.6570	0.0220	0.0090
348T	7.4770	-87.9980	0.0000	57.7460	0.0000	0.0000	-3.3290	0.0000	0.0000	-49.7590	0.0000	0.0000	0.0000	-2.9330	0.0000	0.0000	-13.2710	0.0000	-7.4510	0.0000	0.0000
348W	8.1230	-87.9370	0.0000	55.5070	0.0000	0.0000	-3.3240	0.0000	0.0000	-51.1450	0.0000	0.0000	0.0000	-2.9190	0.0000	0.0000	-12.9310	0.0000	-7.6650	0.0000	0.0000
348V	6.6880	-84.0110	0.0000	51.7650	0.0740	-0.0010	-3.3900	0.0150	-0.0200	-52.2430	0.0000	0.0000	0.0070	-2.8330	-0.0090	0.0680	-13.3600	-0.2220	-7.0690	0.0660	-0.0120
348I	4.7580	-82.8760	0.0000	50.9730	-0.2190	0.0080	-3.3370	-0.0410	-0.2180	-52.2810	0.0000	0.0000	0.0270	-2.5080	0.0280	0.1460	-12.7140	1.0310	-7.2350	-0.0260	-0.0760
348H	7.4430	-86.6390	0.0000	56.0290	0.0000	0.0000	-3.3520	0.0000	0.0000	-49.4240	0.0000	0.0000	0.0000	-2.9400	0.0000	0.0000	-12.6930	0.0000	-7.2730	0.0000	0.0000
348K	7.5620	-87.8800	0.0000	56.9820	0.0000	0.0000	-3.3290	0.0000	0.0000	-50.4290	0.0000	0.0000	0.0000	-2.9350	0.0000	0.0000	-13.1660	0.0000	-7.6640	0.0000	0.0000
348M	7.1440	-87.9490	0.0000	56.9350	0.0010	-0.0010	-3.3280	-0.0480	-0.0060	-50.3870	0.0000	0.0000	-0.0010	-2.9680	0.0000	-0.0020	-12.4850	0.0600	-7.6970	-0.0440	0.0020
348L	7.7960	-88.1340	0.0000	56.0590	0.0000	0.0000	-3.3330	0.0000	0.0000	-51.3460	0.0000	0.0000	0.0000	-2.9260	0.0000	0.0000	-13.1900	0.0000	-7.6180	0.0000	0.0000
348N	7.2910	-87.7020	0.0000	57.1940	0.0000	0.0000	-3.3270	0.0000	0.0000	-50.5460	0.0000	0.0000	0.0000	-2.9260	0.0000	0.0000	-13.1820	0.0000	-7.8940	0.0000	0.0000
348A	7.0420	-86.5480	0.0000	55.4490	0.0000	0.0000	-3.3260	0.0000	0.0000	-51.0600	0.0000	0.0000	0.0000	-2.9330	0.0000	0.0000	-13.1470	0.0000	-7.5970	0.0000	0.0000
348C	6.9260	-86.6380	0.0000	55.8990	-0.0080	-0.0040	-3.2820	0.0060	-0.0010	-50.9910	0.0000	0.0000	-0.0140	-2.9390	-0.0010	0.0090	-13.3030	0.0780	-7.6780	-0.0490	0.0060
348E	6.5480	-87.2810	0.0000	57.9260	0.0000	0.0000	-3.3300	0.0000	0.0000	-50.5850	0.0000	0.0000	0.0000	-2.9230	0.0000	0.0000	-13.5300	0.0000	-7.9960	0.0000	0.0000
348D	7.3300	-88.1460	0.0000	58.6400	-0.0010	-0.0010	-3.3270	-0.0190	0.0020	-49.9320	0.0000	0.0000	0.0040	-2.9230	-0.0110	0.0000	-13.4310	-0.0060	-7.9760	-0.0480	-0.0160
348F	7.7030	-84.9260	0.0000	52.7640	0.0070	0.0020	-3.3640	0.0150	0.0290	-50.4220	0.0000	0.0000	0.0080	-2.8640	0.0110	0.0040	-12.6240	0.0790	-7.2220	-0.0480	0.0030
417G	5.3710	-81.6110	0.0000	57.0290	0.0000	0.0000	-3.3370	0.0000	0.0000	-46.8570	0.0000	0.0000	0.0000	-2.9780	0.0000	0.0000	-13.7000	0.0000	-7.6330	0.0000	0.0000
346W	9.3170	-90.2480	0.0000	54.0970	0.0000	0.0000	-3.4310	0.0000	0.0000	-55.2160	0.0000	0.0000	0.0000	-3.3010	0.0000	0.0000	-14.0030	0.0000	-7.6460	0.0000	0.0000
309C	5.2630	-85.8450	0.0000	54.5040	0.0000	0.0000	-3.3680	0.0000	0.0000	-53.2510	0.0000	0.0000	0.0000	-2.8720	0.0000	0.0000	-13.0650	0.0000	-7.8680	0.0000	0.0000
309A	5.3250	-85.4500	0.0000	54.2600	0.0470	0.0130	-3.3670	-0.0320	0.0120	-53.1090	0.0000	0.0000	-0.0130	-3.0360	0.0560	0.0180	-13.0670	-0.1170	-7.9380	0.2370	-0.0580
309F	5.8160	-85.9420	0.0000	55.6430	0.0000	0.0000	-3.3150	0.0000	0.0000	-52.0200	0.0000	0.0000	0.0000	-2.9610	0.0000	0.0000	-13.5670	0.0000	-7.6960	0.0000	0.0000
309G	4.3050	-84.7110	0.0000	54.3290	0.0180	-0.0020	-3.3600	0.0570	0.0140	-53.1470	0.0000	0.0000	0.0130	-2.9260	0.0190	0.0230	-12.8050	0.1690	-8.2070	-0.0690	-0.0130
309D	4.7770	-85.1390	0.0000	57.5170	0.0000	0.0000	-3.3290	0.0000	0.0000	-50.9400	0.0000	0.0000	0.0000	-2.9710	0.0000	0.0000	-13.9670	0.0000	-7.8270	0.0000	0.0000
309E	4.7980	-85.9330	0.0000	58.2920	0.0000	0.0000	-3.3220	0.0000	0.0000	-51.3530	0.0000	0.0000	0.0000	-2.9630	0.0000	0.0000	-14.0040	0.0000	-8.2200	0.0000	0.0000
309K	5.6560	-86.0680	0.0000	58.0550	0.0000	0.0000	-3.3360	0.0000	0.0000	-49.9030	0.0000	0.0000	0.0000	-2.9540	0.0000	0.0000	-13.4060	0.0000	-7.8500	0.0000	0.0000
309H	4.6650	-85.6020	0.0000	57.2690	-0.0030	-0.0040	-3.3260	0.0010	-0.0230	-51.4420	0.0000	0.0000	-0.0140	-2.9920	-0.0170	-0.0890	-13.8970	-0.4030	-7.6690	0.6700	-0.0060
309I	5.4970	-85.3150	0.0000	55.5740	0.0000	0.0000	-3.3350	0.0000	0.0000	-51.9280	0.0000	0.0000	0.0000	-2.9590	0.0000	0.0000	-13.6890	0.0000	-7.7020	0.0000	0.0000
309N	4.3450	-84.1310	0.0000	56.2620	0.0010	-0.0070	-3.3130	0.0500	0.0150	-51.4250	0.0000	0.0000	0.0050	-2.8890	-0.0070	0.0270	-13.8980	0.1910	-7.9810	-0.1070	0.0120
309L	5.2830	-85.8800	0.0000	55.7780	0.0050	0.0000	-3.3260	-0.0320	-0.0100	-52.4860	0.0000	0.0000	-0.0010	-2.9620	0.0070	0.0080	-13.6880	0.0830	-7.7340	0.0050	-0.0200
309R	5.9900	-86.7910	0.0000	57.5590	0.0000	0.0000	-3.3370	0.0000	0.0000	-50.5820	0.0000	0.0000	0.0000	-2.9610	0.0000	0.0000	-13.4840	0.0000	-7.5590	0.0000	0.0000
309S	4.7550	-84.7950	0.0000	54.7160	0.0260	0.0060	-3.3450	-0.0480	-0.0130	-52.6970	0.0000	0.0000	-0.0170	-2.9090	-0.0180	0.0370	-12.7590	-0.1080	-8.2390	0.0120	-0.0010
309P	4.3440	-84.6700	0.0000	54.3950	0.0000	0.0000	-3.3840	0.0000	0.0000	-52.4430	0.0000	0.0000	0.0000	-2.8500	0.0000	0.0000	-13.0290	0.0000	-7.2490	0.0000	0.0000
309Q	4.9380	-86.3040	0.0000	57.5320	0.0000	0.0000	-3.3200	0.0000	0.0000	-52.1080	0.0000	0.0000	0.0000	-2.9570	0.0000	0.0000	-13.6950	0.0000	-8.3030	0.0000	0.0000
309V	4.8920	-84.6940	0.0000	53.8370	-0.0050	0.0050	-3.3480	0.0270	0.0040	-52.8810	0.0000	0.0000	-0.0200	-2.8780	0.0050	-0.0340	-12.9400	0.2600	-8.2550	0.2110	0.0540
309W	6.3620	-85.9150	0.0000	56.3990	0.0000	0.0000	-3.3200	0.0000	0.0000	-49.6520	0.0000	0.0000	0.0000	-2.9310	0.0000	0.0000	-13.2050	0.0000	-7.0430	0.0000	0.0000
309T	4.8680	-85.3270	0.0000	55.2130	-0.0160	0.0030	-3.2650	-0.0300	0.0250	-53.0510	0.0000	0.0000	-0.0100	-2.8300	-0.0260	0.1510	-13.4010	-0.1930	-7.9780	-0.2120	-0.0220
417M	5.9180	-83.9540	0.0000	57.5350	0.0000	0.0000	-3.3310	0.0000	0.0000	-47.8900	0.0000	0.0000	0.0000	-2.9850	0.0000	0.0000	-13.4610	0.0000	-7.6110	0.0000	0.0000
346N	7.8950	-87.7400	0.0000	56.4990	0.0000	0.0000	-3.1740	0.0000	0.0000	-49.8500	0.0000	0.0000	0.0000	-2.9200	0.0000	0.0000	-12.6460	0.0000	-7.7650	0.0000	0.0000
346M	8.6760	-89.1480	0.0000	53.7840	-0.0010	0.0010	-3.3460	0.0210	0.0430	-54.3380	0.0000	0.0000	-0.0250	-2.9700	0.0140	-0.0100	-13.4240	0.0060	-7.8880	-0.0600	-0.0130
309Y	5.9770	-85.8400	0.0000	55.8150	0.0000	0.0000	-3.3330	0.0000	0.0000	-51.6520	0.0000	0.0000	0.0000	-2.9560	0.0000	0.0000	-13.5640	0.0000	-7.7510	0.0000	0.0000
346K	9.4260	-89.4530	0.0000	59.5470	0.0000	0.0000	-3.3170	0.0000	0.0000	-48.7270	0.0000	0.0000	0.0000	-2.9940	0.0000	0.0000	-15.1720	0.0000	-6.7660	0.0000	0.0000
346I	7.9840	-89.7570	0.0000	53.8980	0.0000	0.0000	-3.3760	0.0000	0.0000	-54.9050	0.0000	0.0000	0.0000	-2.9030	0.0000	0.0000	-13.2670	0.0000	-7.4820	0.0000	0.0000
346H	8.4000	-88.9990	0.0000	56.1290	0.0000	0.0000	-3.3720	0.0000	0.0000	-51.8840	0.0000	0.0000	0.0000	-2.9640	0.0000	0.0000	-13.2980	0.0000	-7.7810	0.0000	0.0000
346L	8.3390	-88.9650	0.0000	52.9080	-0.0090	-0.0030	-3.3270	0.0500	0.0210	-54.9850	0.0000	0.0000	0.0010	-2.9250	0.0060	-0.1070	-13.1740	0.1030	-7.9240	0.0150	0.0030
417K	6.9040	-85.2280	0.0000	59.1910	0.0000	0.0000	-3.3250	0.0000	0.0000	-46.4060	0.0000	0.0000	0.0000	-2.9820	0.0000	0.0000	-13.0150	0.0000	-7.9520	0.0000	0.0000
302Y	12.0690	-91.5440	0.0000	56.8680	0.0000	0.0000	-1.9350	0.0000	0.0000	-47.6090	0.0000	0.0000	0.0000	-2.9770	0.0000	0.0000	-12.3200	0.0000	-7.7700	0.0000	0.0000
302W	11.5110	-91.0960	0.0000	55.6650	0.0000	0.0000	-3.3620	0.0000	0.0000	-51.4790	0.0000	0.0000	0.0000	-3.3060	0.0000	0.0000	-13.7090	0.0000	-7.1830	0.0000	0.0000
302V	9.1790	-90.2270	0.0000	57.1860	0.0000	0.0000	-3.3410	0.0000	0.0000	-51.0880	0.0000	0.0000	0.0000	-2.9620	0.0000	0.0000	-13.2220	0.0000	-7.7030	0.0000	0.0000
302T	7.5600	-90.2400	0.0000	57.8730	0.0000	0.0000	-3.3500	0.0000	0.0000	-51.7790	0.0000	0.0000	0.0000	-3.0010	0.0000	0.0000	-13.2360	0.0000	-7.3840	0.0000	0.0000
302S	6.1780	-87.5800	0.0000	59.7380	0.0000	0.0000	-3.3380	0.0000	0.0000	-49.1740	0.0000	0.0000	0.0000	-2.9780	0.0000	0.0000	-13.4800	0.0000	-7.7150	0.0000	0.0000
302R	10.0030	-92.1770	0.0000	60.8210	0.0000	0.0000	-3.3180	0.0000	0.0000	-50.0540	0.0000	0.0000	0.0000	-3.1080	0.0000	0.0000	-13.9510	0.0000	-8.3240	0.0000	0.0000
302Q	9.3340	-90.2840	0.0000	60.2180	0.0000	0.0000	-3.3610	0.0000	0.0000	-49.1480	0.0000	0.0000	0.0000	-3.0360	0.0000	0.0000	-14.2620	0.0000	-7.7560	0.0000	0.0000
302P	6.4830	-89.4550	0.0000	58.1930	0.0000	0.0000	-3.3370	0.0000	0.0000	-51.6510	0.0000	0.0000	0.0000	-2.9660	0.0000	0.0000	-13.3530	0.0000	-7.2170	0.0000	0.0000
302N	6.8810	-88.8280	0.0000	59.9550	0.0000	0.0000	-3.3690	0.0000	0.0000	-49.3360	0.0000	0.0000	0.0000	-2.9890	0.0000	0.0000	-13.7880	0.0000	-7.2000	0.0000	0.0000
302M	7.4700	-89.1920	0.0000	58.9630	0.0000	0.0000	-3.3580	0.0000	0.0000	-50.2350	0.0000	0.0000	0.0000	-2.9320	0.0000	0.0000	-13.5690	0.0000	-7.6170	0.0000	0.0000
302L	8.3640	-91.9230	0.0000	57.5520	0.0000	0.0000	-3.3330	0.0000	0.0000	-52.9080	0.0000	0.0000	0.0000	-2.8720	0.0000	0.0000	-12.9880	0.0000	-7.7100	0.0000	0.0000
302K	7.2800	-88.7810	0.0000	58.5950	0.0000	0.0000	-3.3880	0.0000	0.0000	-49.7300	0.0000	0.0000	0.0000	-2.8270	0.0000	0.0000	-13.3590	0.0000	-7.2500	0.0000	0.0000
302I	9.8390	-92.4120	0.0000	58.5870	0.0770	-0.0010	-3.3380	0.0010	-0.0260	-51.7250	0.0000	0.0000	0.0150	-2.9130	0.0010	-0.0080	-13.6560	0.0300	-7.9090	-0.0380	0.0260
302H	9.0450	-93.4470	0.0000	63.2540	0.1280	-0.0020	-3.3720	-0.0450	-0.0700	-50.0600	0.0000	0.0000	-0.0170	-2.9300	0.0540	0.0570	-14.0390	0.0750	-8.4730	-0.2710	-0.0070
302G	5.9580	-85.8590	0.0000	57.3310	0.0000	0.0000	-3.3290	0.0000	0.0000	-49.1850	0.0000	0.0000	0.0000	-2.9750	0.0000	0.0000	-13.2880	0.0000	-7.0220	0.0000	0.0000
302F	11.4450	-95.7710	0.0000	58.3680	0.2340	-0.0180	-3.3760	0.8260	-0.0320	-54.2670	0.0000	0.0000	0.0210	-3.2940	0.4000	-0.0340	-12.8080	-1.6880	-8.1710	0.3360	-0.7060
302E	7.8050	-89.9240	0.0000	62.2250	0.0000	0.0000	-3.3620	0.0000	0.0000	-50.8900	0.0000	0.0000	0.0000	-4.4120	0.0000	0.0000	-15.5440	0.0000	-7.6780	0.0000	0.0000
302D	6.3400	-89.5940	0.0000	63.4110	-0.0030	0.0010	-3.3350	0.0170	-0.0150	-50.9880	0.0000	0.0000	0.0050	-4.0520	0.0060	-0.0010	-16.7870	-0.0110	-6.9780	0.0230	-0.0130
302C	6.6130	-89.5170	0.0000	57.6070	0.0040	0.0000	-3.3430	0.0140	0.0010	-52.3540	0.0000	0.0000	0.0000	-2.9630	-0.0080	0.0030	-13.2330	0.1020	-7.6880	0.0460	0.0090
417T	5.8630	-83.2170	0.0000	57.8250	0.0070	-0.0020	-3.3450	0.0130	-0.0060	-47.2810	0.0000	0.0000	-0.0050	-2.9730	0.0080	0.0060	-13.8300	-0.0750	-7.6210	0.0830	-0.0120
417V	6.2780	-83.6110	0.0000	57.0080	0.0000	0.0000	-3.3480	0.0000	0.0000	-47.7940	0.0000	0.0000	0.0000	-2.9820	0.0000	0.0000	-13.5270	0.0000	-7.6130	0.0000	0.0000
417P	5.5680	-82.7330	0.0000	57.5180	-0.1670	-0.0240	-3.3340	-0.1540	-0.1040	-47.4510	0.0000	0.0000	-0.0120	-3.0210	0.0660	-0.0030	-13.5650	0.4290	-7.8270	0.1700	-0.2580
417Q	6.1350	-83.4380	0.0000	58.0260	0.0000	0.0000	-3.3320	0.0000	0.0000	-46.8760	0.0000	0.0000	0.0000	-2.9810	0.0000	0.0000	-13.5540	0.0000	-7.7330	0.0000	0.0000
417R	6.2360	-86.2940	0.0000	60.6430	-0.0020	-0.0040	-3.3170	-0.0070	0.0110	-47.0510	0.0000	0.0000	0.0130	-2.9790	-0.0040	0.0050	-12.7780	0.0270	-8.5540	-0.0280	-0.0190
346V	7.1470	-87.5550	0.0000	53.7120	0.0430	0.0000	-3.3270	0.0210	-0.0140	-53.5180	0.0000	0.0000	-0.0160	-2.9340	0.0210	0.0030	-13.1070	-0.0320	-7.5180	0.0440	-0.0070
417Y	7.4020	-86.0850	0.0000	57.7300	-0.0080	-0.0030	-3.3240	-0.0040	-0.0120	-48.7760	0.0000	0.0000	0.0040	-2.9950	0.0020	0.0180	-13.6840	0.0150	-7.8100	-0.0190	-0.0010
417D	5.8390	-83.0760	0.0000	58.9050	0.0000	0.0000	-3.3330	0.0000	0.0000	-46.6350	0.0000	0.0000	0.0000	-2.9790	0.0000	0.0000	-14.0550	0.0000	-7.9370	0.0000	0.0000
417E	5.9290	-84.1810	0.0000	59.7330	-0.0020	-0.0100	-3.3470	-0.0110	0.0250	-46.8400	0.0000	0.0000	0.0010	-2.9800	-0.0140	-0.0100	-13.9380	-0.0840	-7.9670	-0.0130	0.0310
417F	5.4440	-84.2740	0.0000	57.0590	0.0000	0.0000	-3.3300	0.0000	0.0000	-49.2710	0.0000	0.0000	0.0000	-2.9800	0.0000	0.0000	-13.5640	0.0000	-7.6240	0.0000	0.0000
346T	7.1080	-86.0880	0.0000	53.9190	0.0000	0.0000	-3.3160	0.0000	0.0000	-51.9670	0.0000	0.0000	0.0000	-2.9570	0.0000	0.0000	-13.0110	0.0000	-7.6230	0.0000	0.0000
417A	5.8670	-82.1380	0.0000	57.0500	0.0000	0.0000	-3.3360	0.0000	0.0000	-47.0550	0.0000	0.0000	0.0000	-2.9750	0.0000	0.0000	-13.8880	0.0000	-7.6340	0.0000	0.0000
417C	5.9990	-83.3020	0.0000	57.4670	0.0000	0.0000	-3.3350	0.0000	0.0000	-47.6730	0.0000	0.0000	0.0000	-2.9740	0.0000	0.0000	-13.9190	0.0000	-7.6070	0.0000	0.0000
417L	5.6900	-84.2190	0.0000	56.7510	-0.0010	0.0040	-3.3290	0.0400	-0.0010	-49.1070	0.0000	0.0000	0.0040	-2.9970	-0.0020	0.0130	-13.4410	0.0210	-7.6840	0.0630	-0.0190
346S	6.9280	-87.1510	0.0000	57.3840	-0.0010	-0.0010	-3.3250	0.0100	-0.0010	-50.4000	0.0000	0.0000	0.0070	-2.9480	0.0030	0.0050	-13.5610	0.0070	-7.7250	-0.0220	-0.0090
417N	5.8770	-83.4190	0.0000	58.3950	0.0020	0.0020	-3.3300	-0.0020	0.0250	-47.2740	0.0000	0.0000	-0.0080	-2.9690	0.0130	0.0030	-13.9210	0.0130	-7.8450	-0.0960	-0.0200
417H	5.8490	-84.5790	0.0000	58.8500	0.0000	0.0000	-3.3350	0.0000	0.0000	-47.7460	0.0000	0.0000	0.0000	-2.9810	0.0000	0.0000	-13.7630	0.0000	-7.7880	0.0000	0.0000
417I	6.1970	-85.1530	0.0000	57.1190	-0.0020	-0.0010	-3.3410	0.0080	-0.0060	-49.7180	0.0000	0.0000	0.0240	-2.9640	-0.0030	-0.0070	-13.7520	-0.2430	-7.6700	0.0680	0.0090
346R	9.9310	-89.7850	0.0000	58.2590	0.0000	0.0000	-3.3150	0.0000	0.0000	-50.1040	0.0000	0.0000	0.0000	-3.2480	0.0000	0.0000	-13.6730	0.0000	-8.2740	0.0000	0.0000
346Q	7.8780	-88.2740	0.0000	56.1040	0.0000	0.0000	-3.3410	0.0000	0.0000	-52.3820	0.0000	0.0000	0.0000	-2.9180	0.0000	0.0000	-13.2060	0.0000	-8.6250	0.0000	0.0000
346P	7.1820	-86.6720	0.0000	55.4740	0.4790	-0.0250	-3.3700	-0.3400	0.5510	-51.2070	0.0000	0.0000	-0.2110	-3.2710	-0.0910	0.1320	-13.4660	1.9780	-7.6030	-2.3400	0.3840
346Y	10.0150	-91.3620	0.0000	56.0430	0.0000	0.0000	-3.3950	0.0000	0.0000	-53.4250	0.0000	0.0000	0.0000	-3.9920	0.0000	0.0000	-13.8250	0.0000	-6.9090	0.0000	0.0000
417S	5.5650	-82.3330	0.0000	57.9600	-0.0020	-0.0030	-3.3360	0.0260	-0.0300	-46.4610	0.0000	0.0000	0.0140	-2.9820	0.0000	-0.0150	-13.6820	0.1320	-7.7950	0.0570	-0.0400
346F	9.5620	-90.6040	0.0000	54.0270	-0.0010	0.0000	-3.4070	-0.0080	-0.0020	-53.5860	0.0000	0.0000	-0.0020	-2.9610	0.0100	-0.0070	-12.8330	-0.0080	-7.4050	0.0570	-0.0050
346E	7.8390	-88.9640	0.0000	59.4630	0.0000	0.0000	-3.3400	0.0000	0.0000	-51.5100	0.0000	0.0000	0.0000	-2.9760	0.0000	0.0000	-15.0430	0.0000	-8.4910	0.0000	0.0000
346D	7.2040	-87.3220	0.0000	58.3270	0.0000	0.0000	-3.3360	0.0000	0.0000	-50.3020	0.0000	0.0000	0.0000	-3.0140	0.0000	0.0000	-14.2230	0.0000	-7.9370	0.0000	0.0000
346C	6.9880	-87.6900	0.0000	55.8970	0.0300	-0.0010	-3.3200	-0.0090	0.0380	-52.3130	0.0000	0.0000	0.0060	-2.9500	-0.0020	-0.0140	-13.5620	-0.0150	-7.6960	0.0090	-0.0210
401Y	7.6010	-92.0000	0.0000	60.0430	0.0170	-0.0030	-3.3730	-0.0460	-0.0210	-52.1690	0.0000	0.0000	0.0000	-4.2110	0.0000	-0.0010	-13.0800	-0.0090	-7.1920	0.0820	0.0270
346A	6.9730	-87.1380	0.0000	55.8120	0.0000	0.0000	-3.3190	0.0000	0.0000	-51.5880	0.0000	0.0000	0.0000	-2.9500	0.0000	0.0000	-13.3010	0.0000	-7.6660	0.0000	0.0000
401S	5.6990	-85.1790	0.0000	57.1160	-0.0060	0.0030	-3.3360	0.0040	0.0220	-49.8340	0.0000	0.0000	0.0030	-2.9970	0.0020	0.0030	-13.5920	0.0890	-7.6560	-0.0010	-0.0080
401R	7.1370	-90.6760	0.0000	64.3750	0.0020	-0.0010	-3.3680	0.0470	-0.0200	-47.8050	0.0000	0.0000	-0.0060	-4.8310	0.0100	0.0030	-13.7500	-0.0490	-6.7030	0.0240	0.0030
401Q	6.0800	-86.4870	0.0000	56.4720	0.0850	0.0150	-3.3530	-0.0840	0.0790	-50.3520	0.0000	0.0000	-0.0500	-2.9250	-0.0160	0.0450	-13.3080	0.2130	-7.1760	0.0800	-0.0250
401P	5.8000	-85.6670	0.0000	56.5200	0.0000	0.0000	-3.3470	0.0000	0.0000	-50.2610	0.0000	0.0000	0.0000	-2.9600	0.0000	0.0000	-13.0450	0.0000	-7.5610	0.0000	0.0000
401W	10.8180	-92.5380	0.0000	58.0370	0.0000	0.0000	-3.3960	0.0000	0.0000	-50.1500	0.0000	0.0000	0.0000	-2.7870	0.0000	0.0000	-12.9060	0.0000	-7.3780	0.0000	0.0000
401T	5.9770	-85.4770	0.0000	57.0360	0.0000	0.0000	-3.3360	0.0000	0.0000	-50.3560	0.0000	0.0000	0.0000	-2.9660	0.0000	0.0000	-13.8120	0.0000	-7.7790	0.0000	0.0000
401K	6.6560	-91.5970	0.0000	66.3950	0.0000	0.0000	-3.4340	0.0000	0.0000	-48.9680	0.0000	0.0000	0.0000	-2.5380	0.0000	0.0000	-16.8700	0.0000	-7.5810	0.0000	0.0000
401I	6.2920	-87.8900	0.0000	55.2200	0.0000	0.0000	-3.3320	0.0000	0.0000	-53.6770	0.0000	0.0000	0.0000	-2.9980	0.0000	0.0000	-13.3810	0.0000	-7.5890	0.0000	0.0000
401H	6.8010	-89.3190	0.0000	57.8960	0.0000	0.0000	-3.3720	0.0000	0.0000	-50.7690	0.0000	0.0000	0.0000	-2.8440	0.0000	0.0000	-12.3670	0.0000	-7.5630	0.0000	0.0000
401N	6.1770	-87.2800	0.0000	57.4990	0.0000	0.0000	-3.3430	0.0000	0.0000	-50.5170	0.0000	0.0000	0.0000	-2.9850	0.0000	0.0000	-13.0580	0.0000	-7.5270	0.0000	0.0000
401M	7.6970	-88.2730	0.0000	56.9770	0.0000	0.0000	-3.3710	0.0000	0.0000	-51.4170	0.0000	0.0000	0.0000	-2.8890	0.0000	0.0000	-13.8630	0.0000	-7.6950	0.0000	0.0000
401L	7.8150	-87.3960	0.0000	56.4960	0.0000	0.0000	-3.3500	0.0000	0.0000	-49.7690	0.0000	0.0000	0.0000	-2.9660	0.0000	0.0000	-13.2400	0.0000	-7.1270	0.0000	0.0000
401C	6.5270	-87.0830	0.0000	57.5100	0.0000	0.0000	-3.3230	0.0000	0.0000	-50.5020	0.0000	0.0000	0.0000	-2.9840	0.0000	0.0000	-13.4300	0.0000	-7.7200	0.0000	0.0000
401A	5.7990	-85.2080	0.0000	56.0720	0.0060	-0.0010	-3.3590	-0.0700	0.0290	-50.8560	0.0000	0.0000	-0.0160	-3.1040	0.0050	-0.0040	-13.7310	0.0350	-7.3430	0.0300	0.0070
401G	5.6240	-84.3840	0.0000	56.6890	0.0000	0.0000	-3.3260	0.0000	0.0000	-49.7950	0.0000	0.0000	0.0000	-2.9680	0.0000	0.0000	-13.7260	0.0000	-7.7050	0.0000	0.0000
401F	7.7950	-91.0200	0.0000	57.6130	0.0040	0.0010	-3.3560	0.0000	0.0040	-51.7360	0.0000	0.0000	0.0070	-2.8500	0.0000	0.0070	-12.6870	-0.0120	-7.2420	-0.0110	0.0110
401E	6.7060	-86.8670	0.0000	57.3010	0.0000	0.0000	-3.3400	0.0000	0.0000	-49.6790	0.0000	0.0000	0.0000	-2.9960	0.0000	0.0000	-13.1330	0.0000	-7.3500	0.0000	0.0000
401D	5.8670	-86.4090	0.0000	57.8790	0.0000	0.0000	-3.3390	0.0000	0.0000	-50.9390	0.0000	0.0000	0.0000	-3.0000	0.0000	0.0000	-14.4210	0.0000	-7.5170	0.0000	0.0000
305N	5.1920	-84.9420	0.0000	57.5210	0.0000	0.0000	-3.3220	0.0000	0.0000	-49.9190	0.0000	0.0000	0.0000	-2.9830	0.0000	0.0000	-13.6760	0.0000	-7.7080	0.0000	0.0000
305L	5.1040	-85.3790	0.0000	56.3700	0.0000	0.0000	-3.3130	0.0000	0.0000	-51.6720	0.0000	0.0000	0.0000	-2.9690	0.0000	0.0000	-13.7830	0.0000	-7.7020	0.0000	0.0000
305M	5.1630	-86.9260	0.0000	56.9750	0.0070	-0.0010	-3.3310	0.0130	-0.0050	-52.6600	0.0000	0.0000	-0.0060	-2.9870	0.0190	0.0030	-13.8860	-0.0400	-7.6370	-0.0090	-0.0150
305K	5.4440	-85.6540	0.0000	58.0760	0.0000	0.0000	-3.3380	0.0000	0.0000	-49.7730	0.0000	0.0000	0.0000	-2.9300	0.0000	0.0000	-13.1990	0.0000	-8.1730	0.0000	0.0000
305H	5.4160	-85.1130	0.0000	57.5700	0.0000	0.0000	-3.3300	0.0000	0.0000	-49.7410	0.0000	0.0000	0.0000	-2.9850	0.0000	0.0000	-13.6620	0.0000	-7.6360	0.0000	0.0000
305I	6.9340	-85.6630	0.0000	56.5330	0.0000	0.0000	-3.3160	0.0000	0.0000	-49.6140	0.0000	0.0000	0.0000	-2.9670	0.0000	0.0000	-13.4320	0.0000	-7.7030	0.0000	0.0000
305G	4.1630	-83.5390	0.0000	57.0040	0.0000	0.0000	-3.3270	0.0000	0.0000	-50.2010	0.0000	0.0000	0.0000	-2.9840	0.0000	0.0000	-13.8710	0.0000	-7.6460	0.0000	0.0000
305D	5.2550	-84.5460	0.0000	57.7560	0.0130	0.0000	-3.3250	-0.0370	0.0180	-49.2050	0.0000	0.0000	-0.0070	-2.9840	0.0080	0.0050	-13.7100	0.0120	-7.7090	0.0630	-0.0150
305E	6.4050	-86.2550	0.0000	59.9400	0.0000	0.0000	-3.3250	0.0000	0.0000	-48.4240	0.0000	0.0000	0.0000	-2.9860	0.0000	0.0000	-14.2700	0.0000	-7.9310	0.0000	0.0000
305C	4.9970	-84.4430	0.0000	56.6400	0.0000	0.0000	-3.3190	0.0000	0.0000	-50.5640	0.0000	0.0000	0.0000	-2.9870	0.0000	0.0000	-13.7420	0.0000	-7.7090	0.0000	0.0000
305A	4.9860	-84.0390	0.0000	56.0970	0.0000	0.0000	-3.3250	0.0000	0.0000	-50.7620	0.0000	0.0000	0.0000	-2.9880	0.0000	0.0000	-13.8020	0.0000	-7.6890	0.0000	0.0000
305Y	6.1760	-85.9370	0.0000	56.1750	0.0000	0.0000	-3.3380	0.0000	0.0000	-50.4220	0.0000	0.0000	0.0000	-2.9770	0.0000	0.0000	-13.3340	0.0000	-7.1840	0.0000	0.0000
305V	6.5190	-84.6410	0.0000	56.5690	-0.0030	-0.0020	-3.3100	0.0150	-0.0050	-48.7310	0.0000	0.0000	-0.0060	-2.9580	-0.0040	0.0190	-13.4610	0.2090	-7.6710	-0.0020	0.0000
305W	6.9470	-86.8610	0.0000	54.2640	0.0000	0.0000	-3.3470	0.0000	0.0000	-52.7330	0.0000	0.0000	0.0000	-2.9000	0.0000	0.0000	-12.9980	0.0000	-7.8400	0.0000	0.0000
305T	6.9170	-85.6620	0.0000	57.7730	-0.0010	0.0010	-3.3540	0.0170	0.0250	-48.5660	0.0000	0.0000	0.0170	-2.9990	-0.0010	0.0070	-13.3980	-0.1760	-7.7000	-0.0320	-0.0010
305R	6.7950	-87.8410	0.0000	60.3490	0.0050	-0.0010	-3.3120	-0.0540	0.0130	-48.4670	0.0000	0.0000	-0.0460	-2.9770	0.0080	0.0050	-13.4810	-0.0640	-7.9690	0.0820	0.0200
305S	5.0500	-84.0760	0.0000	57.0480	0.0000	0.0000	-3.3330	0.0000	0.0000	-49.8370	0.0000	0.0000	0.0000	-2.9830	0.0000	0.0000	-13.7380	0.0000	-7.8050	0.0000	0.0000
305P	4.8410	-83.9460	0.0000	56.8880	-0.0040	0.0050	-3.3250	0.0090	-0.0020	-50.0810	0.0000	0.0000	-0.0100	-2.9880	-0.0140	0.0030	-13.7980	-0.0910	-7.6960	0.0460	0.0020
305Q	5.0800	-84.5420	0.0000	57.0730	0.0000	0.0000	-3.3210	0.0000	0.0000	-50.1830	0.0000	0.0000	0.0000	-2.9800	0.0000	0.0000	-13.7800	0.0000	-7.7150	0.0000	0.0000
306C	5.5000	-84.4410	0.0000	55.2130	0.0000	0.0000	-3.3240	0.0170	-0.0260	-51.0750	0.0000	0.0000	0.0010	-2.9510	-0.0030	0.0130	-13.4430	-0.1120	-7.5500	0.0260	0.0050
306A	5.9790	-84.5300	0.0000	52.7200	0.0000	0.0000	-3.3620	0.0000	0.0000	-52.8590	0.0000	0.0000	0.0000	-2.8590	0.0000	0.0000	-13.3030	0.0000	-7.5040	0.0000	0.0000
306G	6.0260	-84.9880	0.0000	53.4710	0.0000	0.0000	-3.3770	0.0000	0.0000	-52.6200	0.0000	0.0000	0.0000	-2.8450	0.0000	0.0000	-13.4030	0.0000	-7.5050	0.0000	0.0000
306F	7.8070	-87.5410	0.0000	56.5380	0.0430	0.0000	-3.3220	-0.0130	0.0040	-50.3470	0.0000	0.0000	0.0060	-2.9910	0.0070	-0.0040	-13.4130	0.0710	-7.4980	-0.0300	-0.0100
306E	5.8830	-85.2150	0.0000	58.1160	0.0000	0.0000	-3.3190	0.0000	0.0000	-49.2900	0.0000	0.0000	0.0000	-2.9790	0.0000	0.0000	-13.7790	0.0000	-7.9980	0.0000	0.0000
306D	5.7140	-84.4170	0.0000	57.6030	0.0020	0.0020	-3.3080	-0.0300	0.0370	-48.4650	0.0000	0.0000	-0.0020	-2.9620	-0.0110	-0.0010	-13.5840	0.0700	-7.5670	-0.0120	-0.0010
306K	7.9410	-87.0950	0.0000	58.8310	0.0000	0.0000	-3.3310	0.0000	0.0000	-47.3770	0.0000	0.0000	0.0000	-2.9830	0.0000	0.0000	-12.9580	0.0000	-7.7850	0.0000	0.0000
306I	6.5410	-85.5150	0.0000	56.1680	0.0000	0.0000	-3.3310	0.0000	0.0000	-50.0010	0.0000	0.0000	0.0000	-2.9500	0.0000	0.0000	-13.3040	0.0000	-7.6110	0.0000	0.0000
306H	6.2720	-86.0100	0.0000	57.4400	0.0000	0.0000	-3.3210	0.0000	0.0000	-50.3630	0.0000	0.0000	0.0000	-2.9600	0.0000	0.0000	-13.7620	0.0000	-8.0220	0.0000	0.0000
306N	5.6440	-85.1000	0.0000	56.8940	0.0000	0.0000	-3.3270	0.0000	0.0000	-50.0520	0.0000	0.0000	0.0000	-2.9620	0.0000	0.0000	-13.4720	0.0000	-7.7290	0.0000	0.0000
306M	7.0900	-86.7210	0.0000	56.8090	-0.0010	0.0010	-3.3370	-0.0030	-0.0010	-50.3720	0.0000	0.0000	-0.0060	-2.9800	-0.0030	0.0040	-13.5550	-0.0430	-7.5690	-0.0280	-0.0270
306L	7.7370	-86.7200	0.0000	56.3620	0.0000	0.0000	-3.3260	0.0000	0.0000	-49.8240	0.0000	0.0000	0.0000	-2.9840	0.0000	0.0000	-13.3830	0.0000	-7.5090	0.0000	0.0000
306S	4.9460	-83.4410	0.0000	55.5290	0.0000	0.0000	-3.3260	0.0000	0.0000	-50.1750	0.0000	0.0000	0.0000	-2.9510	0.0000	0.0000	-13.4090	0.0000	-7.5240	0.0000	0.0000
306R	7.5400	-87.3560	0.0000	58.8990	0.0000	0.0000	-3.3240	0.0000	0.0000	-47.3470	0.0000	0.0000	0.0000	-2.9660	0.0000	0.0000	-12.7020	0.0000	-7.4390	0.0000	0.0000
306Q	6.1330	-85.5120	0.0000	57.1380	0.0000	0.0000	-3.3220	0.0000	0.0000	-49.6220	0.0000	0.0000	0.0000	-2.9580	0.0000	0.0000	-13.1920	0.0000	-7.9080	0.0000	0.0000
306P	5.0060	-84.1370	0.0000	54.8900	0.0000	0.0000	-3.3680	0.0000	0.0000	-50.7170	0.0000	0.0000	0.0000	-2.8910	0.0000	0.0000	-13.1680	0.0000	-7.0480	0.0000	0.0000
306W	7.4830	-88.1950	0.0000	57.6500	-0.0080	-0.0010	-3.3350	-0.0200	0.0090	-50.3430	0.0000	0.0000	0.0010	-2.9720	0.0060	0.0020	-13.2710	0.0030	-7.7410	0.0370	0.0080
306V	5.1000	-83.3110	0.0000	53.8600	0.0000	0.0000	-3.3420	0.0000	0.0000	-51.6200	0.0000	0.0000	0.0000	-2.9370	0.0000	0.0000	-13.5230	0.0000	-7.4660	0.0000	0.0000
306T	5.8020	-84.3380	0.0000	55.3520	0.0000	0.0000	-3.3310	0.0000	0.0000	-50.4570	0.0000	0.0000	0.0000	-2.9590	0.0000	0.0000	-13.4090	0.0000	-7.5720	0.0000	0.0000
