  G7   7.74   9.43   1.69   6.98   2.44
  G6  13.66  15.41   1.75  16.24  -0.83
  G5   7.31  10.08   2.77   4.94   5.14
  G4   7.17   8.79   1.62 -14.11  22.90
  G3  -4.36  -4.45  -0.09  -6.77   2.32
  G2   0.00   1.23   1.23  -3.21   4.44
  G1   6.38   7.64   1.25   5.59   2.04
  G9   9.25  10.36   1.11   6.96   3.40
  G8  20.19  22.08   1.89  20.65   1.43
  N6   7.87   8.95   1.08   8.39   0.56
  N7   9.78  12.14   2.37   9.00   3.14
  B4   9.55   9.75   0.21   1.76   7.99
  B5   5.96   4.98  -0.98   1.14   3.84
  B6  16.84  19.53   2.70   2.98  16.55
  B7  11.12  14.70   3.58   3.96  10.73
  B2  18.89  17.29  -1.60   4.51  12.78
  B3   7.84   8.53   0.70  -1.53  10.07
  B8   7.88   9.65   1.77  -1.08  10.73
  B9   8.87  11.04   2.17  -0.76  11.80
  N5   5.76   9.49   3.73   9.52  -0.03
 P10   7.54   5.81  -1.74   1.55   4.26
 P11   7.16   5.71  -1.45  -3.43   9.13
 P12  13.19  12.47  -0.72   9.38   3.10
  E9   2.26   4.47   2.21   6.04  -1.56
  E8   4.92   6.82   1.90   5.13   1.69
  E5   5.50   6.95   1.46   8.88  -1.92
  E4   6.10   7.39   1.29   5.54   1.84
  E7   6.24   8.42   2.18   3.65   4.78
  E6  13.86  16.74   2.88  -0.81  17.54
  E1   1.78   3.75   1.96  -1.52   5.27
  P8   6.61   6.20  -0.40   6.11   0.09
  E3   6.01   6.89   0.88  -5.57  12.46
  E2  19.77  22.90   3.13  -4.93  27.83
  P2   1.71   0.12  -1.60   1.82  -1.70
  P3   3.67   2.02  -1.65   3.72  -1.70
  P1   6.13   7.53   1.40   4.87   2.66
  P6  -2.90  -4.42  -1.52  -5.45   1.03
  P7   6.03   4.50  -1.53  -2.75   7.25
  P4   2.98   2.38  -0.61   1.43   0.95
  P5  23.34  22.84  -0.50  19.51   3.32
 H10  -6.66  -6.85  -0.19  -7.62   0.77
 H11  23.67  24.66   0.99  21.91   2.75
 H12  -4.04  -4.04   0.00  -6.07   2.04
  P9   6.74   5.33  -1.41   1.61   3.72
 F12   1.06  -0.93  -1.99  -8.62   7.68
 F10  -1.35  -0.67   0.67  -6.65   5.98
 F11  -0.88  -0.14   0.74  -3.78   3.64
 N12  14.43  13.84  -0.59  11.28   2.56
  H8  32.28  33.01   0.73  26.94   6.07
  H9  26.56  26.27  -0.30  21.81   4.46
  H6  16.31  15.55  -0.76   7.76   7.78
  H7  29.59  29.54  -0.05  25.14   4.40
  H4   0.61   1.27   0.66  -0.34   1.61
  H5  11.29  10.66  -0.63   9.03   1.63
 D10   7.25   8.98   1.73   3.74   5.24
 D11   1.52   2.42   0.90   1.29   1.13
 D12  -0.41   1.56   1.97  -1.23   2.79
 B12  15.61  18.40   2.79   3.25  15.15
 B10   7.59   9.56   1.97  -4.09  13.65
 B11  13.15  15.83   2.69  -0.58  16.41
  Q8  11.77   9.41  -2.37   3.56   5.85
  Q9   8.54   9.06   0.52   3.51   5.55
  C9   5.85   6.98   1.13   3.15   3.83
  C8   2.37   2.67   0.30   0.74   1.93
 Q11  -1.21  -1.36  -0.15   1.01  -2.38
 Q10   2.08   0.97  -1.11   1.46  -0.49
 Q12   0.51   0.84   0.33   4.63  -3.80
  C3  10.74  16.55   5.81   1.21  15.33
  C2   7.12   8.43   1.32  -3.15  11.59
  C1  21.98  23.80   1.82   8.69  15.12
  C7   8.83  11.87   3.04   9.25   2.62
  C6   9.76  12.20   2.45   9.34   2.86
  C5   4.58   5.94   1.36   2.25   3.69
  C4   4.73   6.34   1.61   3.52   2.82
 N10  14.87  15.27   0.40   9.11   6.17
  N8   5.68   8.92   3.24   4.04   4.88
  N9   7.83  11.05   3.22   7.81   3.24
 N11  14.28  12.67  -1.62   1.36  11.31
 G12   8.41   8.31  -0.10   6.72   1.59
 G11   5.87   7.70   1.84  -2.17   9.87
 G10  15.11  17.75   2.64  16.27   1.48
  F1   4.49   6.38   1.90   1.33   5.06
  F2  14.25  18.02   3.76  -0.60  18.62
  F3   4.35   5.47   1.12   2.64   2.82
  F4   9.18  11.72   2.54  -1.44  13.16
  F5   2.91   3.77   0.86   1.59   2.17
  F6   5.20   5.77   0.58   2.70   3.07
  F7  13.97  16.56   2.60  -3.77  20.33
  F8  -0.66   0.77   1.43   2.46  -1.69
  F9   6.74   9.11   2.37  -2.96  12.07
  Q1   8.14   8.62   0.48   5.65   2.96
  Q3  -2.78  -3.39  -0.62  -6.03   2.64
  Q2   5.17   4.82  -0.35   1.37   3.45
  Q5   1.02  -0.10  -1.12   1.93  -2.03
  Q4   6.24   5.04  -1.20   0.92   4.12
  Q7   3.71   0.54  -3.17 -15.73  16.27
  Q6   6.75   5.83  -0.93  -8.71  14.53
 E11   4.81   6.69   1.88   4.59   2.10
 E10  11.51  12.99   1.48  -0.67  13.66
 E12   5.58   7.32   1.74   3.90   3.42
 C12   3.29   6.19   2.90   3.53   2.66
 C11  11.64  16.77   5.14   0.49  16.29
 C10   3.67   5.24   1.57   4.34   0.90
 A11   7.14   5.32  -1.82   1.28   4.03
 A10   8.58   9.72   1.14  -9.96  19.68
 A12  16.87  17.22   0.35   9.94   7.28
  A1  -0.50  -2.77  -2.27  -4.84   2.07
  A3   5.08   4.57  -0.51   3.02   1.56
  A2   5.12   5.57   0.46   2.82   2.75
  A5  -5.46  -7.43  -1.97  -7.09  -0.34
  A4  12.96  13.09   0.12  11.36   1.72
  A7  -3.46  -7.47  -4.01  -7.42  -0.06
  A6   6.20   6.13  -0.07   2.69   3.44
  A9  22.40  24.92   2.52  19.14   5.78
  A8   8.89   7.79  -1.11   4.22   3.57
  D8   6.50   8.54   2.04   5.20   3.34
  D9   5.18   6.72   1.54   3.21   3.51
  D6  15.11  17.71   2.60  -1.17  18.88
  D7   5.13   7.16   2.03   8.46  -1.31
  D4  10.17  12.03   1.86  -1.47  13.50
  D5  13.53  15.39   1.85  -0.26  15.65
  D2   5.44   6.59   1.15   1.70   4.89
  D3  13.72  19.79   6.07  -0.42  20.22
  D1   0.85   3.51   2.65   8.02  -4.51
