384A  12.61  15.15   2.54  12.07   3.08
384C  11.90  13.93   2.03  11.35   2.58
384E  10.12  12.19   2.08  10.46   1.73
384D   9.75  12.31   2.56  10.81   1.49
384G  16.76  19.33   2.56  16.13   3.20
384I  10.78  11.52   0.74  10.39   1.13
384H   4.61   5.96   1.35   5.68   0.28
384K  11.60  14.61   3.01  10.04   4.57
384M   5.30   6.60   1.30   5.23   1.37
384L   5.35   4.80  -0.55   4.96  -0.16
384N   8.10  11.50   3.40   8.26   3.24
384Q   6.96   9.10   2.13   7.80   1.29
384P  25.03  27.68   2.65  25.98   1.70
384S  13.76  16.31   2.55  13.14   3.16
384R  10.45  12.94   2.49   9.39   3.55
384T  10.47  12.86   2.39  10.04   2.82
384W  -0.35  -1.13  -0.78  -0.34  -0.79
384V   8.25  11.17   2.92   8.33   2.84
384Y   1.25   1.04  -0.21   0.70   0.34
348Y   3.04   2.93  -0.11  -9.48  12.41
348Q   1.52   2.85   1.34  -4.55   7.40
348P  11.50  11.94   0.44   4.52   7.43
348S  -4.09  -3.64   0.44  -2.87  -0.78
348R  -1.42   0.27   1.69  -4.59   4.86
348T  -4.10  -3.76   0.33  -4.01   0.25
348W   4.16   4.69   0.54  -8.04  12.74
348V  -6.01  -6.23  -0.22  -3.16  -3.07
348I   2.45   2.88   0.43  -3.30   6.17
348H   4.47   5.29   0.82  -1.66   6.94
348K   5.21   9.64   4.43  -0.74  10.38
348M  -2.59  -0.36   2.23  -5.73   5.37
348L  -6.33  -5.91   0.42  -6.64   0.73
348N  -0.66   0.26   0.92  -2.35   2.61
348A  -5.12  -5.63  -0.51  -4.86  -0.77
348C  -6.01  -6.28  -0.27  -5.25  -1.03
348E   1.08   4.51   3.42  -2.76   7.27
348D   3.34   3.92   0.59   1.77   2.15
348F   7.70   7.14  -0.56  -9.30  16.44
417G  15.84  18.54   2.70  15.98   2.56
346W   5.23   7.42   2.20  -9.35  16.78
309C   6.14   7.19   1.05   6.17   1.02
309A   5.73   7.14   1.41   5.99   1.15
309F  -2.68  -2.32   0.36  -3.12   0.79
309G  12.08  13.16   1.08  11.76   1.41
309D   9.08   9.99   0.91   8.34   1.65
309E   6.86   7.71   0.85   6.14   1.57
309K   8.07   9.33   1.27   6.08   3.25
309H   3.19   3.62   0.44   2.35   1.27
309I   0.27   0.98   0.71   3.54  -2.56
309N   6.11   7.23   1.12   6.01   1.22
309L  -1.45  -1.13   0.31  -2.24   1.10
309R   5.58   6.84   1.27   3.76   3.08
309S   6.83   8.07   1.23   8.63  -0.57
309P  28.05  29.10   1.05  28.26   0.84
309Q   3.96   4.98   1.02   4.35   0.63
309V   4.96   5.82   0.86   4.90   0.92
309W  -1.42  -1.02   0.40  -6.10   5.08
309T   4.94   6.14   1.20   6.34  -0.20
417M   9.12   9.13   0.00   9.49  -0.36
346N   4.27   3.89  -0.38  -0.02   3.91
346M  -7.86  -9.01  -1.15 -11.33   2.32
309Y   0.51   1.09   0.58  -1.31   2.40
346K   7.71  13.78   6.07  -1.59  15.36
346I  -4.95  -4.87   0.07  -7.94   3.06
346H   1.12   1.40   0.28  -5.21   6.61
346L   3.07   1.37  -1.69  -7.01   8.39
417K  12.14  13.32   1.18  10.79   2.53
302Y   9.92   9.52  -0.40   2.68   6.85
302W  11.04  10.06  -0.97  -0.16  10.22
302V   5.79   4.68  -1.11   5.10  -0.42
302T   8.60  10.29   1.70   8.05   2.25
302S  12.26  13.62   1.36  11.40   2.22
302R  16.30  20.91   4.62   9.07  11.85
302Q  11.32  14.88   3.56   8.78   6.10
302P  11.88  13.49   1.60  12.44   1.04
302N  10.90  13.36   2.46   9.97   3.40
302M   7.30   7.80   0.50   4.83   2.97
302L  -0.86  -1.11  -0.25  -0.67  -0.44
302K  13.87  18.72   4.85  12.04   6.68
302I  10.38  10.74   0.36   6.46   4.28
302H  14.92  16.65   1.73   7.61   9.04
302G  10.00  11.79   1.79  10.17   1.62
302F  10.36   9.43  -0.94   2.89   6.53
302E  12.64  17.19   4.55  10.11   7.08
302D  14.47  16.89   2.42  10.76   6.14
302C   9.09   9.07  -0.02  10.15  -1.09
417T   9.27  11.41   2.14  11.65  -0.24
417V   9.35  10.77   1.42   9.21   1.57
417P  20.60  23.16   2.56  20.82   2.34
417Q  10.12  12.31   2.18  10.29   2.02
417R   7.86   9.37   1.51   7.92   1.45
346V  -5.94  -6.35  -0.41  -4.72  -1.62
417Y   2.16   2.62   0.46   5.31  -2.69
417D  14.14  17.06   2.92  15.88   1.18
417E  14.03  17.04   3.01  14.12   2.92
417F   5.67   6.01   0.34   7.16  -1.14
346T  -2.12  -0.99   1.13  -2.16   1.17
417A  10.99  13.60   2.61  11.19   2.41
417C  12.54  15.01   2.47  12.62   2.38
417L  10.57  11.06   0.49   9.42   1.64
346S  -1.01  -0.22   0.79  -0.34   0.12
417N  10.06  12.73   2.67   9.65   3.07
417H   8.38   9.63   1.25   7.39   2.24
417I   8.04   8.69   0.65   9.89  -1.21
346R   5.25  12.38   7.13  -6.34  18.72
346Q  -1.86  -1.26   0.60  -8.46   7.20
346P  13.90  13.86  -0.04  10.53   3.33
346Y  -1.49  -0.65   0.83  -9.42   8.76
417S  12.38  15.15   2.77  12.36   2.78
346F   4.84   6.87   2.02  -8.75  15.61
346E   0.64   1.52   0.88  -2.38   3.90
346D   3.50   2.44  -1.06   3.71  -1.26
346C  -1.21  -1.51  -0.30  -2.57   1.06
401Y   1.93   0.75  -1.18   2.06  -1.32
346A  -5.56  -6.93  -1.37  -1.91  -5.02
401S   7.65   9.06   1.41   7.36   1.70
401R   7.94   8.80   0.86   5.73   3.07
401Q   5.44   6.34   0.90   4.88   1.46
401P   9.80   9.80   0.00   9.27   0.53
401W   4.24   3.78  -0.46  -1.25   5.03
401T   4.21   5.43   1.22   4.29   1.15
401K   6.99   8.99   2.00   8.04   0.95
401I   0.00  -1.57  -1.57  -0.21  -1.36
401H   8.05   7.99  -0.06   5.98   2.00
401N   7.46   8.06   0.59   7.49   0.57
401M   2.60   1.31  -1.28   2.57  -1.25
401L   3.96   2.35  -1.60   1.73   0.62
401C   6.60   7.53   0.94   4.85   2.68
401A   4.23   5.43   1.20   5.49  -0.06
401G  11.30  13.25   1.95  11.47   1.77
401F  -0.17  -1.50  -1.33   0.86  -2.36
401E   9.73  11.71   1.98  10.30   1.41
401D  11.09  11.42   0.34  11.78  -0.35
305N   8.08  10.50   2.42   7.62   2.88
305L   2.53   2.13  -0.40   1.36   0.77
305M   2.97   3.01   0.04   2.07   0.93
305K   8.76  11.42   2.66   9.88   1.54
305H   7.81   8.78   0.97   4.18   4.60
305I   3.78   3.39  -0.39   4.59  -1.20
305G  10.73  13.87   3.14  12.54   1.33
305D   9.43  12.17   2.73   9.79   2.38
305E   7.19   9.64   2.45   7.64   2.00
305C   8.86  10.68   1.83   8.77   1.92
305A   5.15   7.39   2.24   8.61  -1.22
305Y   1.32   0.83  -0.49   2.85  -2.02
305V   3.81   5.53   1.72   5.76  -0.23
305W   7.04   6.87  -0.17   6.22   0.65
305T   8.93  10.50   1.58   5.29   5.22
305R   9.70  11.68   1.99   6.61   5.08
305S   9.29  12.01   2.73  10.27   1.74
305P  26.04  28.44   2.41  25.92   2.52
305Q   4.22   7.49   3.27   5.45   2.05
306C  10.62  11.83   1.20  10.19   1.64
306A   9.60  10.71   1.11  10.83  -0.12
306G  15.52  17.71   2.18  15.55   2.16
306F   0.03   0.07   0.04   1.77  -1.70
306E  11.06  13.26   2.20  13.69  -0.43
306D  11.94  14.19   2.25  14.46  -0.28
306K   9.74  11.69   1.94   9.83   1.86
306I   9.09   9.74   0.65   9.43   0.31
306H   6.35   7.09   0.74   7.43  -0.34
306N   7.40   9.38   1.98  10.03  -0.65
306M   3.72   3.63  -0.08   5.10  -1.47
306L   3.62   4.13   0.51   4.18  -0.05
306S  12.78  14.64   1.86  13.68   0.96
306R   7.38   8.33   0.94   6.88   1.45
306Q   9.26  10.69   1.43   8.74   1.96
306P  30.86  31.83   0.97  32.84  -1.01
306W   1.95   0.86  -1.09   1.81  -0.96
306V  13.35  14.50   1.14  13.52   0.98
306T  13.38  14.19   0.81  14.48  -0.29
