  G7  16.00  20.24   4.24   9.94  10.30
  G6  14.55  18.26   3.72  13.76   4.51
  G5  15.48  19.14   3.66   5.75  13.39
  G4   4.74   5.74   1.01 -12.55  18.30
  G3   5.71   3.42  -2.29  -7.99  11.41
  G2   4.48   3.12  -1.36  -5.54   8.66
  G1   6.16   8.75   2.59   4.87   3.88
  G9  10.65  14.07   3.42   7.49   6.58
  G8  16.11  22.04   5.93  16.66   5.38
  N6   7.03   9.41   2.38   5.96   3.45
  N7  17.79  22.17   4.38   8.07  14.09
  B4  12.82  12.35  -0.46  -2.52  14.87
  B5   2.01   1.55  -0.47   0.54   1.01
  B6  15.52  17.08   1.56   2.31  14.78
  B7  13.58  12.01  -1.57   3.18   8.83
  B2  13.89   8.04  -5.86   1.40   6.64
  B3  10.93  11.70   0.77   0.33  11.37
  B8   9.05  11.20   2.15  -4.72  15.92
  B9  13.39  16.42   3.03  -2.67  19.10
  N5   5.70   9.85   4.15   4.51   5.34
 P10   2.61   1.43  -1.18  -1.50   2.92
 P11   3.25   0.69  -2.56  -2.96   3.65
 P12  12.38   9.89  -2.49   9.40   0.49
  E9   3.83   6.91   3.08   6.10   0.82
  E8  13.19  16.92   3.73   7.56   9.36
  E5  10.25  12.66   2.41   5.97   6.69
  E4  13.05  15.44   2.40   5.92   9.53
  E7  10.50   9.66  -0.84   6.80   2.87
  E6  12.29  12.47   0.18   4.30   8.16
  E1   9.87  10.94   1.06   1.96   8.98
  P8   2.89   5.79   2.90   3.29   2.50
  E3  14.11  15.34   1.23  -5.70  21.04
  E2   7.38   8.51   1.13  -6.86  15.37
  P2   0.58  -1.55  -2.13  -5.96   4.40
  P3   3.12   3.14   0.02   2.23   0.91
  P1   9.13   5.95  -3.18   4.49   1.46
  P6   1.53   1.76   0.23  -7.19   8.95
  P7   1.38  -1.61  -2.99  -1.95   0.34
  P4   1.99  -1.08  -3.08  -4.42   3.33
  P5  24.91  27.18   2.26  20.73   6.45
 H10   4.88   2.45  -2.43  -7.34   9.79
 H11  31.06  29.17  -1.89  19.75   9.43
 H12   5.39   2.91  -2.48  -7.45  10.36
  P9   6.09   5.72  -0.37   0.72   5.00
 F12   4.25   0.67  -3.58  -9.93  10.60
 F10   5.25   2.69  -2.56  -6.98   9.67
 F11   4.93   2.42  -2.51  -4.56   6.98
 N12  18.86  21.78   2.91   7.35  14.43
  H8  34.80  39.34   4.54  25.12  14.22
  H9  28.96  33.57   4.61  19.37  14.21
  H6  21.12  23.49   2.37   8.78  14.71
  H7  32.31  37.28   4.98  24.00  13.28
  H4   6.87   6.47  -0.41  -0.36   6.83
  H5  20.13  22.19   2.06   7.71  14.48
 D10   6.18   8.62   2.44   7.46   1.16
 D11   1.90   2.89   0.99   0.14   2.75
 D12   8.12   8.04  -0.08  -2.21  10.25
 B12  17.21  17.27   0.06   2.53  14.75
 B10   7.84   7.74  -0.10  -6.50  14.25
 B11  18.72  20.62   1.91  -0.83  21.45
  Q8  15.81  17.84   2.03   5.85  11.99
  Q9   5.96   6.40   0.44   3.12   3.28
  C9   7.84   9.35   1.50   3.66   5.69
  C8   1.68   1.91   0.23   0.25   1.66
 Q11  -0.24  -2.32  -2.09   0.39  -2.71
 Q10   0.17  -1.78  -1.95  -4.91   3.12
 Q12  -0.12  -1.26  -1.13  -3.32   2.07
  C3  13.11  11.97  -1.14  -0.35  12.32
  C2  10.98  11.22   0.24  -3.15  14.37
  C1  27.43  27.61   0.18   8.26  19.34
  C7  17.07  20.22   3.15   8.75  11.47
  C6  15.77  17.29   1.51   7.08  10.21
  C5   4.07   5.64   1.56   4.89   0.74
  C4  14.20  14.77   0.57   3.85  10.92
 N10  17.95  22.17   4.22   8.77  13.40
  N8   6.11   6.97   0.86   4.15   2.82
  N9  13.11  12.31  -0.80   8.93   3.38
 N11  14.17  14.13  -0.04   3.40  10.73
 G12  17.30  20.38   3.08   7.75  12.63
 G11  13.49  14.30   0.81  -0.62  14.92
 G10  23.39  27.04   3.65  15.27  11.77
  F1  12.51  11.21  -1.30   2.89   8.31
  F2  11.52  10.86  -0.66   0.59  10.27
  F3   2.43   4.51   2.08   2.23   2.29
  F4  15.37  16.55   1.18  -4.35  20.90
  F5  11.97  11.28  -0.69   2.62   8.66
  F6  11.78  12.10   0.32   1.76  10.34
  F7  10.33   8.67  -1.66  -4.54  13.20
  F8  10.24   7.67  -2.58   0.61   7.06
  F9  10.44  12.13   1.69  -3.56  15.69
  Q1   7.19   9.75   2.56   6.49   3.27
  Q3   2.38   3.12   0.74  -4.64   7.76
  Q2   2.79   3.15   0.37   2.90   0.25
  Q5  -0.86  -1.63  -0.76   2.04  -3.67
  Q4   4.04   2.95  -1.09   1.35   1.60
  Q7  -0.79  -5.80  -5.01 -11.73   5.93
  Q6  -0.53  -3.97  -3.44  -9.87   5.90
 E11  13.22  14.74   1.52   4.69  10.05
 E10  11.73  13.83   2.10   0.94  12.90
 E12  13.67  16.62   2.95   6.46  10.16
 C12   8.57   6.78  -1.79   3.14   3.64
 C11  10.54  10.29  -0.25   0.48   9.81
 C10   7.07   8.07   1.00   4.12   3.96
 A11  12.84  16.77   3.93   0.59  16.19
 A10  13.87  11.35  -2.51  -8.76  20.12
 A12  14.86  13.83  -1.03  10.04   3.79
  A1   2.25   3.22   0.97  -8.70  11.92
  A3  13.86  15.33   1.47   2.41  12.92
  A2   3.12   4.27   1.15   1.70   2.57
  A5   3.70   0.52  -3.18  -5.74   6.26
  A4  15.14  16.83   1.69  11.08   5.75
  A7   0.53  -1.54  -2.07  -9.29   7.75
  A6   3.13   4.28   1.15   2.78   1.50
  A9  23.45  24.90   1.45  15.03   9.87
  A8   6.38   9.01   2.63   3.28   5.73
  D8  13.61  15.52   1.90   8.34   7.18
  D9   3.97   5.81   1.84   3.77   2.04
  D6  10.88   9.59  -1.29  -0.36   9.95
  D7  13.05  13.27   0.22   5.43   7.85
  D4  10.83  13.07   2.24  -2.23  15.30
  D5  10.42  10.87   0.45  -0.17  11.04
  D2   2.36   4.23   1.87   3.94   0.29
  D3  12.57  11.55  -1.02  -2.70  14.25
  D1   2.21   6.02   3.81   6.32  -0.30
