MUT	fa_rep:	ref:	fa_atr:	hbond_sc:	fa_sol:	yhh_planarity:	dslf_fa13:	fa_intra_sol_xover4:	omega:	p_aa_pp:	TOT	sugar_bb:	fa_intra_rep:	hbond_lr_bb:	hbond_sr_bb:	hbond_bb_sc:	fa_elec:	cart_bonded:	lk_ball_wtd:	fa_dun:	rama_prepro:
G7	0.3730	1.4740	0.0000	2.9400	-0.0010	0.0000	-0.0440	-0.0380	-0.0420	4.2440	0.0000	0.0000	-0.0210	0.0470	0.0350	0.0120	-0.9730	0.1950	0.6520	-0.3980	0.0350
G6	-1.1640	3.3300	0.0000	2.2180	0.0000	0.0000	-0.0420	0.0000	0.0000	3.7160	0.0000	0.0000	0.0000	0.0110	0.0000	0.0000	-0.8940	0.0000	0.2570	0.0000	0.0000
G5	1.6760	2.2110	0.0000	0.6910	0.0000	0.0000	-0.0540	0.0000	0.0000	3.6610	0.0000	0.0000	0.0000	0.0370	0.0000	0.0000	-1.1270	0.0000	0.2270	0.0000	0.0000
G4	3.3930	-4.6560	0.0000	3.2320	0.0000	0.0000	-0.0370	0.0000	0.0000	1.0080	0.0000	0.0000	0.0000	0.1110	0.0000	0.0000	-1.2320	0.0000	0.1970	0.0000	0.0000
G3	2.3090	-3.6900	0.0000	0.2090	0.0000	0.0000	-0.0490	0.0000	0.0000	-2.2890	0.0000	0.0000	0.0000	0.0400	0.0000	0.0000	-1.4570	0.0000	0.3490	0.0000	0.0000
G2	3.3540	-5.1800	0.0000	1.8230	0.0000	0.0000	-0.0270	0.0000	0.0000	-1.3600	0.0000	0.0000	0.0000	-0.0050	0.0000	0.0000	-1.3810	0.0000	0.0580	0.0000	0.0000
G1	-0.0020	-0.1700	0.0000	3.6040	0.0000	0.0000	-0.0370	0.0000	0.0000	2.5910	0.0000	0.0000	0.0000	0.0360	0.0000	0.0000	-1.2250	0.0000	0.3870	0.0000	0.0000
G9	0.4250	0.7400	0.0000	2.7940	0.0000	0.0000	-0.0410	0.0000	0.0000	3.4180	0.0000	0.0000	0.0000	0.0460	0.0000	0.0000	-1.1450	0.0000	0.5970	0.0000	0.0000
G8	-1.2180	3.0250	0.0000	4.8170	0.0000	0.0000	-0.0200	0.0000	0.0000	5.9260	0.0000	0.0000	0.0000	0.0270	0.0000	0.0000	-1.2830	0.0000	0.5810	0.0000	0.0000
N6	-0.5660	0.5090	0.0000	2.2040	0.0000	0.0000	-0.0230	0.0000	0.0000	2.3830	0.0000	0.0000	0.0000	-0.0010	0.0000	0.0000	-0.5200	0.0000	0.7810	0.0000	0.0000
N7	-0.0380	1.8990	0.0000	1.4390	0.0000	0.0000	-0.0770	0.0000	0.0000	4.3780	0.0000	0.0000	0.0000	0.0870	0.0000	0.0000	-0.0330	0.0000	1.1020	0.0000	0.0000
B4	3.6670	-4.3230	0.0000	1.6040	0.0000	0.0000	-0.0430	0.0000	0.0000	-0.4610	0.0000	0.0000	0.0000	0.0670	0.0000	0.0000	-1.4150	0.0000	-0.0220	0.0000	0.0000
B5	0.2290	-0.7730	0.0000	-0.2010	0.0000	0.0000	-0.0450	0.0000	0.0000	-0.4670	0.0000	0.0000	0.0000	0.0190	0.0000	0.0000	-0.4780	0.0000	0.7850	0.0000	0.0000
B6	3.2740	-5.0030	0.0000	0.5740	-0.2050	0.0020	-0.0360	-0.0620	0.0450	1.5580	0.0000	0.0000	-0.0130	0.0010	-0.0230	-0.1350	2.3500	0.3210	0.9340	-0.4280	-0.0410
B7	0.8330	-3.3680	0.0000	1.2000	0.0000	0.0000	-0.0140	0.0150	-0.0380	-1.5690	0.0000	0.0000	0.0050	0.0360	-0.0020	-0.0040	-0.8290	-0.0030	0.5790	0.0020	0.0160
B2	4.0880	-5.4120	0.0000	-5.0530	0.0000	0.0000	-0.0300	0.0000	0.0000	-5.8570	0.0000	0.0000	0.0000	0.0220	0.0000	0.0000	-0.2950	0.0000	0.8250	0.0000	0.0000
B3	1.5730	-2.2390	0.0000	1.4410	0.0000	0.0000	-0.0650	0.0000	0.0000	0.7700	0.0000	0.0000	0.0000	0.0730	0.0000	0.0000	-0.9840	0.0000	0.9730	0.0000	0.0000
B8	2.0000	-3.3420	0.0000	4.2810	0.0000	0.0000	0.0120	0.0000	0.0000	2.1520	0.0000	0.0000	0.0000	0.0110	0.0000	0.0000	-0.8840	0.0000	0.0740	0.0000	0.0000
B9	1.4630	-3.2850	0.0000	6.1630	0.0000	0.0000	-0.0220	0.0000	0.0000	3.0310	0.0000	0.0000	0.0000	0.0490	0.0000	0.0000	-1.1390	0.0000	-0.2000	0.0000	0.0000
N5	1.0530	1.3860	0.0000	2.3450	0.0000	0.0000	-0.0940	0.0000	0.0000	4.1530	0.0000	0.0000	0.0000	-0.9370	0.0000	0.0000	-0.1250	0.0000	0.5260	0.0000	0.0000
P10	1.1190	-2.3240	0.0000	-0.8030	0.0010	0.0020	-0.0230	0.0120	-0.0100	-1.1820	0.0000	0.0000	0.0150	0.0820	0.0020	0.0090	-0.2100	0.1070	0.8130	0.0270	-0.0010
P11	1.5090	-3.4140	0.0000	-1.1000	0.0000	0.0000	-0.0750	0.0000	0.0000	-2.5640	0.0000	0.0000	0.0000	0.0530	0.0000	0.0000	-0.4230	0.0000	0.8840	0.0000	0.0000
P12	0.8310	-2.1550	0.0000	-0.1990	0.0000	0.0000	-0.0760	0.0000	0.0000	-2.4880	0.0000	0.0000	0.0000	-1.3680	0.0000	0.0000	-0.8300	0.0000	1.3130	0.0000	0.0000
E9	-0.2920	0.3790	0.0000	3.8080	0.0060	-0.0030	-0.0040	0.0160	0.0190	3.0780	0.0000	0.0000	0.0270	0.0540	-0.0140	-0.0330	-1.3750	0.1020	0.3390	0.0660	-0.0160
E8	-0.7740	0.9920	0.0000	4.0810	0.0000	0.0000	-0.0190	0.0000	0.0000	3.7280	0.0000	0.0000	0.0000	0.0150	0.0000	0.0000	-1.1340	0.0000	0.5610	0.0000	0.0000
E5	-0.2280	0.1710	0.0000	3.0450	0.0000	0.0000	-0.0190	0.0000	0.0000	2.4070	0.0000	0.0000	0.0000	0.0350	0.0000	0.0000	-0.9690	0.0000	0.3710	0.0000	0.0000
E4	-1.2580	1.7350	0.0000	3.0070	0.0000	0.0000	-0.0080	0.0000	0.0000	2.4000	0.0000	0.0000	0.0000	-0.0010	0.0000	0.0000	-1.2900	0.0000	0.2130	0.0000	0.0000
E7	0.1550	-1.6750	0.0000	1.5290	0.0020	0.0000	-0.0230	-0.0430	0.0250	-0.8390	0.0000	0.0000	-0.0140	-0.0070	-0.0020	-0.0200	-1.1370	0.0370	0.3230	0.0030	0.0070
E6	0.4170	-0.8440	0.0000	0.8690	0.0030	-0.0010	-0.0150	0.0040	0.0100	0.1780	0.0000	0.0000	-0.0040	0.0280	-0.0010	-0.0260	-1.1550	0.0870	0.8010	0.0240	-0.0150
E1	0.5820	0.0720	0.0000	1.0470	0.0000	0.0000	-0.0240	0.0000	0.0000	1.0640	0.0000	0.0000	0.0000	0.0290	0.0000	0.0000	-1.4270	0.0000	0.7860	0.0000	0.0000
P8	0.5700	1.2650	0.0000	0.8190	0.0000	0.0000	-0.0300	0.0000	0.0000	2.8970	0.0000	0.0000	0.0000	0.0820	0.0000	0.0000	-0.1240	0.0000	0.3150	0.0000	0.0000
E3	3.0920	-2.2780	0.0000	0.9100	0.0010	-0.0020	-0.0340	-0.0020	-0.0040	1.2340	0.0000	0.0000	-0.0290	0.1360	-0.0020	-0.0300	-1.5330	0.1510	0.9010	-0.0490	0.0050
E2	1.8860	-3.2700	0.0000	3.1830	0.0000	0.0000	0.0140	0.0000	0.0000	1.1340	0.0000	0.0000	0.0000	0.0340	0.0000	0.0000	-0.8670	0.0000	0.1540	0.0000	0.0000
P2	3.2050	-4.9220	0.0000	0.0040	-0.0520	-0.0010	-0.1080	0.0680	-0.5010	-2.1340	0.0000	0.0000	0.5600	-0.0620	0.0750	0.4360	-0.1280	1.3830	0.0840	-1.9060	-0.2670
P3	3.5150	-3.5970	0.0000	-0.4840	0.0000	0.0000	-0.0660	0.0000	0.0000	0.0220	0.0000	0.0000	0.0000	0.0660	0.0000	0.0000	-0.4010	0.0000	0.9890	0.0000	0.0000
P1	2.4460	-2.6880	0.0000	-1.5230	0.0000	0.0000	-0.0120	0.0000	0.0000	-3.1780	0.0000	0.0000	0.0000	-1.4390	0.0000	0.0000	-1.1990	0.0000	1.2350	0.0000	0.0000
P6	1.9630	-2.7350	0.0000	-0.1740	0.0000	0.0000	-0.0980	0.0000	0.0000	0.2300	0.0000	0.0000	0.0000	0.0850	0.0000	0.0000	-0.0120	0.0000	1.2020	0.0000	0.0000
P7	1.5990	-4.0740	0.0000	-1.6240	0.0500	0.0100	-0.0900	-0.0270	-0.0040	-2.9880	0.0000	0.0000	0.0140	0.1090	0.0500	0.1040	0.0350	0.2450	0.6770	-0.0490	-0.0130
P4	2.3580	-4.9920	0.0000	-1.1160	0.0000	0.0000	-0.0290	0.0000	0.0000	-3.0770	0.0000	0.0000	0.0000	0.0350	0.0000	0.0000	-0.2460	0.0000	0.9130	0.0000	0.0000
P5	2.2020	-2.7350	0.0000	0.3980	0.0000	0.0000	-0.0440	0.0000	0.0000	2.2630	0.0000	0.0000	0.0000	0.0560	0.0000	0.0000	1.0910	0.0000	1.2960	0.0000	0.0000
H10	1.6690	-3.9360	0.0000	1.7710	0.0000	0.0010	-0.0240	-0.0350	0.0080	-2.4320	0.0000	0.0000	-0.0040	-0.9140	0.0030	-0.0030	-0.2460	-0.0170	-0.7150	-0.0020	0.0080
H11	0.9170	-4.2170	0.0000	4.5980	-0.0400	-0.0030	-0.0500	-0.3390	-0.0900	-1.8920	0.0000	0.0000	-0.1060	-2.1160	-0.0230	0.5270	-4.0580	-0.3250	0.0620	3.6690	-0.2950
H12	2.3150	-5.2250	0.0000	2.4520	0.0010	0.0010	-0.0320	-0.0160	-0.0170	-2.4830	0.0000	0.0000	0.0000	-0.9360	0.0130	-0.0120	-0.5010	-0.1210	-0.4380	0.0300	0.0040
P9	0.9380	-1.8730	0.0000	1.8470	-0.0190	0.0120	-0.0210	0.0740	0.0260	-0.3740	0.0000	0.0000	0.0260	-2.1360	0.0140	-0.1010	-1.6520	1.5430	0.8690	0.0720	0.0020
F12	2.2240	-4.4320	0.0000	-0.7770	0.0040	0.0010	-0.0220	0.0040	-0.0320	-3.5770	0.0000	0.0000	0.0230	0.0270	-0.0070	0.0120	-1.2780	-0.0710	0.6720	0.0780	-0.0060
F10	2.5150	-4.5960	0.0000	0.9710	0.0000	0.0000	-0.0320	0.0000	0.0000	-2.5630	0.0000	0.0000	0.0000	-0.0020	0.0000	0.0000	-1.3880	0.0000	-0.0280	0.0000	0.0000
F11	2.8190	-4.8230	0.0000	0.1740	0.0000	0.0000	0.0160	0.0000	0.0000	-2.5120	0.0000	0.0000	0.0000	-0.0020	0.0000	0.0000	-0.9240	0.0000	0.2300	0.0000	0.0000
N12	0.6100	1.0840	0.0000	0.6900	0.0000	0.0000	-0.0840	0.0000	0.0000	2.9130	0.0000	0.0000	0.0000	0.0400	0.0000	0.0000	-0.7340	0.0000	1.3050	0.0000	0.0000
H8	0.4420	1.6120	0.0000	3.2210	-0.0680	0.0000	-0.0740	0.0850	0.0040	4.5390	0.0000	0.0000	0.0530	-1.3160	-0.0030	-0.0620	-1.2800	1.0960	0.8520	-0.0050	-0.0200
H9	0.7210	1.9290	0.0000	0.9210	0.0000	0.0000	-0.1070	0.0000	0.0000	4.6130	0.0000	0.0000	0.0000	0.0800	0.0000	0.0000	-0.1430	0.0000	1.2080	0.0000	0.0000
H6	1.6190	-0.4840	0.0000	0.9370	0.0000	0.0000	-0.1260	0.0000	0.0000	2.3700	0.0000	0.0000	0.0000	0.0940	0.0000	0.0000	-1.0450	0.0000	1.3760	0.0000	0.0000
H7	0.4630	1.9530	0.0000	1.5060	0.0030	0.0000	-0.1080	0.0160	-0.0140	4.9750	0.0000	0.0000	0.0190	0.0770	-0.0090	-0.0120	-0.2890	0.1210	1.2430	-0.0020	0.0080
H4	-0.6860	1.3010	0.0000	-1.1480	0.0000	0.0000	0.0140	0.0000	0.0000	-0.4060	0.0000	0.0000	0.0000	-0.0150	0.0000	0.0000	-0.0290	0.0000	0.1590	0.0000	0.0000
H5	1.5770	-0.7850	0.0000	0.9990	0.0000	0.0000	-0.1310	0.0000	0.0000	2.0590	0.0000	0.0000	0.0000	0.1000	0.0000	0.0000	-1.0790	0.0000	1.3760	0.0000	0.0000
D10	0.0840	0.0670	0.0000	3.2130	0.0000	0.0000	-0.0270	0.0000	0.0000	2.4380	0.0000	0.0000	0.0000	0.0370	0.0000	0.0000	-1.3770	0.0000	0.4390	0.0000	0.0000
D11	0.6940	-0.7290	0.0000	1.8540	0.0000	0.0000	-0.0140	0.0000	0.0000	0.9900	0.0000	0.0000	0.0000	0.0470	0.0000	0.0000	-1.1530	0.0000	0.2910	0.0000	0.0000
D12	1.7060	-0.8070	0.0000	-0.5430	0.0000	0.0000	-0.0280	0.0000	0.0000	-0.0790	0.0000	0.0000	0.0000	0.0380	0.0000	0.0000	-1.1660	0.0000	0.7230	0.0000	0.0000
B12	2.2180	-3.9290	0.0000	1.6640	0.0000	0.0000	-0.0060	0.0000	0.0000	0.0640	0.0000	0.0000	0.0000	0.0220	0.0000	0.0000	-1.0530	0.0000	1.1480	0.0000	0.0000
B10	3.8610	-4.4840	0.0000	5.1610	0.9750	0.0100	0.2290	0.0390	0.0650	-0.0970	0.0000	0.0000	0.3870	0.1960	-0.1410	0.1650	-2.9030	-2.1080	1.9960	-2.7850	-0.7600
B11	4.6630	-4.2490	0.0000	1.3600	0.0000	0.0000	-0.0590	0.0000	0.0000	1.9080	0.0000	0.0000	0.0000	0.1890	0.0000	0.0000	-0.4570	0.0000	0.4610	0.0000	0.0000
Q8	1.3290	-1.2160	0.0000	0.6110	0.0000	0.0000	-0.0600	0.0000	0.0000	2.0280	0.0000	0.0000	0.0000	0.0110	0.0000	0.0000	0.2160	0.0000	1.1400	0.0000	0.0000
Q9	1.5800	-1.6160	0.0000	-0.1460	0.0000	0.0000	-0.0480	0.0000	0.0000	0.4410	0.0000	0.0000	0.0000	0.0200	0.0000	0.0000	-0.2910	0.0000	0.9410	0.0000	0.0000
C9	-0.7350	1.6750	0.0000	1.4380	0.0000	0.0000	-0.0060	0.0000	0.0000	1.5040	0.0000	0.0000	0.0000	0.0160	0.0000	0.0000	-1.1730	0.0000	0.2900	0.0000	0.0000
C8	0.1280	-0.7490	0.0000	1.7490	0.0020	0.0010	-0.0310	0.0150	0.0070	0.2270	0.0000	0.0000	-0.0120	0.0310	-0.0060	0.0200	-1.2390	0.1700	0.1640	-0.0300	0.0060
Q11	2.6760	-4.6800	0.0000	-0.6260	-0.0020	0.0000	-0.0740	0.0200	0.0010	-2.0860	0.0000	0.0000	-0.0140	0.0290	-0.0080	-0.0150	-0.3450	0.0180	0.9780	-0.0430	-0.0030
Q10	2.8910	-4.6130	0.0000	-2.2660	-0.0530	0.0020	-0.1010	-0.0140	-0.4900	-1.9520	0.0000	0.0000	0.5420	-0.0460	0.0660	0.2620	3.2460	1.5400	-0.3410	-2.2960	-0.2820
Q12	2.2340	-3.2850	0.0000	-0.7960	0.0000	0.0000	-0.0030	0.0000	0.0000	-1.1340	0.0000	0.0000	0.0000	0.0500	0.0000	0.0000	-0.3400	0.0000	1.0090	0.0000	0.0000
C3	2.8760	-3.7670	0.0000	-0.0570	0.0000	0.0000	-0.0440	0.0000	0.0000	-1.1410	0.0000	0.0000	0.0000	0.1150	0.0000	0.0000	-0.7850	0.0000	0.5190	0.0000	0.0000
C2	3.0870	-4.8830	0.0000	1.7360	0.0000	0.0000	-0.0130	0.0000	0.0000	0.2420	0.0000	0.0000	0.0000	0.0240	0.0000	0.0000	-0.7990	0.0000	1.0890	0.0000	0.0000
C1	4.3820	-4.8100	0.0000	0.7510	0.0000	0.0000	-0.0520	0.0000	0.0000	0.1760	0.0000	0.0000	0.0000	0.1160	0.0000	0.0000	-0.7630	0.0000	0.5510	0.0000	0.0000
C7	-1.2540	2.5010	0.0000	3.0940	0.0030	-0.0050	0.0220	0.0020	0.0530	3.1510	0.0000	0.0000	0.0320	0.0470	-0.0310	-0.0600	-1.3350	0.1390	-0.0830	0.0330	-0.0090
C6	-0.8610	2.2770	0.0000	1.5120	0.0000	0.0000	-0.0030	0.0000	0.0000	1.5150	0.0000	0.0000	0.0000	0.0050	0.0000	0.0000	-1.5580	0.0000	0.1440	0.0000	0.0000
C5	-0.8320	1.4910	0.0000	1.7390	0.0020	-0.0020	-0.0210	-0.0510	0.0500	1.5650	0.0000	0.0000	0.0060	0.0260	-0.0080	-0.0280	-1.1610	0.0590	0.2640	0.0270	0.0060
C4	0.2220	1.3740	0.0000	0.4820	0.0030	-0.0020	0.0150	-0.0170	0.0490	0.5700	0.0000	0.0000	0.0020	0.0370	-0.0160	-0.0220	-1.6690	0.0050	0.1230	0.0020	-0.0210
N10	0.5840	1.3970	0.0000	1.3760	0.0000	0.0000	-0.1120	0.0000	0.0000	4.2170	0.0000	0.0000	0.0000	0.1150	0.0000	0.0000	-0.2540	0.0000	1.1090	0.0000	0.0000
N8	1.1970	-0.5650	0.0000	1.0930	0.0020	0.0000	-0.0550	-0.0400	0.0110	0.8610	0.0000	0.0000	-0.0150	-0.8700	-0.0110	0.0040	0.2320	0.0580	-0.1330	-0.0400	-0.0050
N9	1.3570	-1.8080	0.0000	0.7380	0.0000	0.0000	-0.0480	0.0000	0.0000	-0.8030	0.0000	0.0000	0.0000	-0.8750	0.0000	0.0000	0.1620	0.0000	-0.3290	0.0000	0.0000
N11	1.7490	-0.5730	0.0000	-1.5220	-0.2420	-0.0030	-0.0340	-0.1690	-0.2480	-0.0400	0.0000	0.0000	0.1260	-1.4560	-0.0590	-0.1130	0.0060	0.6700	1.0870	0.7320	0.0070
G12	1.1530	0.4340	0.0000	2.5070	-0.0010	0.0010	-0.0340	0.0040	0.0050	3.0810	0.0000	0.0000	-0.0090	0.0240	-0.0020	-0.0140	-1.4490	0.0170	0.4890	-0.0380	-0.0050
G11	2.5010	-2.2770	0.0000	1.3700	0.0000	0.0000	-0.0510	0.0000	0.0000	0.8140	0.0000	0.0000	0.0000	0.0430	0.0000	0.0000	-1.5400	0.0000	0.7680	0.0000	0.0000
G10	-0.2340	1.9740	0.0000	2.5220	0.0000	0.0000	-0.0240	0.0000	0.0000	3.6520	0.0000	0.0000	0.0000	0.0380	0.0000	0.0000	-1.0780	0.0000	0.4530	0.0000	0.0000
F1	1.5160	-2.1200	0.0000	0.4390	0.0000	0.0000	-0.0250	0.0000	0.0000	-1.3020	0.0000	0.0000	0.0000	-0.0060	0.0000	0.0000	-1.4810	0.0000	0.3750	0.0000	0.0000
F2	0.5650	-1.2090	0.0000	0.3310	0.0000	0.0000	-0.0140	0.0000	0.0000	-0.6590	0.0000	0.0000	0.0000	0.0210	0.0000	0.0000	-1.0910	0.0000	0.7420	0.0000	0.0000
F3	0.0330	-0.5750	0.0000	3.3660	0.0040	-0.0030	-0.0190	0.0180	-0.0340	2.0830	0.0000	0.0000	0.0340	0.0720	-0.0090	-0.0470	-1.3220	0.1210	0.3410	0.0990	0.0010
F4	4.1100	-5.1540	0.0000	2.1660	0.0820	-0.0080	-0.0860	0.1290	-0.0010	1.1820	0.0000	0.0000	-0.0360	0.0420	-0.0910	-0.2060	-1.2450	-1.2870	-0.1900	3.2520	-0.2940
F5	-0.5400	0.4550	0.0000	0.6540	0.0020	0.0000	-0.0290	-0.0090	-0.0080	-0.6910	0.0000	0.0000	-0.0010	0.0140	0.0110	0.0030	-1.4880	0.0230	0.2390	-0.0170	0.0000
F6	0.1570	0.0870	0.0000	0.9790	0.0000	0.0000	-0.0320	0.0000	0.0000	0.3210	0.0000	0.0000	0.0000	0.0220	0.0000	0.0000	-1.2730	0.0000	0.3820	0.0000	0.0000
F7	0.5920	-1.4630	0.0000	-0.4430	0.0010	0.0000	-0.0330	-0.0440	0.0290	-1.6590	0.0000	0.0000	0.0050	0.0230	-0.0280	-0.0260	-1.2130	0.2220	0.7540	-0.0720	0.0340
F8	1.6430	-2.5610	0.0000	-0.5120	0.0000	0.0000	-0.0130	0.0000	0.0000	-2.5760	0.0000	0.0000	0.0000	-0.0110	0.0000	0.0000	-1.4070	0.0000	0.2850	0.0000	0.0000
F9	0.8180	-2.9060	0.0000	4.4350	0.0000	0.0000	0.0390	0.0000	0.0000	1.6890	0.0000	0.0000	0.0000	0.0080	0.0000	0.0000	-0.7010	0.0000	-0.0040	0.0000	0.0000
Q1	1.1020	0.5030	0.0000	0.0100	0.0020	-0.0010	-0.0900	-0.0120	-0.0250	2.5620	0.0000	0.0000	0.0020	0.0850	-0.0120	-0.0010	-0.1970	0.0330	1.1210	0.0340	0.0080
Q3	1.0450	-1.7600	0.0000	0.5100	0.0000	0.0000	-0.0910	0.0000	0.0000	0.7360	0.0000	0.0000	0.0000	0.0830	0.0000	0.0000	-0.2490	0.0000	1.1950	0.0000	0.0000
Q2	1.5890	-2.0290	0.0000	0.5170	-0.0010	0.0010	-0.0480	-0.0070	0.0360	0.3660	0.0000	0.0000	0.0040	0.0100	0.0020	0.0040	-0.3750	-0.0760	0.7560	-0.0280	0.0090
Q5	2.1880	-3.3020	0.0000	-0.4450	0.0000	0.0000	-0.0210	0.0000	0.0000	-0.7630	0.0000	0.0000	0.0000	0.0490	0.0000	0.0000	-0.1160	0.0000	0.8820	0.0000	0.0000
Q4	1.3790	-2.8510	0.0000	1.3030	-0.0640	-0.0010	-0.0450	0.0740	-0.0120	-1.0950	0.0000	0.0000	0.0210	-1.3450	-0.0180	-0.0660	-1.3190	0.8770	0.8470	0.1200	0.0070
Q7	2.7080	-6.9160	0.0000	-1.3000	0.0000	0.0000	-0.0670	0.0000	0.0000	-5.0120	0.0000	0.0000	0.0000	0.0680	0.0000	0.0000	-0.1060	0.0000	0.6010	0.0000	0.0000
Q6	3.0740	-5.7160	0.0000	-1.3850	0.0000	0.0000	-0.0700	0.0000	0.0000	-3.4420	0.0000	0.0000	0.0000	0.0300	0.0000	0.0000	-0.3090	0.0000	0.9340	0.0000	0.0000
E11	-1.0450	1.2840	0.0000	2.3480	0.0060	-0.0040	0.0160	-0.0310	0.0390	1.5230	0.0000	0.0000	0.0040	0.0440	-0.0240	-0.0640	-1.4480	0.1350	0.1630	0.0580	0.0430
E10	2.4820	-2.7790	0.0000	2.5310	0.0000	0.0000	-0.0390	0.0000	0.0000	2.0970	0.0000	0.0000	0.0000	0.0830	0.0000	0.0000	-0.7380	0.0000	0.5550	0.0000	0.0000
E12	-0.4020	0.8230	0.0000	3.4230	0.0000	0.0000	-0.0190	0.0000	0.0000	2.9520	0.0000	0.0000	0.0000	0.0130	0.0000	0.0000	-1.2830	0.0000	0.3960	0.0000	0.0000
C12	-0.0550	-1.2080	0.0000	0.3430	0.0000	0.0000	-0.0210	0.0000	0.0000	-1.7860	0.0000	0.0000	0.0000	-0.0080	0.0000	0.0000	-1.0290	0.0000	0.1970	0.0000	0.0000
C11	0.5490	-0.5980	0.0000	0.0930	0.0000	0.0000	-0.0150	0.0000	0.0000	-0.2500	0.0000	0.0000	0.0000	0.0270	0.0000	0.0000	-1.0830	0.0000	0.7780	0.0000	0.0000
C10	-0.5130	0.4340	0.0000	1.9770	0.0000	0.0000	-0.0180	0.0000	0.0000	0.9990	0.0000	0.0000	0.0000	0.0300	0.0000	0.0000	-1.2000	0.0000	0.2890	0.0000	0.0000
A11	1.4260	0.4210	0.0000	-0.0260	0.0000	0.0000	-0.0660	0.0000	0.0000	3.9320	0.0000	0.0000	0.0000	0.1710	0.0000	0.0000	0.5070	0.0000	1.4990	0.0000	0.0000
A10	3.5610	-6.4400	0.0000	1.6440	0.0000	0.0000	-0.0260	-0.0030	0.0080	-2.5140	0.0000	0.0000	-0.0110	0.0320	0.0030	-0.0090	-1.5810	0.0240	0.2940	-0.0170	0.0060
A12	-1.7490	2.2270	0.0000	2.2710	-0.0050	-0.0050	0.0060	0.0670	-0.2810	-1.0270	0.0000	0.0000	0.1030	-1.2280	-0.1120	0.0550	-1.6720	0.1090	1.3320	-2.3950	0.2510
A1	1.2800	-1.5090	0.0000	-1.0240	0.0870	0.0020	-0.2560	0.0180	0.0350	0.9710	0.0000	0.0000	-0.0100	-0.9240	0.0020	-0.0010	0.6230	0.8200	1.8090	0.0110	0.0100
A3	1.5550	-0.8470	0.0000	0.2740	0.0030	-0.0010	-0.1210	0.0220	0.0050	1.4730	0.0000	0.0000	-0.0030	0.1000	-0.0070	0.0040	-1.0180	0.0200	1.4710	0.0030	0.0130
A2	0.4130	-0.9890	0.0000	1.2520	0.0000	0.0000	-0.0330	0.0000	0.0000	1.1510	0.0000	0.0000	0.0000	0.0050	0.0000	0.0000	-0.6830	0.0000	1.1850	0.0000	0.0000
A5	1.4010	-3.3020	0.0000	-0.2900	0.0000	0.0000	-0.0780	0.0000	0.0000	-3.1750	0.0000	0.0000	0.0000	-1.3600	0.0000	0.0000	-0.8740	0.0000	1.3280	0.0000	0.0000
A4	0.6580	1.6370	0.0000	-1.1160	0.0010	-0.0010	-0.0410	-0.0190	-0.0010	1.6930	0.0000	0.0000	-0.0160	0.0880	-0.0030	0.0030	0.4920	0.0210	-0.0410	0.0460	-0.0160
A7	0.8990	-4.5020	0.0000	-0.8730	0.0000	0.0000	-0.0340	0.0000	0.0000	-2.0680	0.0000	0.0000	0.0000	0.0670	0.0000	0.0000	1.2060	0.0000	1.1660	0.0000	0.0000
A6	0.4170	-0.9970	0.0000	1.2470	0.0000	0.0000	-0.0350	0.0000	0.0000	1.1490	0.0000	0.0000	0.0000	0.0040	0.0000	0.0000	-0.6760	0.0000	1.1890	0.0000	0.0000
A9	-0.0520	0.4440	0.0000	1.8560	0.0000	0.0000	-0.0980	0.0000	0.0000	1.4480	0.0000	0.0000	0.0000	-1.3560	0.0000	0.0000	-0.5510	0.0000	1.2040	0.0000	0.0000
A8	1.1300	2.1930	0.0000	-0.7540	0.0000	0.0000	-0.0630	0.0000	0.0000	2.6320	0.0000	0.0000	0.0000	0.1120	0.0000	0.0000	0.2210	0.0000	-0.2060	0.0000	0.0000
D8	0.0140	0.6720	0.0000	2.3060	0.0000	0.0000	-0.0280	0.0000	0.0000	1.9040	0.0000	0.0000	0.0000	0.0110	0.0000	0.0000	-1.5250	0.0000	0.4560	0.0000	0.0000
D9	0.1600	-0.3370	0.0000	2.9170	0.0020	0.0000	-0.0630	0.0280	0.0450	1.8400	0.0000	0.0000	0.0030	0.0490	-0.0020	-0.0010	-1.3270	0.0900	0.3720	-0.0700	-0.0220
D6	0.7600	-1.5710	0.0000	0.1180	-0.0020	0.0000	-0.0280	0.0060	-0.0110	-1.2890	0.0000	0.0000	0.0130	0.0240	0.0050	0.0020	-1.2390	-0.1060	0.7520	-0.0240	0.0120
D7	0.4220	0.1330	0.0000	0.2020	0.0000	0.0000	-0.0100	0.0000	0.0000	0.2220	0.0000	0.0000	0.0000	0.0330	0.0000	0.0000	-1.3630	0.0000	0.8060	0.0000	0.0000
D4	1.1150	-3.0150	0.0000	5.1870	0.0000	0.0000	-0.0030	0.0000	0.0000	2.2450	0.0000	0.0000	0.0000	0.0300	0.0000	0.0000	-0.9310	0.0000	-0.1380	0.0000	0.0000
D5	2.7880	-3.9490	0.0000	1.8200	0.0020	0.0010	-0.0720	0.0300	-0.0650	0.4480	0.0000	0.0000	0.0130	0.0270	0.0040	0.0290	-0.6990	-0.0140	0.4410	0.0970	-0.0050
D2	-0.4550	0.7020	0.0000	2.4670	0.0000	0.0000	-0.0320	0.0000	0.0000	1.8670	0.0000	0.0000	0.0000	0.0330	0.0000	0.0000	-1.1710	0.0000	0.3240	0.0000	0.0000
D3	2.7900	-3.8770	0.0000	0.2510	0.0030	-0.0010	-0.0260	-0.0070	0.0220	-1.0200	0.0000	0.0000	-0.0340	0.1240	-0.0110	-0.0240	-0.6700	-0.0830	0.4870	0.0130	0.0230
D1	-0.7800	1.4330	0.0000	3.6850	0.0040	-0.0050	0.0110	-0.0340	0.0510	3.8100	0.0000	0.0000	0.0120	0.0590	-0.0130	-0.0710	-1.1570	0.2650	0.3500	0.0020	-0.0010
