MUT	fa_rep:	ref:	fa_atr:	hbond_sc:	fa_sol:	yhh_planarity:	dslf_fa13:	fa_intra_sol_xover4:	omega:	p_aa_pp:	TOT	sugar_bb:	fa_intra_rep:	hbond_lr_bb:	hbond_sr_bb:	hbond_bb_sc:	fa_elec:	cart_bonded:	lk_ball_wtd:	fa_dun:	rama_prepro:
G7	2.1960	-69.3180	0.0000	49.7570	0.0000	0.0000	-3.7400	0.0000	0.0000	-45.6380	0.0000	0.0000	0.0000	-2.7280	0.0000	0.0000	-13.9120	0.0000	-7.8940	0.0000	0.0000
G6	2.3620	-68.0320	0.0000	50.3210	0.0000	0.0000	-3.6990	0.0000	0.0000	-41.9050	0.0000	0.0000	0.0000	-2.5730	0.0000	0.0000	-12.5090	0.0000	-7.7740	0.0000	0.0000
G5	2.6300	-67.9280	0.0000	48.4190	0.0000	0.0000	-3.7670	0.0000	0.0000	-44.2690	0.0000	0.0000	0.0000	-2.4600	0.0000	0.0000	-13.5930	0.0000	-7.5710	0.0000	0.0000
G4	5.8670	-67.2910	0.0000	46.8670	0.0000	0.0000	-2.4680	0.0000	0.0000	-43.3750	0.0000	0.0000	0.0000	-4.3490	0.0000	0.0000	-15.3870	0.0000	-6.6140	0.0000	0.0000
G3	5.1520	-74.8590	0.0000	48.1160	0.0000	0.0000	-3.7440	0.0000	0.0000	-49.4500	0.0000	0.0000	0.0000	-2.5220	0.0000	0.0000	-13.6470	0.0000	-7.9470	0.0000	0.0000
G2	4.7500	-74.3130	0.0000	49.0050	0.0000	0.0000	-3.7390	0.0000	0.0000	-48.5090	0.0000	0.0000	0.0000	-2.5020	0.0000	0.0000	-13.6510	0.0000	-8.0600	0.0000	0.0000
G1	2.4790	-69.5580	0.0000	49.6070	0.0000	0.0000	-3.7460	0.0000	0.0000	-45.0380	0.0000	0.0000	0.0000	-2.6610	0.0000	0.0000	-13.2030	0.0000	-7.9570	0.0000	0.0000
G9	2.6110	-69.3990	0.0000	49.1520	0.0000	0.0000	-3.7460	0.0000	0.0000	-45.0590	0.0000	0.0000	0.0000	-2.6640	0.0000	0.0000	-13.0080	0.0000	-8.0030	0.0000	0.0000
G8	2.0590	-68.5910	0.0000	50.5550	0.0000	0.0000	-3.7300	0.0000	0.0000	-44.4850	0.0000	0.0000	0.0000	-2.8310	0.0000	0.0000	-14.0670	0.0000	-7.8810	0.0000	0.0000
N6	2.9380	-69.2060	0.0000	48.5070	0.0000	0.0000	-3.7510	0.0000	0.0000	-43.7290	0.0000	0.0000	0.0000	-1.2590	0.0000	0.0000	-12.9710	0.0000	-7.9880	0.0000	0.0000
N7	2.7110	-70.2630	0.0000	51.1080	0.0000	0.0000	-3.7510	0.0000	0.0000	-44.5570	0.0000	0.0000	0.0000	-3.0340	0.0000	0.0000	-13.1860	0.0000	-8.1420	0.0000	0.0000
B4	4.1790	-75.1600	0.0000	50.8410	0.0000	0.0000	-3.7400	0.0000	0.0000	-47.8450	0.0000	0.0000	0.0000	-1.3940	0.0000	0.0000	-13.9420	0.0000	-8.6280	0.0000	0.0000
B5	3.2790	-69.7780	0.0000	46.6400	0.0000	0.0000	-3.7500	0.0000	0.0000	-45.4900	0.0000	0.0000	0.0000	-1.2840	0.0000	0.0000	-12.6770	0.0000	-7.9200	0.0000	0.0000
B6	3.8750	-66.3970	0.0000	46.8650	0.0000	0.0000	-2.5490	0.0000	0.0000	-44.3000	0.0000	0.0000	0.0000	-4.4380	0.0000	0.0000	-14.9260	0.0000	-6.7290	0.0000	0.0000
B7	4.2480	-71.6950	0.0000	48.9330	0.0000	0.0000	-3.7530	0.0000	0.0000	-45.8350	0.0000	0.0000	0.0000	-2.4780	0.0000	0.0000	-13.3480	0.0000	-7.7410	0.0000	0.0000
B1	3.1780	-68.5170	0.0000	45.8550	0.0000	0.0000	-3.7720	0.0000	0.0000	-45.8080	0.0000	0.0000	0.0000	-1.4050	0.0000	0.0000	-12.7340	0.0000	-8.4130	0.0000	0.0000
B2	3.3500	-63.7220	0.0000	43.3100	0.0000	0.0000	-3.4690	0.0000	0.0000	-43.4110	0.0000	0.0000	0.0000	-2.1300	0.0000	0.0000	-13.2880	0.0000	-7.4600	0.0000	0.0000
B3	3.7620	-73.7220	0.0000	50.7160	0.0000	0.0000	-3.6910	0.0000	0.0000	-48.4840	0.0000	0.0000	0.0000	-2.7950	0.0000	0.0000	-14.8800	0.0000	-7.8730	0.0000	0.0000
B8	6.4650	-73.1290	0.0000	47.7880	0.0000	0.0000	-3.7470	0.0000	0.0000	-46.4590	0.0000	0.0000	0.0000	-2.6980	0.0000	0.0000	-13.8530	0.0000	-7.2830	0.0000	0.0000
B9	3.7630	-66.4350	0.0000	46.8420	0.0000	0.0000	-2.5580	0.0000	0.0000	-44.1170	0.0000	0.0000	0.0000	-4.4080	0.0000	0.0000	-14.6850	0.0000	-6.6350	0.0000	0.0000
N5	3.3610	-70.4370	0.0000	49.2960	0.0000	0.0000	-3.7460	0.0000	0.0000	-43.3670	0.0000	0.0000	0.0000	-1.2840	0.0000	0.0000	-11.9800	0.0000	-8.5770	0.0000	0.0000
P10	3.3760	-71.4760	0.0000	48.1130	0.0000	0.0000	-3.7510	0.0000	0.0000	-47.5310	0.0000	0.0000	0.0000	-2.9160	0.0000	0.0000	-13.2660	0.0000	-7.6110	0.0000	0.0000
P11	3.3460	-70.8700	0.0000	46.4140	0.0000	0.0000	-3.7580	0.0000	0.0000	-46.7650	0.0000	0.0000	0.0000	-1.3050	0.0000	0.0000	-12.7320	0.0000	-7.8600	0.0000	0.0000
P12	3.3990	-71.6710	0.0000	48.3060	0.0000	0.0000	-3.6660	0.0000	0.0000	-45.5580	0.0000	0.0000	0.0000	-1.4440	0.0000	0.0000	-12.7460	0.0000	-7.7370	0.0000	0.0000
E9	2.7300	-69.6350	0.0000	48.0810	0.0080	-0.0380	-3.7640	0.0170	-0.0260	-46.4240	0.0000	0.0000	-0.0240	-1.9870	0.0720	-0.0540	-13.2250	-0.1500	-7.9250	-0.5410	0.0370
E8	2.5170	-69.1290	0.0000	50.3410	0.0000	0.0000	-3.7690	0.0000	0.0000	-44.0280	0.0000	0.0000	0.0000	-2.6010	0.0000	0.0000	-13.6920	0.0000	-7.6960	0.0000	0.0000
E5	2.5200	-69.3560	0.0000	49.7640	0.0000	0.0000	-3.7610	0.0000	0.0000	-44.9290	0.0000	0.0000	0.0000	-2.6150	0.0000	0.0000	-13.6580	0.0000	-7.8240	0.0000	0.0000
E4	2.5710	-68.6410	0.0000	49.6950	0.0000	0.0000	-3.7540	0.0000	0.0000	-44.3030	0.0000	0.0000	0.0000	-2.6200	0.0000	0.0000	-13.6120	0.0000	-7.9420	0.0000	0.0000
E7	2.5740	-69.2420	0.0000	47.8310	0.0000	0.0000	-3.7510	0.0000	0.0000	-46.3730	0.0000	0.0000	0.0000	-2.5160	0.0000	0.0000	-13.6280	0.0000	-7.6410	0.0000	0.0000
E6	4.1370	-70.3380	0.0000	48.3400	0.0000	0.0000	-3.7520	0.0000	0.0000	-44.8130	0.0000	0.0000	0.0000	-2.6210	0.0000	0.0000	-13.1100	0.0000	-7.4680	0.0000	0.0000
E1	2.5660	-69.8960	0.0000	49.7970	0.0000	0.0000	-3.7660	0.0000	0.0000	-45.3470	0.0000	0.0000	0.0000	-2.6150	0.0000	0.0000	-13.6490	0.0000	-7.7820	0.0000	0.0000
P8	3.2720	-70.4270	0.0000	49.3000	0.0000	0.0000	-3.7540	0.0000	0.0000	-45.4790	0.0000	0.0000	0.0000	-2.9380	0.0000	0.0000	-13.1520	0.0000	-7.7780	0.0000	0.0000
E3	4.0860	-65.0000	0.0000	46.2860	0.0000	0.0000	-2.5290	0.0000	0.0000	-43.4460	0.0000	0.0000	0.0000	-4.4300	0.0000	0.0000	-15.0990	0.0000	-6.7620	0.0000	0.0000
E2	3.0230	-71.4900	0.0000	49.7000	0.0000	0.0000	-3.7860	0.0000	0.0000	-45.9150	0.0000	0.0000	0.0000	-2.6620	0.0000	0.0000	-13.0760	0.0000	-7.6240	0.0000	0.0000
P2	3.5460	-71.9430	0.0000	48.2970	0.0000	0.0000	-3.7720	0.0000	0.0000	-47.7840	0.0000	0.0000	0.0000	-2.9090	0.0000	0.0000	-13.1920	0.0000	-7.8120	0.0000	0.0000
P3	4.2290	-72.8400	0.0000	47.9900	0.0000	0.0000	-3.7620	0.0000	0.0000	-48.4600	0.0000	0.0000	0.0000	-2.9450	0.0000	0.0000	-13.5030	0.0000	-7.6310	0.0000	0.0000
P1	3.8730	-72.5360	0.0000	47.8710	0.0000	0.0000	-3.7650	0.0000	0.0000	-48.8430	0.0000	0.0000	0.0000	-2.9570	0.0000	0.0000	-13.4730	0.0000	-7.8560	0.0000	0.0000
P6	3.6610	-70.7880	0.0000	47.2540	0.0000	0.0000	-3.7730	0.0000	0.0000	-45.3350	0.0000	0.0000	0.0000	-1.3210	0.0000	0.0000	-12.4970	0.0000	-7.8700	0.0000	0.0000
P7	3.1980	-65.6020	0.0000	41.6730	-0.0440	0.0460	-3.8480	0.3290	0.0920	-42.8100	0.0000	0.0000	-0.1040	-2.7990	0.0950	-0.0120	-8.1930	-0.6630	-6.8660	-0.1570	0.0460
P4	3.4850	-71.8350	0.0000	48.2380	0.0000	0.0000	-3.7540	0.0000	0.0000	-47.7490	0.0000	0.0000	0.0000	-2.9380	0.0000	0.0000	-13.2270	0.0000	-7.7170	0.0000	0.0000
P5	3.9630	-71.7000	0.0000	48.9820	0.0000	0.0000	-3.7540	0.0000	0.0000	-46.4180	0.0000	0.0000	0.0000	-2.9490	0.0000	0.0000	-13.1740	0.0000	-7.7850	0.0000	0.0000
H10	3.5000	-72.3760	0.0000	49.2590	0.0000	0.0000	-3.7610	0.0000	0.0000	-47.8220	0.0000	0.0000	0.0000	-2.8280	0.0000	0.0000	-13.7250	0.0000	-7.8910	0.0000	0.0000
H11	3.3640	-74.5030	0.0000	49.7780	0.0000	0.0000	-3.7600	0.0000	0.0000	-47.5300	0.0000	0.0000	0.0000	-1.3840	0.0000	0.0000	-11.8280	0.0000	-9.1980	0.0000	0.0000
H12	3.5780	-74.6920	0.0000	51.7110	0.0000	0.0000	-3.8100	0.0000	0.0000	-47.1790	0.0000	0.0000	0.0000	-2.9130	0.0000	0.0000	-12.1080	0.0000	-8.9440	0.0000	0.0000
P9	2.6070	-72.9040	0.0000	51.2290	0.0000	0.0000	-3.7220	0.0000	0.0000	-47.7940	0.0000	0.0000	0.0000	-2.9690	0.0000	0.0000	-13.7980	0.0000	-8.2370	0.0000	0.0000
F12	6.4770	-72.8660	0.0000	47.4410	0.0000	0.0000	-3.7860	0.0000	0.0000	-46.6410	0.0000	0.0000	0.0000	-2.2760	0.0000	0.0000	-13.8570	0.0000	-7.7740	0.0000	0.0000
F10	4.6770	-73.5880	0.0000	48.2000	0.0000	0.0000	-3.7210	0.0000	0.0000	-48.7740	0.0000	0.0000	0.0000	-2.5220	0.0000	0.0000	-13.7130	0.0000	-8.1060	0.0000	0.0000
F11	3.6530	-72.9140	0.0000	48.8880	0.0000	0.0000	-3.7300	0.0000	0.0000	-47.0090	0.0000	0.0000	0.0000	-2.4130	0.0000	0.0000	-12.5940	0.0000	-7.8990	0.0000	0.0000
N12	3.5790	-68.2860	0.0000	47.0340	0.0000	0.0000	-3.7610	0.0000	0.0000	-43.2630	0.0000	0.0000	0.0000	-1.3110	0.0000	0.0000	-12.4720	0.0000	-8.0480	0.0000	0.0000
H8	3.1730	-68.5060	0.0000	47.0730	0.0000	0.0000	-3.7420	0.0000	0.0000	-43.6720	0.0000	0.0000	0.0000	-1.3750	0.0000	0.0000	-12.3710	0.0000	-7.9240	0.0000	0.0000
H9	3.1220	-68.5790	0.0000	46.8990	0.0000	0.0000	-3.7400	0.0000	0.0000	-43.9490	0.0000	0.0000	0.0000	-1.3740	0.0000	0.0000	-12.3510	0.0000	-7.9270	0.0000	0.0000
H6	3.2440	-68.1760	0.0000	47.1370	-0.0110	-0.0030	-3.8130	0.0060	-0.0280	-43.7490	0.0000	0.0000	0.0210	-1.2950	0.0230	-0.0170	-12.5890	-0.0960	-7.7380	-0.4500	0.0350
H7	3.1770	-68.6900	0.0000	47.3830	0.0000	0.0000	-3.7630	0.0000	0.0000	-43.6550	0.0000	0.0000	0.0000	-1.3640	0.0000	0.0000	-12.4550	0.0000	-7.9450	0.0000	0.0000
H4	2.5350	-67.7080	0.0000	47.7150	-0.0020	-0.0080	-3.7680	0.0010	0.0240	-42.8510	0.0000	0.0000	0.0000	-1.4730	-0.0040	-0.0090	-12.1320	0.0930	-8.0930	-0.0210	0.0000
H5	2.7530	-68.5640	0.0000	47.8070	0.0490	0.0000	-3.7410	-0.2260	-0.0020	-44.2390	0.0000	0.0000	0.0420	-1.2990	-0.0020	-0.3100	-12.9040	0.0740	-7.9270	0.0280	-0.0150
D10	2.4810	-69.7030	0.0000	49.5640	0.0000	0.0000	-3.7600	0.0000	0.0000	-45.6010	0.0000	0.0000	0.0000	-2.6070	0.0000	0.0000	-13.7710	0.0000	-7.8050	0.0000	0.0000
D11	2.8930	-69.5600	0.0000	47.8780	-0.0060	-0.0590	-3.7600	0.0330	-0.0440	-46.5880	0.0000	0.0000	0.0290	-1.9200	0.0760	-0.0280	-13.2480	-0.2980	-7.9780	-0.6550	0.0620
D12	2.6000	-70.3640	0.0000	47.0960	0.0000	0.0000	-3.7380	0.0000	0.0000	-48.2250	0.0000	0.0000	0.0000	-2.5210	0.0000	0.0000	-13.6970	0.0000	-7.6010	0.0000	0.0000
B12	3.6720	-65.8620	0.0000	46.5970	0.0000	0.0000	-2.5290	0.0000	0.0000	-44.1480	0.0000	0.0000	0.0000	-4.4180	0.0000	0.0000	-15.0030	0.0000	-6.6060	0.0000	0.0000
B10	3.7010	-66.2290	0.0000	46.7460	0.0000	0.0000	-2.5500	0.0000	0.0000	-44.1800	0.0000	0.0000	0.0000	-4.3650	0.0000	0.0000	-14.6800	0.0000	-6.8030	0.0000	0.0000
B11	3.9960	-66.7300	0.0000	46.9390	0.0000	0.0000	-2.5610	0.0000	0.0000	-44.0610	0.0000	0.0000	0.0000	-4.3800	0.0000	0.0000	-14.6590	0.0000	-6.6670	0.0000	0.0000
Q8	3.4060	-72.5340	0.0000	49.6560	0.0000	0.0000	-3.7530	0.0000	0.0000	-48.2980	0.0000	0.0000	0.0000	-2.9640	0.0000	0.0000	-14.1270	0.0000	-7.9830	0.0000	0.0000
Q9	3.7250	-71.1360	0.0000	47.5710	0.0000	0.0000	-3.7760	0.0000	0.0000	-45.5990	0.0000	0.0000	0.0000	-1.3030	0.0000	0.0000	-12.9210	0.0000	-7.7600	0.0000	0.0000
C9	2.5810	-68.6160	0.0000	49.5350	0.0000	0.0000	-3.7550	0.0000	0.0000	-44.4330	0.0000	0.0000	0.0000	-2.6060	0.0000	0.0000	-13.6830	0.0000	-7.8900	0.0000	0.0000
C8	2.7890	-70.0660	0.0000	48.5620	0.0000	0.0000	-3.7650	0.0000	0.0000	-46.4860	0.0000	0.0000	0.0000	-2.6040	0.0000	0.0000	-13.6620	0.0000	-7.7380	0.0000	0.0000
Q11	3.5190	-71.2970	0.0000	46.5490	0.0000	0.0000	-3.7660	0.0000	0.0000	-47.0350	0.0000	0.0000	0.0000	-1.3100	0.0000	0.0000	-12.8430	0.0000	-7.8870	0.0000	0.0000
Q10	3.5420	-71.9940	0.0000	48.3380	0.0000	0.0000	-3.7580	0.0000	0.0000	-47.8400	0.0000	0.0000	0.0000	-2.9430	0.0000	0.0000	-13.2890	0.0000	-7.7350	0.0000	0.0000
Q12	3.5100	-72.0130	0.0000	48.2350	0.0000	0.0000	-3.7370	0.0000	0.0000	-47.9110	0.0000	0.0000	0.0000	-2.9420	0.0000	0.0000	-13.2730	0.0000	-7.6920	0.0000	0.0000
C3	3.6150	-65.7010	0.0000	46.4650	0.0000	0.0000	-2.5370	0.0000	0.0000	-44.0430	0.0000	0.0000	0.0000	-4.3560	0.0000	0.0000	-14.9490	0.0000	-6.5800	0.0000	0.0000
C2	3.7190	-66.4250	0.0000	47.0170	0.0000	0.0000	-2.5570	0.0000	0.0000	-43.8840	0.0000	0.0000	0.0000	-4.3810	0.0000	0.0000	-14.8130	0.0000	-6.4440	0.0000	0.0000
C1	11.3770	-76.5030	0.0000	54.3820	-0.0130	-0.0580	-4.7980	-1.4430	0.2180	-44.3100	0.0000	0.0000	0.3400	-3.2760	0.0020	-0.3240	-19.5270	-2.0320	-6.7660	3.2640	0.8440
C7	2.4810	-67.3080	0.0000	48.9500	0.0000	0.0000	-3.7460	0.0000	0.0000	-43.4490	0.0000	0.0000	0.0000	-2.6110	0.0000	0.0000	-13.4280	0.0000	-7.7870	0.0000	0.0000
C6	2.3930	-67.8180	0.0000	49.0770	0.0000	0.0000	-3.7590	0.0000	0.0000	-44.1490	0.0000	0.0000	0.0000	-2.6230	0.0000	0.0000	-13.7010	0.0000	-7.7160	0.0000	0.0000
C5	2.5810	-68.6160	0.0000	49.5350	0.0000	0.0000	-3.7550	0.0000	0.0000	-44.4330	0.0000	0.0000	0.0000	-2.6060	0.0000	0.0000	-13.6830	0.0000	-7.8900	0.0000	0.0000
C4	2.3860	-67.8490	0.0000	48.3620	0.0000	0.0000	-3.7540	0.0000	0.0000	-44.6930	0.0000	0.0000	0.0000	-2.5680	0.0000	0.0000	-13.5640	0.0000	-7.7060	0.0000	0.0000
N10	2.7150	-68.9930	0.0000	50.6280	-0.0510	-0.0020	-3.8660	0.2390	-0.0250	-43.0580	0.0000	0.0000	-0.0660	-2.9820	0.0340	-0.3040	-13.3470	0.1530	-7.1660	-0.0410	0.0150
N8	3.4520	-71.0560	0.0000	49.1540	0.0000	0.0000	-3.7490	0.0000	0.0000	-44.2360	0.0000	0.0000	0.0000	-1.2950	0.0000	0.0000	-12.3080	0.0000	-8.4340	0.0000	0.0000
N9	2.3430	-69.5650	0.0000	47.8530	0.0000	0.0000	-3.6590	0.0000	0.0000	-46.6330	0.0000	0.0000	0.0000	-1.4470	0.0000	0.0000	-13.7600	0.0000	-8.3990	0.0000	0.0000
N11	4.0590	-69.2240	0.0000	45.8410	0.0000	0.0000	-3.6860	0.0000	0.0000	-45.3950	0.0000	0.0000	0.0000	-2.4560	0.0000	0.0000	-12.3720	0.0000	-7.5570	0.0000	0.0000
G12	4.5840	-73.0410	0.0000	49.6030	0.0000	0.0000	-3.7320	0.0000	0.0000	-46.6600	0.0000	0.0000	0.0000	-2.5690	0.0000	0.0000	-13.5660	0.0000	-7.9400	0.0000	0.0000
G11	5.0700	-74.2980	0.0000	49.3940	0.0000	0.0000	-3.7520	0.0000	0.0000	-47.6090	0.0000	0.0000	0.0000	-2.4590	0.0000	0.0000	-13.6190	0.0000	-7.9450	0.0000	0.0000
G10	2.6860	-68.8390	0.0000	49.3920	0.0000	0.0000	-3.7420	0.0000	0.0000	-44.2850	0.0000	0.0000	0.0000	-2.5580	0.0000	0.0000	-13.2130	0.0000	-8.0100	0.0000	0.0000
F1	2.6230	-69.3330	0.0000	47.7960	0.0000	0.0000	-3.7560	0.0000	0.0000	-46.4270	0.0000	0.0000	0.0000	-2.5170	0.0000	0.0000	-13.6100	0.0000	-7.6320	0.0000	0.0000
F2	4.1490	-70.4900	0.0000	47.3230	0.0000	0.0000	-3.6910	0.0000	0.0000	-45.9130	0.0000	0.0000	0.0000	-2.4910	0.0000	0.0000	-13.1150	0.0000	-7.5960	0.0000	0.0000
F3	2.4300	-70.4440	0.0000	49.4330	0.0000	0.0000	-3.7410	0.0000	0.0000	-47.2010	0.0000	0.0000	0.0000	-2.8490	0.0000	0.0000	-14.0610	0.0000	-7.9690	0.0000	0.0000
F4	3.8320	-66.7210	0.0000	47.1200	0.0000	0.0000	-2.5830	0.0000	0.0000	-44.1590	0.0000	0.0000	0.0000	-4.4330	0.0000	0.0000	-14.9190	0.0000	-6.4540	0.0000	0.0000
F5	2.4160	-68.9920	0.0000	49.2490	0.0000	0.0000	-3.7660	0.0000	0.0000	-45.2570	0.0000	0.0000	0.0000	-2.6160	0.0000	0.0000	-13.7240	0.0000	-7.8240	0.0000	0.0000
F6	2.2230	-70.6360	0.0000	49.5510	0.0000	0.0000	-3.7310	0.0000	0.0000	-47.6740	0.0000	0.0000	0.0000	-2.8420	0.0000	0.0000	-14.1470	0.0000	-8.0910	0.0000	0.0000
F7	4.2200	-70.7220	0.0000	47.3110	0.0000	0.0000	-3.6980	0.0000	0.0000	-46.0440	0.0000	0.0000	0.0000	-2.4910	0.0000	0.0000	-13.2030	0.0000	-7.4630	0.0000	0.0000
F8	2.6270	-69.5900	0.0000	47.5070	0.0000	0.0010	-3.7550	-0.0230	-0.0060	-46.9500	0.0000	0.0000	0.0060	-2.5370	0.0050	-0.0010	-13.6570	0.0410	-7.5820	0.0190	-0.0040
F9	3.8950	-66.7550	0.0000	46.8560	0.0000	0.0000	-2.5610	0.0000	0.0000	-44.3290	0.0000	0.0000	0.0000	-4.4000	0.0000	0.0000	-14.6720	0.0000	-6.6930	0.0000	0.0000
Q1	3.3900	-69.1200	0.0000	47.8210	0.0000	0.0000	-3.7630	0.0000	0.0000	-43.4300	0.0000	0.0000	0.0000	-1.3060	0.0000	0.0000	-12.5000	0.0000	-7.9530	0.0000	0.0000
Q3	3.2780	-70.7840	0.0000	46.4940	-0.0860	-0.0330	-4.0990	-0.2520	-0.1320	-44.6140	0.0000	0.0000	-0.0150	-1.5410	-0.0420	-0.6080	-7.6800	0.9300	-8.7690	-1.2460	-0.0320
Q2	3.3020	-70.4640	0.0000	47.2410	0.0000	0.0000	-3.7660	0.0050	-0.0070	-45.4510	0.0000	0.0000	0.0050	-1.3000	0.0030	-0.0030	-12.5920	0.0450	-7.9260	0.0090	-0.0030
Q5	3.5620	-72.0070	0.0000	48.3250	0.0000	0.0000	-3.7600	0.0000	0.0000	-47.8640	0.0000	0.0000	0.0000	-2.9420	0.0000	0.0000	-13.3000	0.0000	-7.7430	0.0000	0.0000
Q4	2.5800	-72.1920	0.0000	49.7240	-0.1170	0.0190	-3.7210	0.3690	0.1310	-46.4590	0.0000	0.0000	-0.0740	-3.1100	0.0450	-0.2260	-13.1480	0.2420	-7.3670	0.3840	0.0040
Q7	4.9450	-72.9040	0.0000	47.3160	0.0000	0.0000	-3.7510	0.0000	0.0000	-46.8420	0.0000	0.0000	0.0000	-1.3720	0.0000	0.0000	-13.0440	0.0000	-8.0350	0.0000	0.0000
Q6	4.9570	-72.5720	0.0000	46.4660	0.0000	0.0000	-3.7630	0.0000	0.0000	-47.2870	0.0000	0.0000	0.0000	-2.5690	0.0000	0.0000	-12.3740	0.0000	-7.4320	0.0000	0.0000
E11	2.6250	-69.1280	0.0000	49.5400	0.0000	0.0000	-3.7290	0.0000	0.0000	-43.9100	0.0000	0.0000	0.0000	-2.5220	0.0000	0.0000	-12.5910	0.0000	-8.1030	0.0000	0.0000
E10	3.7950	-66.2080	0.0000	46.8100	0.0000	0.0000	-2.5630	0.0000	0.0000	-43.9010	0.0000	0.0000	0.0000	-4.4160	0.0000	0.0000	-14.6980	0.0000	-6.6210	0.0000	0.0000
E12	2.7330	-69.6270	0.0000	49.3290	0.0080	-0.0310	-3.7720	0.0150	-0.0370	-45.4310	0.0000	0.0000	0.0240	-1.9760	0.0380	-0.0350	-13.4520	-0.1330	-7.9450	-0.5960	0.0270
C12	2.5770	-69.2090	0.0000	47.6410	0.0000	0.0000	-3.7500	0.0000	0.0000	-46.4510	0.0000	0.0000	0.0000	-2.5170	0.0000	0.0000	-13.6110	0.0000	-7.5820	0.0000	0.0000
C11	4.4580	-70.0090	0.0000	46.9950	0.0000	0.0000	-3.7160	0.0000	0.0000	-45.4720	0.0000	0.0000	0.0000	-2.2740	0.0000	0.0000	-13.3870	0.0000	-7.5410	0.0000	0.0000
C10	2.5210	-69.3350	0.0000	49.5720	0.0000	0.0000	-3.7550	0.0000	0.0000	-45.0730	0.0000	0.0000	0.0000	-2.6090	0.0000	0.0000	-13.6720	0.0000	-7.7960	0.0000	0.0000
A11	3.1980	-70.5930	0.0000	49.2890	0.0000	0.0000	-3.7320	0.0000	0.0000	-45.5610	0.0000	0.0000	0.0000	-2.9100	0.0000	0.0000	-13.2210	0.0000	-7.5930	0.0000	0.0000
A10	4.7530	-75.0920	0.0000	48.9040	0.0000	0.0000	-3.7610	0.0000	0.0000	-49.1280	0.0000	0.0000	0.0000	-2.4560	0.0000	0.0000	-13.5040	0.0000	-7.9710	0.0000	0.0000
A12	3.5320	-69.2160	0.0000	46.9360	0.0000	0.0000	-3.7660	0.0000	0.0000	-44.1070	0.0000	0.0000	0.0000	-1.3080	0.0000	0.0000	-12.4330	0.0000	-7.8530	0.0000	0.0000
A1	3.1270	-73.3720	0.0000	49.7100	0.0000	0.0000	-3.7020	0.0000	0.0000	-50.2690	0.0000	0.0000	0.0000	-4.4900	0.0000	0.0000	-14.2390	0.0000	-7.3020	0.0000	0.0000
A3	3.3910	-69.1780	0.0000	47.0660	0.0000	0.0000	-3.7590	0.0000	0.0000	-44.1460	0.0000	0.0000	0.0000	-1.2940	0.0000	0.0000	-12.4150	0.0000	-7.9570	0.0000	0.0000
A2	3.2160	-69.7460	0.0000	47.5020	0.0000	0.0000	-3.7560	0.0000	0.0000	-44.6590	0.0000	0.0000	0.0000	-1.2960	0.0000	0.0000	-12.6280	0.0000	-7.9520	0.0000	0.0000
A5	3.6380	-72.6400	0.0000	48.0790	0.0000	0.0000	-3.6700	0.0000	0.0000	-46.6340	0.0000	0.0000	0.0000	-1.4580	0.0000	0.0000	-12.8220	0.0000	-7.7620	0.0000	0.0000
A4	2.8310	-70.0890	0.0000	49.0070	0.0000	0.0000	-3.7850	0.0000	0.0000	-46.4510	0.0000	0.0000	0.0000	-2.9350	0.0000	0.0000	-13.0550	0.0000	-8.4250	0.0000	0.0000
A7	3.8640	-73.3130	0.0000	48.0660	0.0000	0.0000	-3.7300	0.0000	0.0000	-47.7830	0.0000	0.0000	0.0000	-1.3560	0.0000	0.0000	-13.0070	0.0000	-8.3080	0.0000	0.0000
A6	3.2000	-69.7120	0.0000	47.5230	0.0000	0.0000	-3.7570	0.0000	0.0000	-44.6160	0.0000	0.0000	0.0000	-1.2970	0.0000	0.0000	-12.6190	0.0000	-7.9570	0.0000	0.0000
A9	3.3810	-69.8370	0.0000	50.1240	0.0000	0.0000	-3.7340	0.0000	0.0000	-43.6850	0.0000	0.0000	0.0000	-2.8970	0.0000	0.0000	-12.3810	0.0000	-8.3410	0.0000	0.0000
A8	4.0640	-69.1550	0.0000	48.3750	0.0000	0.0000	-3.7720	0.0000	0.0000	-44.4020	0.0000	0.0000	0.0000	-2.9380	0.0000	0.0000	-12.9690	0.0000	-8.0070	0.0000	0.0000
D8	2.5680	-69.3940	0.0000	48.9890	0.0020	-0.0300	-3.7740	0.0030	-0.0370	-45.6280	0.0000	0.0000	0.0810	-1.9670	0.0560	-0.0600	-13.3540	-0.2700	-7.8770	-0.6540	0.0910
D9	2.6530	-69.9240	0.0000	47.9420	0.0020	-0.0370	-3.7620	0.0170	-0.0460	-47.0470	0.0000	0.0000	0.0180	-1.9890	0.0650	-0.0590	-13.4450	-0.0200	-7.9650	-0.5480	0.0500
D6	4.5640	-71.3480	0.0000	48.2620	0.0000	0.0000	-3.7550	0.0000	0.0000	-46.3180	0.0000	0.0000	0.0000	-2.6460	0.0000	0.0000	-13.9920	0.0000	-7.4040	0.0000	0.0000
D7	2.5600	-69.5870	0.0000	47.6650	0.0000	0.0000	-3.7440	0.0000	0.0000	-46.9400	0.0000	0.0000	0.0000	-2.5240	0.0000	0.0000	-13.6950	0.0000	-7.6130	0.0000	0.0000
D4	5.8170	-72.7510	0.0000	48.3030	0.0000	0.0000	-3.7630	0.0000	0.0000	-46.0030	0.0000	0.0000	0.0000	-2.6830	0.0000	0.0000	-13.8410	0.0000	-7.0860	0.0000	0.0000
D5	3.9280	-66.6730	0.0000	46.8640	0.0000	0.0000	-2.5500	0.0000	0.0000	-44.5320	0.0000	0.0000	0.0000	-4.4620	0.0000	0.0000	-14.8840	0.0000	-6.7550	0.0000	0.0000
D2	2.7770	-69.8970	0.0000	48.8820	0.0000	0.0000	-3.7430	0.0000	0.0000	-45.0240	0.0000	0.0000	0.0000	-2.5000	0.0000	0.0000	-12.6540	0.0000	-7.8890	0.0000	0.0000
D3	5.2970	-72.5760	0.0000	48.2210	0.0000	0.0000	-3.7600	0.0000	0.0000	-46.4410	0.0000	0.0000	0.0000	-2.6760	0.0000	0.0000	-13.8180	0.0000	-7.1290	0.0000	0.0000
D1	2.5130	-69.1700	0.0000	50.2130	0.0000	0.0000	-3.7680	0.0000	0.0000	-44.2010	0.0000	0.0000	0.0000	-2.6060	0.0000	0.0000	-13.7130	0.0000	-7.6710	0.0000	0.0000
