MUT	fa_rep:	ref:	fa_atr:	hbond_sc:	fa_sol:	yhh_planarity:	dslf_fa13:	fa_intra_sol_xover4:	omega:	p_aa_pp:	TOT	sugar_bb:	fa_intra_rep:	hbond_lr_bb:	hbond_sr_bb:	hbond_bb_sc:	fa_elec:	cart_bonded:	lk_ball_wtd:	fa_dun:	rama_prepro:
G7	4.0010	-73.5290	0.0000	51.4130	0.0000	0.0000	-3.6740	0.0000	0.0000	-48.0850	0.0000	0.0000	0.0000	-2.3420	0.0000	0.0000	-15.6630	0.0000	-8.2900	0.0000	0.0000
G6	3.2750	-71.3120	0.0000	48.5740	0.0190	0.0000	-3.6510	-0.0280	-0.0080	-48.1260	0.0000	0.0000	0.0040	-2.8570	0.0400	0.1310	-14.1170	-0.4890	-7.7920	0.0880	-0.0040
G5	3.5950	-73.3680	0.0000	50.6560	0.0000	0.0000	-3.6780	0.0000	0.0000	-49.1730	0.0000	0.0000	0.0000	-2.7830	0.0000	0.0000	-15.3170	0.0000	-8.2780	0.0000	0.0000
G4	8.4600	-79.0620	0.0000	49.7110	0.0000	0.0000	-3.6930	0.0000	0.0000	-49.6980	0.0000	0.0000	0.0000	-2.5550	0.0000	0.0000	-14.8070	0.0000	-7.7510	0.0000	0.0000
G3	4.5200	-77.7830	0.0000	50.0430	0.0000	0.0000	-3.6730	0.0000	0.0000	-52.7900	0.0000	0.0000	0.0000	-2.8400	0.0000	0.0000	-15.1140	0.0000	-7.9430	0.0000	0.0000
G2	4.8370	-77.6000	0.0000	51.5930	0.0000	0.0000	-3.6550	0.0000	0.0000	-50.7280	0.0000	0.0000	0.0000	-2.3960	0.0000	0.0000	-15.4370	0.0000	-8.0710	0.0000	0.0000
G1	3.6880	-74.7860	0.0000	51.6610	0.0040	-0.0020	-3.6550	-0.0150	0.0080	-49.0800	0.0000	0.0000	0.0020	-2.3800	0.0030	0.0020	-15.4400	0.0400	-8.2390	0.0290	0.0000
G9	4.0030	-74.2690	0.0000	51.2650	0.0000	0.0000	-3.6800	0.0000	0.0000	-49.0940	0.0000	0.0000	0.0000	-2.4080	0.0000	0.0000	-15.6410	0.0000	-8.3640	0.0000	0.0000
G8	3.6990	-72.9140	0.0000	52.0060	0.0000	0.0000	-3.6620	0.0000	0.0000	-46.9180	0.0000	0.0000	0.0000	-2.4510	0.0000	0.0000	-15.4100	0.0000	-8.1860	0.0000	0.0000
N6	3.5120	-73.8400	0.0000	51.2950	0.0000	0.0000	-3.6900	0.0000	0.0000	-46.4200	0.0000	0.0000	0.0000	-1.4660	0.0000	0.0000	-14.2830	0.0000	-7.9500	0.0000	0.0000
N7	3.8580	-74.4650	0.0000	51.4490	0.0000	0.0000	-3.6810	0.0000	0.0000	-46.7180	0.0000	0.0000	0.0000	-1.4590	0.0000	0.0000	-14.3580	0.0000	-8.0590	0.0000	0.0000
B4	5.2010	-77.4560	0.0000	51.9840	0.0000	0.0000	-3.6620	0.0000	0.0000	-48.8760	0.0000	0.0000	0.0000	-2.7000	0.0000	0.0000	-14.6560	0.0000	-7.5870	0.0000	0.0000
B5	4.6560	-75.7580	0.0000	49.4570	0.0000	0.0000	-3.5950	0.0000	0.0000	-48.5980	0.0000	0.0000	0.0000	-1.4870	0.0000	0.0000	-13.6890	0.0000	-8.1820	0.0000	0.0000
B6	7.5820	-76.9860	0.0000	49.7560	0.0000	0.0000	-3.7080	0.0000	0.0000	-48.4210	0.0000	0.0000	0.0000	-2.6100	0.0000	0.0000	-14.7600	0.0000	-7.6940	0.0000	0.0000
B7	4.7810	-76.7520	0.0000	50.5670	0.0000	0.0000	-3.6890	0.0000	0.0000	-51.1750	0.0000	0.0000	0.0000	-2.8050	0.0000	0.0000	-15.2020	0.0000	-8.0760	0.0000	0.0000
B1	3.2030	-74.5890	0.0000	49.5410	-0.0060	-0.0030	-3.6920	-0.0020	-0.0060	-50.6590	0.0000	0.0000	0.0000	-1.4750	-0.0030	0.0900	-14.6140	-0.1030	-9.0190	0.0180	0.0010
B2	6.0320	-77.1770	0.0000	46.4200	0.0000	0.0000	-3.6690	0.0000	0.0000	-52.4090	0.0000	0.0000	0.0000	-1.4360	0.0000	0.0000	-13.7730	0.0000	-8.8070	0.0000	0.0000
B3	4.9570	-77.6090	0.0000	51.6320	0.0000	0.0000	-3.6570	0.0000	0.0000	-49.6270	0.0000	0.0000	0.0000	-2.7100	0.0000	0.0000	-14.5850	0.0000	-7.6540	0.0000	0.0000
B8	8.2150	-78.5570	0.0000	48.9200	0.0000	0.0000	-3.6300	0.0000	0.0000	-49.9650	0.0000	0.0000	0.0000	-2.7240	0.0000	0.0000	-14.2340	0.0000	-7.9560	0.0000	0.0000
B9	7.3870	-76.6420	0.0000	49.0640	0.0000	0.0000	-3.6850	0.0000	0.0000	-48.1900	0.0000	0.0000	0.0000	-2.6850	0.0000	0.0000	-14.3750	0.0000	-7.2530	0.0000	0.0000
N5	3.5620	-74.0150	0.0000	49.5560	0.0000	0.0000	-3.6400	0.0000	0.0000	-49.1030	0.0000	0.0000	0.0000	-1.4630	0.0000	0.0000	-14.5300	0.0000	-8.5720	0.0000	0.0000
P10	5.1290	-77.5190	0.0000	50.9730	0.0000	0.0000	-3.6270	0.0000	0.0000	-49.9860	0.0000	0.0000	0.0000	-2.6570	0.0000	0.0000	-14.4130	0.0000	-7.8730	0.0000	0.0000
P11	4.7620	-76.8790	0.0000	49.5230	0.0000	0.0000	-3.6190	0.0000	0.0000	-49.3260	0.0000	0.0000	0.0000	-1.4880	0.0000	0.0000	-13.6410	0.0000	-7.9870	0.0000	0.0000
P12	4.6670	-76.6370	0.0000	50.2230	0.0000	0.0000	-3.6080	0.0000	0.0000	-48.6660	0.0000	0.0000	0.0000	-1.4920	0.0000	0.0000	-13.7360	0.0000	-8.0850	0.0000	0.0000
E9	4.1070	-74.5770	0.0000	50.8970	0.0000	0.0000	-3.6750	0.0000	0.0000	-49.2670	0.0000	0.0000	0.0000	-2.3860	0.0000	0.0000	-15.4680	0.0000	-8.1650	0.0000	0.0000
E8	3.6950	-74.5990	0.0000	52.2660	0.0000	0.0000	-3.6740	0.0000	0.0000	-48.6440	0.0000	0.0000	0.0000	-2.3490	0.0000	0.0000	-15.6320	0.0000	-8.3510	0.0000	0.0000
E5	3.7110	-74.5530	0.0000	51.6840	0.0000	0.0000	-3.6610	0.0000	0.0000	-48.8070	0.0000	0.0000	0.0000	-2.3770	0.0000	0.0000	-15.3970	0.0000	-8.2150	0.0000	0.0000
E4	3.5200	-74.0360	0.0000	51.4680	0.0000	0.0000	-3.6630	0.0000	0.0000	-49.0580	0.0000	0.0000	0.0000	-2.3680	0.0000	0.0000	-15.6020	0.0000	-8.3770	0.0000	0.0000
E7	3.6050	-74.2060	0.0000	51.9180	0.0030	-0.0020	-3.6710	-0.0040	0.0150	-48.8370	0.0000	0.0000	-0.0150	-2.4920	0.0120	-0.0010	-15.6260	-0.1260	-8.2660	0.0280	-0.0090
E6	5.3560	-75.4790	0.0000	50.1370	0.0000	0.0000	-3.6950	0.0000	0.0000	-49.4890	0.0000	0.0000	0.0000	-2.7910	0.0000	0.0000	-15.1680	0.0000	-7.8500	0.0000	0.0000
E1	3.8750	-75.5060	0.0000	51.6640	0.0000	0.0000	-3.6690	0.0000	0.0000	-49.9640	0.0000	0.0000	0.0000	-2.3540	0.0000	0.0000	-15.6180	0.0000	-8.3550	0.0000	0.0000
P8	4.1560	-75.3170	0.0000	52.3520	0.0040	0.0010	-3.6810	0.0190	0.0160	-46.7850	0.0000	0.0000	-0.0100	-1.4700	0.0040	0.0160	-14.5500	0.0440	-8.3640	-0.0010	-0.0050
E3	7.6440	-78.1810	0.0000	49.8300	0.0000	0.0000	-3.7040	0.0000	0.0000	-49.6570	0.0000	0.0000	0.0000	-2.6050	0.0000	0.0000	-14.7780	0.0000	-7.8620	0.0000	0.0000
E2	7.0910	-77.9570	0.0000	46.9160	0.0550	0.0250	-3.6970	0.0310	0.0080	-49.9200	0.0000	0.0000	0.0250	-2.6060	-0.0580	-0.2310	-10.8660	0.1880	-8.1820	-0.7010	0.0410
P2	4.3280	-77.1420	0.0000	51.4940	0.0000	0.0000	-3.6680	0.0000	0.0000	-49.4180	0.0000	0.0000	0.0000	-1.4700	0.0000	0.0000	-14.5870	0.0000	-8.3740	0.0000	0.0000
P3	5.8650	-76.1680	0.0000	49.8170	0.0000	0.0000	-3.6780	0.0000	0.0000	-48.6440	0.0000	0.0000	0.0000	-1.4630	0.0000	0.0000	-14.3710	0.0000	-8.6470	0.0000	0.0000
P1	5.0710	-75.9750	0.0000	50.2490	0.0000	0.0000	-3.7160	0.0000	0.0000	-48.6960	0.0000	0.0000	0.0000	-1.4410	0.0000	0.0000	-14.3950	0.0000	-8.4920	0.0000	0.0000
P6	4.8740	-77.3850	0.0000	50.3560	0.0000	0.0000	-3.6090	0.0000	0.0000	-49.0670	0.0000	0.0000	0.0000	-1.4940	0.0000	0.0000	-13.6700	0.0000	-8.1380	0.0000	0.0000
P7	5.0440	-76.5660	0.0000	51.3030	-0.0080	-0.0030	-3.7270	-0.0210	-0.0130	-47.9180	0.0000	0.0000	-0.0060	-1.3540	-0.0040	-0.0040	-14.2000	-0.0620	-8.3250	0.0240	0.0020
P4	4.2630	-77.0980	0.0000	51.3360	0.0000	0.0000	-3.6640	0.0000	0.0000	-49.5390	0.0000	0.0000	0.0000	-1.4720	0.0000	0.0000	-14.5680	0.0000	-8.3350	0.0000	0.0000
P5	5.4770	-77.0070	0.0000	51.6580	0.0000	0.0000	-3.6300	0.0000	0.0000	-48.2430	0.0000	0.0000	0.0000	-2.6280	0.0000	0.0000	-13.8740	0.0000	-8.2420	0.0000	0.0000
H10	4.6330	-79.7720	0.0000	51.6900	0.0000	0.0000	-3.6410	0.0000	0.0000	-52.8550	0.0000	0.0000	0.0000	-1.4990	0.0000	0.0000	-14.9040	0.0000	-9.3620	0.0000	0.0000
H11	6.4710	-80.9330	0.0000	54.8370	0.1780	0.0230	-3.6320	-0.4530	0.3920	-52.5710	0.0000	0.0000	0.0760	-2.3690	-0.2960	0.0810	-19.4010	0.8640	-7.7030	-1.0760	0.3700
H12	4.5720	-80.6940	0.0000	53.2190	0.0000	0.0000	-3.6550	0.0000	0.0000	-52.3270	0.0000	0.0000	0.0000	-1.4950	0.0000	0.0000	-14.9850	0.0000	-9.2890	0.0000	0.0000
P9	4.7110	-77.3260	0.0000	51.7000	0.0000	0.0000	-3.6220	0.0000	0.0000	-49.3730	0.0000	0.0000	0.0000	-2.6590	0.0000	0.0000	-14.0730	0.0000	-8.1040	0.0000	0.0000
F12	7.4910	-77.6240	0.0000	49.3810	0.0010	0.0000	-3.6820	0.0030	-0.0150	-49.9220	0.0000	0.0000	0.0130	-2.7440	0.0030	-0.0020	-15.0680	0.0930	-7.7650	0.0030	-0.0110
F10	4.6570	-77.0060	0.0000	50.3360	0.0000	0.0000	-3.6560	0.0000	0.0000	-51.4940	0.0000	0.0000	0.0000	-2.3020	0.0000	0.0000	-15.4380	0.0000	-8.0840	0.0000	0.0000
F11	4.6560	-77.8300	0.0000	50.7690	0.0000	0.0000	-3.6610	0.0000	0.0000	-51.8360	0.0000	0.0000	0.0000	-2.3150	0.0000	0.0000	-15.4090	0.0000	-8.0470	0.0000	0.0000
N12	4.4870	-74.0050	0.0000	50.4190	0.0000	0.0000	-3.6080	0.0000	0.0000	-46.0010	0.0000	0.0000	0.0000	-1.4920	0.0000	0.0000	-13.6790	0.0000	-8.1210	0.0000	0.0000
H8	4.0170	-73.7660	0.0000	50.6910	0.0010	0.0000	-3.6170	0.0100	0.0160	-45.7020	0.0000	0.0000	-0.0040	-1.4960	0.0110	0.0040	-13.5550	0.1090	-8.0740	-0.0340	-0.0190
H9	4.3830	-73.3900	0.0000	49.8280	0.0000	0.0000	-3.6420	0.0000	0.0000	-46.3070	0.0000	0.0000	0.0000	-1.4860	0.0000	0.0000	-13.8800	0.0000	-8.1200	0.0000	0.0000
H6	4.3920	-74.7440	0.0000	50.9350	0.0000	0.0000	-3.6110	0.0000	0.0000	-46.2390	0.0000	0.0000	0.0000	-1.4930	0.0000	0.0000	-13.6550	0.0000	-8.0630	0.0000	0.0000
H7	4.0920	-73.8130	0.0000	50.6920	0.0000	0.0000	-3.6140	0.0000	0.0000	-45.7870	0.0000	0.0000	0.0000	-1.4990	0.0000	0.0000	-13.5760	0.0000	-8.0670	0.0000	0.0000
H4	3.0560	-73.7850	0.0000	49.1610	-0.0030	-0.0080	-3.7080	0.0020	0.0110	-49.9800	0.0000	0.0000	0.0000	-1.4420	-0.0010	-0.0020	-14.3610	0.0030	-8.9170	0.0120	0.0020
H5	4.3880	-74.6640	0.0000	51.0280	0.0000	0.0000	-3.6100	0.0000	0.0000	-46.0700	0.0000	0.0000	0.0000	-1.4930	0.0000	0.0000	-13.6610	0.0000	-8.0570	0.0000	0.0000
D10	3.7180	-74.8360	0.0000	51.5280	0.0000	0.0000	-3.6540	0.0000	0.0000	-49.3810	0.0000	0.0000	0.0000	-2.3980	0.0000	0.0000	-15.5140	0.0000	-8.2250	0.0000	0.0000
D11	3.7190	-75.0080	0.0000	50.9140	-0.0010	-0.0170	-3.6810	0.0140	-0.0030	-50.4070	0.0000	0.0000	0.0050	-2.3440	-0.0130	-0.0070	-15.6400	0.0320	-8.3150	-0.0910	0.0270
D12	3.3460	-75.1190	0.0000	51.3620	-0.0040	-0.0020	-3.6880	0.0630	0.0230	-50.1760	0.0000	0.0000	0.0030	-2.5760	0.0150	-0.0090	-15.3920	0.2210	-8.4470	0.0060	0.0200
B12	7.2180	-77.0320	0.0000	49.8110	0.0000	0.0000	-3.7010	0.0000	0.0000	-48.8640	0.0000	0.0000	0.0000	-2.6340	0.0000	0.0000	-14.7940	0.0000	-7.7300	0.0000	0.0000
B10	8.1770	-78.8630	0.0000	49.5560	0.0000	0.0000	-3.6400	0.0000	0.0000	-50.0660	0.0000	0.0000	0.0000	-2.7110	0.0000	0.0000	-14.6530	0.0000	-7.9330	0.0000	0.0000
B11	7.3180	-77.7250	0.0000	50.4260	0.0000	0.0000	-3.7000	0.0000	0.0000	-49.0990	0.0000	0.0000	0.0000	-2.5710	0.0000	0.0000	-14.8500	0.0000	-7.9980	0.0000	0.0000
Q8	4.6620	-77.6400	0.0000	50.9610	0.0000	0.0000	-3.6370	0.0000	0.0000	-49.0480	0.0000	0.0000	0.0000	-1.4870	0.0000	0.0000	-14.0210	0.0000	-7.8850	0.0000	0.0000
Q9	4.2090	-76.2950	0.0000	51.2800	-0.0220	0.0010	-3.6970	0.0820	0.0300	-48.0250	0.0000	0.0000	0.0170	-1.5030	-0.0120	0.0090	-14.4470	0.2500	-7.9750	0.0280	0.0180
C9	3.5360	-74.0330	0.0000	51.2400	0.0000	0.0000	-3.6650	0.0000	0.0000	-49.2140	0.0000	0.0000	0.0000	-2.3730	0.0000	0.0000	-15.5910	0.0000	-8.3270	0.0000	0.0000
C8	4.2900	-75.1870	0.0000	50.2530	-0.0040	0.0010	-3.6780	0.0220	0.0240	-50.3770	0.0000	0.0000	0.0110	-2.4070	0.0070	-0.0020	-15.4480	-0.0320	-8.1640	-0.0530	-0.0090
Q11	4.4700	-77.2490	0.0000	50.3580	0.0000	0.0000	-3.7020	0.0000	0.0000	-50.1700	0.0000	0.0000	0.0000	-1.4530	0.0000	0.0000	-14.6040	0.0000	-7.9910	0.0000	0.0000
Q10	4.3300	-77.1390	0.0000	51.4930	0.0000	0.0000	-3.6690	0.0000	0.0000	-49.4140	0.0000	0.0000	0.0000	-1.4690	0.0000	0.0000	-14.5900	0.0000	-8.3710	0.0000	0.0000
Q12	4.3270	-77.2510	0.0000	51.5440	0.0000	0.0000	-3.6530	0.0000	0.0000	-49.4440	0.0000	0.0000	0.0000	-1.4660	0.0000	0.0000	-14.5550	0.0000	-8.3890	0.0000	0.0000
C3	6.1950	-76.3210	0.0000	49.7390	0.0010	0.0010	-3.6850	-0.0300	0.0180	-49.2970	0.0000	0.0000	0.0050	-2.6600	-0.0110	0.0070	-14.8760	0.0760	-7.7350	0.0060	-0.0270
C2	7.5750	-77.1180	0.0000	49.6680	0.0000	0.0000	-3.7020	0.0000	0.0000	-48.6180	0.0000	0.0000	0.0000	-2.6110	0.0000	0.0000	-14.7260	0.0000	-7.7040	0.0000	0.0000
C1	7.2240	-76.5760	0.0000	49.6540	0.0000	0.0000	-3.7030	0.0000	0.0000	-48.3680	0.0000	0.0000	0.0000	-2.6200	0.0000	0.0000	-14.7330	0.0000	-7.6170	0.0000	0.0000
C7	2.9010	-72.9200	0.0000	51.1690	0.0000	0.0000	-3.6570	0.0000	0.0000	-48.7640	0.0000	0.0000	0.0000	-2.8100	0.0000	0.0000	-15.1050	0.0000	-8.3420	0.0000	0.0000
C6	3.4740	-73.3720	0.0000	51.1440	-0.0010	0.0000	-3.6570	0.0030	0.0120	-48.7020	0.0000	0.0000	-0.0060	-2.3620	-0.0040	0.0010	-15.4900	-0.0120	-8.4160	-0.0070	-0.0090
C5	3.5350	-74.0310	0.0000	51.2440	0.0000	0.0000	-3.6650	0.0000	0.0000	-49.2050	0.0000	0.0000	0.0000	-2.3730	0.0000	0.0000	-15.5920	0.0000	-8.3260	0.0000	0.0000
C4	3.0170	-73.9980	0.0000	50.6920	0.0000	0.0000	-3.6590	0.0000	0.0000	-50.3070	0.0000	0.0000	0.0000	-2.8170	0.0000	0.0000	-15.1370	0.0000	-8.4050	0.0000	0.0000
N10	4.1950	-74.0240	0.0000	52.0370	-0.0020	-0.0010	-3.7040	0.0070	-0.0070	-45.2960	0.0000	0.0000	0.0040	-1.4590	-0.0050	-0.0020	-14.3480	-0.0270	-7.9930	0.0530	-0.0200
N8	3.5790	-74.6220	0.0000	49.8090	0.0000	0.0000	-3.6540	0.0000	0.0000	-49.6500	0.0000	0.0000	0.0000	-1.4610	0.0000	0.0000	-14.5980	0.0000	-8.7040	0.0000	0.0000
N9	4.4470	-76.9080	0.0000	51.0410	0.0000	0.0000	-3.6130	0.0000	0.0000	-50.6960	0.0000	0.0000	0.0000	-2.4500	0.0000	0.0000	-14.4270	0.0000	-8.7870	0.0000	0.0000
N11	4.0450	-74.0780	0.0000	49.4590	0.0020	0.0110	-3.6280	0.3000	-0.0160	-48.6870	0.0000	0.0000	-0.0360	-3.0880	0.0210	-0.1200	-14.3840	0.1370	-8.1470	0.8190	0.0170
G12	4.9950	-76.0440	0.0000	51.2870	0.0000	0.0000	-3.6920	0.0000	0.0000	-49.1800	0.0000	0.0000	0.0000	-2.3290	0.0000	0.0000	-15.3760	0.0000	-8.0230	0.0000	0.0000
G11	6.0040	-76.8370	0.0000	50.8130	0.0010	-0.0010	-3.7030	0.0320	-0.0230	-49.1870	0.0000	0.0000	0.0070	-2.2560	-0.0020	0.0020	-15.4680	0.0600	-7.8010	-0.0240	0.0090
G10	3.3750	-73.3330	0.0000	52.1420	0.0000	0.0000	-3.6810	0.0000	0.0000	-48.0500	0.0000	0.0000	0.0000	-2.4210	0.0000	0.0000	-15.6510	0.0000	-8.4830	0.0000	0.0000
F1	3.5140	-74.3970	0.0000	51.9210	0.0000	0.0000	-3.6630	0.0000	0.0000	-49.0480	0.0000	0.0000	0.0000	-2.4880	0.0000	0.0000	-15.6350	0.0000	-8.2990	0.0000	0.0000
F2	5.7760	-74.9440	0.0000	49.3690	0.0000	0.0000	-3.6670	0.0000	0.0000	-48.7600	0.0000	0.0000	0.0000	-2.8220	0.0000	0.0000	-14.8460	0.0000	-7.6290	0.0000	0.0000
F3	4.1370	-74.7720	0.0000	50.8790	0.0000	0.0000	-3.6730	0.0000	0.0000	-49.5490	0.0000	0.0000	0.0000	-2.3980	0.0000	0.0000	-15.5240	0.0000	-8.1970	0.0000	0.0000
F4	7.3360	-76.5490	0.0000	49.0430	0.0000	0.0000	-3.6890	0.0000	0.0000	-48.1410	0.0000	0.0000	0.0000	-2.6790	0.0000	0.0000	-14.3620	0.0000	-7.2420	0.0000	0.0000
F5	3.6330	-74.9180	0.0000	50.9660	0.0000	0.0000	-3.6610	0.0000	0.0000	-50.4610	0.0000	0.0000	0.0000	-2.4070	0.0000	0.0000	-15.6370	0.0000	-8.4380	0.0000	0.0000
F6	3.7730	-74.9250	0.0000	51.3720	0.0000	0.0000	-3.6580	0.0000	0.0000	-49.6200	0.0000	0.0000	0.0000	-2.4080	0.0000	0.0000	-15.5270	0.0000	-8.2460	0.0000	0.0000
F7	5.8830	-75.0290	0.0000	49.2390	0.0000	0.0000	-3.6680	0.0000	0.0000	-48.8830	0.0000	0.0000	0.0000	-2.8210	0.0000	0.0000	-14.8630	0.0000	-7.6240	0.0000	0.0000
F8	3.6940	-74.6850	0.0000	51.6030	0.0000	0.0000	-3.6820	0.0000	0.0000	-49.4370	0.0000	0.0000	0.0000	-2.5580	0.0000	0.0000	-15.4650	0.0000	-8.3450	0.0000	0.0000
F9	7.3380	-76.6840	0.0000	49.5960	0.0000	0.0000	-3.7000	0.0000	0.0000	-48.4350	0.0000	0.0000	0.0000	-2.6080	0.0000	0.0000	-14.7510	0.0000	-7.6250	0.0000	0.0000
Q1	4.5130	-74.7450	0.0000	51.0570	0.0000	0.0000	-3.6900	0.0000	0.0000	-46.3550	0.0000	0.0000	0.0000	-1.4540	0.0000	0.0000	-14.2490	0.0000	-7.7880	0.0000	0.0000
Q3	4.6490	-76.2580	0.0000	50.6880	0.0000	0.0000	-3.6010	0.0000	0.0000	-48.0840	0.0000	0.0000	0.0000	-1.4920	0.0000	0.0000	-13.7560	0.0000	-8.3140	0.0000	0.0000
Q2	4.6150	-75.8320	0.0000	51.0170	0.0000	0.0000	-3.6950	0.0000	0.0000	-47.6810	0.0000	0.0000	0.0000	-1.4590	0.0000	0.0000	-14.3570	0.0000	-7.9690	0.0000	0.0000
Q5	4.3330	-77.1460	0.0000	51.4930	0.0000	0.0000	-3.6690	0.0000	0.0000	-49.4100	0.0000	0.0000	0.0000	-1.4680	0.0000	0.0000	-14.5810	0.0000	-8.3720	0.0000	0.0000
Q4	4.6550	-76.4690	0.0000	50.2720	0.0000	0.0000	-3.6100	0.0000	0.0000	-48.5130	0.0000	0.0000	0.0000	-1.4910	0.0000	0.0000	-13.7480	0.0000	-8.1210	0.0000	0.0000
Q7	5.9150	-79.2860	0.0000	50.4960	0.0000	0.0000	-3.6730	0.0000	0.0000	-52.6720	0.0000	0.0000	0.0000	-2.9980	0.0000	0.0000	-14.7880	0.0000	-8.3390	0.0000	0.0000
Q6	7.7420	-79.8750	0.0000	52.1760	-0.0410	-0.0850	-3.5790	-0.3900	-0.3490	-51.7090	0.0000	0.0000	0.2420	-3.5370	-0.0080	-0.8450	-16.8780	2.4940	-8.5280	-0.2650	0.0170
E11	3.5150	-74.2400	0.0000	51.4750	0.0000	0.0000	-3.6640	0.0000	0.0000	-49.3340	0.0000	0.0000	0.0000	-2.3800	0.0000	0.0000	-15.6360	0.0000	-8.4040	0.0000	0.0000
E10	6.6400	-76.2920	0.0000	49.6090	-0.0410	0.0040	-3.6650	0.0250	0.0450	-48.9140	0.0000	0.0000	-0.0340	-2.6400	-0.0100	-0.2950	-14.7820	0.4110	-7.7810	-0.0800	-0.0270
E12	3.6820	-74.7940	0.0000	52.2770	0.0000	0.0000	-3.6750	0.0000	0.0000	-48.8960	0.0000	0.0000	0.0000	-2.3530	0.0000	0.0000	-15.6630	0.0000	-8.3710	0.0000	0.0000
C12	3.5330	-74.1440	0.0000	51.6670	0.0000	0.0000	-3.6620	0.0000	0.0000	-48.9560	0.0000	0.0000	0.0000	-2.4810	0.0000	0.0000	-15.6470	0.0000	-8.2200	0.0000	0.0000
C11	5.3620	-75.6060	0.0000	50.1130	0.0000	0.0000	-3.6920	0.0000	0.0000	-49.6300	0.0000	0.0000	0.0000	-2.8020	0.0000	0.0000	-15.1770	0.0000	-7.8290	0.0000	0.0000
C10	3.7150	-74.5040	0.0000	51.5020	0.0000	0.0000	-3.6590	0.0000	0.0000	-48.9220	0.0000	0.0000	0.0000	-2.3800	0.0000	0.0000	-15.4180	0.0000	-8.1780	0.0000	0.0000
A11	4.5480	-75.9150	0.0000	51.7110	0.0000	0.0000	-3.6260	0.0000	0.0000	-47.9740	0.0000	0.0000	0.0000	-2.6630	0.0000	0.0000	-13.9520	0.0000	-8.0760	0.0000	0.0000
A10	10.1110	-79.4530	0.0000	49.0450	0.0000	0.0000	-3.6810	0.0000	0.0000	-48.6600	0.0000	0.0000	0.0000	-2.3450	0.0000	0.0000	-14.4580	0.0000	-7.8800	0.0000	0.0000
A12	4.7250	-75.2680	0.0000	51.0750	0.0000	0.0000	-3.7170	0.0000	0.0000	-46.9060	0.0000	0.0000	0.0000	-1.4450	0.0000	0.0000	-14.4200	0.0000	-7.8560	0.0000	0.0000
A1	4.8500	-78.1720	0.0000	51.4470	0.0110	0.0230	-3.6150	0.0500	-0.0150	-50.0800	0.0000	0.0000	-0.0200	-2.6540	-0.1410	-0.0420	-14.1530	0.1200	-7.9620	-0.0280	0.2220
A3	4.4630	-74.6130	0.0000	50.5550	0.0000	0.0000	-3.7060	0.0000	0.0000	-46.9510	0.0000	0.0000	0.0000	-1.4480	0.0000	0.0000	-14.2540	0.0000	-7.9480	0.0000	0.0000
A2	4.3030	-75.3320	0.0000	51.0890	-0.0020	0.0010	-3.7070	-0.0010	0.0060	-47.5510	0.0000	0.0000	0.0130	-1.4500	-0.0070	-0.0010	-14.4540	0.0510	-8.0100	-0.0650	0.0160
A5	4.8060	-77.5360	0.0000	49.9700	0.0000	0.0000	-3.6050	0.0000	0.0000	-49.6810	0.0000	0.0000	0.0000	-1.4910	0.0000	0.0000	-13.7190	0.0000	-8.1070	0.0000	0.0000
A4	5.2260	-75.1690	0.0000	51.0050	0.0000	0.0000	-3.6290	0.0000	0.0000	-45.7080	0.0000	0.0000	0.0000	-1.4750	0.0000	0.0000	-13.6370	0.0000	-8.0290	0.0000	0.0000
A7	5.7590	-80.0650	0.0000	53.0490	0.0000	0.0000	-3.6560	0.0000	0.0000	-49.2480	0.0000	0.0000	0.0000	-1.4820	0.0000	0.0000	-14.4280	0.0000	-8.4260	0.0000	0.0000
A6	3.1850	-75.7450	0.0000	51.7920	-0.0190	0.0460	-3.6510	0.2370	-0.0500	-49.9420	0.0000	0.0000	-0.0970	-3.1460	0.0370	-0.4720	-14.4900	0.3400	-8.6550	0.7630	-0.0170
A9	3.7470	-74.6270	0.0000	53.3510	0.0000	0.0000	-3.5830	0.0000	0.0000	-44.1960	0.0000	0.0000	0.0000	-1.5140	0.0000	0.0000	-13.6340	0.0000	-7.9360	0.0000	0.0000
A8	5.1070	-74.5620	0.0000	51.1460	0.0000	0.0000	-3.6470	0.0000	0.0000	-45.1610	0.0000	0.0000	0.0000	-1.4820	0.0000	0.0000	-13.7470	0.0000	-7.9750	0.0000	0.0000
D8	3.6700	-74.9010	0.0000	52.1300	0.0000	0.0000	-3.6710	0.0000	0.0000	-49.0920	0.0000	0.0000	0.0000	-2.3570	0.0000	0.0000	-15.6500	0.0000	-8.3120	0.0000	0.0000
D9	4.0620	-74.8860	0.0000	50.8560	0.0000	0.0000	-3.6740	0.0000	0.0000	-49.8540	0.0000	0.0000	0.0000	-2.4310	0.0000	0.0000	-15.5740	0.0000	-8.2080	0.0000	0.0000
D6	5.7710	-75.3600	0.0000	49.9120	0.0000	0.0000	-3.6940	0.0000	0.0000	-49.1380	0.0000	0.0000	0.0000	-2.7640	0.0000	0.0000	-15.1400	0.0000	-7.8620	0.0000	0.0000
D7	3.4080	-74.8470	0.0000	52.4090	0.0010	0.0000	-3.6760	0.0100	0.0030	-49.2610	0.0000	0.0000	-0.0150	-2.6230	-0.0010	0.0030	-15.3180	-0.0380	-8.5140	-0.0610	-0.0020
D4	7.0160	-76.7090	0.0000	49.7060	-0.0020	-0.0010	-3.7020	0.0100	0.0190	-48.7690	0.0000	0.0000	0.0100	-2.6270	0.0230	0.0000	-14.8040	-0.0680	-7.6550	0.0260	-0.0110
D5	6.8680	-76.6120	0.0000	49.6800	0.0000	0.0000	-3.6980	0.0000	0.0000	-48.7850	0.0000	0.0000	0.0000	-2.6330	0.0000	0.0000	-14.7530	0.0000	-7.6360	0.0000	0.0000
D2	4.0960	-74.5170	0.0000	50.7550	0.0000	0.0000	-3.6750	0.0000	0.0000	-49.3600	0.0000	0.0000	0.0000	-2.3910	0.0000	0.0000	-15.4890	0.0000	-8.1380	0.0000	0.0000
D3	6.1560	-76.3030	0.0000	49.7400	0.0000	0.0010	-3.6940	0.0060	-0.0230	-49.3200	0.0000	0.0000	0.0010	-2.6530	-0.0050	0.0020	-14.8220	0.0200	-7.7520	0.0050	0.0020
D1	3.6890	-74.5910	0.0000	52.0490	0.0000	0.0000	-3.6730	0.0000	0.0000	-48.7980	0.0000	0.0000	0.0000	-2.3480	0.0000	0.0000	-15.6210	0.0000	-8.3020	0.0000	0.0000
