MUT	fa_rep:	ref:	fa_atr:	hbond_sc:	fa_sol:	yhh_planarity:	dslf_fa13:	fa_intra_sol_xover4:	omega:	p_aa_pp:	TOT	sugar_bb:	fa_intra_rep:	hbond_lr_bb:	hbond_sr_bb:	hbond_bb_sc:	fa_elec:	cart_bonded:	lk_ball_wtd:	fa_dun:	rama_prepro:
G7	3.1270	-75.5690	0.0000	56.8560	0.0000	0.0000	-3.5830	0.0000	0.0000	-44.6460	0.0000	0.0000	0.0000	-1.4290	0.0000	0.0000	-15.3380	0.0000	-8.7110	0.0000	0.0000
G6	2.4970	-73.3050	0.0000	55.0170	0.0000	0.0000	-3.5630	0.0000	0.0000	-44.5410	0.0000	0.0000	0.0000	-1.4390	0.0000	0.0000	-15.0390	0.0000	-8.7090	0.0000	0.0000
G5	3.1930	-74.5850	0.0000	56.7820	0.0000	0.0000	-3.5910	0.0000	0.0000	-44.0440	0.0000	0.0000	0.0000	-1.4210	0.0000	0.0000	-15.5220	0.0000	-8.9010	0.0000	0.0000
G4	7.9700	-82.3470	0.0000	58.8820	0.0000	0.0000	-3.6800	0.0000	0.0000	-45.3340	0.0000	0.0000	0.0000	-1.4050	0.0000	0.0000	-15.6720	0.0000	-9.0810	0.0000	0.0000
G3	7.0450	-81.7830	0.0000	57.4770	0.0000	0.0000	-3.6120	0.0000	0.0000	-46.5740	0.0000	0.0000	0.0000	-1.4500	0.0000	0.0000	-15.2690	0.0000	-8.9820	0.0000	0.0000
G2	6.4060	-81.0850	0.0000	58.2510	0.0000	-0.0010	-3.5810	-0.0110	-0.0030	-45.7450	0.0000	0.0000	0.0050	-1.4640	-0.0110	-0.0030	-15.4030	-0.0310	-8.8470	0.0380	-0.0040
G1	3.2380	-76.2240	0.0000	57.2240	0.0000	0.0010	-3.5850	0.0030	-0.0340	-44.9170	0.0000	0.0000	0.0070	-1.4160	-0.0200	0.0040	-15.3870	0.0610	-8.7680	-0.0280	0.0080
G9	3.0070	-76.1030	0.0000	57.0790	0.0000	0.0000	-3.5550	0.0000	0.0000	-45.1610	0.0000	0.0000	0.0000	-1.4660	0.0000	0.0000	-15.2310	0.0000	-8.8920	0.0000	0.0000
G8	2.7040	-74.7170	0.0000	56.6460	0.0000	0.0000	-3.5490	0.0000	0.0000	-44.4030	0.0000	0.0000	0.0000	-1.4650	0.0000	0.0000	-15.1190	0.0000	-8.9030	0.0000	0.0000
N6	2.9950	-76.3920	0.0000	58.6340	0.0000	0.0000	-3.5450	0.0000	0.0000	-44.7410	0.0000	0.0000	0.0000	-3.0780	0.0000	0.0000	-14.7290	0.0000	-8.6260	0.0000	0.0000
N7	3.0080	-75.3560	0.0000	57.6700	0.0000	0.0000	-3.5860	0.0000	0.0000	-44.1700	0.0000	0.0000	0.0000	-3.1090	0.0000	0.0000	-14.1390	0.0000	-8.6580	0.0000	0.0000
B4	6.6430	-81.7860	0.0000	60.7070	0.0000	0.0000	-3.5920	0.0000	0.0000	-45.9630	0.0000	0.0000	0.0000	-3.1300	0.0000	0.0000	-16.1080	0.0000	-8.6970	0.0000	0.0000
B5	3.6490	-77.7280	0.0000	57.0350	0.0000	0.0000	-3.5400	0.0000	0.0000	-46.8750	0.0000	0.0000	0.0000	-3.0740	0.0000	0.0000	-14.6140	0.0000	-8.6010	0.0000	0.0000
B6	6.4740	-79.4330	0.0000	57.0720	0.0000	0.0000	-3.6530	0.0000	0.0000	-44.2670	0.0000	0.0000	0.0000	-1.4170	0.0000	0.0000	-14.9190	0.0000	-8.3910	0.0000	0.0000
B7	7.3860	-79.4400	0.0000	57.6830	0.0000	0.0000	-3.6140	0.0000	0.0000	-43.4570	0.0000	0.0000	0.0000	-1.4450	0.0000	0.0000	-15.3560	0.0000	-8.6730	0.0000	0.0000
B1	3.0970	-77.0250	0.0000	56.4310	0.0000	0.0000	-3.6410	0.0000	0.0000	-46.0450	0.0000	0.0000	0.0000	-1.4420	0.0000	0.0000	-14.7620	0.0000	-8.7030	0.0000	0.0000
B2	6.9720	-79.5350	0.0000	52.1810	0.0000	0.0000	-3.5740	0.0000	0.0000	-47.2500	0.0000	0.0000	0.0000	-1.3940	0.0000	0.0000	-13.3680	0.0000	-8.5340	0.0000	0.0000
B3	4.8640	-79.0440	0.0000	59.2860	-0.0010	-0.0010	-3.6140	0.0440	-0.0160	-45.2010	0.0000	0.0000	-0.0140	-3.0230	0.0320	0.0010	-15.1350	-0.1010	-8.3450	-0.1260	-0.0080
B8	6.6240	-79.6540	0.0000	56.0440	0.0090	0.0000	-3.6160	0.0130	0.0070	-45.2120	0.0000	0.0000	0.0050	-1.4300	-0.0090	-0.0020	-14.9260	0.0160	-8.2950	-0.0030	0.0050
B9	3.4730	-77.8830	0.0000	58.8610	0.0000	0.0000	-3.5380	0.0000	0.0000	-44.7970	0.0000	0.0000	0.0000	-1.4520	0.0000	0.0000	-15.2330	0.0000	-9.0240	0.0000	0.0000
N5	4.2270	-74.2420	0.0000	56.5100	0.0000	0.0000	-3.6240	0.0000	0.0000	-42.4420	0.0000	0.0000	0.0000	-2.4180	0.0000	0.0000	-14.0580	0.0000	-8.8360	0.0000	0.0000
P10	4.7270	-79.5590	0.0000	58.5510	0.0000	0.0000	-3.5570	0.0000	0.0000	-47.6400	0.0000	0.0000	0.0000	-4.3410	0.0000	0.0000	-14.7880	0.0000	-8.6730	0.0000	0.0000
P11	4.6000	-78.9850	0.0000	57.2330	0.0000	0.0000	-3.5730	0.0000	0.0000	-46.9670	0.0000	0.0000	0.0000	-3.0750	0.0000	0.0000	-14.7260	0.0000	-8.4420	0.0000	0.0000
P12	4.2130	-78.6890	0.0000	57.7450	0.0000	0.0000	-3.5550	0.0000	0.0000	-46.6380	0.0000	0.0000	0.0000	-3.0710	0.0000	0.0000	-14.7790	0.0000	-8.5000	0.0000	0.0000
E9	3.2140	-75.8040	0.0000	56.7720	0.0000	0.0000	-3.5780	0.0000	0.0000	-44.8230	0.0000	0.0000	0.0000	-1.4600	0.0000	0.0000	-15.1700	0.0000	-8.7970	0.0000	0.0000
E8	3.2840	-75.6880	0.0000	57.3170	0.0000	0.0000	-3.5900	0.0000	0.0000	-44.2650	0.0000	0.0000	0.0000	-1.4280	0.0000	0.0000	-15.4980	0.0000	-8.6620	0.0000	0.0000
E5	3.1530	-75.8420	0.0000	57.1020	0.0000	0.0000	-3.5970	0.0000	0.0000	-44.7080	0.0000	0.0000	0.0000	-1.4260	0.0000	0.0000	-15.3640	0.0000	-8.7330	0.0000	0.0000
E4	2.8460	-75.1360	0.0000	56.5980	0.0000	0.0000	-3.5780	0.0000	0.0000	-44.8520	0.0000	0.0000	0.0000	-1.4340	0.0000	0.0000	-15.3400	0.0000	-8.8080	0.0000	0.0000
E7	3.0520	-75.2600	0.0000	57.1480	0.0000	0.0000	-3.5770	0.0000	0.0000	-43.9840	0.0000	0.0000	0.0000	-1.4300	0.0000	0.0000	-15.1040	0.0000	-8.8120	0.0000	0.0000
E6	6.0690	-77.4400	0.0000	57.2190	0.0000	0.0000	-3.5930	0.0000	0.0000	-43.2860	0.0000	0.0000	0.0000	-1.4590	0.0000	0.0000	-15.2600	0.0000	-8.8230	0.0000	0.0000
E1	3.2960	-76.8640	0.0000	58.0140	-0.0250	-0.2220	-3.4910	-0.1070	-0.0610	-45.0010	0.0000	0.0000	0.1420	-1.5610	0.0040	0.0250	-15.0940	-0.6990	-8.6250	0.2180	0.0510
P8	3.6060	-77.9840	0.0000	59.7330	0.0000	-0.0030	-3.5500	-0.0060	0.0070	-46.3570	0.0000	0.0000	0.0010	-4.3420	0.0030	-0.0040	-14.9790	0.0350	-8.8310	-0.0400	-0.0050
E3	3.7760	-78.3120	0.0000	57.9070	0.0000	0.0000	-3.5730	0.0000	0.0000	-46.0820	0.0000	0.0000	0.0000	-1.4600	0.0000	0.0000	-15.7400	0.0000	-8.6810	0.0000	0.0000
E2	6.0870	-78.0810	0.0000	57.3140	0.0000	0.0000	-3.6050	0.0000	0.0000	-43.8440	0.0000	0.0000	0.0000	-1.4440	0.0000	0.0000	-15.0940	0.0000	-9.0210	0.0000	0.0000
P2	5.9250	-80.1930	0.0000	58.9120	0.0000	0.0000	-3.5660	0.0000	0.0000	-47.0840	0.0000	0.0000	0.0000	-4.3670	0.0000	0.0000	-15.1230	0.0000	-8.6710	0.0000	0.0000
P3	6.6930	-80.7020	0.0000	58.4150	0.0000	0.0000	-3.5670	0.0000	0.0000	-47.2060	0.0000	0.0000	0.0000	-4.3730	0.0000	0.0000	-15.0860	0.0000	-8.5860	0.0000	0.0000
P1	4.5150	-76.0740	0.0000	59.2090	-0.1140	0.0380	-3.8610	0.1960	-0.1890	-44.6720	0.0000	0.0000	0.0610	-1.3800	-0.0440	-0.1320	-18.3050	0.3200	-8.2490	-0.7370	0.0760
P6	4.1840	-79.3570	0.0000	58.2940	-0.0010	0.0000	-3.5380	0.0160	0.0080	-47.0590	0.0000	0.0000	-0.0070	-3.0720	0.0010	0.0010	-14.8520	0.0590	-8.6420	-0.1560	0.0060
P7	3.7030	-78.8830	0.0000	55.6570	0.3640	-0.1820	-3.5120	-0.3720	0.0090	-47.4720	0.0000	0.0000	0.1510	-4.6310	-0.1480	-0.2710	-10.0010	-1.4500	-7.8870	-0.2290	0.2100
P4	6.2970	-80.3160	0.0000	58.9510	0.0000	0.0000	-3.5730	0.0000	0.0000	-46.5650	0.0000	0.0000	0.0000	-4.3950	0.0000	0.0000	-14.9880	0.0000	-8.5420	0.0000	0.0000
P5	4.5420	-78.9050	0.0000	59.7550	0.0000	0.0000	-3.5330	0.0000	0.0000	-46.2750	0.0000	0.0000	0.0000	-4.3770	0.0000	0.0000	-14.9870	0.0000	-8.7720	0.0000	0.0000
H10	4.5780	-80.1530	0.0000	58.1350	0.0000	0.0000	-3.5540	0.0000	0.0000	-47.0010	0.0000	0.0000	0.0000	-2.5190	0.0000	0.0000	-14.0560	0.0000	-9.4330	0.0000	0.0000
H11	3.9250	-77.5540	0.0000	56.8870	0.0000	0.0000	-3.5570	0.0000	0.0000	-45.6210	0.0000	0.0000	0.0000	-2.5630	0.0000	0.0000	-13.2920	0.0000	-9.4670	0.0000	0.0000
H12	4.8020	-80.4850	0.0000	59.1060	0.0000	0.0000	-3.5740	0.0000	0.0000	-46.6540	0.0000	0.0000	0.0000	-2.5110	0.0000	0.0000	-14.5080	0.0000	-9.4830	0.0000	0.0000
P9	4.3110	-79.2180	0.0000	59.0250	0.0000	0.0000	-3.5480	0.0000	0.0000	-47.3690	0.0000	0.0000	0.0000	-4.3480	0.0000	0.0000	-14.8660	0.0000	-8.7250	0.0000	0.0000
F12	5.6010	-82.0380	0.0000	56.7230	0.0000	0.0000	-3.5710	0.0000	0.0000	-48.7370	0.0000	0.0000	0.0000	-1.4650	0.0000	0.0000	-15.0850	0.0000	-8.9030	0.0000	0.0000
F10	6.1470	-80.8910	0.0000	57.4290	0.0000	0.0000	-3.5490	0.0050	0.0160	-46.4990	0.0000	0.0000	-0.0050	-1.4660	0.0000	0.0050	-15.5110	0.2320	-8.9510	0.0510	-0.0120
F11	6.8000	-81.5700	0.0000	57.8400	0.0000	0.0000	-3.5800	0.0000	0.0000	-46.1080	0.0000	0.0000	0.0000	-1.4600	0.0000	0.0000	-15.2880	0.0000	-8.8500	0.0000	0.0000
N12	2.9400	-76.0070	0.0000	56.3170	0.0000	0.0000	-3.5560	0.0000	0.0000	-46.0790	0.0000	0.0000	0.0000	-3.0670	0.0000	0.0000	-14.2700	0.0000	-8.4350	0.0000	0.0000
H8	2.8360	-76.0650	0.0000	57.0620	0.0000	0.0000	-3.5640	0.0000	0.0000	-45.4420	0.0000	0.0000	0.0000	-3.0910	0.0000	0.0000	-14.3860	0.0000	-8.2340	0.0000	0.0000
H9	2.9150	-76.4700	0.0000	57.0220	0.0000	0.0000	-3.5670	0.0000	0.0000	-45.7940	0.0000	0.0000	0.0000	-3.0830	0.0000	0.0000	-14.3590	0.0000	-8.2520	0.0000	0.0000
H6	2.9980	-76.6740	0.0000	56.7720	0.0000	0.0000	-3.5620	0.0000	0.0000	-46.2700	0.0000	0.0000	0.0000	-3.0780	0.0000	0.0000	-14.3980	0.0000	-8.3310	0.0000	0.0000
H7	2.8470	-76.1230	0.0000	57.0960	0.0000	0.0000	-3.5660	0.0000	0.0000	-45.4770	0.0000	0.0000	0.0000	-3.0880	0.0000	0.0000	-14.4020	0.0000	-8.2410	0.0000	0.0000
H4	2.8890	-75.4120	0.0000	55.7850	0.0020	-0.0010	-3.6200	-0.0150	-0.0090	-44.8890	0.0000	0.0000	0.0000	-1.4450	0.0080	-0.0010	-14.5890	0.0260	-8.5300	0.0150	0.0080
H5	2.9660	-76.6220	0.0000	56.8360	0.0000	0.0000	-3.5600	0.0000	0.0000	-46.3260	0.0000	0.0000	0.0000	-3.0810	0.0000	0.0000	-14.5350	0.0000	-8.3300	0.0000	0.0000
D10	3.1000	-76.2500	0.0000	56.9510	0.0000	0.0000	-3.5900	0.0000	0.0000	-45.2400	0.0000	0.0000	0.0000	-1.4260	0.0000	0.0000	-15.3490	0.0000	-8.6750	0.0000	0.0000
D11	2.9210	-76.5110	0.0000	56.6810	0.0000	0.0000	-3.5830	0.0000	0.0000	-46.0610	0.0000	0.0000	0.0000	-1.4290	0.0000	0.0000	-15.3330	0.0000	-8.8060	0.0000	0.0000
D12	3.2510	-76.8570	0.0000	57.5570	0.0000	0.0000	-3.5770	0.0000	0.0000	-44.9900	0.0000	0.0000	0.0000	-1.4240	0.0000	0.0000	-15.0300	0.0000	-8.9100	0.0000	0.0000
B12	6.8780	-79.4740	0.0000	56.6970	0.0000	0.0000	-3.6500	0.0000	0.0000	-44.1580	0.0000	0.0000	0.0000	-1.4180	0.0000	0.0000	-14.8430	0.0000	-8.3470	0.0000	0.0000
B10	6.3040	-79.5160	0.0000	56.5020	0.0000	0.0000	-3.6460	0.0000	0.0000	-45.0100	0.0000	0.0000	0.0000	-1.4220	0.0000	0.0000	-14.9000	0.0000	-8.3310	0.0000	0.0000
B11	6.9420	-80.0130	0.0000	57.2180	0.0000	0.0000	-3.6420	0.0000	0.0000	-44.0880	0.0000	0.0000	0.0000	-1.4100	0.0000	0.0000	-14.6420	0.0000	-8.5400	0.0000	0.0000
Q8	4.1730	-79.3900	0.0000	58.6160	0.0000	0.0000	-3.5400	0.0000	0.0000	-48.2430	0.0000	0.0000	0.0000	-4.3540	0.0000	0.0000	-15.2540	0.0000	-8.4930	0.0000	0.0000
Q9	4.5360	-78.3090	0.0000	58.1800	0.0000	0.0000	-3.5910	0.0000	0.0000	-45.5890	0.0000	0.0000	0.0000	-3.0610	0.0000	0.0000	-14.9910	0.0000	-8.3510	0.0000	0.0000
C9	2.8240	-75.1330	0.0000	56.3040	0.0000	0.0000	-3.5810	0.0000	0.0000	-45.0410	0.0000	0.0000	0.0000	-1.4340	0.0000	0.0000	-15.2640	0.0000	-8.7550	0.0000	0.0000
C8	3.1790	-76.5480	0.0000	56.3890	0.0000	0.0000	-3.5740	0.0000	0.0000	-45.8610	0.0000	0.0000	0.0000	-1.4600	0.0000	0.0000	-15.1010	0.0000	-8.7440	0.0000	0.0000
Q11	5.8240	-79.5200	0.0000	57.5760	0.0000	0.0000	-3.5780	0.0000	0.0000	-46.2190	0.0000	0.0000	0.0000	-3.1120	0.0000	0.0000	-14.9280	0.0000	-8.4800	0.0000	0.0000
Q10	5.9270	-80.1390	0.0000	58.8570	0.0000	0.0000	-3.5660	0.0000	0.0000	-47.0640	0.0000	0.0000	0.0000	-4.3750	0.0000	0.0000	-15.1030	0.0000	-8.6650	0.0000	0.0000
Q12	5.7700	-80.0030	0.0000	58.8650	0.0000	0.0000	-3.5320	0.0000	0.0000	-45.8120	0.0000	0.0000	0.0000	-3.1400	0.0000	0.0000	-15.0760	0.0000	-8.6960	0.0000	0.0000
C3	9.5960	-78.9340	0.0000	56.9270	0.0000	0.0000	-3.6050	0.0000	0.0000	-40.9250	0.0000	0.0000	0.0000	-1.4360	0.0000	0.0000	-15.1660	0.0000	-8.3060	0.0000	0.0000
C2	6.0900	-79.3970	0.0000	56.8490	0.0000	0.0000	-3.6410	0.0000	0.0000	-44.8970	0.0000	0.0000	0.0000	-1.4210	0.0000	0.0000	-14.9260	0.0000	-8.4510	0.0000	0.0000
C1	6.6250	-79.2930	0.0000	56.5370	0.0000	0.0000	-3.6470	0.0000	0.0000	-44.3930	0.0000	0.0000	0.0000	-1.4190	0.0000	0.0000	-14.8920	0.0000	-8.3060	0.0000	0.0000
C7	2.6940	-74.1270	0.0000	56.7790	0.0000	0.0000	-3.5690	0.0000	0.0000	-43.9220	0.0000	0.0000	0.0000	-1.4330	0.0000	0.0000	-15.2710	0.0000	-8.9950	0.0000	0.0000
C6	2.6660	-74.6310	0.0000	56.6350	0.0000	0.0000	-3.5680	0.0000	0.0000	-44.5180	0.0000	0.0000	0.0000	-1.4340	0.0000	0.0000	-15.2360	0.0000	-8.9480	0.0000	0.0000
C5	2.8280	-75.1410	0.0000	56.3070	0.0000	0.0000	-3.5810	0.0000	0.0000	-45.0500	0.0000	0.0000	0.0000	-1.4330	0.0000	0.0000	-15.2750	0.0000	-8.7540	0.0000	0.0000
C4	2.8230	-75.4600	0.0000	56.7680	0.0000	0.0000	-3.5720	0.0000	0.0000	-45.1300	0.0000	0.0000	0.0000	-1.4290	0.0000	0.0000	-15.2980	0.0000	-8.9610	0.0000	0.0000
N10	2.8410	-75.8370	0.0000	57.5420	-0.0010	0.0000	-3.5540	-0.0300	-0.0060	-45.1780	0.0000	0.0000	0.0060	-3.0770	0.0030	0.0000	-14.6280	-0.0100	-8.4520	0.0220	0.0040
N8	4.3180	-76.0630	0.0000	60.2080	-0.0050	0.0130	-3.5610	-0.2880	-0.1750	-43.2650	0.0000	0.0000	-0.0910	-2.5610	0.0800	-0.3640	-16.3950	-0.5140	-8.5590	0.7380	-0.0450
N9	4.0400	-75.6920	0.0000	57.7130	0.0000	0.0000	-3.6270	0.0000	0.0000	-43.3080	0.0000	0.0000	0.0000	-2.3140	0.0000	0.0000	-14.0580	0.0000	-9.3720	0.0000	0.0000
N11	3.9900	-75.7130	0.0000	54.2410	0.0000	0.0000	-3.5310	0.0000	0.0000	-47.1630	0.0000	0.0000	0.0000	-3.1290	0.0000	0.0000	-14.9120	0.0000	-8.1070	0.0000	0.0000
G12	4.5350	-78.7260	0.0000	56.5280	0.0000	0.0000	-3.5480	0.0000	0.0000	-46.3920	0.0000	0.0000	0.0000	-1.4740	0.0000	0.0000	-14.9310	0.0000	-8.7740	0.0000	0.0000
G11	6.9890	-79.9580	0.0000	57.3390	-0.0010	0.0060	-3.6270	-0.0100	-0.0090	-44.4370	0.0000	0.0000	-0.0120	-1.4190	0.0120	0.0110	-15.3690	0.0860	-8.4570	-0.0130	-0.0060
G10	3.0820	-75.1210	0.0000	56.8920	0.0000	0.0000	-3.5890	0.0000	0.0000	-44.1900	0.0000	0.0000	0.0000	-1.4280	0.0000	0.0000	-15.2830	0.0000	-8.7430	0.0000	0.0000
F1	3.0470	-75.6690	0.0000	57.2860	0.0000	0.0000	-3.5820	0.0000	0.0000	-44.2670	0.0000	0.0000	0.0000	-1.4290	0.0000	0.0000	-15.0620	0.0000	-8.8590	0.0000	0.0000
F2	6.2130	-77.5030	0.0000	57.1210	0.0000	0.0000	-3.5880	0.0000	0.0000	-43.2100	0.0000	0.0000	0.0000	-1.4590	0.0000	0.0000	-15.3420	0.0000	-8.6520	0.0000	0.0000
F3	3.1710	-76.1540	0.0000	56.8750	0.0000	0.0000	-3.5800	0.0000	0.0000	-45.0530	0.0000	0.0000	0.0000	-1.4570	0.0000	0.0000	-15.1120	0.0000	-8.7960	0.0000	0.0000
F4	6.3910	-79.1380	0.0000	56.5970	0.0000	0.0000	-3.6460	0.0000	0.0000	-44.4350	0.0000	0.0000	0.0000	-1.4200	0.0000	0.0000	-14.8670	0.0000	-8.3530	0.0000	0.0000
F5	2.9960	-76.1160	0.0000	56.3850	0.0000	0.0000	-3.5850	0.0000	0.0000	-45.8680	0.0000	0.0000	0.0000	-1.4310	0.0000	0.0000	-15.3520	0.0000	-8.7640	0.0000	0.0000
F6	3.0270	-76.3690	0.0000	56.8340	0.0000	0.0000	-3.5660	0.0000	0.0000	-45.5950	0.0000	0.0000	0.0000	-1.4640	0.0000	0.0000	-15.2220	0.0000	-8.8360	0.0000	0.0000
F7	5.6520	-76.8840	0.0000	56.6820	0.0000	0.0000	-3.6030	0.0000	0.0000	-43.5750	0.0000	0.0000	0.0000	-1.4470	0.0000	0.0000	-15.0320	0.0000	-8.9420	0.0000	0.0000
F8	3.1400	-76.5320	0.0000	57.0530	0.0000	0.0000	-3.5760	0.0000	0.0000	-45.2930	0.0000	0.0000	0.0000	-1.4300	0.0000	0.0000	-15.0660	0.0000	-8.8830	0.0000	0.0000
F9	6.5010	-79.1230	0.0000	56.3080	0.0000	0.0000	-3.6370	0.0000	0.0000	-44.5970	0.0000	0.0000	0.0000	-1.4210	0.0000	0.0000	-14.9050	0.0000	-8.3190	0.0000	0.0000
Q1	3.4610	-75.9520	0.0000	56.8410	0.0000	0.0000	-3.6030	0.0000	0.0000	-45.0930	0.0000	0.0000	0.0000	-3.0920	0.0000	0.0000	-14.0020	0.0000	-8.7450	0.0000	0.0000
Q3	3.5800	-78.4360	0.0000	58.4170	-0.0010	0.0000	-3.5580	-0.0220	0.0060	-46.5360	0.0000	0.0000	0.0110	-3.0700	-0.0100	-0.0010	-14.8880	0.0210	-8.6270	0.0300	0.0100
Q2	3.9630	-78.3250	0.0000	58.1980	0.0000	0.0000	-3.5740	0.0000	0.0000	-46.2700	0.0000	0.0000	0.0000	-3.0830	0.0000	0.0000	-14.9840	0.0000	-8.4640	0.0000	0.0000
Q5	5.9140	-80.1300	0.0000	58.8520	0.0000	0.0000	-3.5660	0.0000	0.0000	-47.0680	0.0000	0.0000	0.0000	-4.3780	0.0000	0.0000	-15.0940	0.0000	-8.6660	0.0000	0.0000
Q4	4.3780	-78.8650	0.0000	57.7320	-0.0060	0.0000	-3.5610	-0.0560	0.0170	-46.6450	0.0000	0.0000	-0.0040	-3.0850	-0.0040	0.0040	-14.8250	0.1690	-8.5010	-0.0240	-0.0140
Q7	5.6170	-81.7310	0.0000	58.3480	0.0000	0.0000	-3.7020	0.0000	0.0000	-49.1170	0.0000	0.0000	0.0000	-4.0280	0.0000	0.0000	-15.2450	0.0000	-8.3780	0.0000	0.0000
Q6	5.6680	-79.9610	0.0000	57.3350	0.0000	0.0000	-3.5700	0.0000	0.0000	-46.8470	0.0000	0.0000	0.0000	-3.1090	0.0000	0.0000	-14.8190	0.0000	-8.3930	0.0000	0.0000
E11	2.8290	-75.4460	0.0000	56.7010	0.0000	0.0000	-3.5800	0.0000	0.0000	-45.0870	0.0000	0.0000	0.0000	-1.4350	0.0000	0.0000	-15.3160	0.0000	-8.8410	0.0000	0.0000
E10	5.6720	-78.8860	0.0000	56.8830	0.0000	0.0000	-3.6650	0.0000	0.0000	-44.6980	0.0000	0.0000	0.0000	-1.4220	0.0000	0.0000	-14.9180	0.0000	-8.3610	0.0000	0.0000
E12	3.2720	-75.9350	0.0000	57.4020	0.0000	0.0000	-3.5880	0.0000	0.0000	-44.4560	0.0000	0.0000	0.0000	-1.4280	0.0000	0.0000	-15.4820	0.0000	-8.6950	0.0000	0.0000
C12	3.0850	-75.2180	0.0000	56.7420	0.0000	0.0000	-3.5760	0.0000	0.0000	-44.1520	0.0000	0.0000	0.0000	-1.4300	0.0000	0.0000	-15.0160	0.0000	-8.7380	0.0000	0.0000
C11	8.4750	-77.9970	0.0000	57.0390	0.0000	0.0000	-3.6020	0.0000	0.0000	-41.2950	0.0000	0.0000	0.0000	-1.4430	0.0000	0.0000	-15.3900	0.0000	-8.3780	0.0000	0.0000
C10	3.1450	-75.7640	0.0000	56.7690	0.0000	0.0000	-3.5940	0.0000	0.0000	-44.8480	0.0000	0.0000	0.0000	-1.4270	0.0000	0.0000	-15.3170	0.0000	-8.6600	0.0000	0.0000
A11	3.0520	-77.4310	0.0000	58.0630	0.0000	0.0000	-3.5590	0.0000	0.0000	-47.4290	0.0000	0.0000	0.0000	-4.3690	0.0000	0.0000	-14.6700	0.0000	-8.5140	0.0000	0.0000
A10	7.9750	-82.3590	0.0000	58.8880	0.0000	0.0000	-3.6810	0.0000	0.0000	-45.3290	0.0000	0.0000	0.0000	-1.4030	0.0000	0.0000	-15.6670	0.0000	-9.0810	0.0000	0.0000
A12	4.5600	-76.8000	0.0000	56.6610	0.0000	0.0000	-3.5780	0.0000	0.0000	-45.2280	0.0000	0.0000	0.0000	-3.1120	0.0000	0.0000	-14.2490	0.0000	-8.7100	0.0000	0.0000
A1	4.5450	-80.3370	0.0000	59.0800	0.0000	0.0000	-3.5470	0.0000	0.0000	-48.2280	0.0000	0.0000	0.0000	-4.3430	0.0000	0.0000	-14.8510	0.0000	-8.7730	0.0000	0.0000
A3	3.0360	-76.9080	0.0000	56.7110	0.0000	0.0000	-3.5570	0.0000	0.0000	-46.6130	0.0000	0.0000	0.0000	-3.0760	0.0000	0.0000	-14.4710	0.0000	-8.3480	0.0000	0.0000
A2	3.5500	-77.5160	0.0000	58.4180	0.0000	0.0000	-3.5580	0.0000	0.0000	-45.6430	0.0000	0.0000	0.0000	-3.0680	0.0000	0.0000	-14.8890	0.0000	-8.5790	0.0000	0.0000
A5	4.4600	-79.9050	0.0000	57.8360	0.0000	0.0000	-3.5560	0.0000	0.0000	-47.5640	0.0000	0.0000	0.0000	-3.0650	0.0000	0.0000	-14.7800	0.0000	-8.5540	0.0000	0.0000
A4	4.6140	-77.3770	0.0000	58.3900	0.0000	0.0000	-3.5340	0.0000	0.0000	-45.9970	0.0000	0.0000	0.0000	-4.3670	0.0000	0.0000	-14.8690	0.0000	-8.8540	0.0000	0.0000
A7	4.5990	-81.6010	0.0000	58.6310	0.0000	0.0000	-3.6850	0.0000	0.0000	-49.5760	0.0000	0.0000	0.0000	-3.9730	0.0000	0.0000	-14.9250	0.0000	-8.6230	0.0000	0.0000
A6	3.5440	-77.4900	0.0000	58.4210	0.0000	0.0000	-3.5570	0.0000	0.0000	-45.6160	0.0000	0.0000	0.0000	-3.0710	0.0000	0.0000	-14.8840	0.0000	-8.5800	0.0000	0.0000
A9	3.5610	-77.0010	0.0000	59.8730	0.0000	0.0000	-3.5130	0.0000	0.0000	-43.4380	0.0000	0.0000	0.0000	-3.0340	0.0000	0.0000	-14.6740	0.0000	-8.6500	0.0000	0.0000
A8	2.9790	-76.3650	0.0000	57.7390	0.0000	0.0000	-3.5530	0.0000	0.0000	-46.6540	0.0000	0.0000	0.0000	-4.3520	0.0000	0.0000	-14.5020	0.0000	-8.5990	0.0000	0.0000
D8	3.2170	-75.9890	0.0000	57.2090	0.0000	0.0000	-3.5820	0.0000	0.0000	-44.6960	0.0000	0.0000	0.0000	-1.4300	0.0000	0.0000	-15.4650	0.0000	-8.6540	0.0000	0.0000
D9	3.1750	-76.2960	0.0000	56.6150	0.0000	0.0000	-3.5750	0.0000	0.0000	-45.4220	0.0000	0.0000	0.0000	-1.4610	0.0000	0.0000	-15.1480	0.0000	-8.7330	0.0000	0.0000
D6	6.1730	-77.5690	0.0000	57.0080	0.0000	0.0000	-3.5920	0.0000	0.0000	-43.5020	0.0000	0.0000	0.0000	-1.4550	0.0000	0.0000	-15.2820	0.0000	-8.7850	0.0000	0.0000
D7	3.1670	-76.1410	0.0000	57.0350	0.0000	0.0000	-3.5870	0.0000	0.0000	-44.8650	0.0000	0.0000	0.0000	-1.4300	0.0000	0.0000	-15.1480	0.0000	-8.7610	0.0000	0.0000
D4	6.1820	-79.1390	0.0000	56.9340	0.0000	0.0000	-3.6620	0.0000	0.0000	-44.3120	0.0000	0.0000	0.0000	-1.4200	0.0000	0.0000	-14.8990	0.0000	-8.3080	0.0000	0.0000
D5	6.2790	-79.2480	0.0000	56.9270	0.0000	0.0000	-3.6400	0.0000	0.0000	-44.3700	0.0000	0.0000	0.0000	-1.4310	0.0000	0.0000	-14.9250	0.0000	-8.3320	0.0000	0.0000
D2	3.1720	-75.7190	0.0000	56.4220	0.0000	0.0000	-3.5730	0.0000	0.0000	-44.9650	0.0000	0.0000	0.0000	-1.4610	0.0000	0.0000	-15.0810	0.0000	-8.7260	0.0000	0.0000
D3	9.7220	-79.0460	0.0000	56.9740	-0.0030	0.0000	-3.6130	0.0030	-0.0200	-40.9050	0.0000	0.0000	0.0050	-1.4330	-0.0010	-0.0050	-15.1610	-0.0230	-8.3140	0.0020	0.0080
D1	3.2910	-75.6400	0.0000	57.0010	0.0000	0.0000	-3.5870	0.0000	0.0000	-44.4010	0.0000	0.0000	0.0000	-1.4270	0.0000	0.0000	-15.4380	0.0000	-8.6000	0.0000	0.0000
