MUT	fa_rep:	ref:	fa_atr:	hbond_sc:	fa_sol:	yhh_planarity:	dslf_fa13:	fa_intra_sol_xover4:	omega:	p_aa_pp:	TOT	sugar_bb:	fa_intra_rep:	hbond_lr_bb:	hbond_sr_bb:	hbond_bb_sc:	fa_elec:	cart_bonded:	lk_ball_wtd:	fa_dun:	rama_prepro:
G7	4.5740	-80.4460	0.0000	57.1220	0.0000	0.0000	-2.9930	0.0000	0.0000	-46.4740	0.0000	0.0000	0.0000	-1.4220	0.0000	0.0000	-14.7750	0.0000	-8.5350	0.0000	0.0000
G6	3.2300	-79.1450	0.0000	56.5380	0.0000	0.0000	-3.0070	0.0000	0.0000	-48.5890	0.0000	0.0000	0.0000	-2.4460	0.0000	0.0000	-15.1740	0.0000	-8.5860	0.0000	0.0000
G5	4.8060	-79.6540	0.0000	56.1770	0.0010	0.0000	-2.9730	0.0010	0.0090	-46.0770	0.0000	0.0000	0.0010	-1.4130	-0.0010	0.0050	-14.6570	0.0390	-8.3280	-0.0790	-0.0100
G4	7.2470	-85.5020	0.0000	58.5550	0.0000	0.0000	-3.0190	0.0000	0.0000	-48.8400	0.0000	0.0000	0.0000	-2.7420	0.0000	0.0000	-14.6660	0.0000	-8.7130	0.0000	0.0000
G3	6.7950	-86.4870	0.0000	58.6320	-0.1470	-0.0010	-3.0170	0.1750	0.3460	-49.9150	0.0000	0.0000	0.1510	-2.4490	-0.0910	-0.1740	-14.8300	-0.7710	-8.3070	0.6480	-0.3880
G2	6.6170	-84.5680	0.0000	58.2440	0.0000	0.0000	-3.0050	0.0000	0.0000	-47.9380	0.0000	0.0000	0.0000	-1.4080	0.0000	0.0000	-15.2640	0.0000	-8.5540	0.0000	0.0000
G1	4.7820	-81.6810	0.0000	57.5130	0.0000	0.0000	-2.9900	0.0000	0.0000	-47.3670	0.0000	0.0000	0.0000	-1.4240	0.0000	0.0000	-15.0650	0.0000	-8.5020	0.0000	0.0000
G9	4.4230	-80.6860	0.0000	56.9120	0.0000	0.0000	-3.0010	0.0000	0.0000	-47.2400	0.0000	0.0000	0.0000	-1.4250	0.0000	0.0000	-14.9830	0.0000	-8.4800	0.0000	0.0000
G8	3.2020	-79.2240	0.0000	57.2330	0.0000	0.0000	-2.9810	0.0000	0.0000	-47.7690	0.0000	0.0000	0.0000	-2.4120	0.0000	0.0000	-15.0220	0.0000	-8.5650	0.0000	0.0000
N6	4.4200	-81.1760	0.0000	57.4030	0.0000	0.0000	-2.8810	0.0000	0.0000	-45.4940	0.0000	0.0000	0.0000	-1.4280	0.0000	0.0000	-13.6430	0.0000	-8.1880	0.0000	0.0000
N7	5.1090	-81.3520	0.0000	57.6670	0.1030	-0.0240	-3.0210	0.2320	-0.1210	-44.5140	0.0000	0.0000	0.2550	-1.4380	-0.0030	0.0920	-13.1770	0.4110	-9.3240	-0.0690	0.1450
B4	6.6990	-84.5790	0.0000	59.6760	0.0000	0.0000	-3.0050	0.0000	0.0000	-47.6180	0.0000	0.0000	0.0000	-1.4290	0.0000	0.0000	-15.4970	0.0000	-9.4820	0.0000	0.0000
B5	4.2660	-81.6860	0.0000	55.0890	0.0000	0.0000	-2.8840	0.0000	0.0000	-49.0610	0.0000	0.0000	0.0000	-1.3010	0.0000	0.0000	-13.4110	0.0000	-9.1340	0.0000	0.0000
B6	10.3680	-84.3550	0.0000	56.9450	0.0000	0.0000	-2.9870	0.0000	0.0000	-44.4270	0.0000	0.0000	0.0000	-1.3390	0.0000	0.0000	-15.1880	0.0000	-7.8710	0.0000	0.0000
B7	9.2130	-86.3460	0.0000	59.2940	0.6240	0.0030	-3.0660	0.2930	0.2100	-46.8120	0.0000	0.0000	-0.0430	-2.4760	-0.0730	-0.1920	-14.8770	-1.1900	-7.9830	0.3010	-0.5050
B1	4.5380	-82.1060	0.0000	56.8090	0.0000	0.0000	-2.9600	0.0000	0.0000	-46.7760	0.0000	0.0000	0.0000	-1.4220	0.0000	0.0000	-13.0310	0.0000	-8.6040	0.0000	0.0000
B2	6.9640	-82.8100	0.0000	54.0560	0.0000	0.0000	-3.0030	0.0000	0.0000	-47.9450	0.0000	0.0000	0.0000	-1.4040	0.0000	0.0000	-13.4790	0.0000	-8.2690	0.0000	0.0000
B3	6.7470	-83.9960	0.0000	58.9360	0.0000	0.0000	-2.9880	0.0000	0.0000	-47.2750	0.0000	0.0000	0.0000	-1.4320	0.0000	0.0000	-15.2050	0.0000	-9.3390	0.0000	0.0000
B8	8.0460	-87.3850	0.0000	57.3440	0.0000	0.0000	-3.0390	0.0000	0.0000	-49.8900	0.0000	0.0000	0.0000	-2.7740	0.0000	0.0000	-14.0260	0.0000	-8.0560	0.0000	0.0000
B9	7.7620	-81.8360	0.0000	57.3520	0.0000	0.0000	-2.9980	0.0000	0.0000	-44.7220	0.0000	0.0000	0.0000	-1.3150	0.0000	0.0000	-15.5480	0.0000	-8.1410	0.0000	0.0000
N5	4.6890	-82.0530	0.0000	56.6870	0.0000	0.0000	-2.8590	0.0000	0.0000	-47.9630	0.0000	0.0000	0.0000	-1.3110	0.0000	0.0000	-13.7230	0.0000	-9.3920	0.0000	0.0000
P10	5.5690	-83.6800	0.0000	57.4590	0.0000	0.0000	-2.9780	0.0000	0.0000	-47.8290	0.0000	0.0000	0.0000	-1.3820	0.0000	0.0000	-13.4690	0.0000	-9.3490	0.0000	0.0000
P11	5.7400	-83.1380	0.0000	55.6120	0.0000	0.0000	-2.9830	0.0000	0.0000	-48.7430	0.0000	0.0000	0.0000	-1.3360	0.0000	0.0000	-13.6960	0.0000	-8.9410	0.0000	0.0000
P12	5.1900	-82.8310	0.0000	56.1150	0.0000	0.0000	-2.9560	0.0000	0.0000	-48.5180	0.0000	0.0000	0.0000	-1.3330	0.0000	0.0000	-13.6730	0.0000	-9.0310	0.0000	0.0000
E9	5.3140	-81.2890	0.0000	57.0580	0.0000	0.0000	-3.0020	0.0000	0.0000	-46.6630	0.0000	0.0000	0.0000	-1.4140	0.0000	0.0000	-14.8200	0.0000	-8.5100	0.0000	0.0000
E8	4.9020	-82.7030	0.0000	60.3870	0.0330	-0.0170	-3.2890	0.1980	0.4070	-46.3100	0.0000	0.0000	0.0660	-2.7560	-0.0970	-0.1650	-15.4680	-0.2150	-7.9810	0.8540	-0.4660
E5	4.9750	-81.1270	0.0000	57.5120	0.0000	0.0000	-3.0010	0.0000	0.0000	-46.6080	0.0000	0.0000	0.0000	-1.4140	0.0000	0.0000	-14.9970	0.0000	-8.5550	0.0000	0.0000
E4	4.1500	-80.2250	0.0000	56.9040	0.0000	0.0000	-2.9760	0.0000	0.0000	-46.9230	0.0000	0.0000	0.0000	-1.4330	0.0000	0.0000	-14.7780	0.0000	-8.5650	0.0000	0.0000
E7	5.5340	-81.3330	0.0000	57.8170	0.0000	0.0000	-3.0030	0.0000	0.0000	-46.9800	0.0000	0.0000	0.0000	-2.4850	0.0000	0.0000	-14.9680	0.0000	-8.5410	0.0000	0.0000
E6	6.3850	-81.7950	0.0000	56.7550	0.0000	0.0000	-2.9730	0.0000	0.0000	-47.1120	0.0000	0.0000	0.0000	-2.5880	0.0000	0.0000	-14.6000	0.0000	-8.2960	0.0000	0.0000
E1	4.7660	-83.7730	0.0000	59.8110	0.0310	-0.0060	-2.9650	0.1970	0.2950	-48.8130	0.0000	0.0000	0.0430	-3.5100	-0.0880	-0.1150	-14.8440	-0.2880	-8.2420	0.4490	-0.5710
P8	4.0760	-82.9180	0.0000	58.4580	-0.3060	0.0420	-2.9550	0.7830	0.0600	-47.5950	0.0000	0.0000	0.0880	-2.6630	0.0060	-0.0210	-15.2550	1.1230	-8.4620	0.0960	0.2540
E3	5.4650	-82.8770	0.0000	57.2270	0.0000	0.0000	-2.9030	0.0000	0.0000	-48.2700	0.0000	0.0000	0.0000	-2.6400	0.0000	0.0000	-14.3120	0.0000	-8.2290	0.0000	0.0000
E2	13.0020	-87.7430	0.0000	58.6250	-0.1420	-0.0010	-3.0810	0.0540	0.0100	-44.7570	0.0000	0.0000	-0.0330	-2.7280	0.0240	-0.1280	-14.9190	0.4700	-8.4390	0.2600	0.0110
P2	8.6390	-83.1650	0.0000	56.2810	0.0000	0.0000	-3.0430	0.0000	0.0000	-43.3890	0.0000	0.0000	0.0000	-1.3860	0.0000	0.0000	-12.5860	0.0000	-8.1300	0.0000	0.0000
P3	6.8390	-83.6600	0.0000	56.3920	0.0090	0.0000	-3.0310	0.0490	-0.0270	-49.6810	0.0000	0.0000	-0.0080	-3.1170	0.0090	0.0090	-14.4290	0.0140	-8.7230	-0.0060	0.0020
P1	6.5400	-82.7800	0.0000	55.6330	0.0000	0.0000	-2.9960	0.0000	0.0000	-48.4640	0.0000	0.0000	0.0000	-2.8940	0.0000	0.0000	-13.3900	0.0000	-8.5770	0.0000	0.0000
P6	5.0450	-83.9080	0.0000	56.5200	0.0000	0.0000	-2.9590	0.0000	0.0000	-49.2910	0.0000	0.0000	0.0000	-1.3250	0.0000	0.0000	-13.6290	0.0000	-9.0350	0.0000	0.0000
P7	6.2840	-84.1730	0.0000	57.8650	0.0000	0.0000	-3.0400	0.0000	0.0000	-46.8760	0.0000	0.0000	0.0000	-1.2230	0.0000	0.0000	-14.4310	0.0000	-8.1590	0.0000	0.0000
P4	8.5580	-83.7360	0.0000	58.3960	0.0160	0.0020	-2.9900	-0.0080	0.0090	-43.7100	0.0000	0.0000	0.0040	-1.4400	-0.0020	0.0050	-13.5130	0.0720	-9.0980	0.0190	-0.0050
P5	4.7600	-83.1770	0.0000	58.4770	0.0000	0.0000	-2.9520	0.0000	0.0000	-49.2410	0.0000	0.0000	0.0000	-2.7450	0.0000	0.0000	-14.4810	0.0000	-9.1230	0.0000	0.0000
H10	6.1040	-87.8010	0.0000	60.6160	0.0000	0.0000	-3.0110	0.0000	0.0000	-50.0280	0.0000	0.0000	0.0000	-2.5730	0.0000	0.0000	-13.8140	0.0000	-9.5490	0.0000	0.0000
H11	6.0560	-86.9680	0.0000	62.5930	-0.0730	0.0720	-0.5010	-0.1220	0.0050	-49.9400	0.0000	0.0000	-0.0080	-5.9160	0.0360	0.5980	-17.0410	-0.4240	-8.7720	0.3880	0.1350
H12	5.8940	-85.9510	0.0000	55.9490	0.1460	-0.0030	-2.5740	-0.1490	0.2190	-50.8120	0.0000	0.0000	0.2760	-2.7270	0.0220	-0.0790	-9.0150	1.1970	-9.9680	-4.3320	0.2810
P9	5.1710	-83.4670	0.0000	60.5910	0.0020	0.0150	-2.9580	-0.0160	0.0030	-49.2530	0.0000	0.0000	-0.0020	-2.9610	0.0120	0.1490	-17.5940	-0.2090	-8.6530	0.6530	0.0090
F12	8.6150	-85.0630	0.0000	56.8190	0.0000	0.0000	-3.0330	0.0000	0.0000	-47.7810	0.0000	0.0000	0.0000	-1.3980	0.0000	0.0000	-15.3400	0.0000	-8.3800	0.0000	0.0000
F10	5.0150	-84.6500	0.0000	57.8840	0.0790	0.0430	-2.7810	0.2410	0.3430	-50.0710	0.0000	0.0000	-0.0080	-2.0440	-0.1270	-0.0320	-14.5890	-1.2150	-8.3620	0.6300	-0.5010
F11	6.8970	-84.8060	0.0000	57.3590	0.0000	0.0000	-3.0110	0.0000	0.0000	-48.7540	0.0000	0.0000	0.0000	-1.4170	0.0000	0.0000	-15.2310	0.0000	-8.5450	0.0000	0.0000
N12	3.2490	-79.2180	0.0000	54.9040	0.0000	0.0000	-2.9700	0.0000	0.0000	-47.8400	0.0000	0.0000	0.0000	-1.3180	0.0000	0.0000	-13.5090	0.0000	-8.9770	0.0000	0.0000
H8	3.4970	-79.6130	0.0000	55.9700	0.0000	0.0000	-2.9690	0.0000	0.0000	-46.9070	0.0000	0.0000	0.0000	-1.3840	0.0000	0.0000	-13.4610	0.0000	-8.9500	0.0000	0.0000
H9	3.2150	-80.7070	0.0000	55.9600	-0.0210	0.0020	-3.0280	0.5310	-0.1190	-46.7530	0.0000	0.0000	0.2240	-1.2810	-0.0060	0.0180	-13.5530	0.9480	-8.6430	-0.4470	0.1510
H6	3.4590	-80.2680	0.0000	55.4700	0.0000	0.0000	-2.9760	0.0000	0.0000	-48.0760	0.0000	0.0000	0.0000	-1.3190	0.0000	0.0000	-13.5320	0.0000	-8.9110	0.0000	0.0000
H7	2.9510	-80.2690	0.0000	53.9030	0.0060	0.0010	-3.1950	0.5530	-0.1070	-46.6080	0.0000	0.0000	0.2670	-1.3460	0.0400	-0.1130	-10.0020	0.8140	-9.4960	-0.7750	0.1620
H4	3.6770	-80.1330	0.0000	55.9630	0.0000	0.0000	-2.9830	0.0000	0.0000	-47.0020	0.0000	0.0000	0.0000	-1.4140	0.0000	0.0000	-13.3400	0.0000	-8.7720	0.0000	0.0000
H5	3.6310	-80.5340	0.0000	55.3760	0.0000	0.0000	-2.9670	0.0000	0.0000	-48.2940	0.0000	0.0000	0.0000	-1.3290	0.0000	0.0000	-13.6030	0.0000	-8.8680	0.0000	0.0000
D10	4.8820	-81.8200	0.0000	57.1550	0.0000	0.0000	-2.9930	0.0000	0.0000	-47.6300	0.0000	0.0000	0.0000	-1.4220	0.0000	0.0000	-15.0050	0.0000	-8.4270	0.0000	0.0000
D11	4.9420	-82.3380	0.0000	56.6720	0.0140	-0.0010	-2.9970	0.0260	-0.0010	-48.5120	0.0000	0.0000	0.0060	-1.4140	0.0080	0.0050	-15.0540	0.0650	-8.4560	0.0190	-0.0060
D12	6.2120	-82.8480	0.0000	57.6370	0.0000	0.0000	-3.0250	0.0000	0.0000	-48.1050	0.0000	0.0000	0.0000	-2.4690	0.0000	0.0000	-15.3620	0.0000	-8.2490	0.0000	0.0000
B12	11.9660	-86.7690	0.0000	58.6410	0.0000	0.0000	-3.0290	0.0000	0.0000	-45.5930	0.0000	0.0000	0.0000	-2.4550	0.0000	0.0000	-15.6070	0.0000	-8.3380	0.0000	0.0000
B10	11.4150	-87.5120	0.0000	57.9650	0.0000	0.0000	-3.0410	0.0000	0.0000	-46.4340	0.0000	0.0000	0.0000	-2.7170	0.0000	0.0000	-14.3390	0.0000	-8.2070	0.0000	0.0000
B11	10.9640	-84.6560	0.0000	57.3720	0.0000	0.0000	-2.9740	0.0000	0.0000	-42.9820	0.0000	0.0000	0.0000	-1.4020	0.0000	0.0000	-14.4230	0.0000	-7.8620	0.0000	0.0000
Q8	4.8490	-84.1550	0.0000	57.7820	0.0000	0.0000	-2.9380	0.0000	0.0000	-48.9010	0.0000	0.0000	0.0000	-1.4210	0.0000	0.0000	-13.8480	0.0000	-9.1690	0.0000	0.0000
Q9	5.2500	-81.9080	0.0000	56.8060	0.0000	0.0000	-3.0520	0.0000	0.0000	-47.1260	0.0000	0.0000	0.0000	-1.3750	0.0000	0.0000	-13.8720	0.0000	-8.9740	0.0000	0.0000
C9	4.3810	-80.3820	0.0000	56.4940	0.0000	0.0000	-2.9980	0.0000	0.0000	-47.3560	0.0000	0.0000	0.0000	-1.4270	0.0000	0.0000	-15.0000	0.0000	-8.4240	0.0000	0.0000
C8	4.5280	-83.1750	0.0000	58.0180	-0.1200	-0.0110	-2.9780	0.2410	0.3010	-49.3210	0.0000	0.0000	0.0920	-2.4430	-0.1190	-0.1220	-14.1460	-0.9070	-8.4910	0.5590	-0.5470
Q11	8.5930	-83.3940	0.0000	55.8070	0.0000	0.0000	-2.9890	0.0000	0.0000	-45.9380	0.0000	0.0000	0.0000	-1.3600	0.0000	0.0000	-13.5050	0.0000	-9.0910	0.0000	0.0000
Q10	8.2970	-84.2150	0.0000	58.0770	-0.0250	0.0520	-2.9150	0.0120	-0.0690	-46.4380	0.0000	0.0000	0.0400	-2.8560	0.0100	0.0030	-14.5320	0.8240	-9.0360	-0.0720	-0.0330
Q12	8.8660	-83.5500	0.0000	57.9750	-0.0010	-0.0010	-2.9520	-0.0390	-0.0080	-43.4590	0.0000	0.0000	-0.0080	-1.4410	-0.0040	0.0080	-13.1180	0.0110	-9.2090	0.0130	0.0020
C3	10.4000	-88.1120	0.0000	59.2750	-0.1360	0.0060	-3.0810	0.4050	0.1670	-46.2000	0.0000	0.0000	0.0100	-2.7990	0.0290	-0.2660	-14.8590	-0.0110	-7.7540	0.8670	-0.3380
C2	11.7270	-87.4560	0.0000	59.4120	-0.0210	0.0120	-3.1800	0.1380	-0.0070	-44.8770	0.0000	0.0000	-0.0580	-2.6780	0.0490	-0.2210	-15.0930	0.6750	-8.2110	0.2390	-0.2040
C1	10.6780	-85.7500	0.0000	58.0780	-0.2180	0.0350	-3.0360	-0.1000	0.1110	-45.3340	0.0000	0.0000	-0.0150	-2.3090	0.0000	0.0220	-15.2990	0.5390	-7.9200	-0.3310	0.1840
C7	4.2360	-78.9630	0.0000	57.0650	0.0000	0.0000	-3.0050	0.0000	0.0000	-45.5540	0.0000	0.0000	0.0000	-1.4110	0.0000	0.0000	-15.0520	0.0000	-8.4250	0.0000	0.0000
C6	3.7180	-79.9460	0.0000	57.4730	-0.0330	-0.0030	-3.0070	0.1320	0.1250	-47.1930	0.0000	0.0000	0.0900	-2.3680	-0.1140	-0.0770	-14.8940	-0.3270	-8.1660	0.7740	-0.5710
C5	4.4220	-80.4230	0.0000	56.5110	0.0000	0.0000	-3.0010	0.0000	0.0000	-47.3540	0.0000	0.0000	0.0000	-1.4250	0.0000	0.0000	-15.0160	0.0000	-8.4210	0.0000	0.0000
C4	4.7200	-80.8130	0.0000	56.7340	0.0000	0.0000	-3.0070	0.0000	0.0000	-47.2620	0.0000	0.0000	0.0000	-1.4020	0.0000	0.0000	-15.1380	0.0000	-8.3580	0.0000	0.0000
N10	3.2720	-79.4730	0.0000	56.2520	-0.0010	0.0000	-2.9840	-0.0120	0.0010	-46.9600	0.0000	0.0000	-0.0080	-1.3290	-0.0070	0.0070	-13.5000	0.0630	-9.2060	-0.0430	0.0080
N8	5.1920	-82.7390	0.0000	58.0980	0.0000	0.0000	-2.8880	0.0000	0.0000	-47.4200	0.0000	0.0000	0.0000	-1.3710	0.0000	0.0000	-14.3400	0.0000	-9.3710	0.0000	0.0000
N9	5.7790	-82.6170	0.0000	56.8860	0.0000	0.0000	-2.8700	0.0000	0.0000	-46.0860	0.0000	0.0000	0.0000	-1.3250	0.0000	0.0000	-12.3000	0.0000	-9.6400	0.0000	0.0000
N11	4.1840	-82.4650	0.0000	53.3520	0.0000	0.0000	-2.9880	0.0000	0.0000	-49.9430	0.0000	0.0000	0.0000	-1.1990	0.0000	0.0000	-12.5710	0.0000	-8.2570	0.0000	0.0000
G12	4.4120	-82.8590	0.0000	58.0650	0.0000	0.0000	-3.0170	0.0000	0.0000	-49.5090	0.0000	0.0000	0.0000	-2.4220	0.0000	0.0000	-15.2570	0.0000	-8.4310	0.0000	0.0000
G11	6.6650	-84.5910	0.0000	57.9300	0.0000	0.0000	-2.9930	0.0000	0.0000	-49.1430	0.0000	0.0000	0.0000	-2.1900	0.0000	0.0000	-15.4570	0.0000	-8.5060	0.0000	0.0000
G10	3.1590	-79.0130	0.0000	57.3460	0.0000	0.0000	-2.9690	0.0000	0.0000	-47.4370	0.0000	0.0000	0.0000	-2.4280	0.0000	0.0000	-14.9000	0.0000	-8.6330	0.0000	0.0000
F1	6.3550	-81.5950	0.0000	56.7440	0.0000	0.0000	-3.0030	0.0000	0.0000	-46.3850	0.0000	0.0000	0.0000	-1.4330	0.0000	0.0000	-15.0910	0.0000	-8.3610	0.0000	0.0000
F2	6.8780	-80.9260	0.0000	56.3040	0.0000	0.0000	-2.9840	0.0000	0.0000	-46.5290	0.0000	0.0000	0.0000	-2.4840	0.0000	0.0000	-14.9900	0.0000	-8.3270	0.0000	0.0000
F3	4.3980	-82.9470	0.0000	58.7480	-0.1010	-0.0070	-2.9910	0.2410	0.3010	-48.2530	0.0000	0.0000	0.1470	-2.4480	-0.1120	-0.1350	-14.6020	-0.4780	-8.2960	0.5130	-0.4840
F4	7.6250	-83.2780	0.0000	59.7880	-0.4260	-0.0170	-2.9620	0.0220	-0.2110	-46.4270	0.0000	0.0000	-0.0140	-2.6420	0.5110	-0.0260	-14.9320	-5.7990	-7.4090	3.6620	-0.3200
F5	4.7090	-81.9060	0.0000	56.4420	0.0000	0.0000	-2.9990	0.0000	0.0000	-48.6560	0.0000	0.0000	0.0000	-1.4210	0.0000	0.0000	-15.0280	0.0000	-8.4550	0.0000	0.0000
F6	4.8470	-82.1880	0.0000	56.8500	0.0000	0.0000	-2.9850	0.0000	0.0000	-48.2450	0.0000	0.0000	0.0000	-1.4230	0.0000	0.0000	-14.9080	0.0000	-8.4380	0.0000	0.0000
F7	6.6300	-81.6800	0.0000	55.9310	0.0000	0.0000	-2.9820	0.0000	0.0000	-47.6770	0.0000	0.0000	0.0000	-2.5290	0.0000	0.0000	-14.7990	0.0000	-8.2500	0.0000	0.0000
F8	5.3950	-82.0930	0.0000	56.9430	0.0000	0.0000	-2.9830	0.0000	0.0000	-48.4740	0.0000	0.0000	0.0000	-2.4510	0.0000	0.0000	-14.8670	0.0000	-8.4180	0.0000	0.0000
F9	4.1750	-84.0440	0.0000	58.9860	0.0000	0.0000	-3.0210	0.0000	0.0000	-50.0980	0.0000	0.0000	0.0000	-2.3890	0.0000	0.0000	-15.1930	0.0000	-8.6120	0.0000	0.0000
Q1	6.3340	-80.3160	0.0000	58.6130	-0.0030	0.0000	-3.0700	-0.0380	0.0080	-45.2680	0.0000	0.0000	0.0010	-1.3870	-0.0020	0.1700	-17.2500	-0.2150	-8.7510	0.6340	0.0060
Q3	4.6120	-82.9730	0.0000	56.6840	0.0000	0.0000	-2.9540	0.0000	0.0000	-48.7570	0.0000	0.0000	0.0000	-1.3320	0.0000	0.0000	-13.6620	0.0000	-9.1340	0.0000	0.0000
Q2	4.8440	-82.9120	0.0000	56.5440	-0.0020	-0.0020	-2.9330	-0.0170	-0.0040	-48.3890	0.0000	0.0000	-0.0050	-1.3220	-0.0020	-0.0050	-13.5220	-0.0200	-9.0870	0.0520	0.0000
Q5	8.2020	-83.8920	0.0000	57.4170	-0.0530	0.0110	-2.9410	0.0690	-0.0230	-44.8760	0.0000	0.0000	0.0300	-1.7520	-0.0100	-0.0740	-13.6750	1.2590	-9.3650	-0.0430	-0.0370
Q4	5.1640	-82.8180	0.0000	56.1280	0.0000	0.0000	-2.9520	0.0000	0.0000	-48.5080	0.0000	0.0000	0.0000	-1.3340	0.0000	0.0000	-13.6710	0.0000	-9.0260	0.0000	0.0000
Q7	8.5860	-87.1540	0.0000	57.2700	0.0000	0.0000	-2.9120	0.0000	0.0000	-48.6350	0.0000	0.0000	0.0000	-1.3680	0.0000	0.0000	-13.5200	0.0000	-9.5390	0.0000	0.0000
Q6	7.6670	-84.2490	0.0000	54.8860	0.0000	0.0000	-2.8620	0.0000	0.0000	-48.0120	0.0000	0.0000	0.0000	-1.2640	0.0000	0.0000	-13.2060	0.0000	-8.9820	0.0000	0.0000
E11	4.3500	-81.2880	0.0000	57.2080	0.0000	0.0000	-2.9960	0.0000	0.0000	-47.8210	0.0000	0.0000	0.0000	-1.4250	0.0000	0.0000	-15.1860	0.0000	-8.4850	0.0000	0.0000
E10	10.6730	-87.3690	0.0000	58.7740	0.0000	0.0000	-3.0200	0.0000	0.0000	-46.4540	0.0000	0.0000	0.0000	-2.7270	0.0000	0.0000	-14.4030	0.0000	-8.3820	0.0000	0.0000
E12	4.6480	-82.8730	0.0000	60.0540	-0.0180	0.0010	-3.0410	0.1670	0.4100	-46.9620	0.0000	0.0000	0.0720	-2.4500	-0.1280	-0.1310	-15.2010	-0.7600	-8.1720	0.8900	-0.4310
C12	6.3980	-80.3020	0.0000	56.3370	0.0000	0.0000	-2.9670	0.0000	0.0000	-45.7690	0.0000	0.0000	0.0000	-2.5740	0.0000	0.0000	-14.6910	0.0000	-7.9700	0.0000	0.0000
C11	6.4390	-82.5140	0.0000	57.9210	0.0000	0.0000	-2.9950	0.0000	0.0000	-47.0620	0.0000	0.0000	0.0000	-2.5090	0.0000	0.0000	-15.2360	0.0000	-8.1670	0.0000	0.0000
C10	4.9090	-80.9210	0.0000	56.9020	0.0000	0.0000	-2.9960	0.0000	0.0000	-46.8870	0.0000	0.0000	0.0000	-1.4190	0.0000	0.0000	-14.9450	0.0000	-8.4180	0.0000	0.0000
A11	3.9290	-81.8750	0.0000	56.9800	0.0000	0.0000	-2.9680	0.0000	0.0000	-49.8900	0.0000	0.0000	0.0000	-2.8670	0.0000	0.0000	-14.0920	0.0000	-8.9970	0.0000	0.0000
A10	8.8300	-86.3720	0.0000	61.4230	-0.0010	-0.0010	-3.0280	0.0020	-0.0030	-47.2430	0.0000	0.0000	-0.0110	-2.7990	-0.0090	0.1720	-18.0510	-0.1610	-7.8420	0.6010	0.0060
A12	4.9970	-81.3360	0.0000	54.8610	0.0000	0.0000	-2.9370	0.0000	0.0000	-47.6730	0.0000	0.0000	0.0000	-1.3260	0.0000	0.0000	-13.1830	0.0000	-8.7470	0.0000	0.0000
A1	5.5570	-84.8530	0.0000	58.0850	0.0000	0.0000	-2.9060	0.0000	0.0000	-50.3690	0.0000	0.0000	0.0000	-2.9590	0.0000	0.0000	-14.1590	0.0000	-9.1350	0.0000	0.0000
A3	3.8770	-80.9650	0.0000	55.1100	0.0000	0.0000	-2.9690	0.0000	0.0000	-48.7730	0.0000	0.0000	0.0000	-1.3270	0.0000	0.0000	-13.6100	0.0000	-8.8850	0.0000	0.0000
A2	4.2540	-81.8070	0.0000	56.6460	0.0000	0.0000	-2.9040	0.0000	0.0000	-47.8320	0.0000	0.0000	0.0000	-1.3220	0.0000	0.0000	-13.5590	0.0000	-9.1410	0.0000	0.0000
A5	5.0670	-83.1400	0.0000	53.5380	-0.0650	0.0140	-2.8140	0.3930	-0.2370	-48.5770	0.0000	0.0000	0.2930	-1.1830	0.0220	0.0510	-11.8450	0.0510	-8.7430	-0.0830	0.1030
A4	5.1860	-82.1530	0.0000	59.4360	-0.0020	0.0000	-2.8610	-0.0200	-0.0100	-48.4820	0.0000	0.0000	-0.0100	-2.9450	-0.0050	0.1730	-17.2630	-0.0990	-8.5160	0.5990	0.0080
A7	6.8200	-86.2080	0.0000	58.1110	0.0000	0.0000	-3.0010	0.0000	0.0000	-49.0650	0.0000	0.0000	0.0000	-1.3750	0.0000	0.0000	-13.8520	0.0000	-9.5600	0.0000	0.0000
A6	4.2560	-81.8350	0.0000	56.6470	0.0000	0.0000	-2.9070	0.0000	0.0000	-47.8560	0.0000	0.0000	0.0000	-1.3200	0.0000	0.0000	-13.5590	0.0000	-9.1400	0.0000	0.0000
A9	4.1090	-82.6380	0.0000	59.1350	0.0000	0.0000	-2.9210	0.0000	0.0000	-46.0290	0.0000	0.0000	0.0000	-1.4040	0.0000	0.0000	-13.2250	0.0000	-9.0860	0.0000	0.0000
A8	3.9400	-82.7590	0.0000	57.5040	0.0000	0.0000	-2.9360	0.0000	0.0000	-50.2440	0.0000	0.0000	0.0000	-2.7270	0.0000	0.0000	-14.3870	0.0000	-8.8790	0.0000	0.0000
D8	4.0130	-81.5480	0.0000	58.1710	0.0000	0.0000	-2.8980	0.0000	0.0000	-48.3840	0.0000	0.0000	0.0000	-2.4330	0.0000	0.0000	-15.2760	0.0000	-8.4120	0.0000	0.0000
D9	5.0290	-82.1620	0.0000	56.9940	0.0000	0.0000	-2.9860	0.0000	0.0000	-47.8740	0.0000	0.0000	0.0000	-1.4290	0.0000	0.0000	-14.9380	0.0000	-8.3810	0.0000	0.0000
D6	6.8090	-81.3870	0.0000	56.6130	-0.0020	0.0000	-2.9630	0.0150	0.0050	-45.5440	0.0000	0.0000	-0.0090	-1.4630	0.0060	0.0020	-15.2970	-0.0010	-7.8410	0.0020	-0.0350
D7	5.5250	-81.9300	0.0000	57.4860	0.0000	0.0000	-3.0040	0.0000	0.0000	-47.9810	0.0000	0.0000	0.0000	-2.4710	0.0000	0.0000	-15.1200	0.0000	-8.4660	0.0000	0.0000
D4	12.7080	-89.3980	0.0000	60.0750	-0.2340	0.0170	-2.8120	0.6040	0.1690	-44.6060	0.0000	0.0000	-0.0450	-2.6930	0.0440	-0.2900	-14.1700	-0.9450	-7.9630	0.8300	-0.5000
D5	11.2580	-85.1310	0.0000	56.8560	0.0000	0.0000	-2.9900	0.0000	0.0000	-44.4850	0.0000	0.0000	0.0000	-1.3750	0.0000	0.0000	-15.0260	0.0000	-8.0780	0.0000	0.0000
D2	4.2900	-82.1000	0.0000	60.4940	-0.2550	-0.0010	-2.9630	0.2460	0.3200	-47.8300	0.0000	0.0000	0.1720	-2.4370	-0.1160	-0.0690	-18.1180	-0.2720	-7.8870	1.3290	-0.4630
D3	9.9270	-86.8320	0.0000	58.7750	-0.0180	0.0000	-3.0380	-0.0100	-0.0050	-46.6050	0.0000	0.0000	-0.0130	-2.7660	-0.0140	-0.0160	-14.6570	-0.0990	-8.0950	0.2580	-0.0030
D1	4.8140	-81.9590	0.0000	58.9590	0.0780	-0.0180	-3.1770	0.1690	0.3150	-46.9590	0.0000	0.0000	0.0270	-2.8170	-0.0820	-0.0780	-15.2090	-0.2060	-7.9360	0.7020	-0.5380
