MUT	fa_rep:	ref:	fa_atr:	hbond_sc:	fa_sol:	yhh_planarity:	dslf_fa13:	fa_intra_sol_xover4:	omega:	p_aa_pp:	TOT	sugar_bb:	fa_intra_rep:	hbond_lr_bb:	hbond_sr_bb:	hbond_bb_sc:	fa_elec:	cart_bonded:	lk_ball_wtd:	fa_dun:	rama_prepro:
G7	3.8970	-77.8700	0.0000	48.0570	0.0040	-0.0020	-3.8770	-0.0590	0.0100	-54.9130	0.0000	0.0000	0.0310	-2.5550	-0.0750	0.0000	-14.9630	0.1060	-7.6850	0.0860	-0.0210
G6	4.1130	-77.6510	0.0000	46.8890	0.0000	0.0000	-3.8200	0.0000	0.0000	-55.7110	0.0000	0.0000	0.0000	-2.6390	0.0000	0.0000	-14.8630	0.0000	-7.7410	0.0000	0.0000
G5	4.8000	-78.4280	0.0000	47.0060	0.0000	0.0000	-3.9060	0.0000	0.0000	-55.5630	0.0000	0.0000	0.0000	-2.5840	0.0000	0.0000	-15.0040	0.0000	-7.4470	0.0000	0.0000
G4	7.7110	-82.3730	0.0000	45.5560	0.0000	0.0000	-3.9120	0.0000	0.0000	-58.5550	0.0000	0.0000	0.0000	-2.4790	0.0000	0.0000	-15.0620	0.0000	-7.9980	0.0000	0.0000
G3	6.3630	-82.2220	0.0000	45.2720	0.0000	0.0000	-3.8830	0.0000	0.0000	-59.9570	0.0000	0.0000	0.0000	-2.6170	0.0000	0.0000	-15.0380	0.0000	-7.8320	0.0000	0.0000
G2	6.3550	-83.3030	0.0000	47.9490	0.0000	0.0000	-3.8460	0.0000	0.0000	-58.0940	0.0000	0.0000	0.0000	-2.5800	0.0000	0.0000	-14.8840	0.0000	-7.7840	0.0000	0.0000
G1	4.4830	-80.0230	0.0000	48.3110	0.0010	0.0010	-3.8590	0.0120	-0.0190	-56.8250	0.0000	0.0000	0.0120	-2.5910	0.0140	0.0000	-15.1380	0.0560	-8.0710	-0.0260	0.0130
G9	4.2320	-78.9790	0.0000	48.2310	0.0000	0.0000	-3.8990	0.0000	0.0000	-55.8480	0.0000	0.0000	0.0000	-2.6360	0.0000	0.0000	-15.0410	0.0000	-7.7570	0.0000	0.0000
G8	3.7470	-77.4790	0.0000	48.8190	0.0000	0.0000	-3.8410	0.0000	0.0000	-53.8970	0.0000	0.0000	0.0000	-2.6120	0.0000	0.0000	-14.6340	0.0000	-7.8970	0.0000	0.0000
N6	3.2430	-81.3210	0.0000	50.3230	-0.0050	0.0350	-3.7960	0.3180	0.0520	-56.8630	0.0000	0.0000	-0.0740	-3.1540	0.0270	-0.5490	-14.3390	-0.2630	-7.5290	0.1810	-0.0130
N7	4.2540	-80.2360	0.0000	49.7710	0.0030	-0.0050	-3.9790	0.2660	0.0220	-55.9490	0.0000	0.0000	-0.0810	-3.2910	0.0310	-0.5350	-15.0640	0.2520	-7.3870	0.0760	-0.0450
B4	8.0870	-85.7650	0.0000	49.4960	0.0000	0.0000	-3.8210	0.0000	0.0000	-57.6110	0.0000	0.0000	0.0000	-1.4590	0.0000	0.0000	-15.3550	0.0000	-8.7940	0.0000	0.0000
B5	4.5450	-82.5140	0.0000	47.8360	0.0000	0.0000	-3.8450	0.0000	0.0000	-59.6060	0.0000	0.0000	0.0000	-2.7360	0.0000	0.0000	-14.4120	0.0000	-8.4810	0.0000	0.0000
B6	9.6480	-84.3160	0.0000	46.4790	0.0000	0.0000	-3.9200	0.0000	0.0000	-56.9340	0.0000	0.0000	0.0000	-2.3610	0.0000	0.0000	-14.7300	0.0000	-7.7340	0.0000	0.0000
B7	6.2140	-80.6370	0.0000	44.1930	-0.0900	-0.0020	-3.8230	0.0430	-0.0410	-57.9590	0.0000	0.0000	-0.0290	-2.1620	0.0380	-0.0360	-14.1750	-0.0080	-7.3920	-0.0700	0.0190
B1	4.0640	-79.8350	0.0000	44.6740	0.0000	0.0000	-3.8090	0.0000	0.0000	-58.1410	0.0000	0.0000	0.0000	-1.4890	0.0000	0.0000	-13.2620	0.0000	-8.4850	0.0000	0.0000
B2	9.6770	-85.8790	0.0000	40.3770	0.0000	0.0000	-3.7000	0.0000	0.0000	-62.6060	0.0000	0.0000	0.0000	-1.2970	0.0000	0.0000	-13.2310	0.0000	-8.5520	0.0000	0.0000
B3	5.3720	-83.9980	0.0000	48.3000	-0.0290	0.0040	-3.7690	0.3960	0.0010	-58.3100	0.0000	0.0000	-0.0870	-2.6400	0.0370	-0.1360	-15.1490	0.1030	-7.8740	0.9660	0.1960
B8	9.2180	-84.0440	0.0000	40.7330	0.0700	0.0030	-3.6360	0.0050	-0.0360	-59.0400	0.0000	0.0000	0.0440	-2.0800	-0.0570	-0.0960	-9.9390	0.1550	-8.4990	-0.8700	-0.0100
B9	6.9440	-79.9850	0.0000	46.1080	0.0000	0.0000	-3.8780	0.0000	0.0000	-56.0520	0.0000	0.0000	0.0000	-2.4100	0.0000	0.0000	-14.6980	0.0000	-8.1340	0.0000	0.0000
N5	4.8850	-81.7910	0.0000	47.5440	0.0000	0.0000	-3.8500	0.0000	0.0000	-56.6160	0.0000	0.0000	0.0000	-1.4260	0.0000	0.0000	-13.2810	0.0000	-8.6960	0.0000	0.0000
P10	6.0890	-81.8910	0.0000	45.4990	0.0000	0.0000	-3.8440	0.0000	0.0000	-59.0730	0.0000	0.0000	0.0000	-2.9820	0.0000	0.0000	-13.8540	0.0000	-8.0910	0.0000	0.0000
P11	4.7860	-82.3010	0.0000	46.9000	-0.0410	0.0050	-3.8450	0.2310	0.0330	-59.6130	0.0000	0.0000	-0.0490	-3.0420	-0.0680	-0.3500	-14.4020	-0.4850	-7.4090	0.3740	0.0480
P12	4.4800	-83.6210	0.0000	47.8760	0.0000	0.0000	-3.8150	0.0000	0.0000	-60.8400	0.0000	0.0000	0.0000	-2.9180	0.0000	0.0000	-14.3710	0.0000	-8.4710	0.0000	0.0000
E9	3.8200	-79.1300	0.0000	47.5520	0.0000	0.0000	-3.8730	0.0000	0.0000	-56.9910	0.0000	0.0000	0.0000	-2.6360	0.0000	0.0000	-15.0210	0.0000	-7.7020	0.0000	0.0000
E8	3.9160	-79.0730	0.0000	49.5470	0.0000	0.0000	-3.8660	0.0000	0.0000	-54.4940	0.0000	0.0000	0.0000	-2.5970	0.0000	0.0000	-14.5430	0.0000	-7.8780	0.0000	0.0000
E5	4.0130	-79.5110	0.0000	48.8290	0.0000	0.0000	-3.8570	0.0000	0.0000	-56.2080	0.0000	0.0000	0.0000	-2.5980	0.0000	0.0000	-15.0260	0.0000	-8.0580	0.0000	0.0000
E4	3.9080	-78.2330	0.0000	48.1830	0.0000	0.0000	-3.8530	0.0000	0.0000	-55.5250	0.0000	0.0000	0.0000	-2.6010	0.0000	0.0000	-14.8840	0.0000	-8.0470	0.0000	0.0000
E7	4.0570	-79.5580	0.0000	48.0840	0.0000	0.0000	-3.8550	0.0000	0.0000	-56.4560	0.0000	0.0000	0.0000	-2.5610	0.0000	0.0000	-14.8280	0.0000	-7.7950	0.0000	0.0000
E6	4.5620	-79.0460	0.0000	46.4910	0.0000	0.0000	-3.9020	0.0000	0.0000	-56.9280	0.0000	0.0000	0.0000	-2.6320	0.0000	0.0000	-14.8690	0.0000	-7.5310	0.0000	0.0000
E1	5.4510	-80.4910	0.0000	47.6760	0.0000	0.0000	-3.8790	0.0000	0.0000	-56.5590	0.0000	0.0000	0.0000	-2.5820	0.0000	0.0000	-14.9410	0.0000	-7.7920	0.0000	0.0000
P8	4.2580	-82.7990	0.0000	50.6360	0.0000	0.0000	-3.8190	0.0000	0.0000	-58.0000	0.0000	0.0000	0.0000	-2.8940	0.0000	0.0000	-14.6560	0.0000	-8.7240	0.0000	0.0000
E3	7.7840	-82.8400	0.0000	44.6860	0.0000	0.0000	-3.8820	0.0000	0.0000	-59.6300	0.0000	0.0000	0.0000	-3.4990	0.0000	0.0000	-14.7220	0.0000	-7.1570	0.0000	0.0000
E2	5.1900	-81.8930	0.0000	45.6150	0.0000	0.0000	-3.9140	0.0000	0.0000	-60.4130	0.0000	0.0000	0.0000	-2.5950	0.0000	0.0000	-15.1490	0.0000	-7.6670	0.0000	0.0000
P2	8.6810	-86.5450	0.0000	48.2710	0.0450	-0.0110	-3.7560	0.4160	0.3660	-58.3600	0.0000	0.0000	-0.3730	-3.0100	0.0090	-0.8960	-17.2980	2.9000	-7.2960	0.1310	0.0080
P3	7.9500	-84.5500	0.0000	45.0010	0.0000	0.0000	-3.7910	0.0000	0.0000	-60.1320	0.0000	0.0000	0.0000	-2.9960	0.0000	0.0000	-14.1170	0.0000	-7.6290	0.0000	0.0000
P1	8.2340	-81.0160	0.0000	44.6820	0.0000	-0.0100	-3.9220	-0.0010	-0.0080	-57.2500	0.0000	0.0000	-0.0070	-3.0430	-0.0010	-0.0170	-14.2380	0.0240	-7.8180	-0.1420	0.0320
P6	5.5800	-83.4390	0.0000	48.7100	-0.0180	0.0020	-3.8870	0.2780	0.0170	-57.6840	0.0000	0.0000	-0.0920	-2.7300	0.0200	-0.5460	-14.8320	0.2320	-7.5330	0.5390	0.0130
P7	6.1870	-82.3150	0.0000	45.4860	0.0000	0.0000	-3.8310	0.0000	0.0000	-59.5770	0.0000	0.0000	0.0000	-2.9150	0.0000	0.0000	-14.1390	0.0000	-8.0490	0.0000	0.0000
P4	6.4710	-85.1210	0.0000	47.1130	-0.0230	-0.0030	-3.8650	0.5590	-0.0520	-61.4070	0.0000	0.0000	-0.1430	-4.8970	0.0430	0.1780	-14.5990	-0.2720	-7.6420	0.8750	-0.0310
P5	4.6530	-83.4970	0.0000	49.0860	0.0000	0.0000	-3.8300	0.0000	0.0000	-59.3310	0.0000	0.0000	0.0000	-2.9010	0.0000	0.0000	-14.4970	0.0000	-8.3440	0.0000	0.0000
H10	6.0600	-87.0220	0.0000	47.9170	-0.0460	0.0050	-4.4670	0.3910	0.1640	-59.9190	0.0000	0.0000	-0.2760	-2.9190	-0.2940	-0.4460	-11.9350	0.9910	-8.8240	0.8710	-0.0920
H11	5.7590	-86.0380	0.0000	48.9030	0.0000	0.0000	-3.8130	0.0000	0.0000	-60.6120	0.0000	0.0000	0.0000	-2.6080	0.0000	0.0000	-13.8210	0.0000	-8.9930	0.0000	0.0000
H12	6.8290	-86.0470	0.0000	49.6620	0.0000	0.0000	-3.8860	0.0000	0.0000	-60.0520	0.0000	0.0000	0.0000	-3.8230	0.0000	0.0000	-14.3710	0.0000	-8.4160	0.0000	0.0000
P9	4.5650	-84.3320	0.0000	49.5090	0.0000	0.0000	-3.8150	0.0000	0.0000	-60.3400	0.0000	0.0000	0.0000	-2.9100	0.0000	0.0000	-14.7140	0.0000	-8.6430	0.0000	0.0000
F12	9.2710	-83.5860	0.0000	44.3730	0.0000	0.0000	-3.8980	0.0000	0.0000	-59.4000	0.0000	0.0000	0.0000	-2.5290	0.0000	0.0000	-15.0800	0.0000	-7.9520	0.0000	0.0000
F10	5.6530	-83.3830	0.0000	46.3850	0.0000	0.0000	-3.8140	0.0000	0.0000	-60.4580	0.0000	0.0000	0.0000	-2.6030	0.0000	0.0000	-14.7410	0.0000	-7.9550	0.0000	0.0000
F11	6.1820	-83.3370	0.0000	46.6090	0.0000	0.0000	-3.8450	0.0000	0.0000	-60.1140	0.0000	0.0000	0.0000	-2.5700	0.0000	0.0000	-15.1450	0.0000	-8.0070	0.0000	0.0000
N12	3.6830	-79.8280	0.0000	47.2060	-0.0160	0.0000	-3.8020	-0.0040	0.0200	-57.8380	0.0000	0.0000	-0.0060	-2.7860	-0.0020	0.1840	-14.1050	-0.0480	-8.3480	0.0320	-0.0180
H8	3.5590	-79.4400	0.0000	47.8390	-0.0840	0.0020	-3.6480	0.5470	0.1060	-55.3800	0.0000	0.0000	-0.1240	-1.3600	0.0530	-0.0970	-13.4050	-1.6250	-7.5080	-0.2250	0.0280
H9	4.3780	-80.2930	0.0000	50.4160	-0.0050	0.0030	-3.8200	0.3110	0.0620	-56.4240	0.0000	0.0000	-0.0500	-2.8400	0.0190	-0.1450	-18.0460	-0.3640	-7.0700	1.0060	0.0150
H6	3.9350	-81.6550	0.0000	48.3020	0.0000	0.0000	-3.8050	0.0000	0.0000	-58.3390	0.0000	0.0000	0.0000	-2.8440	0.0000	0.0000	-14.2380	0.0000	-8.0350	0.0000	0.0000
H7	4.0130	-78.0490	0.0000	46.2230	0.0000	0.0000	-3.8220	0.0000	0.0000	-54.9430	0.0000	0.0000	0.0000	-1.4110	0.0000	0.0000	-13.8010	0.0000	-8.0940	0.0000	0.0000
H4	4.2970	-77.9520	0.0000	44.2260	0.0000	0.0000	-3.8420	0.0000	0.0000	-56.2080	0.0000	0.0000	0.0000	-1.4600	0.0000	0.0000	-13.6020	0.0000	-7.8780	0.0000	0.0000
H5	3.5580	-81.0460	0.0000	48.0510	-0.0080	0.0010	-3.7960	0.2980	0.1390	-57.9290	0.0000	0.0000	-0.0690	-2.8370	0.0190	-0.2500	-14.5830	-0.2980	-7.4830	0.4000	-0.0230
D10	3.9010	-79.7450	0.0000	47.6660	0.0000	0.0000	-3.8600	0.0000	0.0000	-57.7420	0.0000	0.0000	0.0000	-2.6330	0.0000	0.0000	-15.1160	0.0000	-7.9560	0.0000	0.0000
D11	4.3520	-80.3080	0.0000	46.2860	0.0000	0.0000	-3.8350	0.0000	0.0000	-59.0810	0.0000	0.0000	0.0000	-2.6010	0.0000	0.0000	-15.0120	0.0000	-7.9630	0.0000	0.0000
D12	5.6750	-81.0400	0.0000	46.3850	0.0000	0.0000	-3.8630	0.0000	0.0000	-58.7290	0.0000	0.0000	0.0000	-2.5920	0.0000	0.0000	-15.1880	0.0000	-8.1030	0.0000	0.0000
B12	9.2890	-84.7630	0.0000	45.0980	0.1200	0.0000	-3.8840	-0.0240	0.0110	-58.0690	0.0000	0.0000	0.0060	-2.7600	0.0470	0.0850	-15.5110	0.9320	-7.4930	0.7360	0.0430
B10	9.5190	-84.8610	0.0000	43.9860	0.0000	0.0000	-3.9280	0.0000	0.0000	-59.2800	0.0000	0.0000	0.0000	-1.9940	0.0000	0.0000	-14.0410	0.0000	-7.9600	0.0000	0.0000
B11	8.7480	-84.8010	0.0000	45.7980	0.0000	0.0000	-3.9010	0.0000	0.0000	-58.0470	0.0000	0.0000	0.0000	-2.5420	0.0000	0.0000	-13.3910	0.0000	-7.9580	0.0000	0.0000
Q8	5.6670	-83.7160	0.0000	50.4520	0.0000	0.0000	-3.8370	0.0000	0.0000	-59.0520	0.0000	0.0000	0.0000	-2.8860	0.0000	0.0000	-16.0570	0.0000	-8.6750	0.0000	0.0000
Q9	5.1600	-83.1300	0.0000	48.5430	0.0000	0.0000	-3.8740	0.0000	0.0000	-58.8470	0.0000	0.0000	0.0000	-2.8370	0.0000	0.0000	-14.5400	0.0000	-8.1710	0.0000	0.0000
C9	3.8220	-77.9550	0.0000	47.2690	0.0000	0.0000	-3.8490	0.0000	0.0000	-56.3670	0.0000	0.0000	0.0000	-2.6050	0.0000	0.0000	-15.0190	0.0000	-8.0290	0.0000	0.0000
C8	4.3650	-80.1210	0.0000	45.6400	-0.0020	-0.0020	-3.8780	-0.0220	0.0310	-59.5130	0.0000	0.0000	0.0000	-2.6390	-0.0050	0.0010	-15.1100	0.0060	-7.7240	-0.0450	-0.0090
Q11	6.9420	-83.5100	0.0000	45.3960	0.0000	0.0000	-3.8150	0.0000	0.0000	-60.0250	0.0000	0.0000	0.0000	-2.8830	0.0000	0.0000	-14.0680	0.0000	-8.0850	0.0000	0.0000
Q10	6.5510	-85.0250	0.0000	45.2930	0.0420	0.0110	-3.8420	0.4590	0.0580	-61.2870	0.0000	0.0000	-0.1230	-4.8300	0.0670	-0.1860	-10.9270	-0.6110	-8.3840	0.2450	-0.0860
Q12	7.2900	-83.6250	0.0000	46.0770	-0.0940	0.0000	-3.7770	-0.2500	-0.0780	-60.4710	0.0000	0.0000	0.0010	-4.5390	-0.0290	0.4050	-13.5770	0.5270	-8.2500	-0.5980	0.0470
C3	8.2490	-83.6870	0.0000	44.4510	0.0000	0.0000	-3.8720	0.0000	0.0000	-58.9610	0.0000	0.0000	0.0000	-2.1270	0.0000	0.0000	-14.0370	0.0000	-7.9370	0.0000	0.0000
C2	8.8610	-84.3850	0.0000	45.5350	0.0000	0.0000	-3.9130	0.0000	0.0000	-58.2890	0.0000	0.0000	0.0000	-2.0830	0.0000	0.0000	-13.9670	0.0000	-8.3360	0.0000	0.0000
C1	4.4080	-82.8920	0.0000	48.1300	0.0000	0.0000	-3.8610	0.0000	0.0000	-59.7420	0.0000	0.0000	0.0000	-2.6640	0.0000	0.0000	-15.1460	0.0000	-7.7180	0.0000	0.0000
C7	3.8430	-77.6130	0.0000	48.5790	0.0000	0.0000	-3.8420	0.0000	0.0000	-54.2220	0.0000	0.0000	0.0000	-2.6160	0.0000	0.0000	-14.7260	0.0000	-7.8460	0.0000	0.0000
C6	3.7220	-77.5840	0.0000	46.9940	0.0000	0.0000	-3.8550	0.0000	0.0000	-56.0570	0.0000	0.0000	0.0000	-2.6410	0.0000	0.0000	-14.8590	0.0000	-7.8350	0.0000	0.0000
C5	3.8170	-77.9280	0.0000	47.2910	0.0000	0.0000	-3.8490	0.0000	0.0000	-56.3170	0.0000	0.0000	0.0000	-2.6050	0.0000	0.0000	-15.0140	0.0000	-8.0280	0.0000	0.0000
C4	4.3590	-79.7610	0.0000	46.8260	0.0000	0.0000	-3.8240	0.0000	0.0000	-57.7570	0.0000	0.0000	0.0000	-2.6350	0.0000	0.0000	-14.9020	0.0000	-7.8210	0.0000	0.0000
N10	3.2530	-79.7070	0.0000	46.4790	-0.0120	-0.0080	-3.6690	0.3110	0.1500	-56.0710	0.0000	0.0000	-0.0490	-2.5500	0.0020	-0.4110	-10.4860	-0.8790	-8.2640	-0.1950	-0.0370
N8	4.5830	-82.9590	0.0000	47.6580	0.0000	0.0000	-3.8180	0.0000	0.0000	-59.9940	0.0000	0.0000	0.0000	-2.5820	0.0000	0.0000	-13.7420	0.0000	-9.1320	0.0000	0.0000
N9	5.4050	-82.0400	0.0000	48.4660	0.0000	0.0000	-3.8260	0.0000	0.0000	-57.4670	0.0000	0.0000	0.0000	-2.5960	0.0000	0.0000	-14.1150	0.0000	-8.7620	0.0000	0.0000
N11	4.4450	-81.4090	0.0000	45.4290	0.0000	0.0000	-3.8240	0.0000	0.0000	-60.1890	0.0000	0.0000	0.0000	-3.0200	0.0000	0.0000	-14.3070	0.0000	-7.5030	0.0000	0.0000
G12	5.6840	-83.4530	0.0000	46.7520	0.0000	0.0000	-3.8350	0.0000	0.0000	-59.9250	0.0000	0.0000	0.0000	-2.4710	0.0000	0.0000	-14.7440	0.0000	-7.8570	0.0000	0.0000
G11	6.6520	-82.8800	0.0000	47.6670	-0.0090	0.0040	-3.8050	-0.0260	-0.1730	-55.7400	0.0000	0.0000	-0.0420	-1.8390	-0.0860	0.1910	-14.5170	-0.1680	-7.1190	0.2390	0.1710
G10	3.4590	-76.9820	0.0000	48.4690	0.0000	0.0000	-3.8430	0.0000	0.0000	-53.9270	0.0000	0.0000	0.0000	-2.5980	0.0000	0.0000	-14.6490	0.0000	-7.7820	0.0000	0.0000
F1	4.3530	-79.7180	0.0000	47.3510	0.0000	0.0000	-3.8620	0.0000	0.0000	-57.2280	0.0000	0.0000	0.0000	-2.5850	0.0000	0.0000	-14.7530	0.0000	-8.0140	0.0000	0.0000
F2	4.4780	-79.5880	0.0000	46.1490	0.0000	0.0000	-3.8940	0.0000	0.0000	-57.7970	0.0000	0.0000	0.0000	-2.6330	0.0000	0.0000	-14.8010	0.0000	-7.5080	0.0000	0.0000
F3	3.9330	-79.8340	0.0000	47.1100	0.0000	0.0000	-3.8720	0.0000	0.0000	-57.9040	0.0000	0.0000	0.0000	-2.6320	0.0000	0.0000	-14.9100	0.0000	-7.6980	0.0000	0.0000
F4	9.1450	-83.7700	0.0000	44.8800	0.0710	0.0020	-3.8710	0.0200	-0.0130	-57.6390	0.0000	0.0000	0.0320	-2.3710	0.0040	0.0220	-14.4410	0.6840	-8.0810	0.0080	0.0400
F5	4.1210	-78.9130	0.0000	46.0690	0.0000	0.0000	-3.8590	0.0000	0.0000	-58.2330	0.0000	0.0000	0.0000	-2.6310	0.0000	0.0000	-15.1390	0.0000	-7.8810	0.0000	0.0000
F6	4.0650	-79.8510	0.0000	46.5950	0.0000	0.0000	-3.8630	0.0000	0.0000	-58.7860	0.0000	0.0000	0.0000	-2.6350	0.0000	0.0000	-15.2280	0.0000	-7.8690	0.0000	0.0000
F7	4.6530	-79.6530	0.0000	44.9930	0.0000	0.0000	-3.8920	0.0000	0.0000	-58.8900	0.0000	0.0000	0.0000	-2.6260	0.0000	0.0000	-14.8410	0.0000	-7.5240	0.0000	0.0000
F8	4.9690	-79.5090	0.0000	45.4200	0.0000	0.0000	-3.8870	0.0000	0.0000	-58.3100	0.0000	0.0000	0.0000	-2.5820	0.0000	0.0000	-14.9600	0.0000	-7.7630	0.0000	0.0000
F9	6.5320	-81.6320	0.0000	47.5720	0.0000	0.0000	-3.8980	0.0000	0.0000	-56.9210	0.0000	0.0000	0.0000	-2.6090	0.0000	0.0000	-14.8790	0.0000	-8.0070	0.0000	0.0000
Q1	5.1220	-81.5720	0.0000	50.9160	-0.0120	0.0090	-3.7980	0.0380	-0.1020	-54.7930	0.0000	0.0000	0.0220	-2.8980	-0.0210	-0.3580	-15.0900	0.2280	-7.6000	0.3550	-0.0320
Q3	4.2980	-83.1000	0.0000	49.0520	-0.0150	0.0020	-3.8620	0.3330	0.0460	-58.9780	0.0000	0.0000	-0.0530	-2.7840	0.0180	-0.4290	-14.6310	-0.4530	-7.7350	0.3370	-0.0020
Q2	4.8570	-82.7520	0.0000	48.5880	0.0000	0.0000	-3.8500	0.0000	0.0000	-58.8090	0.0000	0.0000	0.0000	-2.9280	0.0000	0.0000	-14.4420	0.0000	-8.2830	0.0000	0.0000
Q5	8.5320	-85.3560	0.0000	46.7380	0.0510	0.0030	-3.8220	0.5300	0.0170	-59.4980	0.0000	0.0000	-0.1790	-4.8680	0.0790	-0.1140	-14.5780	0.8050	-7.8520	0.6080	-0.0940
Q4	4.6680	-84.0530	0.0000	48.3270	0.0000	0.0000	-3.8450	0.0000	0.0000	-60.7270	0.0000	0.0000	0.0000	-2.7750	0.0000	0.0000	-14.5940	0.0000	-8.4540	0.0000	0.0000
Q7	9.3020	-88.6740	0.0000	45.9730	0.0000	0.0000	-3.8690	0.0000	0.0000	-62.6040	0.0000	0.0000	0.0000	-3.1130	0.0000	0.0000	-14.1040	0.0000	-8.1180	0.0000	0.0000
Q6	6.1720	-84.5720	0.0000	38.9630	0.0710	0.0040	-3.7840	0.3700	0.0810	-61.7750	0.0000	0.0000	0.1000	-3.0290	0.0480	-0.5090	-8.6610	0.1330	-7.5380	0.3870	-0.0120
E11	4.3780	-78.5770	0.0000	47.6640	0.0000	0.0000	-3.8660	0.0000	0.0000	-55.9690	0.0000	0.0000	0.0000	-2.5820	0.0000	0.0000	-14.9500	0.0000	-8.0340	0.0000	0.0000
E10	7.4410	-82.1900	0.0000	45.0120	0.0000	0.0000	-3.7750	0.0000	0.0000	-57.7010	0.0000	0.0000	0.0000	-2.0580	0.0000	0.0000	-14.2310	0.0000	-7.9000	0.0000	0.0000
E12	4.3130	-79.4430	0.0000	49.1000	-0.0020	-0.0020	-3.8830	0.0030	0.0320	-54.9980	0.0000	0.0000	0.0010	-2.5790	0.0040	-0.0060	-14.6010	-0.0490	-7.9040	0.0190	0.0000
C12	3.7700	-79.1160	0.0000	47.1020	0.0000	0.0000	-3.8460	0.0000	0.0000	-57.6360	0.0000	0.0000	0.0000	-2.6020	0.0000	0.0000	-14.9140	0.0000	-8.0300	0.0000	0.0000
C11	4.4380	-78.7760	0.0000	45.8840	0.0000	0.0000	-3.9010	0.0000	0.0000	-57.4340	0.0000	0.0000	0.0000	-2.6350	0.0000	0.0000	-14.9450	0.0000	-7.5000	0.0000	0.0000
C10	3.9250	-79.2350	0.0000	47.9900	0.0000	0.0000	-3.8510	0.0000	0.0000	-56.9750	0.0000	0.0000	0.0000	-2.6030	0.0000	0.0000	-15.1620	0.0000	-8.0400	0.0000	0.0000
A11	3.6600	-80.6780	0.0000	49.5130	-0.0110	0.0220	-3.6700	0.4200	0.1150	-58.9280	0.0000	0.0000	-0.1200	-2.4580	0.0250	0.1660	-18.2690	-1.0540	-7.7850	1.2030	-0.0080
A10	7.7270	-82.3510	0.0000	45.5300	0.0000	0.0000	-3.9140	0.0000	0.0000	-58.5440	0.0000	0.0000	0.0000	-2.4850	0.0000	0.0000	-15.0540	0.0000	-7.9980	0.0000	0.0000
A12	4.1140	-80.4720	0.0000	50.1200	-0.0660	0.0020	-3.7970	0.0160	-0.2100	-56.0370	0.0000	0.0000	0.0840	-2.9610	-0.0650	-0.5790	-14.6060	-0.5690	-7.5250	0.4640	0.0150
A1	5.7470	-82.5090	0.0000	46.9550	0.0000	0.0000	-3.8510	0.0000	0.0000	-59.8770	0.0000	0.0000	0.0000	-2.8650	0.0000	0.0000	-14.7430	0.0000	-8.6110	0.0000	0.0000
A3	3.8440	-81.4600	0.0000	47.4640	-0.0140	0.0060	-3.8110	0.2870	0.0860	-58.7120	0.0000	0.0000	-0.0810	-2.8250	0.0240	-0.1730	-14.5970	-0.3130	-7.4890	0.3670	-0.0260
A2	3.4850	-82.1440	0.0000	49.5860	-0.0100	0.0430	-3.6410	0.3100	0.0710	-57.6620	0.0000	0.0000	-0.0360	-2.7420	0.0350	-0.5580	-13.9180	-0.6020	-7.7490	0.1980	0.0110
A5	5.3340	-82.3670	0.0000	43.1640	-0.0050	0.0040	-3.8700	0.2940	0.0250	-58.2480	0.0000	0.0000	-0.0580	-2.7520	0.0320	-0.6680	-9.5670	-0.0180	-7.5560	-0.2530	0.0090
A4	4.4100	-80.9820	0.0000	50.7940	-0.0070	-0.0070	-3.6310	-0.1710	0.1070	-55.4840	0.0000	0.0000	-0.0060	-2.4790	-0.2700	-0.0180	-13.9700	-1.0180	-8.4330	0.0620	0.1360
A7	6.8520	-85.4290	0.0000	47.6790	-0.0250	-0.0020	-3.8320	0.4770	0.4170	-60.3020	0.0000	0.0000	-0.4980	-2.7900	-0.0050	-0.3310	-16.1390	0.4720	-8.0880	1.0400	-0.1010
A6	3.8870	-82.1270	0.0000	49.6420	-0.0160	0.0370	-3.8610	0.2780	0.0730	-58.0010	0.0000	0.0000	-0.0480	-2.9170	0.0210	-0.4380	-14.6560	-0.3940	-7.7280	0.2470	0.0010
A9	4.3610	-82.4920	0.0000	49.7000	0.0000	0.0000	-3.8070	0.0000	0.0000	-57.7250	0.0000	0.0000	0.0000	-2.8430	0.0000	0.0000	-13.9190	0.0000	-8.7250	0.0000	0.0000
A8	3.8950	-81.5960	0.0000	48.4480	-0.0240	-0.0030	-3.8200	0.2410	0.0030	-58.9550	0.0000	0.0000	-0.0480	-2.9020	0.0540	-0.2580	-14.7260	-0.5740	-7.8170	0.2750	-0.1010
D8	3.7420	-79.3550	0.0000	48.5850	0.0000	0.0000	-3.8680	0.0000	0.0000	-56.1770	0.0000	0.0000	0.0000	-2.6360	0.0000	0.0000	-14.8390	0.0000	-7.8100	0.0000	0.0000
D9	4.1090	-79.7240	0.0000	46.5040	0.0000	0.0000	-3.8740	0.0000	0.0000	-58.4520	0.0000	0.0000	0.0000	-2.6330	0.0000	0.0000	-15.0770	0.0000	-7.7570	0.0000	0.0000
D6	4.6130	-79.6660	0.0000	45.5140	0.0000	0.0000	-3.8950	0.0000	0.0000	-58.5090	0.0000	0.0000	0.0000	-2.6250	0.0000	0.0000	-14.9540	0.0000	-7.4960	0.0000	0.0000
D7	4.3930	-79.2370	0.0000	46.3320	0.0000	0.0000	-3.8860	0.0000	0.0000	-57.7720	0.0000	0.0000	0.0000	-2.6180	0.0000	0.0000	-14.9780	0.0000	-7.7790	0.0000	0.0000
D4	8.7720	-83.8620	0.0000	44.8270	0.0000	0.0000	-3.8820	0.0000	0.0000	-57.9910	0.0000	0.0000	0.0000	-1.9130	0.0000	0.0000	-13.8990	0.0000	-8.0350	0.0000	0.0000
D5	8.4420	-82.9190	0.0000	44.7500	0.0000	0.0000	-3.7800	0.0000	0.0000	-57.6140	0.0000	0.0000	0.0000	-2.0350	0.0000	0.0000	-14.1310	0.0000	-7.9410	0.0000	0.0000
D2	3.5910	-78.9870	0.0000	46.6810	0.0000	0.0000	-3.8670	0.0000	0.0000	-58.0990	0.0000	0.0000	0.0000	-2.6340	0.0000	0.0000	-15.0550	0.0000	-7.8270	0.0000	0.0000
D3	7.2730	-82.3360	0.0000	44.9210	0.0000	0.0000	-3.7530	0.0000	0.0000	-58.2070	0.0000	0.0000	0.0000	-2.0790	0.0000	0.0000	-14.3070	0.0000	-7.9270	0.0000	0.0000
D1	3.6040	-78.7290	0.0000	48.8570	0.0000	0.0000	-3.8600	0.0000	0.0000	-55.3230	0.0000	0.0000	0.0000	-2.6110	0.0000	0.0000	-14.7000	0.0000	-7.8830	0.0000	0.0000
