MUT	fa_rep:	ref:	fa_atr:	hbond_sc:	fa_sol:	yhh_planarity:	dslf_fa13:	fa_intra_sol_xover4:	omega:	p_aa_pp:	TOT	sugar_bb:	fa_intra_rep:	hbond_lr_bb:	hbond_sr_bb:	hbond_bb_sc:	fa_elec:	cart_bonded:	lk_ball_wtd:	fa_dun:	rama_prepro:
G7	4.8230	-82.3000	0.0000	50.7860	-0.0010	0.0000	-3.6920	-0.0380	-0.0420	-55.2610	0.0000	0.0000	-0.0210	-1.3850	0.0350	0.0120	-14.7360	0.1950	-8.5320	-0.3980	0.0350
G6	3.2860	-80.4440	0.0000	50.0640	0.0000	0.0000	-3.6900	0.0000	0.0000	-55.7890	0.0000	0.0000	0.0000	-1.4210	0.0000	0.0000	-14.6570	0.0000	-8.9270	0.0000	0.0000
G5	6.1390	-81.6350	0.0000	48.6250	0.0000	0.0000	-3.7030	0.0000	0.0000	-55.8170	0.0000	0.0000	0.0000	-1.3960	0.0000	0.0000	-14.8810	0.0000	-8.9660	0.0000	0.0000
G4	8.1630	-88.7250	0.0000	51.2040	0.0000	0.0000	-3.7210	0.0000	0.0000	-58.2360	0.0000	0.0000	0.0000	-1.3070	0.0000	0.0000	-14.8460	0.0000	-9.0040	0.0000	0.0000
G3	7.1900	-87.3900	0.0000	47.5940	0.0000	0.0000	-3.7130	0.0000	0.0000	-61.6680	0.0000	0.0000	0.0000	-1.3870	0.0000	0.0000	-15.1940	0.0000	-8.7670	0.0000	0.0000
G2	8.2200	-88.9980	0.0000	49.3540	0.0000	0.0000	-3.6970	0.0000	0.0000	-60.7340	0.0000	0.0000	0.0000	-1.4310	0.0000	0.0000	-15.1000	0.0000	-9.0820	0.0000	0.0000
G1	4.6150	-83.9830	0.0000	51.5390	0.0000	0.0000	-3.6980	0.0000	0.0000	-56.5880	0.0000	0.0000	0.0000	-1.3870	0.0000	0.0000	-14.8680	0.0000	-8.8040	0.0000	0.0000
G9	4.8840	-83.0780	0.0000	50.7030	0.0000	0.0000	-3.6910	0.0000	0.0000	-56.0600	0.0000	0.0000	0.0000	-1.3860	0.0000	0.0000	-14.8990	0.0000	-8.5940	0.0000	0.0000
G8	3.2850	-80.8540	0.0000	52.7020	0.0000	0.0000	-3.6800	0.0000	0.0000	-53.5870	0.0000	0.0000	0.0000	-1.4050	0.0000	0.0000	-15.0220	0.0000	-8.6110	0.0000	0.0000
N6	4.1740	-82.3760	0.0000	49.3550	0.0000	0.0000	-3.6760	0.0000	0.0000	-56.3210	0.0000	0.0000	0.0000	-1.4150	0.0000	0.0000	-14.1510	0.0000	-8.2300	0.0000	0.0000
N7	4.3050	-81.0310	0.0000	48.9240	0.0000	0.0000	-3.7250	0.0000	0.0000	-54.4910	0.0000	0.0000	0.0000	-1.3320	0.0000	0.0000	-13.6710	0.0000	-7.9620	0.0000	0.0000
B4	8.5390	-87.9490	0.0000	48.9440	0.0000	0.0000	-3.7030	0.0000	0.0000	-59.8020	0.0000	0.0000	0.0000	-1.3580	0.0000	0.0000	-15.1500	0.0000	-9.1270	0.0000	0.0000
B5	4.6280	-83.3560	0.0000	47.4010	0.0000	0.0000	-3.6960	0.0000	0.0000	-58.7640	0.0000	0.0000	0.0000	-1.3920	0.0000	0.0000	-14.0800	0.0000	-8.2670	0.0000	0.0000
B6	8.1680	-88.6520	0.0000	47.9040	-0.2050	0.0020	-3.7010	-0.0620	0.0450	-57.8230	0.0000	0.0000	-0.0130	-1.4270	-0.0230	-0.1350	-11.3950	0.3210	-8.1840	-0.4280	-0.0410
B7	5.7090	-87.0190	0.0000	48.5590	0.0000	0.0000	-3.6780	0.0150	-0.0380	-60.9460	0.0000	0.0000	0.0050	-1.3930	-0.0020	-0.0040	-14.5730	-0.0030	-8.5440	0.0020	0.0160
B1	5.0150	-83.4590	0.0000	48.7990	0.0000	0.0000	-3.7160	0.0000	0.0000	-58.0410	0.0000	0.0000	0.0000	-1.4190	0.0000	0.0000	-14.1730	0.0000	-9.0870	0.0000	0.0000
B2	8.3620	-88.4800	0.0000	43.0780	0.0000	0.0000	-3.7210	0.0000	0.0000	-64.6160	0.0000	0.0000	0.0000	-1.3880	0.0000	0.0000	-14.0450	0.0000	-8.4200	0.0000	0.0000
B3	6.2060	-86.1980	0.0000	49.7190	0.0000	0.0000	-3.7580	0.0000	0.0000	-58.2230	0.0000	0.0000	0.0000	-1.3390	0.0000	0.0000	-14.6130	0.0000	-8.2390	0.0000	0.0000
B8	6.8920	-87.0100	0.0000	51.6180	0.0000	0.0000	-3.6520	0.0000	0.0000	-57.2420	0.0000	0.0000	0.0000	-1.4160	0.0000	0.0000	-14.6260	0.0000	-9.0480	0.0000	0.0000
B9	6.3450	-86.9510	0.0000	53.5080	0.0000	0.0000	-3.6860	0.0000	0.0000	-56.3680	0.0000	0.0000	0.0000	-1.3790	0.0000	0.0000	-14.8830	0.0000	-9.3220	0.0000	0.0000
N5	5.3720	-81.5390	0.0000	49.8590	0.0000	0.0000	-3.7430	0.0000	0.0000	-54.7150	0.0000	0.0000	0.0000	-2.3560	0.0000	0.0000	-13.7710	0.0000	-8.5370	0.0000	0.0000
P10	5.5490	-85.9050	0.0000	47.6140	0.0010	0.0020	-3.7020	0.0120	-0.0100	-59.8000	0.0000	0.0000	0.0150	-1.3390	0.0020	0.0090	-13.7740	0.1070	-8.4070	0.0270	-0.0010
P11	5.7810	-85.9220	0.0000	46.5710	0.0000	0.0000	-3.7220	0.0000	0.0000	-60.8800	0.0000	0.0000	0.0000	-1.3600	0.0000	0.0000	-14.0290	0.0000	-8.2000	0.0000	0.0000
P12	5.1670	-84.7250	0.0000	47.4370	0.0000	0.0000	-3.7260	0.0000	0.0000	-60.8120	0.0000	0.0000	0.0000	-2.7770	0.0000	0.0000	-14.4330	0.0000	-7.7530	0.0000	0.0000
E9	4.6020	-83.5110	0.0000	51.5030	0.0030	0.0000	-3.7110	0.0030	0.0180	-56.2850	0.0000	0.0000	-0.0080	-1.3970	-0.0020	0.0080	-14.9580	0.0800	-8.8050	-0.0880	-0.0200
E8	4.1370	-82.7540	0.0000	51.4710	0.0000	0.0000	-3.6850	0.0000	0.0000	-55.6870	0.0000	0.0000	0.0000	-1.4120	0.0000	0.0000	-14.8770	0.0000	-8.5690	0.0000	0.0000
E5	4.6390	-83.7460	0.0000	50.6740	0.0000	0.0000	-3.6900	0.0000	0.0000	-56.9700	0.0000	0.0000	0.0000	-1.3890	0.0000	0.0000	-14.6590	0.0000	-8.8000	0.0000	0.0000
E4	3.6320	-82.0050	0.0000	50.4590	0.0000	0.0000	-3.6750	0.0000	0.0000	-56.9620	0.0000	0.0000	0.0000	-1.4280	0.0000	0.0000	-15.0300	0.0000	-8.9160	0.0000	0.0000
E7	4.9610	-85.3920	0.0000	49.0110	0.0000	0.0000	-3.6880	0.0000	0.0000	-60.1880	0.0000	0.0000	0.0000	-1.4340	0.0000	0.0000	-14.8090	0.0000	-8.8370	0.0000	0.0000
E6	5.3190	-84.5220	0.0000	48.3150	0.0000	0.0000	-3.6810	0.0000	0.0000	-59.1730	0.0000	0.0000	0.0000	-1.4040	0.0000	0.0000	-14.8440	0.0000	-8.3560	0.0000	0.0000
E1	5.4340	-83.7400	0.0000	48.5830	0.0000	0.0000	-3.6890	0.0000	0.0000	-58.3160	0.0000	0.0000	0.0000	-1.4010	0.0000	0.0000	-15.1270	0.0000	-8.3750	0.0000	0.0000
P8	4.9770	-82.2150	0.0000	49.1140	0.0000	0.0000	-3.7010	0.0000	0.0000	-55.7440	0.0000	0.0000	0.0000	-1.3410	0.0000	0.0000	-13.6850	0.0000	-8.8930	0.0000	0.0000
E3	8.0290	-85.9710	0.0000	48.2590	0.0000	0.0000	-3.7010	0.0000	0.0000	-58.1480	0.0000	0.0000	0.0000	-1.2870	0.0000	0.0000	-15.2480	0.0000	-8.2290	0.0000	0.0000
E2	6.7880	-87.0770	0.0000	50.6740	0.0000	0.0000	-3.6570	0.0000	0.0000	-58.2520	0.0000	0.0000	0.0000	-1.3920	0.0000	0.0000	-14.6060	0.0000	-8.9820	0.0000	0.0000
P2	7.6620	-88.5750	0.0000	48.4330	-0.0520	-0.0010	-3.7880	0.0680	-0.5010	-60.7930	0.0000	0.0000	0.5600	-1.4840	0.0750	0.4360	-13.6890	1.3830	-9.1440	-1.9060	-0.2670
P3	7.7020	-86.7940	0.0000	47.5030	0.0000	0.0000	-3.7060	0.0000	0.0000	-58.8010	0.0000	0.0000	0.0000	-1.3700	0.0000	0.0000	-13.9300	0.0000	-8.2060	0.0000	0.0000
P1	6.7360	-86.5140	0.0000	47.0290	0.0000	0.0000	-3.6950	0.0000	0.0000	-62.2130	0.0000	0.0000	0.0000	-2.8550	0.0000	0.0000	-14.8540	0.0000	-8.0620	0.0000	0.0000
P6	6.3160	-85.3150	0.0000	47.4690	0.0000	0.0000	-3.7460	0.0000	0.0000	-58.0820	0.0000	0.0000	0.0000	-1.3260	0.0000	0.0000	-13.6170	0.0000	-7.8630	0.0000	0.0000
P7	6.0160	-87.5530	0.0000	46.6670	0.0500	0.0100	-3.7610	-0.0270	-0.0040	-61.6360	0.0000	0.0000	0.0140	-1.3170	0.0500	0.1040	-13.5360	0.2450	-8.5320	-0.0490	-0.0130
P4	6.7830	-88.4990	0.0000	47.1930	0.0000	0.0000	-3.7020	0.0000	0.0000	-61.7180	0.0000	0.0000	0.0000	-1.3880	0.0000	0.0000	-13.8100	0.0000	-8.2960	0.0000	0.0000
P5	6.3570	-85.5250	0.0000	48.0180	0.0000	0.0000	-3.6820	0.0000	0.0000	-56.4270	0.0000	0.0000	0.0000	-1.3830	0.0000	0.0000	-12.4610	0.0000	-7.7510	0.0000	0.0000
H10	6.2130	-87.5010	0.0000	49.7660	0.0000	0.0010	-3.6850	-0.0350	0.0080	-61.2760	0.0000	0.0000	-0.0040	-2.3440	0.0030	-0.0030	-13.7850	-0.0170	-9.8990	-0.0020	0.0080
H11	5.4570	-87.7860	0.0000	52.6210	-0.0400	-0.0030	-3.7140	-0.3390	-0.0900	-60.6740	0.0000	0.0000	-0.1060	-3.5470	-0.0230	0.5270	-17.5530	-0.3250	-9.1250	3.6690	-0.2950
H12	6.8400	-88.8680	0.0000	50.5040	0.0000	0.0000	-3.7010	0.0000	0.0000	-61.3210	0.0000	0.0000	0.0000	-2.3490	0.0000	0.0000	-13.9900	0.0000	-9.7570	0.0000	0.0000
P9	5.3950	-85.5260	0.0000	50.2760	-0.0190	0.0120	-3.7010	0.0740	0.0260	-59.0330	0.0000	0.0000	0.0260	-3.5580	0.0140	-0.1010	-15.2130	1.5430	-8.3590	0.0720	0.0020
F12	7.1280	-88.1610	0.0000	46.7770	0.0020	0.0000	-3.6890	0.0150	0.0000	-62.9330	0.0000	0.0000	0.0130	-1.3970	-0.0080	0.0070	-15.0160	-0.1140	-8.4830	0.0060	-0.0130
F10	7.3680	-88.3000	0.0000	48.3760	0.0000	0.0000	-3.6940	0.0000	0.0000	-61.9480	0.0000	0.0000	0.0000	-1.4340	0.0000	0.0000	-15.1050	0.0000	-9.1580	0.0000	0.0000
F11	7.6810	-88.6480	0.0000	47.7510	0.0000	0.0000	-3.6550	0.0000	0.0000	-61.8660	0.0000	0.0000	0.0000	-1.4270	0.0000	0.0000	-14.6480	0.0000	-8.9170	0.0000	0.0000
N12	4.8180	-81.7010	0.0000	48.4420	0.0000	0.0000	-3.7320	0.0000	0.0000	-55.7190	0.0000	0.0000	0.0000	-1.3740	0.0000	0.0000	-14.3970	0.0000	-7.7770	0.0000	0.0000
H8	4.5350	-81.1520	0.0000	50.8940	-0.0680	0.0000	-3.7000	0.0850	0.0040	-54.1140	0.0000	0.0000	0.0530	-2.7600	-0.0030	-0.0620	-14.8620	1.0960	-8.1500	-0.0050	-0.0200
H9	4.8960	-81.0540	0.0000	48.7990	0.0000	0.0000	-3.7490	0.0000	0.0000	-54.1250	0.0000	0.0000	0.0000	-1.3560	0.0000	0.0000	-13.7090	0.0000	-7.9530	0.0000	0.0000
H6	5.8250	-83.3080	0.0000	48.7090	0.0000	0.0000	-3.7740	0.0000	0.0000	-56.2900	0.0000	0.0000	0.0000	-1.3200	0.0000	0.0000	-14.7140	0.0000	-7.7080	0.0000	0.0000
H7	4.6760	-80.9130	0.0000	49.4020	0.0000	0.0000	-3.7420	0.0000	0.0000	-53.6470	0.0000	0.0000	0.0000	-1.3620	0.0000	0.0000	-13.8020	0.0000	-7.9080	0.0000	0.0000
H4	4.0670	-82.0490	0.0000	47.4960	0.0000	0.0000	-3.7000	0.0000	0.0000	-58.7900	0.0000	0.0000	0.0000	-1.4310	0.0000	0.0000	-14.2020	0.0000	-8.9700	0.0000	0.0000
H5	5.7890	-83.4270	0.0000	48.6810	0.0000	0.0000	-3.7790	0.0000	0.0000	-56.4400	0.0000	0.0000	0.0000	-1.3140	0.0000	0.0000	-14.6930	0.0000	-7.6990	0.0000	0.0000
D10	4.9320	-83.8870	0.0000	50.9620	0.0000	0.0000	-3.7030	0.0000	0.0000	-56.8990	0.0000	0.0000	0.0000	-1.3850	0.0000	0.0000	-15.0770	0.0000	-8.7420	0.0000	0.0000
D11	5.5900	-84.4330	0.0000	49.2130	0.0000	0.0000	-3.6750	0.0000	0.0000	-58.4190	0.0000	0.0000	0.0000	-1.3820	0.0000	0.0000	-14.8980	0.0000	-8.8350	0.0000	0.0000
D12	6.5980	-84.5170	0.0000	46.8230	0.0000	0.0000	-3.6900	0.0000	0.0000	-59.4860	0.0000	0.0000	0.0000	-1.3920	0.0000	0.0000	-14.9030	0.0000	-8.4040	0.0000	0.0000
B12	7.0850	-87.7860	0.0000	49.2440	0.0000	0.0000	-3.6710	0.0000	0.0000	-59.3140	0.0000	0.0000	0.0000	-1.4060	0.0000	0.0000	-14.7660	0.0000	-8.0140	0.0000	0.0000
B10	8.7740	-88.3410	0.0000	52.6750	0.9750	0.0100	-3.4440	0.0390	0.0650	-59.5120	0.0000	0.0000	0.3870	-1.2240	-0.1410	0.1650	-16.6520	-2.1080	-7.1470	-2.7850	-0.7600
B11	9.5510	-87.9350	0.0000	48.7060	0.0000	0.0000	-3.7230	0.0000	0.0000	-57.5000	0.0000	0.0000	0.0000	-1.2400	0.0000	0.0000	-14.1980	0.0000	-8.6610	0.0000	0.0000
Q8	5.8060	-84.5080	0.0000	47.9820	0.0000	0.0000	-3.7260	0.0000	0.0000	-56.7830	0.0000	0.0000	0.0000	-1.4180	0.0000	0.0000	-12.8680	0.0000	-8.0500	0.0000	0.0000
Q9	5.7760	-84.2540	0.0000	47.5680	0.0000	0.0000	-3.6970	0.0000	0.0000	-58.0540	0.0000	0.0000	0.0000	-1.3940	0.0000	0.0000	-13.9180	0.0000	-8.1340	0.0000	0.0000
C9	4.1250	-82.2590	0.0000	49.1170	0.0000	0.0000	-3.6800	0.0000	0.0000	-57.8480	0.0000	0.0000	0.0000	-1.4070	0.0000	0.0000	-14.8560	0.0000	-8.8870	0.0000	0.0000
C8	4.9980	-84.7450	0.0000	49.5230	0.0020	0.0010	-3.7110	0.0150	0.0070	-59.1020	0.0000	0.0000	-0.0120	-1.3890	-0.0060	0.0200	-14.9330	0.1700	-9.0180	-0.0300	0.0060
Q11	6.9480	-87.1880	0.0000	47.0450	-0.0020	0.0000	-3.7210	0.0200	0.0010	-60.4020	0.0000	0.0000	-0.0140	-1.3840	-0.0080	-0.0150	-13.9510	0.0180	-8.1060	-0.0430	-0.0030
Q10	7.4350	-88.4230	0.0000	46.3070	-0.0530	0.0020	-3.7960	-0.0140	-0.4900	-60.5820	0.0000	0.0000	0.5420	-1.4650	0.0660	0.2620	-10.3220	1.5400	-9.5970	-2.2960	-0.2820
Q12	6.7680	-87.1600	0.0000	47.7900	0.0000	0.0000	-3.6860	0.0000	0.0000	-59.7980	0.0000	0.0000	0.0000	-1.3640	0.0000	0.0000	-13.9010	0.0000	-8.2430	0.0000	0.0000
C3	7.5910	-87.6420	0.0000	47.7710	0.0000	0.0000	-3.7050	0.0000	0.0000	-60.3780	0.0000	0.0000	0.0000	-1.3120	0.0000	0.0000	-14.4210	0.0000	-8.6620	0.0000	0.0000
C2	7.9800	-88.5600	0.0000	49.0750	0.0000	0.0000	-3.6740	0.0000	0.0000	-59.1480	0.0000	0.0000	0.0000	-1.4060	0.0000	0.0000	-14.5320	0.0000	-8.0320	0.0000	0.0000
C1	9.2690	-88.4920	0.0000	48.1030	0.0000	0.0000	-3.7140	0.0000	0.0000	-59.2240	0.0000	0.0000	0.0000	-1.3130	0.0000	0.0000	-14.5040	0.0000	-8.5730	0.0000	0.0000
C7	3.6520	-81.1830	0.0000	50.5430	0.0000	0.0000	-3.6750	0.0000	0.0000	-56.1730	0.0000	0.0000	0.0000	-1.4220	0.0000	0.0000	-15.0450	0.0000	-9.0440	0.0000	0.0000
C6	4.0010	-81.6260	0.0000	49.1720	0.0000	0.0000	-3.6760	0.0000	0.0000	-57.8170	0.0000	0.0000	0.0000	-1.4180	0.0000	0.0000	-15.2370	0.0000	-9.0330	0.0000	0.0000
C5	4.1310	-82.2550	0.0000	49.1160	0.0000	0.0000	-3.6790	0.0000	0.0000	-57.8350	0.0000	0.0000	0.0000	-1.4070	0.0000	0.0000	-14.8520	0.0000	-8.8890	0.0000	0.0000
C4	4.9820	-82.5360	0.0000	48.2520	0.0000	0.0000	-3.6860	0.0000	0.0000	-58.7030	0.0000	0.0000	0.0000	-1.4100	0.0000	0.0000	-15.2980	0.0000	-9.0090	0.0000	0.0000
N10	4.8090	-81.3330	0.0000	49.1550	0.0000	0.0000	-3.7620	0.0000	0.0000	-54.2870	0.0000	0.0000	0.0000	-1.2980	0.0000	0.0000	-13.8870	0.0000	-7.9720	0.0000	0.0000
N8	5.9130	-83.4400	0.0000	48.2860	0.0020	0.0000	-3.7050	-0.0400	0.0110	-57.8050	0.0000	0.0000	-0.0150	-2.2830	-0.0110	0.0040	-13.3900	0.0580	-9.1490	-0.0400	-0.0050
N9	6.1100	-84.6870	0.0000	47.8620	0.0000	0.0000	-3.7020	0.0000	0.0000	-59.5190	0.0000	0.0000	0.0000	-2.2890	0.0000	0.0000	-13.4720	0.0000	-9.3410	0.0000	0.0000
N11	5.9690	-83.3120	0.0000	46.2470	-0.2420	-0.0030	-3.6840	-0.1690	-0.2480	-58.5640	0.0000	0.0000	0.1260	-2.8690	-0.0590	-0.1130	-13.6270	0.6700	-7.9920	0.7320	0.0070
G12	5.6790	-83.5890	0.0000	50.4660	0.0000	0.0000	-3.7010	0.0000	0.0000	-56.4240	0.0000	0.0000	0.0000	-1.4110	0.0000	0.0000	-15.1860	0.0000	-8.6830	0.0000	0.0000
G11	6.9070	-85.9550	0.0000	49.1280	0.0000	0.0000	-3.7010	0.0000	0.0000	-58.6890	0.0000	0.0000	0.0000	-1.3890	0.0000	0.0000	-15.2760	0.0000	-8.4010	0.0000	0.0000
G10	4.2480	-81.9460	0.0000	50.5740	0.0000	0.0000	-3.6830	0.0000	0.0000	-55.7610	0.0000	0.0000	0.0000	-1.3950	0.0000	0.0000	-14.8070	0.0000	-8.7520	0.0000	0.0000
F1	6.1440	-85.9480	0.0000	48.3480	0.0000	0.0000	-3.6870	0.0000	0.0000	-60.5000	0.0000	0.0000	0.0000	-1.4310	0.0000	0.0000	-15.1170	0.0000	-8.8090	0.0000	0.0000
F2	5.4360	-84.9440	0.0000	47.7980	0.0000	0.0000	-3.6810	0.0000	0.0000	-60.0160	0.0000	0.0000	0.0000	-1.4070	0.0000	0.0000	-14.8250	0.0000	-8.3910	0.0000	0.0000
F3	4.8450	-84.2530	0.0000	50.9640	0.0000	0.0000	-3.7180	0.0000	0.0000	-57.2530	0.0000	0.0000	0.0000	-1.3810	0.0000	0.0000	-14.9000	0.0000	-8.8120	0.0000	0.0000
F4	9.0040	-88.8750	0.0000	49.5380	0.0820	-0.0080	-3.7500	0.1290	-0.0010	-58.2320	0.0000	0.0000	-0.0360	-1.3860	-0.0910	-0.2060	-14.9850	-1.2870	-9.3160	3.2520	-0.2940
F5	4.3540	-83.2660	0.0000	48.0260	0.0020	0.0000	-3.6930	-0.0090	-0.0080	-60.1050	0.0000	0.0000	-0.0010	-1.4140	0.0110	0.0030	-15.2280	0.0230	-8.8870	-0.0170	0.0000
F6	5.0480	-83.5830	0.0000	48.3360	0.0000	0.0000	-3.6950	0.0000	0.0000	-59.0540	0.0000	0.0000	0.0000	-1.4070	0.0000	0.0000	-15.0130	0.0000	-8.7390	0.0000	0.0000
F7	5.5630	-85.0890	0.0000	46.9120	-0.0010	0.0000	-3.6880	-0.0180	0.0050	-61.0370	0.0000	0.0000	0.0000	-1.4070	-0.0160	0.0000	-14.9390	0.0900	-8.3760	-0.0900	0.0160
F8	6.5030	-86.4950	0.0000	47.1670	0.0000	0.0000	-3.6870	0.0000	0.0000	-61.9280	0.0000	0.0000	0.0000	-1.4340	0.0000	0.0000	-15.0900	0.0000	-8.8920	0.0000	0.0000
F9	5.7230	-86.6230	0.0000	51.8020	0.0000	0.0000	-3.6260	0.0000	0.0000	-57.7140	0.0000	0.0000	0.0000	-1.4210	0.0000	0.0000	-14.4400	0.0000	-9.1290	0.0000	0.0000
Q1	5.3950	-82.3270	0.0000	47.8140	0.0000	0.0000	-3.7380	0.0000	0.0000	-55.9410	0.0000	0.0000	0.0000	-1.3250	0.0000	0.0000	-13.7880	0.0000	-7.9710	0.0000	0.0000
Q3	5.3900	-84.3240	0.0000	48.1550	0.0000	0.0000	-3.7390	0.0000	0.0000	-57.5710	0.0000	0.0000	0.0000	-1.3270	0.0000	0.0000	-13.8580	0.0000	-7.8700	0.0000	0.0000
Q2	5.7960	-84.4770	0.0000	48.1030	0.0000	0.0000	-3.6960	0.0000	0.0000	-57.9410	0.0000	0.0000	0.0000	-1.3940	0.0000	0.0000	-13.9420	0.0000	-8.3310	0.0000	0.0000
Q5	6.7180	-87.0940	0.0000	48.1130	0.0000	0.0000	-3.7130	0.0000	0.0000	-59.3910	0.0000	0.0000	0.0000	-1.3690	0.0000	0.0000	-13.6770	0.0000	-8.3700	0.0000	0.0000
Q4	5.7020	-85.4470	0.0000	49.0090	-0.0660	0.0000	-3.7030	0.0750	-0.0010	-59.4000	0.0000	0.0000	0.0250	-2.7670	-0.0080	-0.0630	-14.9170	0.9030	-8.2260	0.0740	0.0080
Q7	7.1820	-90.6390	0.0000	47.2220	0.0000	0.0000	-3.7530	0.0000	0.0000	-63.6470	0.0000	0.0000	0.0000	-1.3510	0.0000	0.0000	-13.6700	0.0000	-8.6380	0.0000	0.0000
Q6	7.3290	-88.2020	0.0000	46.2800	0.0000	0.0000	-3.7190	0.0000	0.0000	-61.7550	0.0000	0.0000	0.0000	-1.3830	0.0000	0.0000	-13.9100	0.0000	-8.1500	0.0000	0.0000
E11	3.8310	-82.3240	0.0000	49.7730	-0.0010	-0.0010	-3.6800	-0.0090	0.0150	-57.8430	0.0000	0.0000	-0.0040	-1.4300	-0.0080	-0.0010	-15.0720	0.0320	-8.9510	-0.0090	-0.0040
E10	7.3580	-86.7150	0.0000	50.1780	0.0000	0.0000	-3.7120	0.0000	0.0000	-57.2760	0.0000	0.0000	0.0000	-1.3410	0.0000	0.0000	-14.4310	0.0000	-8.6150	0.0000	0.0000
E12	4.4940	-82.9650	0.0000	50.8970	0.0000	0.0000	-3.6880	0.0000	0.0000	-56.4470	0.0000	0.0000	0.0000	-1.4140	0.0000	0.0000	-15.0330	0.0000	-8.7390	0.0000	0.0000
C12	4.8280	-84.9560	0.0000	47.8050	0.0000	0.0000	-3.6860	0.0000	0.0000	-61.1590	0.0000	0.0000	0.0000	-1.4370	0.0000	0.0000	-14.7730	0.0000	-8.9370	0.0000	0.0000
C11	5.4630	-84.3710	0.0000	47.5500	0.0000	0.0000	-3.6850	0.0000	0.0000	-59.6210	0.0000	0.0000	0.0000	-1.3990	0.0000	0.0000	-14.8230	0.0000	-8.3550	0.0000	0.0000
C10	4.1150	-83.4700	0.0000	50.0020	0.0000	0.0000	-3.6910	0.0000	0.0000	-58.1730	0.0000	0.0000	0.0000	-1.3910	0.0000	0.0000	-14.8370	0.0000	-8.9010	0.0000	0.0000
A11	5.5910	-82.4540	0.0000	47.7730	0.0000	0.0000	-3.7060	0.0000	0.0000	-54.7810	0.0000	0.0000	0.0000	-1.2660	0.0000	0.0000	-13.0280	0.0000	-7.6910	0.0000	0.0000
A10	8.4980	-90.1930	0.0000	49.0270	0.0000	0.0000	-3.6840	0.0000	0.0000	-61.8900	0.0000	0.0000	0.0000	-1.3920	0.0000	0.0000	-15.3090	0.0000	-8.8370	0.0000	0.0000
A12	2.4840	-80.5150	0.0000	50.0240	-0.0050	-0.0050	-3.6450	0.0670	-0.2810	-59.5540	0.0000	0.0000	0.1030	-2.6390	-0.1120	0.0550	-15.3030	0.1090	-7.7470	-2.3950	0.2510
A1	5.6880	-84.9460	0.0000	47.2300	0.0870	0.0020	-3.9220	0.0180	0.0350	-57.6640	0.0000	0.0000	-0.0100	-2.3520	0.0020	-0.0010	-12.9410	0.8200	-7.3940	0.0110	0.0100
A3	5.7560	-83.4980	0.0000	47.9780	0.0030	-0.0010	-3.7710	0.0220	0.0050	-57.0370	0.0000	0.0000	-0.0030	-1.3140	-0.0070	0.0040	-14.6420	0.0200	-7.6060	0.0030	0.0130
A2	4.6760	-83.4770	0.0000	48.9180	0.0000	0.0000	-3.6810	0.0000	0.0000	-57.1520	0.0000	0.0000	0.0000	-1.4100	0.0000	0.0000	-14.2820	0.0000	-7.8970	0.0000	0.0000
A5	5.6590	-85.7900	0.0000	47.3840	0.0000	0.0000	-3.7260	0.0000	0.0000	-61.4830	0.0000	0.0000	0.0000	-2.7740	0.0000	0.0000	-14.4810	0.0000	-7.7540	0.0000	0.0000
A4	4.9860	-81.8650	0.0000	47.1020	0.0010	-0.0010	-3.7100	-0.0190	-0.0010	-57.1240	0.0000	0.0000	-0.0160	-1.3410	-0.0030	0.0030	-13.0710	0.0210	-9.2400	0.0460	-0.0160
A7	5.4250	-88.2800	0.0000	47.6900	0.0000	0.0000	-3.7260	0.0000	0.0000	-60.6890	0.0000	0.0000	0.0000	-1.3500	0.0000	0.0000	-12.3660	0.0000	-8.0840	0.0000	0.0000
A6	4.6790	-83.4850	0.0000	48.9090	0.0000	0.0000	-3.6830	0.0000	0.0000	-57.1630	0.0000	0.0000	0.0000	-1.4090	0.0000	0.0000	-14.2800	0.0000	-7.8950	0.0000	0.0000
A9	4.8910	-83.2640	0.0000	50.7230	0.0000	0.0000	-3.7920	0.0000	0.0000	-56.5240	0.0000	0.0000	0.0000	-2.7640	0.0000	0.0000	-14.4080	0.0000	-7.9120	0.0000	0.0000
A8	6.0350	-80.8060	0.0000	47.6530	0.0000	0.0000	-3.7180	0.0000	0.0000	-55.0360	0.0000	0.0000	0.0000	-1.3130	0.0000	0.0000	-13.6390	0.0000	-9.2460	0.0000	0.0000
D8	4.6910	-83.2260	0.0000	50.2060	0.0000	0.0000	-3.6920	0.0000	0.0000	-57.3270	0.0000	0.0000	0.0000	-1.4120	0.0000	0.0000	-15.1570	0.0000	-8.7360	0.0000	0.0000
D9	5.0520	-84.0310	0.0000	50.2680	0.0020	0.0000	-3.7280	0.0280	0.0450	-57.5690	0.0000	0.0000	0.0030	-1.3800	-0.0020	-0.0010	-15.0700	0.0900	-8.7510	-0.0700	-0.0220
D6	5.6540	-85.3310	0.0000	47.5830	-0.0020	0.0000	-3.6950	0.0060	-0.0110	-60.6510	0.0000	0.0000	0.0130	-1.4030	0.0050	0.0020	-14.9760	-0.1060	-8.3780	-0.0240	0.0120
D7	5.3150	-83.6520	0.0000	47.6840	0.0000	0.0000	-3.6790	0.0000	0.0000	-59.1690	0.0000	0.0000	0.0000	-1.3940	0.0000	0.0000	-15.1130	0.0000	-8.3280	0.0000	0.0000
D4	5.9930	-86.7980	0.0000	52.6890	0.0000	0.0000	-3.6720	0.0000	0.0000	-57.1260	0.0000	0.0000	0.0000	-1.3960	0.0000	0.0000	-14.6670	0.0000	-9.2750	0.0000	0.0000
D5	7.7400	-87.8890	0.0000	49.5250	0.0000	0.0000	-3.7490	0.0000	0.0000	-58.8810	0.0000	0.0000	0.0000	-1.3920	0.0000	0.0000	-14.3890	0.0000	-8.7260	0.0000	0.0000
D2	4.4150	-83.1990	0.0000	50.1010	0.0000	0.0000	-3.7040	0.0000	0.0000	-57.4870	0.0000	0.0000	0.0000	-1.3920	0.0000	0.0000	-14.8610	0.0000	-8.8470	0.0000	0.0000
D3	7.6230	-87.6460	0.0000	47.7730	0.0000	0.0000	-3.7050	0.0000	0.0000	-60.3450	0.0000	0.0000	0.0000	-1.3000	0.0000	0.0000	-14.4300	0.0000	-8.6600	0.0000	0.0000
D1	4.1720	-82.1480	0.0000	51.0490	0.0000	0.0000	-3.6880	0.0000	0.0000	-55.5720	0.0000	0.0000	0.0000	-1.3980	0.0000	0.0000	-14.7980	0.0000	-8.7600	0.0000	0.0000
