MUT	fa_rep:	ref:	fa_atr:	hbond_sc:	fa_sol:	yhh_planarity:	dslf_fa13:	fa_intra_sol_xover4:	omega:	p_aa_pp:	TOT	sugar_bb:	fa_intra_rep:	hbond_lr_bb:	hbond_sr_bb:	hbond_bb_sc:	fa_elec:	cart_bonded:	lk_ball_wtd:	fa_dun:	rama_prepro:
G7	4.7690	-83.5050	0.0000	57.2200	0.0000	0.0000	-3.8280	0.0000	0.0000	-51.4070	0.0000	0.0000	0.0000	-3.1970	0.0000	0.0000	-15.8040	0.0000	-7.0620	0.0000	0.0000
G6	4.9710	-80.9370	0.0000	55.0500	0.0110	-0.0170	-3.8200	-0.1300	0.0720	-50.1410	0.0000	0.0000	0.0170	-2.9190	0.0140	-0.0520	-15.5810	-0.2220	-6.6630	0.0380	0.0260
G5	4.9380	-83.9320	0.0000	55.8260	0.0000	0.0000	-3.8300	0.0000	0.0000	-52.6670	0.0000	0.0000	0.0000	-3.1930	0.0000	0.0000	-15.8060	0.0000	-6.6700	0.0000	0.0000
G4	10.0030	-88.3640	0.0000	55.9900	-0.0010	0.0010	-3.7730	-0.0240	0.0070	-52.0240	0.0000	0.0000	-0.0080	-3.2340	0.0000	0.0060	-15.7060	-0.1130	-6.8100	0.0010	0.0000
G3	8.4350	-87.2400	0.0000	54.7660	0.0000	0.0000	-3.8260	0.0000	0.0000	-53.4370	0.0000	0.0000	0.0000	-3.3860	0.0000	0.0000	-15.4990	0.0000	-6.6890	0.0000	0.0000
G2	7.8420	-89.6160	0.0000	60.1770	0.2570	-0.0290	-3.4960	-0.0350	-0.0770	-52.8030	0.0000	0.0000	0.0170	-2.8980	-0.0290	0.1000	-19.6800	0.3600	-6.5170	0.7920	0.0280
G1	5.2990	-84.4340	0.0000	57.2510	0.0000	0.0000	-3.8080	0.0000	0.0000	-51.5410	0.0000	0.0000	0.0000	-3.3040	0.0000	0.0000	-15.8430	0.0000	-6.7000	0.0000	0.0000
G9	4.4520	-83.2740	0.0000	57.2000	0.0000	0.0000	-3.8130	0.0000	0.0000	-51.1210	0.0000	0.0000	0.0000	-3.3020	0.0000	0.0000	-15.6960	0.0000	-6.6860	0.0000	0.0000
G8	4.0900	-80.9650	0.0000	56.9690	0.0000	0.0000	-3.8110	0.0000	0.0000	-48.9240	0.0000	0.0000	0.0000	-3.0600	0.0000	0.0000	-15.5810	0.0000	-6.5660	0.0000	0.0000
N6	4.6410	-82.5040	0.0000	54.6780	0.0000	0.0000	-3.8580	0.0000	0.0000	-49.3450	0.0000	0.0000	0.0000	-1.7580	0.0000	0.0000	-13.3710	0.0000	-7.1720	0.0000	0.0000
N7	4.0120	-80.7630	0.0000	54.6000	0.0000	0.0000	-3.8080	0.0000	0.0000	-49.1670	0.0000	0.0000	0.0000	-1.5750	0.0000	0.0000	-13.9630	0.0000	-7.6720	0.0000	0.0000
B4	6.2860	-87.0990	0.0000	57.8550	0.0000	0.0000	-3.7860	0.0000	0.0000	-52.5690	0.0000	0.0000	0.0000	-3.1430	0.0000	0.0000	-15.5430	0.0000	-7.1390	0.0000	0.0000
B5	4.3200	-82.0380	0.0000	52.2330	0.0000	0.0000	-3.8040	0.0000	0.0000	-51.9680	0.0000	0.0000	0.0000	-1.7080	0.0000	0.0000	-13.6460	0.0000	-7.3240	0.0000	0.0000
B6	8.3590	-93.2080	0.0000	60.8080	0.0000	0.0000	-3.8120	0.0000	0.0000	-54.4050	0.0000	0.0000	0.0000	-3.5480	0.0000	0.0000	-15.5600	0.0000	-7.4440	0.0000	0.0000
B7	5.9420	-86.0690	0.0000	56.9390	0.0000	0.0000	-3.7990	0.0000	0.0000	-53.3020	0.0000	0.0000	0.0000	-3.7000	0.0000	0.0000	-15.7170	0.0000	-6.8990	0.0000	0.0000
B1	4.5320	-84.5760	0.0000	53.5160	0.0000	0.0000	-3.7990	0.0000	0.0000	-52.4400	0.0000	0.0000	0.0000	-1.7570	0.0000	0.0000	-13.6330	0.0000	-6.7240	0.0000	0.0000
B2	6.3760	-84.4860	0.0000	53.4360	0.0000	0.0000	-3.7810	0.0000	0.0000	-50.6080	0.0000	0.0000	0.0000	-1.5990	0.0000	0.0000	-13.7100	0.0000	-6.8450	0.0000	0.0000
B3	6.2600	-86.1700	0.0000	59.0940	-0.0720	0.0010	-3.7850	0.1990	-0.0490	-52.6000	0.0000	0.0000	-0.0770	-3.3830	0.0030	0.2250	-19.4670	-0.3270	-6.4540	1.3410	0.0590
B8	8.7320	-88.9350	0.0000	57.4370	0.0000	0.0000	-3.7920	0.0000	0.0000	-52.4220	0.0000	0.0000	0.0000	-3.3000	0.0000	0.0000	-15.9740	0.0000	-6.5890	0.0000	0.0000
B9	6.9360	-87.3390	0.0000	58.3330	0.0000	0.0000	-3.7910	0.0000	0.0000	-52.4300	0.0000	0.0000	0.0000	-3.2920	0.0000	0.0000	-16.3920	0.0000	-6.8860	0.0000	0.0000
N5	5.8620	-81.6050	0.0000	51.6950	0.0000	0.0000	-3.8380	0.0000	0.0000	-51.0070	0.0000	0.0000	0.0000	-2.0480	0.0000	0.0000	-13.6590	0.0000	-7.4130	0.0000	0.0000
P10	5.8690	-83.9670	0.0000	52.3820	0.0000	0.0000	-3.8540	0.0000	0.0000	-53.7920	0.0000	0.0000	0.0000	-2.0560	0.0000	0.0000	-14.3340	0.0000	-7.8310	0.0000	0.0000
P11	5.9820	-85.2650	0.0000	52.7460	0.0000	0.0000	-3.8660	0.0000	0.0000	-52.4890	0.0000	0.0000	0.0000	-1.7720	0.0000	0.0000	-13.0710	0.0000	-7.2440	0.0000	0.0000
P12	6.1270	-82.8590	0.0000	50.7240	0.0000	0.0000	-3.8830	0.0000	0.0000	-52.5860	0.0000	0.0000	0.0000	-2.0250	0.0000	0.0000	-13.6610	0.0000	-7.0080	0.0000	0.0000
E9	5.0710	-84.5020	0.0000	56.1870	0.0000	0.0000	-3.8090	0.0000	0.0000	-52.5990	0.0000	0.0000	0.0000	-3.2670	0.0000	0.0000	-15.7730	0.0000	-6.5060	0.0000	0.0000
E8	4.5000	-84.1290	0.0000	59.1940	0.0000	0.0000	-3.8160	0.0000	0.0000	-50.1570	0.0000	0.0000	0.0000	-3.2970	0.0000	0.0000	-15.8560	0.0000	-6.7510	0.0000	0.0000
E5	5.1050	-83.7520	0.0000	57.4970	0.0000	0.0000	-3.8120	0.0000	0.0000	-50.6640	0.0000	0.0000	0.0000	-3.2960	0.0000	0.0000	-15.7210	0.0000	-6.6850	0.0000	0.0000
E4	4.3650	-83.1010	0.0000	57.6070	0.0000	0.0000	-3.8150	0.0000	0.0000	-50.7590	0.0000	0.0000	0.0000	-3.2990	0.0000	0.0000	-15.7550	0.0000	-6.7630	0.0000	0.0000
E7	4.7690	-85.0880	0.0000	56.8130	0.0000	0.0000	-3.7720	0.0000	0.0000	-53.1370	0.0000	0.0000	0.0000	-3.0150	0.0000	0.0000	-15.7710	0.0000	-7.0730	0.0000	0.0000
E6	5.7610	-85.8620	0.0000	55.5880	0.0000	0.0000	-3.7920	0.0000	0.0000	-54.6520	0.0000	0.0000	0.0000	-3.0470	0.0000	0.0000	-16.3880	0.0000	-6.9130	0.0000	0.0000
E1	6.2260	-86.1930	0.0000	57.3260	0.0000	0.0000	-3.8270	0.0000	0.0000	-52.4200	0.0000	0.0000	0.0000	-3.2090	0.0000	0.0000	-15.7700	0.0000	-6.9730	0.0000	0.0000
P8	4.7070	-83.6630	0.0000	56.2530	0.0000	0.0000	-3.8670	0.0000	0.0000	-50.5270	0.0000	0.0000	0.0000	-2.1460	0.0000	0.0000	-14.1850	0.0000	-7.6270	0.0000	0.0000
E3	8.8670	-87.7040	0.0000	56.3170	0.0000	0.0000	-3.8080	0.0000	0.0000	-52.2390	0.0000	0.0000	0.0000	-3.1450	0.0000	0.0000	-16.1780	0.0000	-6.5890	0.0000	0.0000
E2	8.6870	-87.4900	0.0000	56.2680	0.0070	-0.0010	-3.8060	-0.0170	-0.0060	-52.2270	0.0000	0.0000	0.0070	-3.1480	0.0000	-0.0100	-16.2350	-0.0270	-6.4800	0.0610	-0.0370
P2	9.8090	-87.7360	0.0000	56.1780	0.0000	0.0000	-3.8540	0.0000	0.0000	-49.2970	0.0000	0.0000	0.0000	-2.0700	0.0000	0.0000	-14.2750	0.0000	-7.3490	0.0000	0.0000
P3	8.3350	-84.3790	0.0000	56.1490	-0.3670	-0.0250	-4.0590	0.6550	0.5530	-48.7210	0.0000	0.0000	-0.4430	-2.2430	0.0050	0.0780	-20.5360	1.9990	-5.7350	1.3510	-0.0600
P1	6.1420	-85.4740	0.0000	54.9750	0.0000	0.0000	-3.8540	0.0000	0.0000	-53.6550	0.0000	0.0000	0.0000	-3.4570	0.0000	0.0000	-14.9330	0.0000	-7.0550	0.0000	0.0000
P6	5.0290	-84.0570	0.0000	54.1970	-0.0010	-0.0010	-3.8080	0.0370	-0.0100	-51.9230	0.0000	0.0000	-0.0050	-1.7010	0.0070	0.0000	-14.2210	-0.0200	-7.3570	-0.0110	-0.0010
P7	6.4170	-88.1120	0.0000	55.1150	0.0000	0.0000	-3.8470	0.0000	0.0000	-53.9210	0.0000	0.0000	0.0000	-1.9840	0.0000	0.0000	-14.1590	0.0000	-7.3510	0.0000	0.0000
P4	9.7710	-88.7350	0.0000	56.1820	0.0000	0.0000	-3.8580	0.0000	0.0000	-50.2140	0.0000	0.0000	0.0000	-2.0040	0.0000	0.0000	-14.2930	0.0000	-7.2770	0.0000	0.0000
P5	5.0540	-85.1740	0.0000	55.3450	0.0000	0.0000	-3.8480	0.0000	0.0000	-51.9890	0.0000	0.0000	0.0000	-2.0640	0.0000	0.0000	-13.9460	0.0000	-7.3560	0.0000	0.0000
H10	6.4650	-85.9650	0.0000	52.5010	0.0000	0.0000	-3.8240	0.0000	0.0000	-54.1670	0.0000	0.0000	0.0000	-1.7200	0.0000	0.0000	-13.9270	0.0000	-7.6970	0.0000	0.0000
H11	6.0960	-83.7020	0.0000	50.7570	0.0290	-0.0020	-3.7820	0.0200	0.0060	-54.8890	0.0000	0.0000	-0.0170	-1.4070	0.0080	-0.3710	-14.1920	-0.5320	-7.6910	-0.1030	-0.0050
H12	7.0010	-87.3410	0.0000	54.7410	0.0000	0.0000	-3.8430	0.0000	0.0000	-52.6380	0.0000	0.0000	0.0000	-2.0050	0.0000	0.0000	-13.3790	0.0000	-7.8130	0.0000	0.0000
P9	5.2470	-84.8230	0.0000	54.6230	0.0000	0.0000	-3.8700	0.0000	0.0000	-52.7730	0.0000	0.0000	0.0000	-2.1980	0.0000	0.0000	-13.8240	0.0000	-7.9290	0.0000	0.0000
F12	10.5070	-88.2000	0.0000	57.0340	-0.0210	0.0040	-3.8560	0.4620	-0.2070	-52.6430	0.0000	0.0000	0.1420	-3.4070	0.1400	-0.0600	-18.9870	0.0250	-6.5330	0.3240	-0.0110
F10	6.6010	-87.4770	0.0000	55.7740	0.0000	0.0000	-3.7970	0.0000	0.0000	-54.6180	0.0000	0.0000	0.0000	-3.1390	0.0000	0.0000	-15.6410	0.0000	-6.9390	0.0000	0.0000
F11	6.8650	-86.8830	0.0000	55.8620	0.0000	0.0000	-3.7900	0.0000	0.0000	-53.5260	0.0000	0.0000	0.0000	-3.3260	0.0000	0.0000	-15.6450	0.0000	-6.6080	0.0000	0.0000
N12	4.0280	-80.3950	0.0000	55.1610	0.0040	0.0000	-3.7630	0.0410	0.0020	-50.1910	0.0000	0.0000	0.0210	-1.7030	0.0180	0.1900	-17.7970	0.1480	-6.8680	0.6930	0.0270
H8	4.0760	-79.2280	0.0000	52.4830	0.0000	0.0000	-3.8140	0.0000	0.0000	-49.7120	0.0000	0.0000	0.0000	-1.9590	0.0000	0.0000	-13.8960	0.0000	-7.3740	0.0000	0.0000
H9	4.3730	-77.7390	0.0000	50.2490	0.0000	0.0000	-3.7970	0.0000	0.0000	-48.9310	0.0000	0.0000	0.0000	-2.0470	0.0000	0.0000	-13.4330	0.0000	-6.5350	0.0000	0.0000
H6	4.3320	-80.7950	0.0000	53.1830	0.0000	0.0000	-3.7990	0.0000	0.0000	-50.2570	0.0000	0.0000	0.0000	-1.7110	0.0000	0.0000	-14.2910	0.0000	-7.1750	0.0000	0.0000
H7	4.7210	-77.6560	0.0000	50.3510	0.0000	0.0000	-3.8070	0.0000	0.0000	-48.4120	0.0000	0.0000	0.0000	-2.0540	0.0000	0.0000	-13.4020	0.0000	-6.5640	0.0000	0.0000
H4	4.0570	-83.2650	0.0000	54.3920	0.0000	0.0000	-3.8050	0.0000	0.0000	-50.6740	0.0000	0.0000	0.0000	-1.6840	0.0000	0.0000	-13.5420	0.0000	-6.8250	0.0000	0.0000
H5	4.5320	-81.0970	0.0000	53.3540	0.0000	0.0000	-3.8120	0.0000	0.0000	-50.2530	0.0000	0.0000	0.0000	-1.6980	0.0000	0.0000	-14.3000	0.0000	-7.2310	0.0000	0.0000
D10	5.3960	-84.0420	0.0000	56.5380	0.0000	0.0000	-3.8070	0.0000	0.0000	-51.5970	0.0000	0.0000	0.0000	-3.2940	0.0000	0.0000	-15.6890	0.0000	-6.6990	0.0000	0.0000
D11	5.5060	-85.3360	0.0000	56.6280	0.0000	0.0000	-3.8150	0.0000	0.0000	-52.6730	0.0000	0.0000	0.0000	-3.2970	0.0000	0.0000	-15.7320	0.0000	-6.6280	0.0000	0.0000
D12	6.7320	-86.6380	0.0000	55.7460	0.0000	0.0000	-3.8290	0.0000	0.0000	-54.0090	0.0000	0.0000	0.0000	-3.1450	0.0000	0.0000	-15.8050	0.0000	-7.0700	0.0000	0.0000
B12	7.0730	-87.4320	0.0000	59.0920	0.0000	0.0000	-3.7940	0.0000	0.0000	-51.7020	0.0000	0.0000	0.0000	-3.2300	0.0000	0.0000	-16.5980	0.0000	-6.8120	0.0000	0.0000
B10	7.2980	-86.5310	0.0000	56.3810	0.0000	0.0000	-3.8050	0.0000	0.0000	-53.2690	0.0000	0.0000	0.0000	-3.6730	0.0000	0.0000	-15.7520	0.0000	-7.1870	0.0000	0.0000
B11	7.9090	-89.0240	0.0000	58.1230	0.0000	0.0000	-3.7920	0.0000	0.0000	-52.7740	0.0000	0.0000	0.0000	-3.2370	0.0000	0.0000	-15.9590	0.0000	-6.7940	0.0000	0.0000
Q8	4.9060	-85.8150	0.0000	57.7780	0.0000	0.0000	-3.8440	0.0000	0.0000	-53.8920	0.0000	0.0000	0.0000	-2.1250	0.0000	0.0000	-17.1610	0.0000	-7.6330	0.0000	0.0000
Q9	4.8940	-82.7090	0.0000	53.2810	0.0000	0.0000	-3.8100	0.0000	0.0000	-50.8960	0.0000	0.0000	0.0000	-1.6990	0.0000	0.0000	-13.5700	0.0000	-7.2820	0.0000	0.0000
C9	4.3240	-83.6110	0.0000	55.7800	0.0000	0.0000	-3.8200	0.0000	0.0000	-53.4130	0.0000	0.0000	0.0000	-3.1230	0.0000	0.0000	-15.8680	0.0000	-7.0940	0.0000	0.0000
C8	5.4840	-85.7780	0.0000	54.7900	0.0000	0.0000	-3.8060	0.0000	0.0000	-54.8520	0.0000	0.0000	0.0000	-3.2840	0.0000	0.0000	-15.7360	0.0000	-6.5220	0.0000	0.0000
Q11	6.8840	-83.7100	0.0000	53.2160	0.0000	0.0000	-3.8170	0.0000	0.0000	-50.7550	0.0000	0.0000	0.0000	-1.6720	0.0000	0.0000	-14.2670	0.0000	-7.3890	0.0000	0.0000
Q10	6.8720	-83.5270	0.0000	54.1240	0.0000	0.0000	-3.8210	0.0000	0.0000	-52.1610	0.0000	0.0000	0.0000	-3.4350	0.0000	0.0000	-15.0180	0.0000	-7.3590	0.0000	0.0000
Q12	6.9020	-83.6340	0.0000	54.1320	0.0000	0.0000	-3.7860	0.0000	0.0000	-51.4910	0.0000	0.0000	0.0000	-2.7090	0.0000	0.0000	-14.9460	0.0000	-7.4500	0.0000	0.0000
C3	5.4820	-85.9360	0.0000	57.2290	0.0000	0.0000	-3.8100	0.0000	0.0000	-53.5550	0.0000	0.0000	0.0000	-3.1110	0.0000	0.0000	-16.5330	0.0000	-6.8750	0.0000	0.0000
C2	6.2570	-85.2080	0.0000	56.6300	0.0000	0.0000	-3.8140	0.0000	0.0000	-51.5700	0.0000	0.0000	0.0000	-3.1780	0.0000	0.0000	-15.2250	0.0000	-7.0290	0.0000	0.0000
C1	5.3190	-87.9530	0.0000	58.1590	0.0000	0.0000	-3.8350	0.0000	0.0000	-54.7640	0.0000	0.0000	0.0000	-3.6170	0.0000	0.0000	-15.9140	0.0000	-6.9220	0.0000	0.0000
C7	3.8850	-81.9910	0.0000	57.0580	0.0000	0.0000	-3.7890	0.0000	0.0000	-50.7300	0.0000	0.0000	0.0000	-3.3160	0.0000	0.0000	-15.6970	0.0000	-6.8790	0.0000	0.0000
C6	4.1420	-82.9880	0.0000	56.4980	0.0000	0.0000	-3.8030	0.0000	0.0000	-52.0970	0.0000	0.0000	0.0000	-3.3070	0.0000	0.0000	-15.8320	0.0000	-6.8060	0.0000	0.0000
C5	4.3050	-83.5880	0.0000	55.7610	0.0000	0.0000	-3.8210	0.0000	0.0000	-53.4150	0.0000	0.0000	0.0000	-3.1240	0.0000	0.0000	-15.8550	0.0000	-7.0940	0.0000	0.0000
C4	5.1970	-83.8820	0.0000	56.0610	0.0000	0.0000	-3.7960	0.0000	0.0000	-52.0610	0.0000	0.0000	0.0000	-3.2800	0.0000	0.0000	-15.6340	0.0000	-6.7270	0.0000	0.0000
N10	4.2460	-80.5570	0.0000	54.0330	0.0000	0.0000	-3.7920	0.0000	0.0000	-49.2090	0.0000	0.0000	0.0000	-1.7180	0.0000	0.0000	-13.8510	0.0000	-7.5690	0.0000	0.0000
N8	5.9360	-81.9980	0.0000	52.7340	0.0000	0.0000	-3.8460	0.0000	0.0000	-50.1150	0.0000	0.0000	0.0000	-2.0920	0.0000	0.0000	-13.4960	0.0000	-7.3530	0.0000	0.0000
N9	5.4710	-89.0500	0.0000	55.4720	0.0000	0.0010	-3.8210	-0.0100	0.0040	-55.4130	0.0000	0.0000	-0.0020	-1.6770	-0.0030	-0.0110	-14.4660	0.0420	-7.3860	0.0150	0.0060
N11	4.5870	-84.3700	0.0000	54.3720	0.1800	0.0030	-3.8480	0.4500	-0.1240	-53.5650	0.0000	0.0000	0.2750	-2.1210	-0.1890	0.0920	-16.7980	0.5630	-6.2380	-0.5160	0.1180
G12	5.3360	-84.3230	0.0000	56.7500	0.0000	0.0000	-3.8190	0.0000	0.0000	-50.9720	0.0000	0.0000	0.0000	-2.8940	0.0000	0.0000	-15.5160	0.0000	-6.5070	0.0000	0.0000
G11	6.7370	-86.8520	0.0000	57.7610	0.0000	0.0000	-3.8200	0.0000	0.0000	-51.8750	0.0000	0.0000	0.0000	-3.3290	0.0000	0.0000	-15.7930	0.0000	-6.5800	0.0000	0.0000
G10	4.0620	-81.2170	0.0000	56.9410	0.0000	0.0000	-3.8090	0.0000	0.0000	-49.2850	0.0000	0.0000	0.0000	-3.1420	0.0000	0.0000	-15.6130	0.0000	-6.5060	0.0000	0.0000
F1	6.2460	-84.9390	0.0000	55.2330	0.0000	0.0000	-3.7860	0.0000	0.0000	-53.1640	0.0000	0.0000	0.0000	-3.3620	0.0000	0.0000	-15.6610	0.0000	-6.8940	0.0000	0.0000
F2	5.4600	-86.8180	0.0000	55.6170	0.0000	0.0000	-3.8040	0.0000	0.0000	-55.7820	0.0000	0.0000	0.0000	-3.4800	0.0000	0.0000	-15.8450	0.0000	-6.9130	0.0000	0.0000
F3	5.2530	-85.2500	0.0000	55.8870	0.0000	0.0000	-3.8080	0.0000	0.0000	-53.6370	0.0000	0.0000	0.0000	-3.2720	0.0000	0.0000	-15.8940	0.0000	-6.5510	0.0000	0.0000
F4	5.0270	-86.8950	0.0000	58.2230	0.0000	0.0000	-3.8180	0.0000	0.0000	-53.5450	0.0000	0.0000	0.0000	-3.4680	0.0000	0.0000	-15.6910	0.0000	-6.9220	0.0000	0.0000
F5	4.9050	-84.4690	0.0000	56.3880	0.0000	0.0000	-3.8150	0.0000	0.0000	-52.8530	0.0000	0.0000	0.0000	-3.2940	0.0000	0.0000	-15.7900	0.0000	-6.7790	0.0000	0.0000
F6	5.5850	-86.3510	0.0000	55.8290	0.0000	0.0000	-3.8160	0.0000	0.0000	-54.6450	0.0000	0.0000	0.0000	-3.2090	0.0000	0.0000	-16.0350	0.0000	-6.6470	0.0000	0.0000
F7	5.5720	-86.6540	0.0000	54.5270	0.0020	-0.0010	-3.7990	-0.0190	0.0070	-56.3010	0.0000	0.0000	0.0060	-3.5670	0.0080	-0.0090	-15.7150	0.0330	-6.7050	0.0320	-0.0210
F8	7.1260	-86.3150	0.0000	54.8130	0.0000	0.0000	-3.7950	0.0000	0.0000	-53.9690	0.0000	0.0000	0.0000	-3.3830	0.0000	0.0000	-15.6510	0.0000	-6.7670	0.0000	0.0000
F9	5.1870	-86.8470	0.0000	57.3990	0.0000	0.0000	-3.8300	0.0000	0.0000	-54.2780	0.0000	0.0000	0.0000	-3.5270	0.0000	0.0000	-15.7050	0.0000	-6.9550	0.0000	0.0000
Q1	4.8420	-81.3660	0.0000	54.2740	0.0000	0.0000	-3.8050	0.0000	0.0000	-49.4560	0.0000	0.0000	0.0000	-1.6880	0.0000	0.0000	-14.3710	0.0000	-7.3430	0.0000	0.0000
Q3	4.7020	-83.1900	0.0000	54.1170	0.0000	0.0000	-3.8040	0.0000	0.0000	-51.5170	0.0000	0.0000	0.0000	-1.7070	0.0000	0.0000	-14.1160	0.0000	-7.5190	0.0000	0.0000
Q2	4.7650	-81.9100	0.0000	51.7190	0.0000	0.0000	-3.8510	0.0000	0.0000	-51.7440	0.0000	0.0000	0.0000	-2.1210	0.0000	0.0000	-13.3190	0.0000	-7.0280	0.0000	0.0000
Q5	6.9950	-83.4880	0.0000	54.0890	-0.0060	-0.0020	-3.7960	-0.0330	0.0350	-52.0540	0.0000	0.0000	0.0280	-3.5180	-0.0340	0.0160	-15.0300	-0.0040	-7.3530	0.0310	0.0180
Q4	4.7980	-83.2850	0.0000	53.1220	0.0000	0.0000	-3.8200	0.0000	0.0000	-51.9540	0.0000	0.0000	0.0000	-1.7330	0.0000	0.0000	-13.6540	0.0000	-7.3820	0.0000	0.0000
Q7	8.1870	-85.7020	0.0000	54.3670	0.0000	0.0000	-3.8010	0.0000	0.0000	-51.2340	0.0000	0.0000	0.0000	-2.1640	0.0000	0.0000	-14.6970	0.0000	-7.4230	0.0000	0.0000
Q6	6.8750	-84.0860	0.0000	53.0060	0.0000	0.0000	-3.7910	0.0000	0.0000	-51.2920	0.0000	0.0000	0.0000	-1.7050	0.0000	0.0000	-14.3430	0.0000	-7.2480	0.0000	0.0000
E11	4.5340	-83.8940	0.0000	57.5260	0.0000	0.0000	-3.8170	0.0000	0.0000	-51.6290	0.0000	0.0000	0.0000	-3.2880	0.0000	0.0000	-15.9300	0.0000	-6.7610	0.0000	0.0000
E10	7.4060	-84.9470	0.0000	56.2950	0.0000	0.0000	-3.7930	0.0000	0.0000	-51.5230	0.0000	0.0000	0.0000	-3.6300	0.0000	0.0000	-15.5370	0.0000	-7.3160	0.0000	0.0000
E12	5.0110	-84.6800	0.0000	56.7140	0.0000	0.0000	-3.8050	0.0000	0.0000	-52.5510	0.0000	0.0000	0.0000	-3.2750	0.0000	0.0000	-15.8570	0.0000	-6.6590	0.0000	0.0000
C12	6.2990	-85.0160	0.0000	54.4570	0.0000	0.0000	-3.8290	0.0000	0.0000	-53.2570	0.0000	0.0000	0.0000	-2.6000	0.0000	0.0000	-15.9690	0.0000	-6.5970	0.0000	0.0000
C11	5.2250	-85.5890	0.0000	55.3820	0.0000	0.0000	-3.8020	0.0000	0.0000	-54.6870	0.0000	0.0000	0.0000	-3.3680	0.0000	0.0000	-15.7250	0.0000	-6.8090	0.0000	0.0000
C10	3.3770	-83.2590	0.0000	52.5420	-0.0190	-0.0630	-3.8980	0.1580	-0.0650	-54.3870	0.0000	0.0000	-0.0180	-2.9390	0.0500	0.0050	-11.7280	-0.7350	-7.3670	-0.4680	0.0410
A11	4.3980	-81.2570	0.0000	53.7690	0.0000	0.0000	-3.8070	0.0000	0.0000	-50.6040	0.0000	0.0000	0.0000	-2.0020	0.0000	0.0000	-14.1890	0.0000	-7.5160	0.0000	0.0000
A10	9.8360	-88.2990	0.0000	55.9760	0.0000	0.0000	-3.7750	0.0000	0.0000	-52.0230	0.0000	0.0000	0.0000	-3.2180	0.0000	0.0000	-15.8380	0.0000	-6.7070	0.0000	0.0000
A12	4.6420	-81.4840	0.0000	53.0280	0.0000	0.0000	-3.8090	0.0000	0.0000	-50.7920	0.0000	0.0000	0.0000	-1.6960	0.0000	0.0000	-14.2330	0.0000	-7.2410	0.0000	0.0000
A1	4.7490	-83.9440	0.0000	54.2920	0.0000	0.0000	-3.8100	0.0000	0.0000	-52.5900	0.0000	0.0000	0.0000	-1.9960	0.0000	0.0000	-14.2350	0.0000	-7.6450	0.0000	0.0000
A3	4.9280	-81.5490	0.0000	50.6040	-0.0510	0.0000	-3.6860	0.3410	-0.4210	-50.8990	0.0000	0.0000	0.1030	-1.7470	0.0230	-0.2200	-11.0410	0.3090	-7.2200	-0.6480	-0.6220
A2	4.4970	-82.0970	0.0000	53.8870	0.0000	0.0000	-3.7990	0.0000	0.0000	-50.3920	0.0000	0.0000	0.0000	-1.7080	0.0000	0.0000	-13.6510	0.0000	-7.5200	0.0000	0.0000
A5	4.8980	-84.0010	0.0000	53.5770	0.0000	0.0000	-3.8160	0.0000	0.0000	-52.7120	0.0000	0.0000	0.0000	-1.7020	0.0000	0.0000	-14.3660	0.0000	-7.3050	0.0000	0.0000
A4	4.4870	-81.5260	0.0000	53.8030	0.0000	0.0000	-3.8150	0.0000	0.0000	-51.0330	0.0000	0.0000	0.0000	-2.0670	0.0000	0.0000	-14.5400	0.0000	-7.3730	0.0000	0.0000
A7	5.8150	-86.2410	0.0000	55.2820	0.0000	0.0000	-3.7790	0.0000	0.0000	-53.2720	0.0000	0.0000	0.0000	-2.0740	0.0000	0.0000	-14.5100	0.0000	-7.7650	0.0000	0.0000
A6	4.5050	-82.1440	0.0000	53.9320	0.0000	0.0000	-3.7940	0.0000	0.0000	-50.4010	0.0000	0.0000	0.0000	-1.7090	0.0000	0.0000	-13.6600	0.0000	-7.5290	0.0000	0.0000
A9	4.0410	-82.0350	0.0000	56.0540	0.0000	0.0000	-3.8400	0.0000	0.0000	-49.4550	0.0000	0.0000	0.0000	-2.0050	0.0000	0.0000	-13.9890	0.0000	-7.6830	0.0000	0.0000
A8	4.2910	-83.3560	0.0000	53.4610	0.0000	0.0000	-3.8320	0.0000	0.0000	-53.1680	0.0000	0.0000	0.0000	-1.8080	0.0000	0.0000	-13.9220	0.0000	-8.0020	0.0000	0.0000
D8	5.1360	-85.0240	0.0000	56.1930	0.0000	0.0000	-3.8100	0.0000	0.0000	-53.3310	0.0000	0.0000	0.0000	-3.2660	0.0000	0.0000	-15.8680	0.0000	-6.6940	0.0000	0.0000
D9	5.1560	-85.4600	0.0000	55.4240	0.0000	0.0000	-3.8090	0.0000	0.0000	-54.3740	0.0000	0.0000	0.0000	-3.2570	0.0000	0.0000	-15.8690	0.0000	-6.5610	0.0000	0.0000
D6	5.6720	-86.7250	0.0000	54.8240	0.0060	0.0000	-3.7880	-0.0310	0.0000	-56.1260	0.0000	0.0000	-0.0030	-3.5700	-0.0020	0.0080	-15.7350	0.0510	-6.8200	0.0130	-0.0280
D7	6.5660	-88.3820	0.0000	55.7170	0.0000	0.0000	-3.8050	0.0000	0.0000	-55.6490	0.0000	0.0000	0.0000	-2.9380	0.0000	0.0000	-15.9360	0.0000	-6.8720	0.0000	0.0000
D4	6.7300	-90.0170	0.0000	61.8470	-0.3190	-0.0050	-3.8330	-0.5240	-0.0650	-54.4090	0.0000	0.0000	0.4630	-3.4820	0.1760	-0.1100	-19.8730	-1.8660	-6.7760	2.2680	0.9800
D5	6.9130	-87.9720	0.0000	57.8000	0.0000	0.0000	-3.7860	0.0000	0.0000	-52.9980	0.0000	0.0000	0.0000	-3.1530	0.0000	0.0000	-16.1810	0.0000	-6.6210	0.0000	0.0000
D2	5.1150	-84.1650	0.0000	54.9000	0.0000	0.0000	-3.8130	0.0000	0.0000	-53.7410	0.0000	0.0000	0.0000	-3.2340	0.0000	0.0000	-15.7650	0.0000	-6.7770	0.0000	0.0000
D3	5.3910	-86.2850	0.0000	56.9190	0.0000	0.0000	-3.8090	0.0000	0.0000	-54.1560	0.0000	0.0000	0.0000	-3.7120	0.0000	0.0000	-15.6980	0.0000	-6.9630	0.0000	0.0000
D1	4.7060	-83.9800	0.0000	55.9570	0.0000	0.0000	-3.8130	0.0000	0.0000	-52.7730	0.0000	0.0000	0.0000	-3.1920	0.0000	0.0000	-15.6880	0.0000	-6.7630	0.0000	0.0000
