MUT	fa_rep:	ref:	fa_atr:	hbond_sc:	fa_sol:	yhh_planarity:	dslf_fa13:	fa_intra_sol_xover4:	omega:	p_aa_pp:	TOT	sugar_bb:	fa_intra_rep:	hbond_lr_bb:	hbond_sr_bb:	hbond_bb_sc:	fa_elec:	cart_bonded:	lk_ball_wtd:	fa_dun:	rama_prepro:
G7	4.8130	-83.6590	0.0000	59.8610	0.0000	0.0000	-3.8710	0.0000	0.0000	-47.5370	0.0000	0.0000	0.0000	-1.8620	0.0000	0.0000	-14.4330	0.0000	-8.3870	0.0000	0.0000
G6	4.7570	-82.5610	0.0000	60.0530	0.0000	0.0000	-3.8610	0.0000	0.0000	-46.6890	0.0000	0.0000	0.0000	-1.9630	0.0000	0.0000	-15.0240	0.0000	-8.0900	0.0000	0.0000
G5	5.4460	-84.0350	0.0000	60.1610	0.0350	0.0000	-3.8400	0.0530	0.0510	-48.8980	0.0000	0.0000	-0.0030	-1.8560	0.0060	0.0060	-16.0490	0.0780	-8.7350	-0.1270	-0.0930
G4	5.9030	-83.8360	0.0000	55.1470	0.0000	0.0000	-3.8200	0.0000	0.0000	-51.8370	0.0000	0.0000	0.0000	-1.9580	0.0000	0.0000	-14.4020	0.0000	-8.8710	0.0000	0.0000
G3	8.5180	-87.8240	0.0000	57.5780	-0.1100	0.0100	-3.8200	-0.0560	-0.0410	-50.7300	0.0000	0.0000	-0.0130	-1.9380	0.0270	-0.2040	-15.5510	0.0430	-7.8020	0.3900	0.0630
G2	8.6220	-87.9130	0.0000	57.6710	0.0000	0.0000	-3.8030	0.0000	0.0000	-50.6740	0.0000	0.0000	0.0000	-1.9680	0.0000	0.0000	-15.2550	0.0000	-8.0280	0.0000	0.0000
G1	6.1200	-83.0580	0.0000	59.5470	0.0000	0.0000	-3.8050	0.0000	0.0000	-46.4780	0.0000	0.0000	0.0000	-2.0210	0.0000	0.0000	-15.3740	0.0000	-7.8870	0.0000	0.0000
G9	5.8290	-85.5290	0.0000	60.0720	0.0000	0.0000	-3.8410	0.0000	0.0000	-49.3210	0.0000	0.0000	0.0000	-1.8380	0.0000	0.0000	-15.3030	0.0000	-8.7120	0.0000	0.0000
G8	4.5500	-82.6070	0.0000	60.2430	0.0000	0.0000	-3.8580	0.0000	0.0000	-46.8920	0.0000	0.0000	0.0000	-1.9080	0.0000	0.0000	-14.9720	0.0000	-8.3420	0.0000	0.0000
N6	4.8820	-82.6390	0.0000	56.4890	0.0000	0.0000	-3.9110	0.0000	0.0000	-48.9090	0.0000	0.0000	0.0000	-2.2790	0.0000	0.0000	-13.7710	0.0000	-7.6800	0.0000	0.0000
N7	5.6490	-81.1570	0.0000	56.7240	0.0000	0.0000	-3.8520	0.0000	0.0000	-46.7640	0.0000	0.0000	0.0000	-2.4840	0.0000	0.0000	-14.3340	0.0000	-7.3090	0.0000	0.0000
B4	6.3270	-83.8220	0.0000	56.9930	0.0000	0.0000	-3.8720	0.0000	0.0000	-49.4620	0.0000	0.0000	0.0000	-2.0780	0.0000	0.0000	-15.1930	0.0000	-7.8160	0.0000	0.0000
B5	5.4530	-81.9300	0.0000	53.1010	0.0000	0.0000	-3.8790	0.0000	0.0000	-50.4180	0.0000	0.0000	0.0000	-1.6870	0.0000	0.0000	-13.7290	0.0000	-7.7470	0.0000	0.0000
B6	5.4910	-82.6740	0.0000	56.5440	0.0850	0.0080	-3.7800	0.0560	-0.0210	-49.4820	0.0000	0.0000	-0.0720	-1.9370	0.0040	0.3460	-14.6590	-0.0830	-9.0070	0.1220	0.0940
B7	6.3450	-87.9580	0.0000	58.2740	0.0000	0.0000	-3.8340	0.0000	0.0000	-53.8530	0.0000	0.0000	0.0000	-1.8980	0.0000	0.0000	-16.6490	0.0000	-8.1340	0.0000	0.0000
B1	4.1990	-85.3890	0.0000	58.6640	0.0100	-0.0020	-3.8560	-0.0040	0.0060	-48.3320	0.0000	0.0000	0.0000	-1.6280	-0.0020	0.0150	-13.2620	0.0290	-7.1440	0.0300	0.0010
B2	6.9910	-81.5960	0.0000	56.0950	0.0000	0.0000	-3.8810	0.0000	0.0000	-44.1940	0.0000	0.0000	0.0000	-2.0640	0.0000	0.0000	-12.4040	0.0000	-7.3340	0.0000	0.0000
B3	7.2050	-83.8610	0.0000	57.1190	0.0000	0.0000	-3.8840	0.0000	0.0000	-48.6370	0.0000	0.0000	0.0000	-2.0720	0.0000	0.0000	-15.2980	0.0000	-7.8450	0.0000	0.0000
B8	6.3150	-90.4370	0.0000	63.0190	0.0250	-0.0050	-3.8870	-0.7960	-0.1640	-51.7840	0.0000	0.0000	0.4180	-1.6850	0.0470	1.0250	-17.5420	-0.3210	-9.2260	0.7630	0.6690
B9	3.9890	-81.9380	0.0000	58.8180	0.0000	0.0000	-3.8490	0.0000	0.0000	-48.8100	0.0000	0.0000	0.0000	-2.0580	0.0000	0.0000	-14.3090	0.0000	-9.4610	0.0000	0.0000
N5	7.0110	-83.6530	0.0000	59.0540	0.0000	0.0000	-3.9140	0.0000	0.0000	-46.6120	0.0000	0.0000	0.0000	-2.8180	0.0000	0.0000	-14.2920	0.0000	-8.0000	0.0000	0.0000
P10	6.5890	-84.7180	0.0000	56.4780	0.0000	0.0000	-3.9040	0.0000	0.0000	-49.8560	0.0000	0.0000	0.0000	-2.1490	0.0000	0.0000	-14.3140	0.0000	-7.8390	0.0000	0.0000
P11	7.7800	-83.1510	0.0000	54.1350	0.0000	0.0000	-3.9180	0.0000	0.0000	-48.7860	0.0000	0.0000	0.0000	-1.8430	0.0000	0.0000	-13.8060	0.0000	-7.9840	0.0000	0.0000
P12	6.7180	-83.4470	0.0000	55.0880	0.0000	0.0000	-3.8930	0.0000	0.0000	-49.3620	0.0000	0.0000	0.0000	-1.7870	0.0000	0.0000	-13.9690	0.0000	-8.0710	0.0000	0.0000
E9	4.4320	-84.7140	0.0000	58.8380	-0.1790	0.0030	-3.8740	0.2800	0.0300	-50.4160	0.0000	0.0000	0.0390	-2.7690	-0.1200	0.1290	-15.0650	0.5870	-8.0180	0.3440	-0.3570
E8	3.6670	-83.6170	0.0000	62.0540	-0.0520	0.0110	-3.6780	0.1430	0.3470	-47.8700	0.0000	0.0000	-0.0370	-2.3190	-0.4930	0.2180	-15.2560	0.0280	-8.3490	-0.1550	-0.3830
E5	6.0540	-82.5060	0.0000	59.3330	0.0000	0.0000	-3.7960	0.0000	0.0000	-47.1410	0.0000	0.0000	0.0000	-2.8900	0.0000	0.0000	-15.6520	0.0000	-7.6820	0.0000	0.0000
E4	5.7330	-84.5540	0.0000	60.7090	0.0380	0.0100	-3.8390	-0.0150	0.0010	-47.4160	0.0000	0.0000	0.0000	-1.7750	-0.0410	-0.0390	-15.0520	-0.1110	-8.4940	0.0330	-0.0230
E7	7.3420	-86.7750	0.0000	60.5050	0.0530	0.0020	-3.8560	0.0300	0.4600	-52.1650	0.0000	0.0000	-0.1640	-2.6480	0.1070	-0.6130	-16.7370	-1.0040	-8.2340	-0.0350	-0.5980
E6	6.5270	-83.1500	0.0000	56.9460	0.0000	0.0000	-3.8610	0.0000	0.0000	-48.1830	0.0000	0.0000	0.0000	-2.0090	0.0000	0.0000	-14.4080	0.0000	-8.2270	0.0000	0.0000
E1	6.4770	-83.9010	0.0000	58.5340	0.0000	0.0000	-3.7980	0.0000	0.0000	-47.9370	0.0000	0.0000	0.0000	-1.9900	0.0000	0.0000	-15.2380	0.0000	-8.0200	0.0000	0.0000
P8	5.4540	-82.8390	0.0000	57.1030	-0.1050	-0.0090	-3.8960	-0.0230	0.0190	-50.6420	0.0000	0.0000	0.0230	-2.7520	0.0140	0.1240	-15.4510	0.0700	-8.3540	-0.0220	0.0020
E3	6.9900	-84.0590	0.0000	60.4240	0.1210	-0.0030	-3.9440	-0.1220	-0.1350	-48.2570	0.0000	0.0000	-0.0040	-2.0310	-0.1020	0.1000	-19.2370	-1.1320	-8.3080	3.3400	-0.1570
E2	6.8960	-82.5820	0.0000	53.9460	0.0000	0.0000	-3.8410	0.0000	0.0000	-49.7780	0.0000	0.0000	0.0000	-1.9480	0.0000	0.0000	-14.2530	0.0000	-7.9940	0.0000	0.0000
P2	7.4410	-84.3740	0.0000	58.4080	0.0720	0.1250	-3.9940	0.3340	0.0070	-48.2850	0.0000	0.0000	-0.0040	-1.8010	0.0790	-0.2480	-14.7330	-0.0300	-9.1000	-0.5390	0.0730
P3	8.1090	-86.2990	0.0000	56.9960	0.0000	0.0000	-3.8370	0.0000	0.0000	-49.5410	0.0000	0.0000	0.0000	-2.0230	0.0000	0.0000	-14.2110	0.0000	-8.2750	0.0000	0.0000
P1	8.4930	-85.8830	0.0000	57.2800	0.0000	0.0000	-3.9010	0.0000	0.0000	-49.9050	0.0000	0.0000	0.0000	-2.0990	0.0000	0.0000	-14.9630	0.0000	-8.8320	0.0000	0.0000
P6	7.7330	-81.6320	0.0000	55.1060	0.0000	0.0000	-3.8530	0.0000	0.0000	-46.2230	0.0000	0.0000	0.0000	-1.6730	0.0000	0.0000	-13.9970	0.0000	-7.9060	0.0000	0.0000
P7	7.1510	-81.9720	0.0000	55.4660	0.0000	0.0000	-3.8300	0.0000	0.0000	-48.9580	0.0000	0.0000	0.0000	-2.0570	0.0000	0.0000	-15.1220	0.0000	-8.5930	0.0000	0.0000
P4	6.6310	-83.2950	0.0000	57.6340	0.0160	-0.1470	-3.8340	0.0000	-0.0450	-47.1530	0.0000	0.0000	0.0590	-2.3270	-0.0370	0.0810	-13.9560	-0.3030	-8.1190	0.5360	-0.0460
P5	5.9410	-85.7240	0.0000	58.3490	0.0070	0.0000	-3.8740	0.0180	0.0220	-48.7740	0.0000	0.0000	0.0150	-2.0200	-0.0090	-0.0090	-14.1980	-0.0640	-7.2820	0.0230	0.0330
H10	7.4770	-88.5560	0.0000	60.2880	0.0000	0.0000	-3.8860	0.0000	0.0000	-51.5610	0.0000	0.0000	0.0000	-3.2560	0.0000	0.0000	-14.9460	0.0000	-8.6840	0.0000	0.0000
H11	7.1710	-87.4500	0.0000	59.4530	0.0000	0.0000	-3.8590	0.0000	0.0000	-51.0810	0.0000	0.0000	0.0000	-3.2650	0.0000	0.0000	-14.3750	0.0000	-8.7550	0.0000	0.0000
H12	8.8730	-87.8220	0.0000	61.2200	0.0000	0.0000	-3.8450	0.0000	0.0000	-47.9470	0.0000	0.0000	0.0000	-3.1090	0.0000	0.0000	-14.9700	0.0000	-8.2950	0.0000	0.0000
P9	5.6580	-83.5520	0.0000	55.8070	0.0000	0.0000	-3.8480	0.0000	0.0000	-50.7400	0.0000	0.0000	0.0000	-2.1120	0.0000	0.0000	-14.5740	0.0000	-8.1190	0.0000	0.0000
F12	8.2420	-87.6700	0.0000	55.5070	0.0000	0.0000	-3.8600	0.0000	0.0000	-52.4970	0.0000	0.0000	0.0000	-2.0340	0.0000	0.0000	-14.3070	0.0000	-8.3770	0.0000	0.0000
F10	7.2820	-86.7960	0.0000	58.2450	0.0000	0.0000	-3.8370	0.0000	0.0000	-49.3730	0.0000	0.0000	0.0000	-2.1810	0.0000	0.0000	-14.5260	0.0000	-7.5580	0.0000	0.0000
F11	6.0180	-84.8400	0.0000	56.5510	0.0000	0.0000	-3.7900	0.0000	0.0000	-49.6210	0.0000	0.0000	0.0000	-2.0690	0.0000	0.0000	-14.1990	0.0000	-7.2910	0.0000	0.0000
N12	3.2870	-79.2580	0.0000	52.9400	-0.0070	-0.0010	-3.8780	-0.0110	-0.0220	-50.0010	0.0000	0.0000	0.0050	-1.6310	-0.0010	0.0440	-12.9600	-0.1180	-8.3570	-0.0380	0.0030
H8	5.0170	-78.5320	0.0000	55.0510	0.0000	0.0000	-3.8630	0.0000	0.0000	-46.0740	0.0000	0.0000	0.0000	-2.0890	0.0000	0.0000	-13.9920	0.0000	-7.6670	0.0000	0.0000
H9	3.9990	-81.0200	0.0000	55.4010	0.0000	0.0000	-3.8660	0.0000	0.0000	-50.3830	0.0000	0.0000	0.0000	-1.9330	0.0000	0.0000	-14.2670	0.0000	-8.6970	0.0000	0.0000
H6	4.4800	-80.9550	0.0000	54.4770	0.0000	0.0000	-3.8970	0.0000	0.0000	-48.4690	0.0000	0.0000	0.0000	-1.6860	0.0000	0.0000	-12.8870	0.0000	-8.0010	0.0000	0.0000
H7	3.6540	-77.7820	0.0000	53.2710	0.0000	0.0000	-3.8310	0.0000	0.0000	-47.6790	0.0000	0.0000	0.0000	-2.0500	0.0000	0.0000	-13.3450	0.0000	-7.5940	0.0000	0.0000
H4	4.9200	-85.3850	0.0000	57.6810	0.0000	0.0000	-3.8630	0.0000	0.0000	-49.1620	0.0000	0.0000	0.0000	-1.7640	0.0000	0.0000	-13.2740	0.0000	-7.4780	0.0000	0.0000
H5	4.8640	-81.6600	0.0000	54.1860	-0.0030	0.0010	-3.9160	0.0050	-0.0030	-49.1270	0.0000	0.0000	0.0120	-1.6790	-0.0040	-0.0020	-12.9640	-0.0430	-7.8770	-0.0580	0.0130
D10	6.1480	-83.3430	0.0000	58.5490	0.0000	0.0000	-3.7900	0.0000	0.0000	-47.7330	0.0000	0.0000	0.0000	-1.9920	0.0000	0.0000	-15.4650	0.0000	-7.8380	0.0000	0.0000
D11	6.2270	-87.1470	0.0000	58.7500	0.0000	0.0000	-3.8500	0.0000	0.0000	-51.2460	0.0000	0.0000	0.0000	-1.9950	0.0000	0.0000	-14.7970	0.0000	-8.4320	0.0000	0.0000
D12	5.5270	-81.0470	0.0000	55.2460	0.0000	0.0000	-3.8700	0.0000	0.0000	-49.0420	0.0000	0.0000	0.0000	-1.9920	0.0000	0.0000	-14.7170	0.0000	-8.1870	0.0000	0.0000
B12	4.0750	-80.4780	0.0000	59.3960	0.0000	0.0000	-3.8240	0.0000	0.0000	-46.6180	0.0000	0.0000	0.0000	-1.9520	0.0000	0.0000	-14.8470	0.0000	-8.9870	0.0000	0.0000
B10	8.0140	-87.6870	0.0000	58.2890	-0.0030	0.0000	-3.9750	-0.0640	-0.0100	-50.3580	0.0000	0.0000	-0.0090	-1.9450	-0.0490	0.4150	-15.7570	0.3010	-7.9780	0.0930	0.0070
B11	6.5020	-85.7900	0.0000	57.2980	0.0000	0.0000	-3.8620	0.0000	0.0000	-49.5020	0.0000	0.0000	0.0000	-2.0280	0.0000	0.0000	-13.5100	0.0000	-8.1140	0.0000	0.0000
Q8	7.5930	-83.4070	0.0000	58.8490	0.0340	0.0010	-3.9010	0.0360	0.0040	-48.9730	0.0000	0.0000	0.0770	-2.1810	-0.0220	-0.0330	-18.1950	0.4970	-8.3370	-0.0330	0.0470
Q9	6.2470	-83.4780	0.0000	55.8050	0.0000	0.0000	-3.9110	0.0000	0.0000	-48.1950	0.0000	0.0000	0.0000	-1.8180	0.0000	0.0000	-13.6210	0.0000	-7.4190	0.0000	0.0000
C9	5.2300	-85.1320	0.0000	59.2870	0.0000	0.0000	-3.8370	0.0000	0.0000	-49.5940	0.0000	0.0000	0.0000	-1.8400	0.0000	0.0000	-14.7000	0.0000	-8.6010	0.0000	0.0000
C8	4.8560	-84.6690	0.0000	58.3160	0.0000	0.0000	-3.8120	0.0000	0.0000	-51.5940	0.0000	0.0000	0.0000	-1.7670	0.0000	0.0000	-15.7240	0.0000	-8.7940	0.0000	0.0000
Q11	6.7150	-83.4970	0.0000	56.5290	0.0000	0.0000	-3.8980	0.0000	0.0000	-48.5160	0.0000	0.0000	0.0000	-2.0310	0.0000	0.0000	-13.6980	0.0000	-8.6360	0.0000	0.0000
Q10	6.2870	-81.9400	0.0000	56.8700	0.0000	0.0000	-3.8350	0.0000	0.0000	-48.2630	0.0000	0.0000	0.0000	-1.9480	0.0000	0.0000	-14.5200	0.0000	-9.1780	0.0000	0.0000
Q12	6.5780	-84.6630	0.0000	59.4450	0.0000	0.0000	-3.9530	0.0000	0.0000	-48.2650	0.0000	0.0000	0.0000	-1.8100	0.0000	0.0000	-14.7810	0.0000	-9.0810	0.0000	0.0000
C3	6.9580	-85.5330	0.0000	56.6430	0.0000	0.0000	-3.8640	0.0000	0.0000	-50.3730	0.0000	0.0000	0.0000	-2.0450	0.0000	0.0000	-13.9770	0.0000	-8.5570	0.0000	0.0000
C2	6.4410	-85.4980	0.0000	57.2470	0.0000	0.0000	-3.8510	0.0000	0.0000	-49.9520	0.0000	0.0000	0.0000	-2.0460	0.0000	0.0000	-13.8760	0.0000	-8.3710	0.0000	0.0000
C1	8.0830	-87.9460	0.0000	58.2720	0.0000	0.0000	-3.8560	0.0000	0.0000	-51.5870	0.0000	0.0000	0.0000	-3.3540	0.0000	0.0000	-14.8890	0.0000	-7.8970	0.0000	0.0000
C7	5.2620	-84.9580	0.0000	60.6010	0.0000	0.0000	-3.8500	0.0000	0.0000	-49.9100	0.0000	0.0000	0.0000	-1.5870	0.0000	0.0000	-15.7840	0.0000	-9.5930	0.0000	0.0000
C6	5.2840	-85.3660	0.0000	59.2500	0.0000	0.0000	-3.8350	0.0000	0.0000	-50.8640	0.0000	0.0000	0.0000	-1.6300	0.0000	0.0000	-14.9890	0.0000	-9.5780	0.0000	0.0000
C5	5.2400	-85.1580	0.0000	59.3090	0.0000	0.0000	-3.8410	0.0000	0.0000	-49.6000	0.0000	0.0000	0.0000	-1.8420	0.0000	0.0000	-14.7060	0.0000	-8.6040	0.0000	0.0000
C4	6.0400	-86.3180	0.0000	59.0220	0.0000	0.0000	-3.8350	0.0000	0.0000	-51.8010	0.0000	0.0000	0.0000	-1.9300	0.0000	0.0000	-15.9730	0.0000	-8.8070	0.0000	0.0000
N10	3.6180	-78.5860	0.0000	53.2210	0.0000	0.0000	-3.9220	0.0000	0.0000	-50.7080	0.0000	0.0000	0.0000	-3.2360	0.0000	0.0000	-13.6980	0.0000	-8.1080	0.0000	0.0000
N8	6.4080	-86.7760	0.0000	59.3450	0.0000	0.0000	-3.8820	0.0000	0.0000	-50.8460	0.0000	0.0000	0.0000	-2.5920	0.0000	0.0000	-14.1190	0.0000	-9.2290	0.0000	0.0000
N9	6.2430	-85.4260	0.0000	58.7660	0.0000	0.0000	-3.8770	0.0000	0.0000	-49.7430	0.0000	0.0000	0.0000	-2.3960	0.0000	0.0000	-14.4350	0.0000	-8.6200	0.0000	0.0000
N11	5.6520	-83.8540	0.0000	54.8150	0.0000	0.0000	-3.9110	0.0000	0.0000	-49.4360	0.0000	0.0000	0.0000	-1.3210	0.0000	0.0000	-13.1580	0.0000	-7.6590	0.0000	0.0000
G12	4.4000	-82.4610	0.0000	56.6880	0.0140	0.0000	-3.8670	-0.0540	0.0040	-48.5280	0.0000	0.0000	-0.0040	-1.8550	0.0460	0.0360	-13.6270	0.0010	-7.7860	-0.0360	-0.0270
G11	5.6830	-84.0740	0.0000	54.6620	0.0190	-0.0010	-3.8590	-0.0240	0.0120	-51.2900	0.0000	0.0000	0.0440	-1.8800	0.0300	0.2810	-14.1550	0.3130	-8.3370	-0.0750	0.0730
G10	4.6550	-82.3980	0.0000	60.1210	0.0000	0.0000	-3.8600	0.0000	0.0000	-46.6370	0.0000	0.0000	0.0000	-1.9020	0.0000	0.0000	-14.8850	0.0000	-8.3700	0.0000	0.0000
F1	7.0530	-84.0230	0.0000	59.7770	0.0000	0.0000	-3.8220	0.0000	0.0000	-47.3540	0.0000	0.0000	0.0000	-2.7930	0.0000	0.0000	-15.7570	0.0000	-7.7880	0.0000	0.0000
F2	4.5480	-80.0880	0.0000	56.3620	0.0000	0.0000	-3.8940	0.0000	0.0000	-47.9320	0.0000	0.0000	0.0000	-1.9240	0.0000	0.0000	-14.7590	0.0000	-8.1780	0.0000	0.0000
F3	5.7330	-85.5620	0.0000	59.5470	0.0000	0.0000	-3.8140	0.0000	0.0000	-50.0460	0.0000	0.0000	0.0000	-2.9000	0.0000	0.0000	-15.2190	0.0000	-7.8320	0.0000	0.0000
F4	6.9420	-85.1980	0.0000	55.9810	0.0000	0.0000	-3.8500	0.0000	0.0000	-50.2550	0.0000	0.0000	0.0000	-2.0510	0.0000	0.0000	-13.5830	0.0000	-8.4960	0.0000	0.0000
F5	5.4200	-86.4600	0.0000	59.2240	0.0000	0.0000	-3.8380	0.0000	0.0000	-50.7740	0.0000	0.0000	0.0000	-1.8240	0.0000	0.0000	-14.8820	0.0000	-8.4160	0.0000	0.0000
F6	5.5370	-85.5620	0.0000	59.4110	0.0000	0.0000	-3.8170	0.0000	0.0000	-49.0360	0.0000	0.0000	0.0000	-1.8600	0.0000	0.0000	-15.1290	0.0000	-7.6160	0.0000	0.0000
F7	7.4670	-83.5300	0.0000	58.5980	0.0000	0.0000	-3.8290	0.0000	0.0000	-46.2280	0.0000	0.0000	0.0000	-2.0430	0.0000	0.0000	-14.9970	0.0000	-7.8940	0.0000	0.0000
F8	5.8270	-79.9900	0.0000	55.1800	0.0000	0.0000	-3.8710	0.0000	0.0000	-47.9970	0.0000	0.0000	0.0000	-2.0090	0.0000	0.0000	-14.7680	0.0000	-8.3650	0.0000	0.0000
F9	6.9210	-85.1140	0.0000	55.5800	0.0000	0.0000	-3.8450	0.0000	0.0000	-50.6070	0.0000	0.0000	0.0000	-2.0360	0.0000	0.0000	-13.5870	0.0000	-8.5260	0.0000	0.0000
Q1	6.0850	-81.0520	0.0000	52.5970	0.0000	0.0000	-3.9140	0.0000	0.0000	-50.8440	0.0000	0.0000	0.0000	-2.5680	0.0000	0.0000	-13.9410	0.0000	-8.0520	0.0000	0.0000
Q3	6.6590	-83.7600	0.0000	56.9030	-0.1760	-0.0050	-3.8450	0.3370	0.4750	-47.9530	0.0000	0.0000	-0.3750	-2.3130	-0.0630	-0.1520	-15.3900	0.4400	-7.2720	0.6250	-0.0420
Q2	6.6920	-83.2980	0.0000	55.6120	0.0000	0.0000	-3.8860	0.0000	0.0000	-47.8690	0.0000	0.0000	0.0000	-1.7530	0.0000	0.0000	-13.7990	0.0000	-7.4370	0.0000	0.0000
Q5	6.3310	-83.7750	0.0000	58.1870	0.0870	0.0040	-3.8650	0.0750	0.2460	-48.4980	0.0000	0.0000	0.0030	-1.7980	0.0860	0.3490	-15.2500	0.0230	-9.3930	0.2520	-0.0620
Q4	6.7920	-83.8800	0.0000	55.4840	0.0000	0.0000	-3.9150	0.0000	0.0000	-49.4110	0.0000	0.0000	0.0000	-1.8550	0.0000	0.0000	-13.9580	0.0000	-8.0790	0.0000	0.0000
Q7	7.9780	-84.5950	0.0000	56.8860	0.0000	0.0000	-3.8530	0.0000	0.0000	-47.3480	0.0000	0.0000	0.0000	-2.1390	0.0000	0.0000	-14.1960	0.0000	-7.4290	0.0000	0.0000
Q6	7.6900	-82.2140	0.0000	57.0980	0.0000	0.0000	-3.8640	0.0000	0.0000	-45.1320	0.0000	0.0000	0.0000	-2.0380	0.0000	0.0000	-12.9570	0.0000	-8.8480	0.0000	0.0000
E11	5.1940	-85.9270	0.0000	60.3690	0.0000	0.0000	-3.8400	0.0000	0.0000	-49.4910	0.0000	0.0000	0.0000	-1.8370	0.0000	0.0000	-14.8390	0.0000	-8.6090	0.0000	0.0000
E10	8.5400	-87.7800	0.0000	57.4250	-0.5580	-0.0080	-4.0430	-0.1600	0.1450	-51.7350	0.0000	0.0000	-0.0210	-3.4030	0.3920	-0.1820	-15.0730	-0.0740	-7.9750	1.0170	0.0220
E12	4.2350	-84.0350	0.0000	60.8120	0.0000	0.0000	-3.8810	0.0000	0.0000	-49.4170	0.0000	0.0000	0.0000	-4.1420	0.0000	0.0000	-15.0050	0.0000	-7.4000	0.0000	0.0000
C12	6.6170	-83.3680	0.0000	58.3640	0.0000	0.0000	-3.8110	0.0000	0.0000	-47.3050	0.0000	0.0000	0.0000	-2.0070	0.0000	0.0000	-15.5360	0.0000	-7.5630	0.0000	0.0000
C11	5.9060	-81.1380	0.0000	55.8270	0.0310	-0.0010	-3.8780	0.0450	-0.0240	-47.4330	0.0000	0.0000	0.0100	-1.9490	0.0000	0.0160	-14.6210	-0.0300	-7.6000	-0.0520	0.0230
C10	6.0540	-82.3340	0.0000	58.1250	0.0000	0.0000	-3.7930	0.0000	0.0000	-47.1060	0.0000	0.0000	0.0000	-2.0060	0.0000	0.0000	-15.3190	0.0000	-7.8320	0.0000	0.0000
A11	5.1490	-86.6710	0.0000	57.5800	0.0000	0.0000	-3.8490	0.0000	0.0000	-52.8570	0.0000	0.0000	0.0000	-2.0340	0.0000	0.0000	-14.8880	0.0000	-8.1440	0.0000	0.0000
A10	5.3440	-83.1840	0.0000	55.7120	0.0000	0.0000	-3.8230	0.0000	0.0000	-51.1640	0.0000	0.0000	0.0000	-1.9170	0.0000	0.0000	-14.1210	0.0000	-9.1750	0.0000	0.0000
A12	6.7020	-81.5000	0.0000	53.6970	0.0000	0.0000	-3.8390	0.0000	0.0000	-48.3110	0.0000	0.0000	0.0000	-1.6810	0.0000	0.0000	-13.8390	0.0000	-7.8490	0.0000	0.0000
A1	5.9710	-83.0260	0.0000	56.1520	0.0000	0.0000	-3.7960	0.0000	0.0000	-48.5280	0.0000	0.0000	0.0000	-2.1270	0.0000	0.0000	-14.5290	0.0000	-7.1740	0.0000	0.0000
A3	4.7540	-82.8230	0.0000	53.2930	0.0000	0.0000	-3.9020	0.0000	0.0000	-50.8770	0.0000	0.0000	0.0000	-1.5910	0.0000	0.0000	-12.7870	0.0000	-7.8210	0.0000	0.0000
A2	6.0970	-82.3250	0.0000	55.5210	0.0000	0.0000	-3.9170	0.0000	0.0000	-49.2070	0.0000	0.0000	0.0000	-2.6040	0.0000	0.0000	-14.0610	0.0000	-7.9180	0.0000	0.0000
A5	7.3160	-83.2180	0.0000	55.5740	0.0000	0.0000	-3.8470	0.0000	0.0000	-47.5580	0.0000	0.0000	0.0000	-1.6880	0.0000	0.0000	-14.0470	0.0000	-7.6470	0.0000	0.0000
A4	3.5780	-82.8120	0.0000	54.3790	0.0000	0.0000	-3.8070	0.0000	0.0000	-53.5660	0.0000	0.0000	0.0000	-1.8420	0.0000	0.0000	-14.4290	0.0000	-8.6320	0.0000	0.0000
A7	8.0260	-87.3150	0.0000	58.8510	0.0270	0.0010	-3.9500	-0.0220	0.0060	-49.4830	0.0000	0.0000	0.0220	-2.0720	0.0000	0.1830	-15.3860	-0.2590	-7.6540	0.0700	-0.0090
A6	6.3230	-82.4450	0.0000	55.6600	0.0000	0.0000	-3.8890	0.0000	0.0000	-48.3860	0.0000	0.0000	0.0000	-2.5940	0.0000	0.0000	-14.2320	0.0000	-7.2100	0.0000	0.0000
A9	3.7410	-82.6970	0.0000	59.4350	0.0000	0.0000	-3.8890	0.0000	0.0000	-48.2140	0.0000	0.0000	0.0000	-1.7030	0.0000	0.0000	-14.0920	0.0000	-9.0070	0.0000	0.0000
A8	2.9580	-80.2520	0.0000	54.7910	0.0000	0.0000	-3.9130	0.0000	0.0000	-50.9840	0.0000	0.0000	0.0000	-2.2220	0.0000	0.0000	-14.2360	0.0000	-8.1110	0.0000	0.0000
D8	3.7720	-84.4180	0.0000	60.6930	0.0050	0.0100	-3.6970	0.1010	0.2290	-48.6090	0.0000	0.0000	0.0460	-1.4260	-0.5010	-0.2480	-14.5740	0.3660	-8.5930	-0.0440	-0.3300
D9	5.2950	-85.2870	0.0000	56.6310	-0.2660	-0.0030	-3.8850	0.0620	-0.0250	-50.5690	0.0000	0.0000	0.1780	-1.8800	-0.0110	0.1730	-12.9300	-0.1940	-7.9740	-0.5260	0.0730
D6	5.9670	-85.0510	0.0000	57.7930	0.0000	0.0000	-3.8910	0.0000	0.0000	-50.7390	0.0000	0.0000	0.0000	-1.6850	0.0000	0.0000	-15.3240	0.0000	-8.5510	0.0000	0.0000
D7	4.6200	-81.7270	0.0000	54.1380	-0.3160	0.0040	-2.8450	-0.0500	-0.2390	-52.6960	0.0000	0.0000	0.1890	-3.9500	0.0490	0.0200	-11.9230	-0.9620	-8.7840	-1.4320	0.5110
D4	8.0030	-87.8370	0.0000	58.1460	0.0000	0.0000	-3.8650	0.0000	0.0000	-51.9200	0.0000	0.0000	0.0000	-3.3910	0.0000	0.0000	-14.8980	0.0000	-8.0770	0.0000	0.0000
D5	7.3510	-84.3930	0.0000	55.8000	0.0000	0.0000	-3.8860	0.0000	0.0000	-49.4320	0.0000	0.0000	0.0000	-1.9910	0.0000	0.0000	-14.5030	0.0000	-7.8090	0.0000	0.0000
D2	6.8330	-82.5050	0.0000	57.3470	0.0000	0.0000	-3.8060	0.0000	0.0000	-47.4140	0.0000	0.0000	0.0000	-1.9950	0.0000	0.0000	-15.4150	0.0000	-7.8740	0.0000	0.0000
D3	6.9640	-85.5770	0.0000	56.6760	0.0000	0.0000	-3.8620	0.0000	0.0000	-50.3850	0.0000	0.0000	0.0000	-2.0440	0.0000	0.0000	-13.9740	0.0000	-8.5670	0.0000	0.0000
D1	4.1050	-83.7000	0.0000	59.1390	0.0000	0.0000	-3.8140	0.0000	0.0000	-49.6590	0.0000	0.0000	0.0000	-1.7880	0.0000	0.0000	-14.4810	0.0000	-9.1200	0.0000	0.0000
