MUT	fa_rep:	ref:	fa_atr:	hbond_sc:	fa_sol:	yhh_planarity:	dslf_fa13:	fa_intra_sol_xover4:	omega:	p_aa_pp:	TOT	sugar_bb:	fa_intra_rep:	hbond_lr_bb:	hbond_sr_bb:	hbond_bb_sc:	fa_elec:	cart_bonded:	lk_ball_wtd:	fa_dun:	rama_prepro:
G7	6.1120	-83.9580	0.0000	58.1610	0.0000	0.0000	-3.6090	0.0000	0.0000	-47.1440	0.0000	0.0000	0.0000	-1.9960	0.0000	0.0000	-14.4720	0.0000	-7.3840	0.0000	0.0000
G6	3.8670	-82.6900	0.0000	57.5470	0.0000	0.0000	-3.6240	0.0000	0.0000	-50.4060	0.0000	0.0000	0.0000	-1.6880	0.0000	0.0000	-16.1090	0.0000	-7.7110	0.0000	0.0000
G5	6.1310	-84.6710	0.0000	57.7380	0.0000	0.0000	-3.6160	0.0000	0.0000	-48.2720	0.0000	0.0000	0.0000	-1.9830	0.0000	0.0000	-14.5960	0.0000	-7.2770	0.0000	0.0000
G4	6.9760	-88.6940	0.0000	55.6760	0.0000	0.0000	-3.5890	0.0000	0.0000	-54.5850	0.0000	0.0000	0.0000	-3.2110	0.0000	0.0000	-13.9760	0.0000	-7.7660	0.0000	0.0000
G3	6.8290	-89.7910	0.0000	57.2380	0.0050	0.0020	-3.6130	0.0150	0.0010	-52.8970	0.0000	0.0000	0.0070	-2.0400	0.0060	-0.0080	-14.1990	-0.1100	-7.2660	0.0160	0.0130
G2	6.1140	-88.5190	0.0000	58.1460	0.0000	0.0000	-3.6080	0.0000	0.0000	-51.2930	0.0000	0.0000	0.0000	-2.0530	0.0000	0.0000	-14.1760	0.0000	-7.1980	0.0000	0.0000
G1	5.2330	-85.9380	0.0000	59.7470	0.7110	0.0180	-3.4640	-0.2510	0.2430	-50.1840	0.0000	0.0000	0.0050	-2.5540	0.1410	0.0750	-15.7030	-0.3210	-8.0370	-0.1460	0.0580
G9	5.2520	-84.8990	0.0000	58.2000	0.0130	-0.0010	-3.4160	-0.0440	-0.0220	-48.3030	0.0000	0.0000	0.0430	-1.4790	-0.0200	-0.0810	-14.2450	-0.3440	-7.5220	0.1760	0.0870
G8	4.0000	-81.3740	0.0000	57.1440	0.0000	0.0000	-3.6620	0.0000	0.0000	-49.5070	0.0000	0.0000	0.0000	-3.1580	0.0000	0.0000	-15.3440	0.0000	-7.1140	0.0000	0.0000
N6	3.3680	-80.0960	0.0000	55.3080	0.4870	-0.0190	-4.3030	0.0810	0.0110	-48.1000	0.0000	0.0000	-0.0180	-2.2230	0.0110	-0.1070	-13.8290	-0.3080	-7.5410	1.0720	0.0050
N7	4.2670	-80.7900	0.0000	55.4640	0.0000	0.0000	-4.2810	0.0000	0.0000	-49.3070	0.0000	0.0000	0.0000	-2.0450	0.0000	0.0000	-14.2340	0.0000	-7.6880	0.0000	0.0000
B4	5.5950	-87.6580	0.0000	58.2240	0.0000	0.0000	-3.6050	0.0000	0.0000	-51.2310	0.0000	0.0000	0.0000	-2.0310	0.0000	0.0000	-13.9150	0.0000	-7.8420	0.0000	0.0000
B5	4.9490	-81.6610	0.0000	53.9630	0.0000	0.0000	-4.2730	0.0000	0.0000	-50.6300	0.0000	0.0000	0.0000	-2.0780	0.0000	0.0000	-13.7140	0.0000	-7.8130	0.0000	0.0000
B6	8.7200	-86.8290	0.0000	54.2280	0.0000	0.0000	-3.6190	0.0000	0.0000	-49.1970	0.0000	0.0000	0.0000	-1.9240	0.0000	0.0000	-12.0960	0.0000	-7.6760	0.0000	0.0000
B7	8.7420	-87.1180	0.0000	55.6060	0.0020	0.0090	-4.2500	-0.0480	-0.0380	-52.1060	0.0000	0.0000	-0.0150	-3.3500	0.0770	-0.3370	-15.1590	1.0830	-7.4150	0.1040	-0.0010
B1	4.3810	-85.0300	0.0000	57.0780	-0.0060	0.0010	-3.6990	-0.0120	-0.0010	-48.8050	0.0000	0.0000	0.0000	-1.7260	-0.0040	-0.0040	-12.6820	-0.0090	-7.1140	0.0200	0.0020
B2	6.3510	-84.1290	0.0000	51.6320	0.0000	0.0000	-3.7080	0.0000	0.0000	-51.4950	0.0000	0.0000	0.0000	-1.8020	0.0000	0.0000	-12.5320	0.0000	-7.3070	0.0000	0.0000
B3	5.4250	-87.7560	0.0000	57.6520	0.0650	0.0020	-3.6130	-0.0140	-0.0010	-52.7600	0.0000	0.0000	-0.0070	-2.0210	-0.0090	-0.0860	-15.1660	0.1820	-7.4340	0.0170	0.0040
B8	7.2880	-88.0820	0.0000	58.2990	-0.1480	0.0100	-3.4490	-0.2440	0.1630	-51.7170	0.0000	0.0000	0.0460	-2.8310	0.1380	0.0900	-15.2730	0.2840	-7.8530	-0.4200	0.2650
B9	6.5640	-84.7250	0.0000	54.7920	0.0000	0.0000	-3.5610	0.0000	0.0000	-50.6770	0.0000	0.0000	0.0000	-3.1030	0.0000	0.0000	-12.9420	0.0000	-7.7000	0.0000	0.0000
N5	4.7380	-83.7980	0.0000	55.3610	-0.0230	-0.0070	-4.6870	0.0110	-0.0080	-51.0110	0.0000	0.0000	0.0070	-2.0100	-0.0110	-0.3010	-14.3670	0.6610	-6.5350	-0.0440	0.0000
P10	6.0240	-83.7590	0.0000	52.2590	-0.0430	0.0020	-3.7970	-0.0680	0.0370	-52.3780	0.0000	0.0000	0.0010	-2.2900	-0.0990	-0.0950	-13.9450	1.2800	-7.4110	-0.4720	-0.0060
P11	5.0830	-85.3780	0.0000	53.1500	0.0030	0.0000	-4.2850	-0.0050	-0.0010	-54.8540	0.0000	0.0000	0.0060	-2.0510	0.0050	-0.0030	-13.6080	0.0770	-7.8080	-0.0340	-0.0060
P12	4.5230	-84.3790	0.0000	53.6830	0.0000	0.0000	-4.2760	0.0000	0.0000	-53.8790	0.0000	0.0000	0.0000	-2.0470	0.0000	0.0000	-13.5470	0.0000	-7.8350	0.0000	0.0000
E9	5.8140	-86.1730	0.0000	58.4870	0.0000	0.0000	-3.6060	0.0000	0.0000	-49.5580	0.0000	0.0000	0.0000	-1.9270	0.0000	0.0000	-14.6800	0.0000	-7.4740	0.0000	0.0000
E8	5.0370	-84.5770	0.0000	59.0840	0.0040	0.0000	-3.6040	0.0310	0.0230	-47.6900	0.0000	0.0000	-0.0130	-2.0020	-0.0210	0.0070	-14.4410	0.0090	-7.1640	-0.0460	-0.0170
E5	5.2870	-84.6550	0.0000	58.1540	0.0000	0.0000	-3.6150	0.0000	0.0000	-48.4550	0.0000	0.0000	0.0000	-1.9950	0.0000	0.0000	-14.3770	0.0000	-7.2540	0.0000	0.0000
E4	5.5360	-84.9530	0.0000	58.8070	-0.0260	0.0000	-3.6060	0.0180	-0.0110	-48.2170	0.0000	0.0000	0.0050	-1.8770	0.0030	-0.1210	-14.7450	0.1550	-7.5370	0.0810	0.0550
E7	4.5650	-85.6560	0.0000	61.1210	-0.0430	0.0040	-3.8400	-0.4160	-0.0450	-50.7630	0.0000	0.0000	0.0570	-3.4220	0.0130	-0.1900	-16.9740	0.0950	-7.0590	0.6410	0.3860
E6	7.5010	-84.2240	0.0000	53.9590	0.1810	0.0000	-3.2800	-0.2190	0.0590	-49.5880	0.0000	0.0000	0.1090	-2.6360	0.0190	-0.1390	-12.9230	-0.4540	-7.4050	-0.0950	-0.0420
E1	5.8370	-86.9860	0.0000	59.1280	0.0000	0.0000	-3.6080	0.0000	0.0000	-49.5390	0.0000	0.0000	0.0000	-1.9700	0.0000	0.0000	-14.7660	0.0000	-7.1720	0.0000	0.0000
P8	3.7380	-79.9390	0.0000	53.6100	0.0060	-0.0060	-3.4370	0.0340	-0.0100	-49.1340	0.0000	0.0000	0.0050	-1.7630	0.0090	0.0150	-13.1830	-0.1070	-8.1440	0.0330	0.0050
E3	5.3180	-84.4730	0.0000	53.7520	0.0000	0.0000	-3.6080	0.0000	0.0000	-50.9410	0.0000	0.0000	0.0000	-1.7330	0.0000	0.0000	-12.6770	0.0000	-7.5190	0.0000	0.0000
E2	5.3490	-84.4100	0.0000	53.6190	0.0000	0.0000	-3.5870	0.0000	0.0000	-51.0020	0.0000	0.0000	0.0000	-1.7390	0.0000	0.0000	-12.6390	0.0000	-7.5960	0.0000	0.0000
P2	4.1460	-81.4550	0.0000	52.1070	-0.1160	0.0050	-2.7950	0.3730	0.4050	-51.3930	0.0000	0.0000	-0.2850	-1.4480	-0.1720	-0.3560	-14.6390	-1.0470	-7.9500	1.3610	0.4760
P3	5.1350	-80.3220	0.0000	50.1610	0.0000	0.0000	-2.5270	0.0000	0.0000	-54.6460	0.0000	0.0000	0.0000	-2.2010	0.0000	0.0000	-16.5670	0.0000	-8.3240	0.0000	0.0000
P1	4.9730	-84.3910	0.0000	53.8250	0.0000	0.0000	-3.5610	0.0000	0.0000	-52.9330	0.0000	0.0000	0.0000	-1.7490	0.0000	0.0000	-13.3470	0.0000	-8.6830	0.0000	0.0000
P6	4.9350	-84.8830	0.0000	54.4550	0.0130	0.0000	-4.2770	-0.0060	0.0030	-53.1560	0.0000	0.0000	0.0020	-2.1300	-0.0090	-0.0080	-13.6870	0.0540	-7.5970	-0.0320	0.0110
P7	5.2590	-81.2130	0.0000	51.8140	0.0000	0.0000	-3.1660	0.0000	0.0000	-51.2350	0.0000	0.0000	0.0000	-2.2410	0.0000	0.0000	-13.5730	0.0000	-8.1140	0.0000	0.0000
P4	4.9810	-79.7800	0.0000	50.8770	0.0000	0.0000	-2.7600	0.0000	0.0000	-53.0910	0.0000	0.0000	0.0000	-2.1840	0.0000	0.0000	-15.7680	0.0000	-8.4580	0.0000	0.0000
P5	5.5800	-84.9410	0.0000	53.9040	0.0000	0.0000	-3.6470	0.0000	0.0000	-53.0010	0.0000	0.0000	0.0000	-2.2490	0.0000	0.0000	-14.1730	0.0000	-7.4740	0.0000	0.0000
H10	5.5660	-86.2500	0.0000	56.5020	0.0550	0.0140	-3.5640	-0.0810	0.0280	-52.2720	0.0000	0.0000	-0.0630	-2.2230	0.0900	0.3040	-13.9620	-0.7520	-7.7300	-0.2890	0.0840
H11	5.5460	-87.0170	0.0000	56.6330	0.0000	0.0000	-3.6210	0.0000	0.0000	-54.5940	0.0000	0.0000	0.0000	-3.9100	0.0000	0.0000	-14.5350	0.0000	-7.6900	0.0000	0.0000
H12	5.6630	-86.6300	0.0000	56.5960	0.0000	0.0000	-3.6210	0.0000	0.0000	-51.9880	0.0000	0.0000	0.0000	-2.0740	0.0000	0.0000	-14.4220	0.0000	-7.5000	0.0000	0.0000
P9	4.7050	-83.8740	0.0000	55.0320	0.0000	0.0000	-3.6170	0.0000	0.0000	-51.3390	0.0000	0.0000	0.0000	-2.1810	0.0000	0.0000	-14.1450	0.0000	-7.2610	0.0000	0.0000
F12	6.2160	-85.0160	0.0000	53.5230	-0.0030	0.0000	-3.5770	-0.0470	0.0030	-50.8790	0.0000	0.0000	0.0010	-1.7620	0.0100	-0.0030	-12.7770	-0.0260	-7.4600	0.0380	0.0000
F10	6.0030	-87.5660	0.0000	56.8420	0.0000	0.0000	-3.6020	0.0000	0.0000	-51.7260	0.0000	0.0000	0.0000	-2.0150	0.0000	0.0000	-14.1120	0.0000	-7.2750	0.0000	0.0000
F11	6.3760	-88.9430	0.0000	57.5660	0.0000	0.0000	-3.6110	0.0000	0.0000	-52.1410	0.0000	0.0000	0.0000	-2.0430	0.0000	0.0000	-14.1970	0.0000	-7.2890	0.0000	0.0000
N12	3.5510	-79.4830	0.0000	53.0990	-0.1420	0.0000	-4.3040	0.5200	-0.1220	-50.7810	0.0000	0.0000	0.2630	-1.9970	0.0420	0.0070	-13.9440	-0.4920	-7.3790	-0.5820	0.1810
H8	4.3060	-78.9600	0.0000	53.9120	-0.0070	-0.0010	-4.2460	-0.0290	0.0420	-49.8200	0.0000	0.0000	0.0070	-2.0430	-0.0460	-0.4920	-15.1160	0.7730	-6.9770	-0.8230	-0.1190
H9	4.6150	-78.8700	0.0000	51.9190	-0.0090	0.0010	-5.5110	0.0010	-0.2180	-50.7980	0.0000	0.0000	0.0010	-2.1300	-0.0420	-0.3960	-16.3880	1.6240	-7.3590	1.8810	0.0830
H6	3.5020	-80.6770	0.0000	52.9250	-0.0060	-0.0020	-4.2670	0.0120	0.0200	-52.1380	0.0000	0.0000	-0.0110	-2.1010	0.0040	0.0490	-13.8640	-0.1850	-7.4310	-0.1290	0.0210
H7	3.5600	-78.7560	0.0000	52.7110	0.0000	0.0000	-4.2010	0.0000	0.0000	-51.1730	0.0000	0.0000	0.0000	-1.9290	0.0000	0.0000	-14.9710	0.0000	-7.5860	0.0000	0.0000
H4	4.0430	-83.4570	0.0000	56.4130	0.0000	0.0000	-3.6910	0.0000	0.0000	-48.4200	0.0000	0.0000	0.0000	-1.8020	0.0000	0.0000	-12.7490	0.0000	-7.1770	0.0000	0.0000
H5	4.2720	-80.7650	0.0000	53.2630	0.0000	0.0000	-4.2490	0.0000	0.0000	-50.7810	0.0000	0.0000	0.0000	-2.2200	0.0000	0.0000	-14.0890	0.0000	-6.9930	0.0000	0.0000
D10	5.5930	-86.6970	0.0000	58.7200	0.0000	0.0000	-3.6000	0.0000	0.0000	-50.0050	0.0000	0.0000	0.0000	-1.8690	0.0000	0.0000	-14.7200	0.0000	-7.4300	0.0000	0.0000
D11	6.6360	-87.9620	0.0000	58.2690	0.0000	0.0000	-3.6700	0.0000	0.0000	-53.1710	0.0000	0.0000	0.0000	-3.0720	0.0000	0.0000	-16.0480	0.0000	-7.3260	0.0000	0.0000
D12	8.0330	-90.4530	0.0000	59.6020	0.0000	0.0000	-3.6930	0.0000	0.0000	-52.9720	0.0000	0.0000	0.0000	-3.0250	0.0000	0.0000	-16.0120	0.0000	-7.4210	0.0000	0.0000
B12	6.3590	-84.3810	0.0000	54.8820	0.0000	0.0000	-3.6230	0.0000	0.0000	-48.8230	0.0000	0.0000	0.0000	-1.9780	0.0000	0.0000	-12.2330	0.0000	-7.8480	0.0000	0.0000
B10	5.5480	-84.9110	0.0000	54.0730	0.0000	0.0000	-3.5690	0.0000	0.0000	-50.7980	0.0000	0.0000	0.0000	-1.7430	0.0000	0.0000	-12.6340	0.0000	-7.5620	0.0000	0.0000
B11	5.7790	-84.1170	0.0000	55.0880	0.0000	0.0000	-3.5520	0.0000	0.0000	-49.2100	0.0000	0.0000	0.0000	-1.7600	0.0000	0.0000	-12.6490	0.0000	-8.0000	0.0000	0.0000
Q8	5.4710	-84.2750	0.0000	56.7370	0.0000	0.0000	-4.4370	0.0000	0.0000	-54.9430	0.0000	0.0000	0.0000	-2.2820	0.0000	0.0000	-18.2070	0.0000	-7.9510	0.0000	0.0000
Q9	4.1890	-83.6600	0.0000	54.0040	0.0000	0.0000	-4.2850	0.0000	0.0000	-53.0680	0.0000	0.0000	0.0000	-2.0080	0.0000	0.0000	-13.5440	0.0000	-7.7630	0.0000	0.0000
C9	4.2920	-84.0050	0.0000	58.4490	0.0170	0.0020	-3.3700	0.0640	-0.0080	-51.2280	0.0000	0.0000	-0.0360	-2.6550	-0.0820	-0.0450	-16.3100	-0.1040	-7.5150	0.1580	-0.0790
C8	5.8050	-87.4240	0.0000	57.3780	0.0000	0.0000	-3.6090	0.0000	0.0000	-51.8240	0.0000	0.0000	0.0000	-1.9150	0.0000	0.0000	-14.6820	0.0000	-7.3750	0.0000	0.0000
Q11	5.7740	-84.0850	0.0000	54.3490	0.0000	0.0000	-4.2640	0.0000	0.0000	-51.7660	0.0000	0.0000	0.0000	-2.0060	0.0000	0.0000	-13.6450	0.0000	-7.8900	0.0000	0.0000
Q10	4.3030	-81.1680	0.0000	51.8280	-0.1040	-0.0060	-3.0690	0.3430	0.3630	-51.3650	0.0000	0.0000	-0.2970	-1.7430	-0.1710	-0.4020	-14.7070	-0.8160	-7.5320	1.3530	0.4580
Q12	5.0090	-80.8790	0.0000	51.5350	0.0040	-0.0040	-2.9500	0.0220	0.0100	-51.0450	0.0000	0.0000	-0.0070	-1.8330	-0.0050	0.2210	-14.8560	0.5180	-8.0340	0.2180	-0.0160
C3	8.3710	-87.0000	0.0000	54.9410	-0.0240	0.0000	-4.2830	0.0070	-0.0240	-50.7630	0.0000	0.0000	0.0010	-2.0290	-0.0060	-0.2210	-13.3210	0.2200	-7.4710	0.0640	0.0100
C2	4.7290	-86.7570	0.0000	60.0090	0.0000	0.0000	-3.6280	0.0000	0.0000	-52.5670	0.0000	0.0000	0.0000	-3.2980	0.0000	0.0000	-16.2350	0.0000	-7.3860	0.0000	0.0000
C1	9.2420	-87.0600	0.0000	54.1380	0.0000	0.0000	-3.6170	0.0000	0.0000	-48.9400	0.0000	0.0000	0.0000	-1.9270	0.0000	0.0000	-12.1010	0.0000	-7.6130	0.0000	0.0000
C7	4.5930	-83.7440	0.0000	58.8900	0.0000	0.0000	-3.5910	0.0000	0.0000	-48.6950	0.0000	0.0000	0.0000	-1.7710	0.0000	0.0000	-15.4190	0.0000	-7.6530	0.0000	0.0000
C6	4.7730	-85.5270	0.0000	58.8440	0.0000	0.0000	-3.6260	0.0000	0.0000	-50.5000	0.0000	0.0000	0.0000	-1.8340	0.0000	0.0000	-15.4930	0.0000	-7.6370	0.0000	0.0000
C5	4.2220	-83.1490	0.0000	57.8890	0.0000	0.0000	-3.6670	0.0000	0.0000	-50.8980	0.0000	0.0000	0.0000	-3.1380	0.0000	0.0000	-15.7390	0.0000	-7.3150	0.0000	0.0000
C4	5.9740	-84.5910	0.0000	56.3800	-0.0450	0.0640	-3.9800	-0.0860	0.2310	-50.2120	0.0000	0.0000	0.0700	-2.9590	0.0630	-0.1900	-16.2450	2.5770	-7.4910	-0.1410	0.1580
N10	3.6580	-80.1730	0.0000	54.4180	0.0000	0.0000	-4.2710	0.0000	0.0000	-50.2410	0.0000	0.0000	0.0000	-2.0610	0.0000	0.0000	-14.1360	0.0000	-7.6780	0.0000	0.0000
N8	5.7730	-84.7710	0.0000	57.4520	0.0470	-0.0020	-4.4080	0.0050	0.0200	-48.8960	0.0000	0.0000	-0.0210	-1.7980	-0.0010	-0.2520	-14.3860	0.2750	-6.6820	-0.1480	0.0000
N9	5.4970	-85.3380	0.0000	57.3450	0.0000	0.0000	-4.3620	0.0000	0.0000	-50.2130	0.0000	0.0000	0.0000	-1.7200	0.0000	0.0000	-14.7460	0.0000	-6.8880	0.0000	0.0000
N11	5.5300	-82.4330	0.0000	52.2630	0.0000	0.0000	-4.2520	0.0000	0.0000	-52.3340	0.0000	0.0000	0.0000	-2.1600	0.0000	0.0000	-13.7880	0.0000	-7.4940	0.0000	0.0000
G12	4.2740	-86.5870	0.0000	56.7590	0.0000	0.0000	-3.6460	0.0000	0.0000	-51.9510	0.0000	0.0000	0.0000	-1.9080	0.0000	0.0000	-13.4600	0.0000	-7.3820	0.0000	0.0000
G11	7.3970	-88.5910	0.0000	58.4420	0.1360	-0.0010	-3.6660	0.0010	0.0230	-49.7440	0.0000	0.0000	0.0140	-2.1140	0.0140	-0.0730	-14.4290	-0.0410	-7.0850	0.1800	0.0490
G10	4.7630	-83.0500	0.0000	57.5320	0.0000	0.0000	-3.5960	0.0000	0.0000	-48.0380	0.0000	0.0000	0.0000	-1.9100	0.0000	0.0000	-14.5220	0.0000	-7.2540	0.0000	0.0000
F1	5.8680	-86.7240	0.0000	58.5630	0.0000	0.0000	-3.6030	0.0000	0.0000	-50.2030	0.0000	0.0000	0.0000	-1.8820	0.0000	0.0000	-14.9900	0.0000	-7.4360	0.0000	0.0000
F2	5.3040	-81.4210	0.0000	53.5020	0.0000	0.0000	-3.6270	0.0000	0.0000	-48.2830	0.0000	0.0000	0.0000	-1.9880	0.0000	0.0000	-12.3440	0.0000	-7.7080	0.0000	0.0000
F3	6.8150	-87.5470	0.0000	59.1890	-0.2760	0.0050	-3.6450	-0.3190	0.2580	-51.6790	0.0000	0.0000	0.0870	-3.1700	0.1540	0.0250	-16.3690	0.9460	-7.7850	-0.2490	0.2020
F4	6.1240	-87.6310	0.0000	59.5790	0.0000	0.0000	-3.5990	0.0000	0.0000	-49.9940	0.0000	0.0000	0.0000	-1.8190	0.0000	0.0000	-15.0000	0.0000	-7.6470	0.0000	0.0000
F5	4.8220	-87.1100	0.0000	56.5560	0.0000	0.0000	-3.6100	0.0000	0.0000	-54.8830	0.0000	0.0000	0.0000	-1.7490	0.0000	0.0000	-15.7450	0.0000	-8.0450	0.0000	0.0000
F6	5.5470	-87.1790	0.0000	58.6280	0.1320	-0.0020	-3.6180	-0.2520	0.3650	-51.0060	0.0000	0.0000	0.2420	-1.9700	-0.0850	-0.3290	-14.9410	-0.9410	-7.5950	-0.1500	1.1390
F7	5.2120	-82.1810	0.0000	53.1110	0.0000	0.0000	-3.5790	0.0000	0.0000	-48.8400	0.0000	0.0000	0.0000	-1.9840	0.0000	0.0000	-11.9150	0.0000	-7.5020	0.0000	0.0000
F8	6.0640	-87.5420	0.0000	57.6590	0.0000	0.0000	-3.6010	0.0000	0.0000	-51.4720	0.0000	0.0000	0.0000	-1.8810	0.0000	0.0000	-14.8220	0.0000	-7.3490	0.0000	0.0000
F9	5.4290	-83.3240	0.0000	54.0670	0.0000	0.0000	-3.5890	0.0000	0.0000	-49.3170	0.0000	0.0000	0.0000	-1.7270	0.0000	0.0000	-12.6360	0.0000	-7.5350	0.0000	0.0000
Q1	4.4630	-81.8900	0.0000	54.7330	0.0990	-0.0040	-4.0580	-0.0410	-0.0080	-50.0230	0.0000	0.0000	-0.0170	-1.6780	0.0170	0.0930	-13.6600	0.4200	-7.9570	-0.4900	-0.0440
Q3	4.9480	-83.0360	0.0000	55.1810	0.0000	0.0000	-4.2740	0.0000	0.0000	-50.8580	0.0000	0.0000	0.0000	-2.0700	0.0000	0.0000	-13.7440	0.0000	-7.8630	0.0000	0.0000
Q2	4.2300	-83.9440	0.0000	54.4900	0.0000	0.0000	-4.2830	0.0000	0.0000	-52.8510	0.0000	0.0000	0.0000	-1.9810	0.0000	0.0000	-13.4840	0.0000	-7.8770	0.0000	0.0000
Q5	5.0050	-82.5340	0.0000	53.2790	0.0000	0.0000	-3.4970	0.0000	0.0000	-51.3290	0.0000	0.0000	0.0000	-1.9770	0.0000	0.0000	-12.9220	0.0000	-8.6820	0.0000	0.0000
Q4	4.5990	-83.7530	0.0000	53.6360	0.0000	0.0000	-4.2830	0.0000	0.0000	-53.2250	0.0000	0.0000	0.0000	-2.0400	0.0000	0.0000	-13.5500	0.0000	-7.8360	0.0000	0.0000
Q7	6.3730	-87.8080	0.0000	54.2950	0.0000	0.0000	-4.1180	0.0000	0.0000	-55.9960	0.0000	0.0000	0.0000	-2.1690	0.0000	0.0000	-14.4250	0.0000	-8.1450	0.0000	0.0000
Q6	6.4610	-85.3250	0.0000	52.8490	-0.2490	-0.0080	-4.0190	-0.2350	-0.1090	-52.9270	0.0000	0.0000	0.0320	-2.0500	0.0040	0.0830	-13.4920	0.6690	-7.5050	-0.0170	-0.0160
E11	4.1930	-86.0430	0.0000	57.8040	0.0000	0.0000	-3.6160	0.0000	0.0000	-53.5630	0.0000	0.0000	0.0000	-1.7570	0.0000	0.0000	-16.2270	0.0000	-7.9160	0.0000	0.0000
E10	8.1910	-86.5180	0.0000	54.1080	0.0000	0.0000	-3.6210	0.0000	0.0000	-49.5370	0.0000	0.0000	0.0000	-1.9380	0.0000	0.0000	-12.1340	0.0000	-7.6240	0.0000	0.0000
E12	5.3560	-86.5270	0.0000	60.0270	0.0000	0.0000	-3.5990	0.0000	0.0000	-49.0240	0.0000	0.0000	0.0000	-1.8820	0.0000	0.0000	-14.9130	0.0000	-7.4860	0.0000	0.0000
C12	4.8460	-87.2630	0.0000	59.2840	-0.0410	0.0000	-3.3670	-0.0340	-0.0080	-53.9050	0.0000	0.0000	-0.0240	-2.6870	-0.0240	0.0070	-16.7120	-0.1810	-7.7470	0.1400	-0.0940
C11	6.7750	-84.2610	0.0000	53.6210	0.0000	0.0000	-3.6040	0.0000	0.0000	-49.1820	0.0000	0.0000	0.0000	-1.9440	0.0000	0.0000	-12.1730	0.0000	-7.5950	0.0000	0.0000
C10	4.3720	-84.0710	0.0000	58.3960	0.0000	0.0000	-3.6620	0.0000	0.0000	-51.1940	0.0000	0.0000	0.0000	-3.1060	0.0000	0.0000	-15.8060	0.0000	-7.3170	0.0000	0.0000
A11	3.1800	-81.2060	0.0000	52.3230	0.0000	0.0000	-3.5110	0.0000	0.0000	-52.0210	0.0000	0.0000	0.0000	-1.8470	0.0000	0.0000	-13.4660	0.0000	-7.4930	0.0000	0.0000
A10	6.3040	-86.0940	0.0000	54.0850	0.0000	0.0000	-3.5710	0.0000	0.0000	-51.3170	0.0000	0.0000	0.0000	-1.7450	0.0000	0.0000	-12.6810	0.0000	-7.6140	0.0000	0.0000
A12	5.4500	-81.5590	0.0000	54.0030	0.0000	0.0000	-4.2730	0.0000	0.0000	-50.5100	0.0000	0.0000	0.0000	-2.0210	0.0000	0.0000	-14.0940	0.0000	-8.0160	0.0000	0.0000
A1	4.6200	-83.0490	0.0000	53.6530	0.0000	0.0000	-3.5320	0.0000	0.0000	-51.2340	0.0000	0.0000	0.0000	-1.7980	0.0000	0.0000	-13.2160	0.0000	-7.9100	0.0000	0.0000
A3	2.6600	-81.0220	0.0000	52.8320	-0.1570	-0.0130	-4.2920	0.7180	0.0310	-52.8300	0.0000	0.0000	0.1330	-2.2250	0.0210	-0.1080	-14.8390	0.0620	-6.9390	0.1200	0.1890
A2	4.9720	-82.3540	0.0000	55.4690	-0.0020	0.0030	-4.2710	-0.0170	-0.0060	-50.0670	0.0000	0.0000	0.0010	-2.0690	-0.0060	-0.0010	-13.9550	0.1250	-7.9570	-0.0040	0.0060
A5	5.1880	-84.0390	0.0000	54.2950	0.0000	0.0000	-4.2730	0.0000	0.0000	-52.4870	0.0000	0.0000	0.0000	-2.0750	0.0000	0.0000	-13.7390	0.0000	-7.8420	0.0000	0.0000
A4	4.8230	-79.9380	0.0000	53.0460	0.0000	0.0000	-3.4880	0.0000	0.0000	-48.6700	0.0000	0.0000	0.0000	-1.8390	0.0000	0.0000	-13.5080	0.0000	-7.7660	0.0000	0.0000
A7	5.4920	-87.6090	0.0000	57.8380	0.0000	0.0000	-4.3130	0.0000	0.0000	-54.2720	0.0000	0.0000	0.0000	-1.9990	0.0000	0.0000	-15.5340	0.0000	-8.1470	0.0000	0.0000
A6	4.8430	-82.0530	0.0000	55.1690	0.0000	0.0000	-4.2710	0.0000	0.0000	-50.0300	0.0000	0.0000	0.0000	-2.0780	0.0000	0.0000	-13.7430	0.0000	-7.8960	0.0000	0.0000
A9	4.0800	-82.7190	0.0000	56.6790	0.0000	0.0000	-3.5870	0.0000	0.0000	-48.3840	0.0000	0.0000	0.0000	-1.8360	0.0000	0.0000	-13.3680	0.0000	-7.6330	0.0000	0.0000
A8	3.1500	-81.1120	0.0000	52.4480	0.0000	0.0000	-3.5260	0.0000	0.0000	-51.6210	0.0000	0.0000	0.0000	-1.8220	0.0000	0.0000	-13.3730	0.0000	-7.3870	0.0000	0.0000
D8	6.1750	-87.4490	0.0000	60.0700	0.0000	0.0080	-3.6220	-0.0530	-0.0270	-49.4300	0.0000	0.0000	0.0250	-1.9180	0.0110	-0.0490	-15.2910	0.1130	-7.4880	0.0150	0.0520
D9	5.7420	-86.8540	0.0000	57.7800	0.0000	0.0000	-3.6060	0.0000	0.0000	-50.9380	0.0000	0.0000	0.0000	-1.9460	0.0000	0.0000	-14.7350	0.0000	-7.3190	0.0000	0.0000
D6	6.1700	-83.4930	0.0000	53.2590	-0.0090	0.0000	-3.3060	-0.0710	-0.0060	-50.6960	0.0000	0.0000	0.0370	-2.7810	0.0910	-0.0480	-12.7130	-0.3820	-7.5270	0.0490	0.0340
D7	5.1100	-88.0110	0.0000	59.4790	0.0000	0.0000	-3.6830	0.0000	0.0000	-54.1600	0.0000	0.0000	0.0000	-3.0930	0.0000	0.0000	-16.5220	0.0000	-7.4390	0.0000	0.0000
D4	6.1910	-87.8600	0.0000	59.2200	0.0000	0.0000	-3.6010	0.0000	0.0000	-50.4200	0.0000	0.0000	0.0000	-1.8570	0.0000	0.0000	-14.9840	0.0000	-7.5320	0.0000	0.0000
D5	8.4150	-86.6170	0.0000	54.0760	0.0000	0.0000	-3.6210	0.0000	0.0000	-49.4270	0.0000	0.0000	0.0000	-1.9400	0.0000	0.0000	-12.1380	0.0000	-7.6040	0.0000	0.0000
D2	5.8140	-86.0800	0.0000	57.8700	0.0000	0.0000	-3.6070	0.0000	0.0000	-49.9550	0.0000	0.0000	0.0000	-1.9040	0.0000	0.0000	-14.6620	0.0000	-7.3870	0.0000	0.0000
D3	8.4240	-87.0290	0.0000	54.9360	-0.0260	0.0000	-4.2720	-0.0170	-0.0100	-50.7740	0.0000	0.0000	0.0120	-2.0390	-0.0040	-0.2230	-13.3700	0.3390	-7.4810	-0.0150	0.0010
D1	5.5840	-85.9560	0.0000	59.8430	0.0000	0.0020	-3.5970	-0.0150	-0.0330	-48.2740	0.0000	0.0000	-0.0090	-1.8830	-0.0060	0.0020	-14.9950	0.0980	-7.4020	0.0680	0.0270
