MUT	fa_rep:	ref:	fa_atr:	hbond_sc:	fa_sol:	yhh_planarity:	dslf_fa13:	fa_intra_sol_xover4:	omega:	p_aa_pp:	TOT	sugar_bb:	fa_intra_rep:	hbond_lr_bb:	hbond_sr_bb:	hbond_bb_sc:	fa_elec:	cart_bonded:	lk_ball_wtd:	fa_dun:	rama_prepro:
G7	4.5230	-80.0890	0.0000	53.5140	0.0000	0.0000	-4.6280	0.0000	0.0000	-51.0630	0.0000	0.0000	0.0000	-2.2280	0.0000	0.0000	-15.0020	0.0000	-7.1550	0.0000	0.0000
G6	3.2410	-77.3280	0.0000	50.6630	0.0000	0.0000	-4.6190	0.0000	0.0000	-51.3910	0.0000	0.0000	0.0000	-2.0840	0.0000	0.0000	-14.4920	0.0000	-6.7730	0.0000	0.0000
G5	5.0930	-80.2290	0.0000	52.6300	0.0000	0.0000	-4.6200	0.0000	0.0000	-51.0100	0.0000	0.0000	0.0000	-2.2110	0.0000	0.0000	-14.7940	0.0000	-6.8790	0.0000	0.0000
G4	7.8780	-83.3740	0.0000	50.2350	0.0000	0.0000	-4.6020	0.0000	0.0000	-53.4870	0.0000	0.0000	0.0000	-2.0210	0.0000	0.0000	-14.6720	0.0000	-6.9310	0.0000	0.0000
G3	8.6100	-85.8050	0.0000	50.5170	0.0000	0.0000	-4.6190	0.0000	0.0000	-55.1970	0.0000	0.0000	0.0000	-2.0910	0.0000	0.0000	-14.7410	0.0000	-7.0700	0.0000	0.0000
G2	4.1220	-83.5580	0.0000	53.1680	0.5010	-0.0010	-4.4620	-0.0820	0.3800	-53.2620	0.0000	0.0000	0.0230	-2.0380	0.0630	-0.1540	-14.0890	-0.1120	-7.0140	0.4350	-0.4450
G1	4.1310	-80.2970	0.0000	52.7720	0.0000	0.0000	-4.6300	0.0000	0.0000	-51.7030	0.0000	0.0000	0.0000	-2.0620	0.0000	0.0000	-14.5560	0.0000	-7.0610	0.0000	0.0000
G9	4.5780	-81.2130	0.0000	53.3170	0.0000	0.0000	-4.6320	0.0000	0.0000	-52.5080	0.0000	0.0000	0.0000	-2.2400	0.0000	0.0000	-15.1440	0.0000	-7.1730	0.0000	0.0000
G8	3.3860	-79.3640	0.0000	53.1540	0.0000	0.0000	-4.6260	0.0000	0.0000	-51.9420	0.0000	0.0000	0.0000	-2.2570	0.0000	0.0000	-14.9620	0.0000	-7.2740	0.0000	0.0000
N6	4.3490	-80.8440	0.0000	52.5230	0.0000	0.0000	-4.6100	0.0000	0.0000	-52.6730	0.0000	0.0000	0.0000	-2.0840	0.0000	0.0000	-14.8730	0.0000	-7.1340	0.0000	0.0000
N7	4.0590	-78.9090	0.0000	49.4370	0.0000	0.0000	-4.6250	0.0000	0.0000	-53.0790	0.0000	0.0000	0.0000	-2.0400	0.0000	0.0000	-14.5130	0.0000	-6.4900	0.0000	0.0000
B4	5.6550	-81.2520	0.0000	50.5950	0.9600	-0.0370	-4.2200	-0.1670	0.2110	-53.0600	0.0000	0.0000	0.0810	-1.9760	-0.2830	-0.1260	-13.9930	-2.0190	-6.7520	0.3160	-0.0540
B5	4.5250	-81.3100	0.0000	51.7000	0.0000	0.0000	-4.6180	0.0000	0.0000	-53.9360	0.0000	0.0000	0.0000	-2.2730	0.0000	0.0000	-14.8410	0.0000	-7.1200	0.0000	0.0000
B6	5.5360	-89.8800	0.0000	61.0000	0.0000	0.0000	-4.6250	0.0000	0.0000	-52.9770	0.0000	0.0000	0.0000	-2.0950	0.0000	0.0000	-15.6200	0.0000	-7.2950	0.0000	0.0000
B7	8.0920	-84.1460	0.0000	51.8230	0.0000	0.0000	-4.6670	0.0000	0.0000	-53.3620	0.0000	0.0000	0.0000	-2.1210	0.0000	0.0000	-15.5160	0.0000	-6.8270	0.0000	0.0000
B1	4.3340	-80.5140	0.0000	50.9270	0.0000	0.0000	-4.6270	0.0000	0.0000	-52.9280	0.0000	0.0000	0.0000	-2.2810	0.0000	0.0000	-13.7890	0.0000	-6.9760	0.0000	0.0000
B2	7.8720	-85.2660	0.0000	51.9420	0.0000	0.0000	-4.6310	0.0000	0.0000	-53.0820	0.0000	0.0000	0.0000	-1.8350	0.0000	0.0000	-14.9070	0.0000	-6.2580	0.0000	0.0000
B3	5.7400	-81.8800	0.0000	50.6600	0.0000	0.0000	-4.6060	0.0000	0.0000	-53.2390	0.0000	0.0000	0.0000	-2.0600	0.0000	0.0000	-14.6520	0.0000	-6.4400	0.0000	0.0000
B8	9.2310	-87.8300	0.0000	51.3360	0.0000	0.0000	-4.6400	0.0000	0.0000	-56.0140	0.0000	0.0000	0.0000	-1.9270	0.0000	0.0000	-15.5540	0.0000	-6.6300	0.0000	0.0000
B9	8.0430	-91.0020	0.0000	54.1070	-0.1790	-0.0440	-4.4390	0.2010	-0.8580	-53.7520	0.0000	0.0000	0.0210	-2.3990	0.5250	-0.3440	-13.1560	2.6780	-7.4110	0.9510	-0.4460
N5	6.0080	-81.5210	0.0000	51.1250	0.0000	0.0000	-4.6310	0.0000	0.0000	-53.2760	0.0000	0.0000	0.0000	-2.2580	0.0000	0.0000	-14.3600	0.0000	-7.6400	0.0000	0.0000
P10	6.5210	-81.4260	0.0000	50.5620	0.0000	0.0000	-4.6190	0.0000	0.0000	-52.1550	0.0000	0.0000	0.0000	-2.1390	0.0000	0.0000	-14.7570	0.0000	-6.2960	0.0000	0.0000
P11	6.2500	-82.4540	0.0000	52.7260	-0.1380	-0.0030	-4.5860	0.1790	-0.0230	-54.0570	0.0000	0.0000	-0.0870	-2.0050	0.0110	0.0970	-18.5520	-0.3870	-5.8560	0.7490	0.0230
P12	5.1670	-82.3820	0.0000	51.7070	0.0000	0.0000	-4.6190	0.0000	0.0000	-54.1820	0.0000	0.0000	0.0000	-2.1200	0.0000	0.0000	-14.8230	0.0000	-7.1130	0.0000	0.0000
E9	5.3170	-82.0600	0.0000	53.2810	0.0000	0.0000	-4.6510	0.0000	0.0000	-52.7830	0.0000	0.0000	0.0000	-1.9810	0.0000	0.0000	-15.4210	0.0000	-7.2700	0.0000	0.0000
E8	4.1270	-80.3550	0.0000	54.2770	0.0000	0.0000	-4.6270	0.0000	0.0000	-50.8110	0.0000	0.0000	0.0000	-2.0990	0.0000	0.0000	-14.9580	0.0000	-7.1780	0.0000	0.0000
E5	5.0340	-81.4960	0.0000	53.5540	0.0000	0.0000	-4.6500	0.0000	0.0000	-52.1190	0.0000	0.0000	0.0000	-2.0420	0.0000	0.0000	-15.3400	0.0000	-7.1780	0.0000	0.0000
E4	4.5250	-80.8710	0.0000	53.3050	0.0000	0.0000	-4.6240	0.0000	0.0000	-52.3030	0.0000	0.0000	0.0000	-2.2110	0.0000	0.0000	-15.2070	0.0000	-7.2180	0.0000	0.0000
E7	3.9540	-80.3090	0.0000	53.7970	0.0000	0.0000	-4.6210	0.0000	0.0000	-51.6590	0.0000	0.0000	0.0000	-2.1550	0.0000	0.0000	-14.9790	0.0000	-7.3460	0.0000	0.0000
E6	6.7970	-82.7100	0.0000	52.6220	0.0000	0.0000	-4.6560	0.0000	0.0000	-52.6470	0.0000	0.0000	0.0000	-2.0300	0.0000	0.0000	-15.5530	0.0000	-7.1160	0.0000	0.0000
E1	4.7080	-80.9670	0.0000	52.5270	0.0000	0.0000	-4.6150	0.0000	0.0000	-51.6280	0.0000	0.0000	0.0000	-2.0370	0.0000	0.0000	-14.5870	0.0000	-6.6570	0.0000	0.0000
P8	4.3970	-78.9840	0.0000	50.8190	0.0000	0.0000	-4.5850	0.0000	0.0000	-51.6540	0.0000	0.0000	0.0000	-2.1420	0.0000	0.0000	-14.3750	0.0000	-6.7820	0.0000	0.0000
E3	5.4740	-81.6980	0.0000	52.3870	0.0000	0.0000	-4.6070	0.0000	0.0000	-52.3430	0.0000	0.0000	0.0000	-2.0280	0.0000	0.0000	-14.8210	0.0000	-7.0520	0.0000	0.0000
E2	7.7340	-85.7710	0.0000	51.7810	0.0000	0.0000	-4.6670	0.0000	0.0000	-55.5030	0.0000	0.0000	0.0000	-2.0610	0.0000	0.0000	-15.4270	0.0000	-7.0920	0.0000	0.0000
P2	8.2490	-82.6520	0.0000	50.9470	0.0000	0.0000	-4.6150	0.0000	0.0000	-51.8860	0.0000	0.0000	0.0000	-2.0490	0.0000	0.0000	-15.0980	0.0000	-6.6660	0.0000	0.0000
P3	7.2560	-82.5780	0.0000	52.5590	0.0000	0.0000	-4.5930	0.0000	0.0000	-51.8860	0.0000	0.0000	0.0000	-2.1470	0.0000	0.0000	-15.2460	0.0000	-7.1360	0.0000	0.0000
P1	9.4280	-83.7480	0.0000	51.9240	-0.0940	0.0320	-5.5870	0.4290	0.3220	-52.7490	0.0000	0.0000	-0.3410	-2.8330	-0.0680	-0.2740	-18.1790	2.1370	-5.5620	-0.5700	0.2330
P6	6.6100	-82.8640	0.0000	51.7460	0.0000	0.0000	-4.6040	0.0000	0.0000	-52.0510	0.0000	0.0000	0.0000	-2.2460	0.0000	0.0000	-14.6470	0.0000	-6.0450	0.0000	0.0000
P7	8.0930	-85.5840	0.0000	53.1050	0.0000	0.0000	-4.6300	0.0000	0.0000	-53.7480	0.0000	0.0000	0.0000	-2.1210	0.0000	0.0000	-14.5830	0.0000	-8.0270	0.0000	0.0000
P4	8.5280	-84.4800	0.0000	51.7160	0.0000	0.0000	-4.6370	0.0000	0.0000	-52.5840	0.0000	0.0000	0.0000	-2.0910	0.0000	0.0000	-15.0210	0.0000	-6.5990	0.0000	0.0000
P5	4.5010	-79.3140	0.0000	50.9850	0.0000	0.0000	-4.6140	0.0000	0.0000	-52.2760	0.0000	0.0000	0.0000	-2.2950	0.0000	0.0000	-14.8580	0.0000	-6.6800	0.0000	0.0000
H10	7.4330	-88.3280	0.0000	55.6330	-0.0070	-0.0030	-4.3930	0.2210	0.0850	-54.7330	0.0000	0.0000	-0.0450	-3.1670	0.0310	-0.1100	-14.9950	0.5290	-7.7510	0.1500	-0.0160
H11	7.0160	-87.6840	0.0000	55.4070	-0.0220	0.0010	-4.4210	0.2050	0.0920	-54.4900	0.0000	0.0000	-0.0500	-3.3100	-0.0100	-0.1170	-14.8970	0.7530	-7.4530	-0.0040	0.0040
H12	8.9100	-88.2700	0.0000	57.8090	-0.0230	-0.0160	-4.3100	0.0020	-0.0690	-53.3950	0.0000	0.0000	-0.0130	-3.3360	0.0340	0.1220	-18.0120	0.0880	-7.0810	0.7690	-0.0010
P9	5.1420	-82.1660	0.0000	52.4270	0.0000	0.0000	-4.6050	0.0000	0.0000	-53.8400	0.0000	0.0000	0.0000	-2.2360	0.0000	0.0000	-15.2260	0.0000	-7.1770	0.0000	0.0000
F12	8.6730	-84.5550	0.0000	50.9940	0.0000	0.0000	-4.6430	0.0000	0.0000	-53.7690	0.0000	0.0000	0.0000	-1.9540	0.0000	0.0000	-15.0690	0.0000	-7.2160	0.0000	0.0000
F10	4.4350	-83.8920	0.0000	51.4000	0.0010	0.0000	-4.6070	-0.0110	-0.0150	-56.9470	0.0000	0.0000	0.0030	-2.2450	-0.0040	0.0030	-14.9240	0.0320	-7.1390	0.0120	0.0070
F11	6.0460	-85.0930	0.0000	51.5890	0.0000	0.0000	-4.6120	0.0000	0.0000	-56.0370	0.0000	0.0000	0.0000	-2.2070	0.0000	0.0000	-14.8980	0.0000	-6.8620	0.0000	0.0000
N12	3.4640	-76.8800	0.0000	48.4320	0.0000	0.0000	-4.6500	0.0000	0.0000	-52.8310	0.0000	0.0000	0.0000	-2.1320	0.0000	0.0000	-14.5860	0.0000	-6.4800	0.0000	0.0000
H8	4.1640	-76.2100	0.0000	48.5520	0.0000	0.0000	-4.6390	0.0000	0.0000	-51.8340	0.0000	0.0000	0.0000	-2.1520	0.0000	0.0000	-14.6580	0.0000	-6.8900	0.0000	0.0000
H9	4.6600	-77.1020	0.0000	48.6550	0.0000	0.0000	-4.6350	0.0000	0.0000	-51.9820	0.0000	0.0000	0.0000	-2.1930	0.0000	0.0000	-14.6240	0.0000	-6.7410	0.0000	0.0000
H6	4.2770	-79.0450	0.0000	48.2610	0.0000	0.0000	-4.6510	0.0000	0.0000	-54.6360	0.0000	0.0000	0.0000	-2.1700	0.0000	0.0000	-14.5330	0.0000	-6.7760	0.0000	0.0000
H7	4.0810	-76.8910	0.0000	48.7260	0.0040	0.0000	-4.6420	0.0030	-0.0120	-52.4520	0.0000	0.0000	-0.0050	-2.1730	0.0020	-0.0010	-14.6250	0.0340	-6.9420	-0.0120	0.0030
H4	3.7360	-80.7340	0.0000	51.4730	0.0000	0.0000	-4.6280	0.0000	0.0000	-52.9050	0.0000	0.0000	0.0000	-2.1580	0.0000	0.0000	-13.7690	0.0000	-6.8260	0.0000	0.0000
H5	4.2480	-79.6240	0.0000	48.3760	0.0000	0.0000	-4.6590	0.0000	0.0000	-55.0870	0.0000	0.0000	0.0000	-2.1270	0.0000	0.0000	-14.3590	0.0000	-6.9400	0.0000	0.0000
D10	5.1070	-79.5160	0.0000	49.8490	0.0000	0.0000	-4.6090	0.0000	0.0000	-52.2240	0.0000	0.0000	0.0000	-2.0770	0.0000	0.0000	-14.5940	0.0000	-6.3830	0.0000	0.0000
D11	5.4370	-81.8050	0.0000	51.5170	0.0000	0.0000	-4.6170	0.0000	0.0000	-53.6540	0.0000	0.0000	0.0000	-2.2290	0.0000	0.0000	-15.0000	0.0000	-6.9580	0.0000	0.0000
D12	4.7290	-81.5250	0.0000	51.8050	0.0000	0.0000	-4.6160	0.0000	0.0000	-53.8780	0.0000	0.0000	0.0000	-2.2400	0.0000	0.0000	-15.1820	0.0000	-6.8500	0.0000	0.0000
B12	11.3040	-88.8410	0.0000	53.9920	0.0000	0.0000	-4.6590	0.0000	0.0000	-53.0040	0.0000	0.0000	0.0000	-1.7860	0.0000	0.0000	-15.9670	0.0000	-7.0470	0.0000	0.0000
B10	6.6170	-90.6900	0.0000	58.1080	0.0000	0.0000	-4.6260	0.0000	0.0000	-54.6920	0.0000	0.0000	0.0000	-2.1180	0.0000	0.0000	-15.2330	0.0000	-6.7490	0.0000	0.0000
B11	8.8890	-88.2740	0.0000	56.4660	0.0000	0.0000	-4.6350	0.0000	0.0000	-52.9010	0.0000	0.0000	0.0000	-3.1730	0.0000	0.0000	-15.2880	0.0000	-6.8860	0.0000	0.0000
Q8	5.8360	-85.1600	0.0000	57.4410	0.0000	0.0000	-4.6480	0.0000	0.0000	-54.6660	0.0000	0.0000	0.0000	-2.1660	0.0000	0.0000	-18.5090	0.0000	-7.4600	0.0000	0.0000
Q9	5.4390	-80.9900	0.0000	50.6790	0.0000	0.0000	-4.6560	0.0000	0.0000	-52.6610	0.0000	0.0000	0.0000	-2.0140	0.0000	0.0000	-14.6930	0.0000	-6.4280	0.0000	0.0000
C9	4.5660	-80.6620	0.0000	52.3750	0.0000	0.0000	-4.6260	0.0000	0.0000	-52.9140	0.0000	0.0000	0.0000	-2.2080	0.0000	0.0000	-15.2330	0.0000	-7.1260	0.0000	0.0000
C8	5.0840	-83.0010	0.0000	51.2700	0.1940	-0.0100	-4.5420	-0.0840	-0.3010	-55.5280	0.0000	0.0000	0.1040	-1.9370	-0.0090	-0.1930	-15.6620	1.0860	-7.1040	-0.9680	0.5460
Q11	8.2700	-82.5820	0.0000	53.2250	0.1640	0.0070	-5.4090	-0.8270	-0.1030	-52.9110	0.0000	0.0000	-0.5150	-3.0890	-0.1510	0.0450	-17.5100	0.4270	-6.2970	1.5690	-0.1370
Q10	8.6870	-81.7250	0.0000	50.6050	0.0000	0.0000	-4.6010	0.0000	0.0000	-51.3930	0.0000	0.0000	0.0000	-2.0640	0.0000	0.0000	-14.6710	0.0000	-7.6230	0.0000	0.0000
Q12	9.0420	-84.3510	0.0000	52.0680	0.0000	0.0000	-4.6380	0.0000	0.0000	-51.4780	0.0000	0.0000	0.0000	-2.0840	0.0000	0.0000	-15.0090	0.0000	-6.5050	0.0000	0.0000
C3	9.8940	-87.5270	0.0000	52.6220	0.0000	0.0000	-4.6570	0.0000	0.0000	-54.1530	0.0000	0.0000	0.0000	-1.7500	0.0000	0.0000	-15.6510	0.0000	-7.0830	0.0000	0.0000
C2	11.2400	-89.2730	0.0000	53.7170	0.0000	0.0000	-4.6650	0.0000	0.0000	-53.7650	0.0000	0.0000	0.0000	-1.7930	0.0000	0.0000	-15.8760	0.0000	-7.1170	0.0000	0.0000
C1	5.3660	-81.3260	0.0000	53.6590	0.0000	0.0000	-4.6220	0.0000	0.0000	-50.8650	0.0000	0.0000	0.0000	-2.0820	0.0000	0.0000	-14.8950	0.0000	-6.9650	0.0000	0.0000
C7	4.3890	-79.9290	0.0000	53.3730	0.0000	0.0000	-4.6270	0.0000	0.0000	-51.2020	0.0000	0.0000	0.0000	-2.2240	0.0000	0.0000	-14.6680	0.0000	-7.5160	0.0000	0.0000
C6	5.2110	-79.2920	0.0000	51.5640	0.0000	0.0000	-4.6130	0.0000	0.0000	-50.9760	0.0000	0.0000	0.0000	-2.1590	0.0000	0.0000	-14.7730	0.0000	-6.9140	0.0000	0.0000
C5	3.7310	-79.8580	0.0000	52.5080	0.0000	0.0000	-4.6300	0.0000	0.0000	-52.5570	0.0000	0.0000	0.0000	-2.2380	0.0000	0.0000	-14.9980	0.0000	-7.0720	0.0000	0.0000
C4	3.9740	-79.6600	0.0000	51.5970	0.0000	0.0000	-4.6090	0.0000	0.0000	-52.5910	0.0000	0.0000	0.0000	-2.2070	0.0000	0.0000	-14.9210	0.0000	-6.7650	0.0000	0.0000
N10	4.4360	-78.8940	0.0000	48.7110	0.0000	0.0000	-4.6590	0.0000	0.0000	-53.8810	0.0000	0.0000	0.0000	-2.0590	0.0000	0.0000	-14.3960	0.0000	-7.0210	0.0000	0.0000
N8	6.7570	-84.2610	0.0000	53.4880	0.0000	0.0000	-4.6250	0.0000	0.0000	-52.8540	0.0000	0.0000	0.0000	-2.3000	0.0000	0.0000	-14.2750	0.0000	-7.6370	0.0000	0.0000
N9	6.4130	-84.1630	0.0000	53.4770	0.0000	0.0000	-4.6200	0.0000	0.0000	-53.5700	0.0000	0.0000	0.0000	-2.2910	0.0000	0.0000	-14.3210	0.0000	-8.0620	0.0000	0.0000
N11	5.6790	-82.1730	0.0000	48.4960	0.0000	0.0000	-4.6360	0.0000	0.0000	-56.1160	0.0000	0.0000	0.0000	-1.7710	0.0000	0.0000	-14.2630	0.0000	-7.4480	0.0000	0.0000
G12	3.3060	-81.0460	0.0000	51.0890	0.0000	0.0000	-4.6590	0.0000	0.0000	-55.3180	0.0000	0.0000	0.0000	-2.0150	0.0000	0.0000	-14.8620	0.0000	-7.1320	0.0000	0.0000
G11	6.0050	-83.4030	0.0000	52.0550	0.0000	0.0000	-4.6070	0.0000	0.0000	-53.8710	0.0000	0.0000	0.0000	-2.1640	0.0000	0.0000	-14.7440	0.0000	-7.0140	0.0000	0.0000
G10	3.6230	-79.1200	0.0000	52.3310	0.0000	0.0000	-4.6300	0.0000	0.0000	-52.3050	0.0000	0.0000	0.0000	-2.2200	0.0000	0.0000	-15.2160	0.0000	-7.0720	0.0000	0.0000
F1	4.3530	-80.4940	0.0000	52.7280	0.0000	0.0000	-4.6200	0.0000	0.0000	-52.2130	0.0000	0.0000	0.0000	-2.0610	0.0000	0.0000	-14.8200	0.0000	-7.3000	0.0000	0.0000
F2	5.8040	-82.6270	0.0000	52.8450	0.0000	0.0000	-4.6630	0.0000	0.0000	-53.2150	0.0000	0.0000	0.0000	-2.0290	0.0000	0.0000	-15.3770	0.0000	-7.1680	0.0000	0.0000
F3	5.4490	-82.8260	0.0000	53.1080	0.0000	0.0000	-4.6540	-0.0170	-0.0160	-53.5590	0.0000	0.0000	-0.0010	-2.0110	-0.0070	-0.0090	-15.4730	0.1430	-7.1770	-0.0700	0.0020
F4	10.3510	-88.6760	0.0000	52.7210	0.0000	0.0000	-4.6610	0.0000	0.0000	-54.7000	0.0000	0.0000	0.0000	-1.7530	0.0000	0.0000	-15.5540	0.0000	-7.1300	0.0000	0.0000
F5	5.5940	-81.6290	0.0000	51.9520	0.0000	0.0000	-4.6310	0.0000	0.0000	-52.9740	0.0000	0.0000	0.0000	-2.2480	0.0000	0.0000	-14.9840	0.0000	-7.0290	0.0000	0.0000
F6	5.3910	-81.4070	0.0000	51.8610	0.0000	0.0000	-4.6280	0.0000	0.0000	-53.1480	0.0000	0.0000	0.0000	-2.1830	0.0000	0.0000	-15.0830	0.0000	-7.0990	0.0000	0.0000
F7	6.8510	-83.7020	0.0000	51.7450	0.0000	0.0000	-4.6540	0.0000	0.0000	-54.4270	0.0000	0.0000	0.0000	-2.0240	0.0000	0.0000	-15.5640	0.0000	-7.0810	0.0000	0.0000
F8	5.1220	-81.3560	0.0000	52.4980	0.0000	0.0000	-4.6320	0.0000	0.0000	-52.7590	0.0000	0.0000	0.0000	-2.2360	0.0000	0.0000	-15.0800	0.0000	-7.0760	0.0000	0.0000
F9	6.9620	-84.3610	0.0000	51.9920	0.0000	0.0000	-4.6270	0.0000	0.0000	-55.3480	0.0000	0.0000	0.0000	-3.4570	0.0000	0.0000	-15.8030	0.0000	-6.0520	0.0000	0.0000
Q1	5.9240	-80.0940	0.0000	51.3410	0.0000	0.0000	-4.6590	0.0000	0.0000	-50.6480	0.0000	0.0000	0.0000	-2.0120	0.0000	0.0000	-14.6600	0.0000	-6.4900	0.0000	0.0000
Q3	4.9870	-81.7250	0.0000	52.0150	0.0000	0.0000	-4.6130	0.0000	0.0000	-53.2030	0.0000	0.0000	0.0000	-2.0590	0.0000	0.0000	-14.7740	0.0000	-7.0340	0.0000	0.0000
Q2	5.4470	-81.3250	0.0000	50.9350	0.0000	0.0000	-4.6560	0.0000	0.0000	-52.8250	0.0000	0.0000	0.0000	-2.0300	0.0000	0.0000	-14.6630	0.0000	-6.5330	0.0000	0.0000
Q5	7.1720	-82.8430	0.0000	51.3570	0.0000	0.0000	-4.5940	0.0000	0.0000	-52.9880	0.0000	0.0000	0.0000	-2.0670	0.0000	0.0000	-14.6000	0.0000	-7.4140	0.0000	0.0000
Q4	6.0510	-81.7830	0.0000	50.9360	0.0000	0.0000	-4.6130	0.0000	0.0000	-52.2900	0.0000	0.0000	0.0000	-2.2390	0.0000	0.0000	-14.4900	0.0000	-6.1510	0.0000	0.0000
Q7	8.4710	-85.3780	0.0000	50.6020	0.0000	0.0000	-4.6130	0.0000	0.0000	-55.9990	0.0000	0.0000	0.0000	-2.0950	0.0000	0.0000	-15.2060	0.0000	-7.7800	0.0000	0.0000
Q6	8.3900	-84.0700	0.0000	50.0120	0.0000	0.0000	-4.6480	0.0000	0.0000	-53.2520	0.0000	0.0000	0.0000	-2.0440	0.0000	0.0000	-14.3940	0.0000	-6.4970	0.0000	0.0000
E11	4.9580	-81.6240	0.0000	53.1810	0.0030	-0.0020	-4.6230	-0.0190	0.0200	-52.6200	0.0000	0.0000	-0.0160	-2.2250	-0.0100	0.0240	-15.1550	0.0090	-7.1310	-0.0140	0.0040
E10	7.2820	-83.4040	0.0000	54.0780	0.0000	0.0000	-4.6320	0.0000	0.0000	-49.9080	0.0000	0.0000	0.0000	-2.0990	0.0000	0.0000	-15.7440	0.0000	-5.3900	0.0000	0.0000
E12	4.6970	-82.4560	0.0000	54.4130	0.0000	0.0000	-4.6490	0.0000	0.0000	-52.4750	0.0000	0.0000	0.0000	-2.0600	0.0000	0.0000	-15.2650	0.0000	-7.1540	0.0000	0.0000
C12	4.8350	-79.3940	0.0000	51.1450	0.0000	0.0000	-4.6140	0.0000	0.0000	-51.5150	0.0000	0.0000	0.0000	-2.2550	0.0000	0.0000	-14.5630	0.0000	-6.6700	0.0000	0.0000
C11	6.7020	-82.4500	0.0000	51.8610	0.0000	0.0000	-4.6550	0.0000	0.0000	-53.2100	0.0000	0.0000	0.0000	-2.0200	0.0000	0.0000	-15.6010	0.0000	-7.0470	0.0000	0.0000
C10	5.0550	-81.4940	0.0000	52.6760	0.0000	0.0000	-4.6470	0.0000	0.0000	-53.1040	0.0000	0.0000	0.0000	-2.0150	0.0000	0.0000	-15.4020	0.0000	-7.2750	0.0000	0.0000
A11	4.4730	-81.7180	0.0000	51.0080	0.0000	0.0000	-4.6410	0.0000	0.0000	-55.1300	0.0000	0.0000	0.0000	-2.2940	0.0000	0.0000	-15.2210	0.0000	-6.7360	0.0000	0.0000
A10	6.7030	-83.9220	0.0000	52.6720	0.0000	0.0000	-4.6000	0.0000	0.0000	-52.7910	0.0000	0.0000	0.0000	-1.9660	0.0000	0.0000	-14.5840	0.0000	-7.0920	0.0000	0.0000
A12	4.9630	-79.5310	0.0000	49.7690	0.0000	0.0000	-4.6160	0.0000	0.0000	-52.5930	0.0000	0.0000	0.0000	-2.2140	0.0000	0.0000	-14.5020	0.0000	-6.4630	0.0000	0.0000
A1	5.6780	-81.8840	0.0000	50.4890	0.0000	0.0000	-4.6110	0.0000	0.0000	-53.6520	0.0000	0.0000	0.0000	-2.0990	0.0000	0.0000	-14.6680	0.0000	-6.5580	0.0000	0.0000
A3	4.7250	-80.1620	0.0000	48.2920	0.0000	0.0000	-4.6600	0.0000	0.0000	-55.3250	0.0000	0.0000	0.0000	-2.0500	0.0000	0.0000	-14.6360	0.0000	-6.8310	0.0000	0.0000
A2	4.5590	-80.7030	0.0000	51.9930	0.0000	0.0000	-4.6150	0.0000	0.0000	-52.7650	0.0000	0.0000	0.0000	-2.1050	0.0000	0.0000	-14.7670	0.0000	-7.1270	0.0000	0.0000
A5	5.7000	-83.4760	0.0000	51.7420	0.0000	0.0000	-4.6130	0.0000	0.0000	-54.6110	0.0000	0.0000	0.0000	-2.1090	0.0000	0.0000	-14.8480	0.0000	-7.0060	0.0000	0.0000
A4	4.6400	-79.0820	0.0000	50.0230	0.0000	0.0000	-4.6180	0.0000	0.0000	-52.6020	0.0000	0.0000	0.0000	-2.2530	0.0000	0.0000	-14.6000	0.0000	-6.7130	0.0000	0.0000
A7	6.5680	-84.5350	0.0000	51.4680	0.0000	0.0000	-4.6030	0.0000	0.0000	-55.5290	0.0000	0.0000	0.0000	-2.1620	0.0000	0.0000	-14.8950	0.0000	-7.3710	0.0000	0.0000
A6	4.4830	-80.5190	0.0000	51.9270	0.0390	0.0000	-4.6050	-0.0220	-0.0020	-52.7260	0.0000	0.0000	-0.0040	-2.1080	0.0030	-0.0030	-14.8360	0.0140	-7.1320	0.0200	0.0220
A9	4.3940	-79.9290	0.0000	53.0540	0.0000	0.0000	-4.6500	0.0000	0.0000	-51.9640	0.0000	0.0000	0.0000	-2.1840	0.0000	0.0000	-15.2300	0.0000	-7.4180	0.0000	0.0000
A8	4.1280	-79.3320	0.0000	50.2830	0.0000	0.0000	-4.6150	0.0000	0.0000	-53.8530	0.0000	0.0000	0.0000	-2.3010	0.0000	0.0000	-14.5300	0.0000	-7.4850	0.0000	0.0000
D8	4.4910	-80.9160	0.0000	53.5840	0.0000	0.0000	-4.6280	0.0000	0.0000	-51.6400	0.0000	0.0000	0.0000	-2.0920	0.0000	0.0000	-14.9450	0.0000	-7.1330	0.0000	0.0000
D9	5.4770	-82.7070	0.0000	52.1030	0.0000	0.0000	-4.6560	0.0000	0.0000	-54.4490	0.0000	0.0000	0.0000	-2.0040	0.0000	0.0000	-15.4280	0.0000	-7.2360	0.0000	0.0000
D6	6.9020	-83.5000	0.0000	52.0780	0.0000	0.0000	-4.6570	0.0000	0.0000	-53.8470	0.0000	0.0000	0.0000	-2.0180	0.0000	0.0000	-15.5870	0.0000	-7.0650	0.0000	0.0000
D7	5.6740	-83.2100	0.0000	52.4220	0.0000	0.0000	-4.6460	0.0000	0.0000	-54.4370	0.0000	0.0000	0.0000	-1.9670	0.0000	0.0000	-15.4190	0.0000	-7.2900	0.0000	0.0000
D4	9.8380	-89.1190	0.0000	52.7320	0.0520	-0.0040	-4.5930	-0.0960	0.2210	-55.1730	0.0000	0.0000	-0.0630	-1.7680	-0.1810	-0.4310	-16.1510	0.2190	-6.4520	0.8160	-0.1920
D5	6.3310	-88.5560	0.0000	56.3480	-0.6410	-0.0050	-3.8850	1.3740	0.9900	-53.5260	0.0000	0.0000	-0.5300	-1.0950	-1.4730	-0.5090	-11.2720	0.2920	-7.5720	-3.3850	0.0600
D2	5.2090	-81.1010	0.0000	51.4960	0.0000	0.0000	-4.6480	0.0000	0.0000	-53.6760	0.0000	0.0000	0.0000	-1.9880	0.0000	0.0000	-15.3420	0.0000	-7.3010	0.0000	0.0000
D3	9.9120	-87.7220	0.0000	52.4840	0.0000	0.0000	-4.6550	0.0000	0.0000	-54.5180	0.0000	0.0000	0.0000	-1.8340	0.0000	0.0000	-15.7560	0.0000	-6.9470	0.0000	0.0000
D1	3.3400	-79.7360	0.0000	53.3980	0.0000	0.0000	-4.6320	0.0000	0.0000	-51.4460	0.0000	0.0000	0.0000	-2.0820	0.0000	0.0000	-14.7850	0.0000	-6.9490	0.0000	0.0000
