G7	-1.19	0.23	0.36	0.08	0.14	-0.19	0.05	-0.01	-0.39	-0.05	-0.51	-0.15	0.05	-0.49	0.08	0.29	-0.03	-0.11
G6	-1.03	0.78	0.64	0.08	0.14	-0.06	0.05	-0.01	1.44	-0.05	-0.33	-0.15	0.05	0.74	0.08	0.44	-0.03	-0.11
G5	-0.77	0.83	-0.32	0.08	0.14	-0.27	0.05	-0.01	0.28	-0.05	-0.19	-0.15	0.05	-0.21	0.08	0.71	-0.03	-0.11
G4	2.41	1.10	-1.11	0.08	0.14	3.73	0.05	-0.01	0.72	-0.05	-2.46	-0.15	0.05	-1.79	0.08	1.94	-0.03	-0.11
G3	1.71	-2.14	-0.48	0.08	0.14	-0.20	0.05	-0.01	-2.26	-0.05	-0.26	-0.15	0.05	-0.26	0.08	0.22	-0.03	-0.11
G2	1.31	-1.91	-0.03	0.08	0.14	-0.18	0.05	-0.01	-1.80	-0.05	-0.24	-0.15	0.05	-0.26	0.08	0.07	-0.03	-0.11
G1	-0.92	0.13	0.28	0.08	0.14	-0.21	0.05	-0.01	-0.09	-0.05	-0.43	-0.15	0.05	0.13	0.08	0.21	-0.03	-0.11
G9	-0.79	0.20	0.05	0.08	0.14	-0.21	0.05	-0.01	-0.10	-0.05	-0.43	-0.15	0.05	0.30	0.08	0.15	-0.03	-0.11
G8	-1.33	0.54	0.76	0.08	0.14	-0.16	0.05	-0.01	0.18	-0.05	-0.63	-0.15	0.05	-0.63	0.08	0.30	-0.03	-0.11
N6	-0.47	0.28	-0.28	0.08	0.14	-0.22	0.05	-0.01	0.55	-0.05	1.25	-0.15	0.05	0.33	0.08	0.17	-0.03	-0.11
N7	-0.69	-0.17	1.04	0.08	0.14	-0.22	0.05	-0.01	0.14	-0.05	-0.88	-0.15	0.05	0.14	0.08	-0.03	-0.03	-0.11
B4	0.75	-2.27	0.91	0.08	0.14	-0.19	0.05	-0.01	-1.47	-0.05	1.09	-0.15	0.05	-0.52	0.08	-0.66	-0.03	-0.11
B5	-0.13	0.03	-1.23	0.08	0.14	-0.22	0.05	-0.01	-0.32	-0.05	1.22	-0.15	0.05	0.59	0.08	0.25	-0.03	-0.11
B6	0.45	1.48	-1.11	0.08	0.14	3.48	0.05	-0.01	0.27	-0.05	-2.56	-0.15	0.05	-1.39	0.08	1.79	-0.03	-0.11
B7	0.82	-0.79	-0.06	0.08	0.14	-0.23	0.05	-0.01	-0.49	-0.05	-0.21	-0.15	0.05	0.00	0.08	0.49	-0.03	-0.11
B1	-0.23	0.57	-1.63	0.08	0.14	-0.29	0.05	-0.01	-0.47	-0.05	1.08	-0.15	0.05	0.54	0.08	-0.38	-0.03	-0.11
B2	-0.06	2.63	-2.92	0.08	0.14	0.65	0.05	-0.01	0.70	-0.05	0.21	-0.15	0.05	0.05	0.08	0.85	-0.03	-0.11
B3	0.34	-1.65	0.84	0.08	0.14	-0.04	0.05	-0.01	-1.79	-0.05	-0.59	-0.15	0.05	-1.35	0.08	0.31	-0.03	-0.11
B8	3.00	-1.40	-0.64	0.08	0.14	-0.21	0.05	-0.01	-0.79	-0.05	-0.48	-0.15	0.05	-0.44	0.08	1.08	-0.03	-0.11
B9	0.34	1.47	-1.12	0.08	0.14	3.45	0.05	-0.01	0.36	-0.05	-2.53	-0.15	0.05	-1.17	0.08	1.92	-0.03	-0.11
N5	-0.05	-0.25	0.12	0.08	0.14	-0.21	0.05	-0.01	0.73	-0.05	1.22	-0.15	0.05	1.20	0.08	-0.60	-0.03	-0.11
P10	-0.04	-0.69	-0.48	0.08	0.14	-0.22	0.05	-0.01	-1.32	-0.05	-0.74	-0.15	0.05	0.07	0.08	0.65	-0.03	-0.11
P11	-0.06	-0.43	-1.34	0.08	0.14	-0.24	0.05	-0.01	-0.94	-0.05	1.20	-0.15	0.05	0.54	0.08	0.33	-0.03	-0.11
P12	-0.01	-0.78	-0.38	0.08	0.14	0.04	0.05	-0.01	-0.35	-0.05	1.03	-0.15	0.05	0.53	0.08	0.49	-0.03	-0.11
E9	-0.67	0.10	-0.49	0.68	-3.98	-0.26	0.20	-1.10	-0.77	-0.87	0.38	4.57	-0.52	0.11	-0.76	0.25	-1.72	0.43
E8	-0.88	0.31	0.65	0.08	0.14	-0.28	0.05	-0.01	0.40	-0.05	-0.36	-0.15	0.05	-0.30	0.08	0.54	-0.03	-0.11
E5	-0.88	0.22	0.36	0.08	0.14	-0.25	0.05	-0.01	-0.04	-0.05	-0.38	-0.15	0.05	-0.27	0.08	0.38	-0.03	-0.11
E4	-0.83	0.52	0.32	0.08	0.14	-0.23	0.05	-0.01	0.27	-0.05	-0.38	-0.15	0.05	-0.23	0.08	0.23	-0.03	-0.11
E7	-0.82	0.26	-0.62	0.08	0.14	-0.22	0.05	-0.01	-0.75	-0.05	-0.26	-0.15	0.05	-0.24	0.08	0.61	-0.03	-0.11
E6	0.71	-0.21	-0.36	0.08	0.14	-0.22	0.05	-0.01	0.02	-0.05	-0.38	-0.15	0.05	0.21	0.08	0.84	-0.03	-0.11
E1	-0.83	-0.02	0.38	0.08	0.14	-0.27	0.05	-0.01	-0.25	-0.05	-0.38	-0.15	0.05	-0.26	0.08	0.43	-0.03	-0.11
P8	-0.14	-0.24	0.12	0.08	0.14	-0.23	0.05	-0.01	-0.31	-0.05	-0.76	-0.15	0.05	0.17	0.08	0.44	-0.03	-0.11
E3	0.66	2.08	-1.41	0.08	0.14	3.54	0.05	-0.01	0.69	-0.05	-2.55	-0.15	0.05	-1.54	0.08	1.75	-0.03	-0.11
E2	-0.38	-0.70	0.33	0.08	0.14	-0.33	0.05	-0.01	-0.53	-0.05	-0.43	-0.15	0.05	0.24	0.08	0.64	-0.03	-0.11
P2	0.13	-0.89	-0.39	0.08	0.14	-0.29	0.05	-0.01	-1.44	-0.05	-0.73	-0.15	0.05	0.14	0.08	0.39	-0.03	-0.11
P3	0.80	-1.28	-0.54	0.08	0.14	-0.26	0.05	-0.01	-1.77	-0.05	-0.77	-0.15	0.05	-0.13	0.08	0.63	-0.03	-0.11
P1	0.45	-1.15	-0.60	0.08	0.14	-0.26	0.05	-0.01	-1.96	-0.05	-0.79	-0.15	0.05	-0.11	0.08	0.34	-0.03	-0.11
P6	0.24	-0.40	-0.92	0.08	0.14	-0.29	0.05	-0.01	-0.24	-0.05	1.18	-0.15	0.05	0.75	0.08	0.32	-0.03	-0.11
P7	-0.21	1.82	-3.75	-3.20	5.00	-0.52	2.90	3.83	1.00	-3.62	-0.60	5.00	-0.08	4.53	-3.64	1.62	-0.52	0.57
P4	0.07	-0.85	-0.42	0.08	0.14	-0.23	0.05	-0.01	-1.43	-0.05	-0.76	-0.15	0.05	0.11	0.08	0.52	-0.03	-0.11
P5	0.54	-0.79	-0.04	0.08	0.14	-0.23	0.05	-0.01	-0.77	-0.05	-0.78	-0.15	0.05	0.15	0.08	0.43	-0.03	-0.11
H10	0.09	-1.08	0.10	0.08	0.14	-0.25	0.05	-0.01	-1.46	-0.05	-0.63	-0.15	0.05	-0.33	0.08	0.29	-0.03	-0.11
H11	-0.05	-1.99	0.37	0.08	0.14	-0.25	0.05	-0.01	-1.32	-0.05	1.10	-0.15	0.05	1.34	0.08	-1.40	-0.03	-0.11
H12	0.16	-2.07	1.35	0.08	0.14	-0.40	0.05	-0.01	-1.15	-0.05	-0.73	-0.15	0.05	1.09	0.08	-1.07	-0.03	-0.11
P9	-0.79	-1.30	1.10	0.08	0.14	-0.13	0.05	-0.01	-1.45	-0.05	-0.80	-0.15	0.05	-0.39	0.08	-0.16	-0.03	-0.11
F12	3.01	-1.29	-0.82	0.08	0.14	-0.33	0.05	-0.01	-0.88	-0.05	0.03	-0.15	0.05	-0.45	0.08	0.44	-0.03	-0.11
F10	1.24	-1.60	-0.43	0.08	0.14	-0.13	0.05	-0.01	-1.93	-0.05	-0.26	-0.15	0.05	-0.32	0.08	0.01	-0.03	-0.11
F11	0.24	-1.31	-0.09	0.08	0.14	-0.16	0.05	-0.01	-1.06	-0.05	-0.13	-0.15	0.05	0.66	0.08	0.28	-0.03	-0.11
N12	0.16	0.67	-1.03	0.08	0.14	-0.25	0.05	-0.01	0.78	-0.05	1.19	-0.15	0.05	0.77	0.08	0.09	-0.03	-0.11
H8	-0.23	0.58	-1.01	0.08	0.14	-0.19	0.05	-0.01	0.58	-0.05	1.11	-0.15	0.05	0.86	0.08	0.25	-0.03	-0.11
H9	-0.28	0.55	-1.10	0.08	0.14	-0.19	0.05	-0.01	0.44	-0.05	1.11	-0.15	0.05	0.88	0.08	0.24	-0.03	-0.11
H6	-0.16	0.72	-0.97	-0.74	-0.19	-0.41	0.10	-1.18	0.54	0.68	1.21	1.36	-0.13	0.67	-0.46	0.49	-1.43	0.41
H7	-0.23	0.50	-0.85	0.08	0.14	-0.26	0.05	-0.01	0.58	-0.05	1.13	-0.15	0.05	0.79	0.08	0.22	-0.03	-0.11
H4	-0.86	0.92	-0.68	-0.07	-0.73	-0.27	0.06	0.99	0.98	-0.05	0.99	-0.41	-0.05	1.07	0.60	0.03	-0.09	-0.11
H5	-0.65	0.55	-0.63	3.74	0.14	-0.19	-1.91	-0.10	0.30	1.40	1.20	-0.28	-3.19	0.39	0.50	0.24	0.06	-0.33
D10	-0.91	0.07	0.26	0.08	0.14	-0.25	0.05	-0.01	-0.37	-0.05	-0.37	-0.15	0.05	-0.37	0.08	0.40	-0.03	-0.11
D11	-0.51	0.13	-0.60	-0.37	-5.00	-0.25	0.33	-1.85	-0.86	0.95	0.46	4.84	-0.25	0.09	-1.59	0.18	-2.08	0.80
D12	-0.80	-0.22	-1.00	0.08	0.14	-0.18	0.05	-0.01	-1.66	-0.05	-0.26	-0.15	0.05	-0.31	0.08	0.67	-0.03	-0.11
B12	0.26	1.71	-1.25	0.08	0.14	3.54	0.05	-0.01	0.34	-0.05	-2.54	-0.15	0.05	-1.45	0.08	1.95	-0.03	-0.11
B10	0.28	1.55	-1.17	0.08	0.14	3.48	0.05	-0.01	0.33	-0.05	-2.48	-0.15	0.05	-1.17	0.08	1.70	-0.03	-0.11
B11	0.57	1.34	-1.08	0.08	0.14	3.44	0.05	-0.01	0.39	-0.05	-2.49	-0.15	0.05	-1.15	0.08	1.87	-0.03	-0.11
Q8	-0.01	-1.15	0.31	0.08	0.14	-0.23	0.05	-0.01	-1.69	-0.05	-0.79	-0.15	0.05	-0.68	0.08	0.17	-0.03	-0.11
Q9	0.31	-0.55	-0.75	0.08	0.14	-0.30	0.05	-0.01	-0.37	-0.05	1.20	-0.15	0.05	0.38	0.08	0.46	-0.03	-0.11
C9	-0.82	0.53	0.24	0.08	0.14	-0.23	0.05	-0.01	0.20	-0.05	-0.36	-0.15	0.05	-0.29	0.08	0.29	-0.03	-0.11
C8	-0.61	-0.09	-0.25	0.08	0.14	-0.26	0.05	-0.01	-0.81	-0.05	-0.36	-0.15	0.05	-0.27	0.08	0.49	-0.03	-0.11
Q11	0.11	-0.62	-1.27	0.08	0.14	-0.27	0.05	-0.01	-1.07	-0.05	1.19	-0.15	0.05	0.45	0.08	0.30	-0.03	-0.11
Q10	0.13	-0.91	-0.36	0.08	0.14	-0.24	0.05	-0.01	-1.47	-0.05	-0.77	-0.15	0.05	0.05	0.08	0.49	-0.03	-0.11
Q12	0.10	-0.92	-0.42	0.08	0.14	-0.18	0.05	-0.01	-1.51	-0.05	-0.77	-0.15	0.05	0.07	0.08	0.55	-0.03	-0.11
C3	0.20	1.78	-1.32	0.08	0.14	3.52	0.05	-0.01	0.39	-0.05	-2.46	-0.15	0.05	-1.41	0.08	1.99	-0.03	-0.11
C2	0.30	1.47	-1.04	0.08	0.14	3.46	0.05	-0.01	0.47	-0.05	-2.49	-0.15	0.05	-1.29	0.08	2.16	-0.03	-0.11
C1	5.00	-2.85	2.71	-0.89	-5.00	-3.45	-5.00	5.00	0.26	5.00	-1.17	-0.01	-3.33	-5.00	-5.00	1.75	5.00	5.00
C7	-0.91	1.09	-0.05	0.08	0.14	-0.21	0.05	-0.01	0.69	-0.05	-0.37	-0.15	0.05	-0.07	0.08	0.43	-0.03	-0.11
C6	-1.00	0.87	0.01	0.08	0.14	-0.25	0.05	-0.01	0.34	-0.05	-0.39	-0.15	0.05	-0.31	0.08	0.52	-0.03	-0.11
C5	-0.82	0.53	0.24	0.08	0.14	-0.23	0.05	-0.01	0.20	-0.05	-0.36	-0.15	0.05	-0.29	0.08	0.29	-0.03	-0.11
C4	-1.01	0.86	-0.35	0.08	0.14	-0.23	0.05	-0.01	0.07	-0.05	-0.32	-0.15	0.05	-0.19	0.08	0.53	-0.03	-0.11
N10	-0.68	0.37	0.80	-3.73	-0.08	-0.58	2.12	-1.06	0.88	-2.31	-0.82	2.08	-3.13	0.00	0.94	1.23	-0.16	0.11
N8	0.04	-0.51	0.05	0.08	0.14	-0.22	0.05	-0.01	0.30	-0.05	1.21	-0.15	0.05	0.92	0.08	-0.41	-0.03	-0.11
N9	-1.05	0.13	-0.61	0.08	0.14	0.06	0.05	-0.01	-0.88	-0.05	1.03	-0.15	0.05	-0.36	0.08	-0.37	-0.03	-0.11
N11	0.64	0.27	-1.63	0.08	0.14	-0.02	0.05	-0.01	-0.27	-0.05	-0.18	-0.15	0.05	0.86	0.08	0.72	-0.03	-0.11
G12	1.15	-1.36	0.28	0.08	0.14	-0.16	0.05	-0.01	-0.89	-0.05	-0.32	-0.15	0.05	-0.19	0.08	0.23	-0.03	-0.11
G11	1.63	-1.90	0.17	0.08	0.14	-0.22	0.05	-0.01	-1.36	-0.05	-0.19	-0.15	0.05	-0.24	0.08	0.22	-0.03	-0.11
G10	-0.71	0.44	0.17	0.08	0.14	-0.19	0.05	-0.01	0.28	-0.05	-0.31	-0.15	0.05	0.12	0.08	0.14	-0.03	-0.11
F1	-0.77	0.23	-0.64	0.08	0.14	-0.24	0.05	-0.01	-0.78	-0.05	-0.26	-0.15	0.05	-0.23	0.08	0.63	-0.03	-0.11
F2	0.72	-0.27	-0.88	0.08	0.14	-0.04	0.05	-0.01	-0.52	-0.05	-0.23	-0.15	0.05	0.21	0.08	0.67	-0.03	-0.11
F3	-0.96	-0.25	0.19	0.08	0.14	-0.19	0.05	-0.01	-1.16	-0.05	-0.66	-0.15	0.05	-0.63	0.08	0.19	-0.03	-0.11
F4	0.41	1.34	-0.98	0.08	0.14	3.38	0.05	-0.01	0.34	-0.05	-2.56	-0.15	0.05	-1.38	0.08	2.15	-0.03	-0.11
F5	-0.98	0.37	0.10	0.08	0.14	-0.27	0.05	-0.01	-0.20	-0.05	-0.38	-0.15	0.05	-0.33	0.08	0.38	-0.03	-0.11
F6	-1.17	-0.33	0.25	0.08	0.14	-0.16	0.05	-0.01	-1.39	-0.05	-0.65	-0.15	0.05	-0.70	0.08	0.03	-0.03	-0.11
F7	0.79	-0.37	-0.89	0.08	0.14	-0.06	0.05	-0.01	-0.59	-0.05	-0.23	-0.15	0.05	0.13	0.08	0.84	-0.03	-0.11
F8	-0.77	0.11	-0.79	0.08	0.25	-0.23	-0.15	-0.26	-1.03	0.16	-0.28	0.18	0.04	-0.27	0.31	0.69	0.03	-0.17
F9	0.47	1.33	-1.12	0.08	0.14	3.44	0.05	-0.01	0.25	-0.05	-2.52	-0.15	0.05	-1.16	0.08	1.84	-0.03	-0.11
Q1	-0.02	0.32	-0.63	0.08	0.14	-0.26	0.05	-0.01	0.69	-0.05	1.20	-0.15	0.05	0.75	0.08	0.21	-0.03	-0.11
Q3	-0.13	-0.40	-1.30	-5.00	-3.44	-1.29	-2.14	-5.00	0.11	-0.56	0.91	-2.90	-5.00	4.99	5.00	-0.84	-3.92	-0.58
Q2	-0.11	-0.26	-0.92	0.08	0.14	-0.27	0.09	-0.31	-0.30	0.13	1.20	0.05	0.01	0.67	0.33	0.25	0.00	-0.16
Q5	0.15	-0.92	-0.37	0.08	0.14	-0.25	0.05	-0.01	-1.48	-0.05	-0.77	-0.15	0.05	0.04	0.08	0.48	-0.03	-0.11
Q4	-0.82	-1.00	0.34	-5.00	2.20	-0.13	3.25	5.00	-0.79	-2.59	-0.97	2.80	-2.31	0.18	1.44	0.97	1.17	-0.05
Q7	1.50	-1.30	-0.88	0.08	0.14	-0.22	0.05	-0.01	-0.98	-0.05	1.12	-0.15	0.05	0.27	0.08	0.11	-0.03	-0.11
Q6	1.52	-1.16	-1.32	0.08	0.14	-0.26	0.05	-0.01	-1.20	-0.05	-0.32	-0.15	0.05	0.86	0.08	0.88	-0.03	-0.11
E11	-0.77	0.31	0.25	0.08	0.14	-0.15	0.05	-0.01	0.46	-0.05	-0.26	-0.15	0.05	0.67	0.08	0.02	-0.03	-0.11
E10	0.38	1.56	-1.14	0.08	0.14	3.44	0.05	-0.01	0.46	-0.05	-2.54	-0.15	0.05	-1.19	0.08	1.93	-0.03	-0.11
E12	-0.67	0.10	0.14	0.68	-3.22	-0.29	0.18	-1.56	-0.29	0.78	0.39	2.35	-0.32	-0.09	-0.67	0.22	-1.89	0.29
C12	-0.82	0.28	-0.72	0.08	0.14	-0.22	0.05	-0.01	-0.79	-0.05	-0.26	-0.15	0.05	-0.23	0.08	0.69	-0.03	-0.11
C11	1.03	-0.06	-1.05	0.08	0.14	-0.11	0.05	-0.01	-0.31	-0.05	0.03	-0.15	0.05	-0.03	0.08	0.74	-0.03	-0.11
C10	-0.87	0.22	0.26	0.08	0.14	-0.23	0.05	-0.01	-0.11	-0.05	-0.37	-0.15	0.05	-0.28	0.08	0.41	-0.03	-0.11
A11	-0.21	-0.31	0.12	0.08	0.14	-0.16	0.05	-0.01	-0.35	-0.05	-0.73	-0.15	0.05	0.11	0.08	0.68	-0.03	-0.11
A10	1.32	-2.24	-0.08	0.08	0.14	-0.25	0.05	-0.01	-2.10	-0.05	-0.18	-0.15	0.05	-0.14	0.08	0.19	-0.03	-0.11
A12	0.12	0.28	-1.08	0.08	0.14	-0.27	0.05	-0.01	0.36	-0.05	1.19	-0.15	0.05	0.81	0.08	0.34	-0.03	-0.11
A1	-0.28	-1.50	0.33	0.08	0.14	-0.07	0.05	-0.01	-2.66	-0.05	-2.63	-0.15	0.05	-0.78	0.08	1.05	-0.03	-0.11
A3	-0.02	0.29	-1.01	0.08	0.14	-0.25	0.05	-0.01	0.34	-0.05	1.21	-0.15	0.05	0.82	0.08	0.21	-0.03	-0.11
A2	-0.19	0.05	-0.79	0.08	0.14	-0.24	0.05	-0.01	0.09	-0.05	1.21	-0.15	0.05	0.63	0.08	0.21	-0.03	-0.11
A5	0.22	-1.19	-0.50	0.08	0.14	0.03	0.05	-0.01	-0.88	-0.05	1.01	-0.15	0.05	0.46	0.08	0.46	-0.03	-0.11
A4	-0.57	-0.10	-0.02	0.08	0.14	-0.33	0.05	-0.01	-0.79	-0.05	-0.76	-0.15	0.05	0.26	0.08	-0.40	-0.03	-0.11
A7	0.44	-1.48	-0.50	0.08	0.14	-0.16	0.05	-0.01	-1.44	-0.05	1.14	-0.15	0.05	0.30	0.08	-0.25	-0.03	-0.11
A6	-0.21	0.06	-0.78	0.08	0.14	-0.24	0.05	-0.01	0.11	-0.05	1.21	-0.15	0.05	0.64	0.08	0.21	-0.03	-0.11
A9	-0.03	0.01	0.54	0.08	0.14	-0.17	0.05	-0.01	0.57	-0.05	-0.71	-0.15	0.05	0.85	0.08	-0.29	-0.03	-0.11
A8	0.64	0.30	-0.35	0.08	0.14	-0.29	0.05	-0.01	0.22	-0.05	-0.76	-0.15	0.05	0.33	0.08	0.14	-0.03	-0.11
D8	-0.83	0.20	-0.03	0.23	-3.12	-0.29	0.07	-1.56	-0.38	2.74	0.40	3.53	-0.58	-0.00	-1.44	0.31	-2.07	1.23
D9	-0.74	-0.03	-0.57	0.23	-3.88	-0.26	0.20	-1.93	-1.08	0.57	0.38	4.12	-0.57	-0.08	-0.03	0.20	-1.74	0.63
D6	1.13	-0.64	-0.40	0.08	0.14	-0.23	0.05	-0.01	-0.72	-0.05	-0.41	-0.15	0.05	-0.56	0.08	0.92	-0.03	-0.11
D7	-0.84	0.12	-0.71	0.08	0.14	-0.20	0.05	-0.01	-1.03	-0.05	-0.27	-0.15	0.05	-0.30	0.08	0.65	-0.03	-0.11
D4	2.36	-1.24	-0.38	0.08	0.14	-0.26	0.05	-0.01	-0.57	-0.05	-0.46	-0.15	0.05	-0.43	0.08	1.33	-0.03	-0.11
D5	0.51	1.36	-1.11	0.08	0.14	3.48	0.05	-0.01	0.15	-0.05	-2.59	-0.15	0.05	-1.35	0.08	1.76	-0.03	-0.11
D2	-0.62	-0.02	-0.09	0.08	0.14	-0.20	0.05	-0.01	-0.09	-0.05	-0.24	-0.15	0.05	0.61	0.08	0.29	-0.03	-0.11
D3	1.85	-1.16	-0.42	0.08	0.14	-0.25	0.05	-0.01	-0.78	-0.05	-0.45	-0.15	0.05	-0.41	0.08	1.28	-0.03	-0.11
D1	-0.88	0.29	0.59	0.08	0.14	-0.27	0.05	-0.01	0.32	-0.05	-0.36	-0.15	0.05	-0.32	0.08	0.58	-0.03	-0.11
K12	0.61	0.22	2.17	0.08	0.14	-0.18	0.05	-0.01	1.44	-0.05	0.22	-0.15	0.05	-0.89	0.08	-2.07	-0.03	-0.11
K11	-1.02	1.49	0.67	0.08	0.14	-0.22	0.05	-0.01	2.47	-0.05	1.04	-0.15	0.05	0.95	0.08	-0.76	-0.03	-0.11
K10	-1.05	0.54	0.25	0.08	0.14	-0.29	0.05	-0.01	0.97	-0.05	1.05	-0.15	0.05	0.92	0.08	-0.70	-0.03	-0.11
M3	-0.44	0.14	0.15	0.08	0.14	-0.29	0.05	-0.01	0.77	-0.05	1.06	-0.15	0.05	0.79	0.08	-0.37	-0.03	-0.11
M2	-0.50	-0.28	1.23	0.08	0.14	0.07	0.05	-0.01	1.12	-0.05	-0.14	-0.15	0.05	0.83	0.08	0.23	-0.03	-0.11
L10	-0.50	0.74	-0.03	0.08	0.14	-0.29	0.05	-0.01	0.86	-0.05	1.12	-0.15	0.05	0.43	0.08	-0.95	-0.03	-0.11
L11	-0.49	0.47	1.64	0.08	0.14	-0.07	0.05	-0.01	1.18	-0.05	0.29	-0.15	0.05	-1.01	0.08	-0.65	-0.03	-0.11
L12	0.88	-0.69	1.25	0.08	0.14	-0.22	0.05	-0.01	0.01	-0.05	0.15	-0.15	0.05	-0.00	0.08	-2.29	-0.03	-0.11
K3	-0.53	2.07	-0.59	0.08	0.14	-0.34	0.05	-0.01	2.31	-0.05	0.99	-0.15	0.05	0.74	0.08	-0.01	-0.03	-0.11
K2	-0.56	1.62	-0.22	0.08	0.14	-0.29	0.05	-0.01	2.23	-0.05	1.03	-0.15	0.05	0.79	0.08	0.13	-0.03	-0.11
K1	0.88	-1.01	0.17	0.08	0.14	-0.15	0.05	-0.01	-0.98	-0.05	0.15	-0.15	0.05	0.49	0.08	-1.96	-0.03	-0.11
M6	1.32	-0.81	0.49	0.08	0.14	-0.28	0.05	-0.01	0.04	-0.05	1.11	-0.15	0.05	0.46	0.08	-2.18	-0.03	-0.11
K7	0.72	-0.13	1.93	0.08	0.14	-0.26	0.05	-0.01	0.78	-0.05	-0.09	-0.15	0.05	-1.11	0.08	-1.59	-0.03	-0.11
K6	0.62	-0.48	1.77	0.08	0.14	-0.25	0.05	-0.01	0.09	-0.05	0.12	-0.15	0.05	-1.12	0.08	-2.01	-0.03	-0.11
K5	-0.63	1.23	0.10	0.08	0.14	-0.28	0.05	-0.01	2.00	-0.05	1.03	-0.15	0.05	0.63	0.08	0.20	-0.03	-0.11
K4	0.21	-0.08	0.78	0.08	0.14	-0.18	0.05	-0.01	0.29	-0.05	0.04	-0.15	0.05	0.41	0.08	-1.82	-0.03	-0.11
K9	-1.08	0.12	-0.11	0.08	0.14	-0.11	0.05	-0.01	-0.54	-0.05	1.05	-0.15	0.05	-0.52	0.08	-0.43	-0.03	-0.11
K8	0.89	-0.84	1.00	0.08	0.14	-0.17	0.05	-0.01	0.10	-0.05	-0.21	-0.15	0.05	-0.14	0.08	-0.44	-0.03	-0.11
M9	-0.67	1.25	-0.32	0.08	0.14	-0.27	0.05	-0.01	1.60	-0.05	1.02	-0.15	0.05	0.80	0.08	-0.06	-0.03	-0.11
M8	-0.19	0.66	1.35	0.08	0.14	-0.02	0.05	-0.01	1.11	-0.05	0.28	-0.15	0.05	-1.18	0.08	-0.84	-0.03	-0.11
I9	-1.08	1.12	0.54	0.08	0.14	-0.22	0.05	-0.01	1.84	-0.05	1.03	-0.15	0.05	0.92	0.08	-0.85	-0.03	-0.11
I8	0.11	-0.21	1.23	0.08	0.14	-0.25	0.05	-0.01	0.08	-0.05	0.00	-0.15	0.05	-0.51	0.08	-1.59	-0.03	-0.11
I1	-0.55	1.29	-0.65	0.08	0.14	-0.23	0.05	-0.01	1.56	-0.05	1.01	-0.15	0.05	1.04	0.08	0.05	-0.03	-0.11
I3	-1.14	0.19	-0.00	0.08	0.14	-0.24	0.05	-0.01	0.31	-0.05	1.05	-0.15	0.05	0.85	0.08	-0.54	-0.03	-0.11
I2	-0.42	1.70	-0.75	5.00	0.36	-0.40	0.65	3.03	2.32	-0.29	1.00	2.08	2.41	0.85	-0.17	-0.16	2.55	-1.81
I5	0.72	-0.10	1.95	0.08	0.14	-0.19	0.05	-0.01	0.86	-0.05	0.21	-0.15	0.05	-0.91	0.08	-2.13	-0.03	-0.11
I4	-0.42	1.37	-0.18	0.08	0.14	-0.28	0.05	-0.01	1.89	-0.05	1.12	-0.15	0.05	0.75	0.08	-0.35	-0.03	-0.11
I7	-0.51	-1.01	4.18	-0.51	0.03	-2.50	-0.54	-1.72	0.28	-3.31	-0.02	-5.00	5.00	-5.00	-2.48	-0.93	5.00	5.00
I6	-0.97	-1.07	1.45	-1.04	2.20	-0.41	-0.43	-1.06	-0.67	0.19	1.11	-0.21	-0.86	-0.81	0.32	-0.77	0.19	0.14
J12	0.71	-0.29	1.88	0.08	0.14	-0.24	0.05	-0.01	0.43	-0.05	-0.06	-0.15	0.05	-1.11	0.08	-1.94	-0.03	-0.11
J10	0.86	-0.40	1.27	0.08	0.14	-0.19	0.05	-0.01	0.29	-0.05	0.13	-0.15	0.05	-0.10	0.08	-2.33	-0.03	-0.11
J11	-0.59	1.11	0.15	0.01	0.25	-0.28	-0.02	0.15	1.45	-0.11	1.13	0.77	-0.02	0.48	0.22	-0.88	-0.20	-0.16
I11	-0.42	-0.48	1.47	0.08	0.14	-0.43	0.05	-0.01	0.20	-0.05	1.09	-0.15	0.05	-0.86	0.08	-0.95	-0.03	-0.11
I10	1.45	-1.53	0.63	0.08	0.14	-0.17	0.05	-0.01	-1.10	-0.05	0.17	-0.15	0.05	0.24	0.08	-2.25	-0.03	-0.11
I12	-0.70	0.39	0.18	0.08	0.14	-0.28	0.05	-0.01	0.88	-0.05	1.09	-0.15	0.05	0.57	0.08	-0.29	-0.03	-0.11
L6	0.74	-0.10	1.53	0.08	0.14	-0.18	0.05	-0.01	0.88	-0.05	0.13	-0.15	0.05	-0.04	0.08	-2.27	-0.03	-0.11
L7	-0.29	-0.33	0.05	0.08	0.14	-0.28	0.05	-0.01	0.16	-0.05	1.05	-0.15	0.05	0.75	0.08	-0.48	-0.03	-0.11
L4	0.57	0.78	0.91	0.08	0.14	-0.26	0.05	-0.01	1.72	-0.05	-0.36	-0.15	0.05	0.25	0.08	-0.79	-0.03	-0.11
L5	-1.30	0.87	-0.07	0.08	0.14	-0.11	0.05	-0.01	0.31	-0.05	1.05	-0.15	0.05	-0.40	0.08	-0.43	-0.03	-0.11
L2	-0.99	1.13	-0.14	0.08	0.14	-0.25	0.05	-0.01	1.51	-0.05	1.03	-0.15	0.05	0.93	0.08	-0.15	-0.03	-0.11
L3	-1.05	1.53	0.15	0.08	0.14	-0.24	0.05	-0.01	2.20	-0.05	0.99	-0.15	0.05	0.98	0.08	-0.22	-0.03	-0.11
L1	0.22	-0.95	1.07	0.08	0.14	0.07	0.05	-0.01	-0.22	-0.05	-0.08	-0.15	0.05	0.41	0.08	-1.26	-0.03	-0.11
N1	0.12	-1.91	1.38	0.08	0.14	-0.43	0.05	-0.01	-1.24	-0.05	1.07	-0.15	0.05	-0.91	0.08	-0.83	-0.03	-0.11
N2	-0.94	0.68	0.21	0.08	0.14	-0.27	0.05	-0.01	1.19	-0.05	1.05	-0.15	0.05	0.84	0.08	-0.46	-0.03	-0.11
N3	0.91	-0.08	1.21	0.01	0.14	-0.34	0.01	-0.10	1.21	0.16	1.12	-0.21	0.04	0.10	0.18	-2.05	-0.01	-0.24
N4	0.28	-1.00	-0.26	0.08	0.14	-0.22	0.05	-0.01	-0.49	-0.05	1.20	-0.15	0.05	0.85	0.08	-0.42	-0.03	-0.11
L8	-0.44	0.80	-0.51	0.08	0.14	-0.16	0.05	-0.01	0.24	-0.05	-0.19	-0.15	0.05	0.85	0.08	-0.91	-0.03	-0.11
L9	0.36	0.58	0.73	0.08	0.14	-0.17	0.05	-0.01	0.92	-0.05	-0.01	-0.15	0.05	0.22	0.08	-1.91	-0.03	-0.11
M5	-0.08	0.99	1.27	0.08	0.14	-0.21	0.05	-0.01	1.30	-0.05	0.03	-0.15	0.05	-0.77	0.08	-1.49	-0.03	-0.11
J8	0.65	-1.39	2.15	0.08	0.14	-0.41	0.05	-0.01	0.57	-0.05	0.22	-0.15	0.05	-0.05	0.08	-0.64	-0.03	-0.11
J9	0.09	0.03	1.31	0.08	0.14	-0.23	0.05	-0.01	0.37	-0.05	0.03	-0.15	0.05	-0.66	0.08	-1.57	-0.03	-0.11
M7	0.21	-0.61	1.86	0.08	0.14	-0.32	0.05	-0.01	0.17	-0.05	-0.00	-0.15	0.05	-0.59	0.08	-1.72	-0.03	-0.11
M4	0.00	0.75	1.31	0.08	0.14	-0.22	0.05	-0.01	1.23	-0.05	0.10	-0.15	0.05	-0.58	0.08	-1.55	-0.03	-0.11
J4	-0.45	0.89	0.70	0.38	-3.01	-0.34	-0.61	-1.10	1.03	2.05	-1.25	0.18	1.25	0.79	-1.35	-0.57	-0.12	0.04
J5	0.57	-1.18	2.37	0.08	0.14	-0.22	0.05	-0.01	-0.09	-0.05	-0.04	-0.15	0.05	-0.91	0.08	-2.04	-0.03	-0.11
J6	0.66	0.15	1.94	0.08	0.14	-0.19	0.05	-0.01	0.95	-0.05	0.12	-0.15	0.05	-1.25	0.08	-2.01	-0.03	-0.11
J7	1.11	-0.73	1.42	0.08	0.14	-0.28	0.05	-0.01	-0.02	-0.05	0.16	-0.15	0.05	-0.74	0.08	-1.91	-0.03	-0.11
J1	-0.64	0.72	-0.44	0.08	0.14	-0.27	0.05	-0.01	1.00	-0.05	1.02	-0.15	0.05	0.91	0.08	0.08	-0.03	-0.11
J2	-1.14	0.84	0.08	0.08	0.14	-0.16	0.05	-0.01	0.66	-0.05	1.04	-0.15	0.05	0.01	0.08	-0.57	-0.03	-0.11
J3	-0.95	0.66	-0.37	0.08	0.14	-0.24	0.05	-0.01	0.81	-0.05	1.01	-0.15	0.05	0.81	0.08	0.15	-0.03	-0.11
M11	-1.31	2.37	-0.92	0.08	0.14	-0.29	0.05	-0.01	2.23	-0.05	1.04	-0.15	0.05	0.87	0.08	0.49	-0.03	-0.11
M10	-1.01	0.48	-0.22	0.08	0.14	-0.24	0.05	-0.01	0.60	-0.05	1.00	-0.15	0.05	0.80	0.08	-0.14	-0.03	-0.11
M12	0.12	0.69	1.39	0.08	0.14	-0.24	0.05	-0.01	1.15	-0.05	0.06	-0.15	0.05	-0.75	0.08	-1.63	-0.03	-0.11
M1	0.51	-0.43	0.26	0.08	0.14	-0.16	0.05	-0.01	-0.31	-0.05	0.13	-0.15	0.05	0.61	0.08	-1.84	-0.03	-0.11
