G7	-0.36	0.65	0.80	-0.05	-0.07	0.33	-0.60	-0.56	1.18	-0.40	0.63	1.95	0.12	-0.54	0.49	0.53	-0.74	0.63
G6	-1.42	1.31	0.38	-0.03	-0.07	0.38	-0.10	0.10	0.95	-0.09	0.56	0.07	-0.06	-0.45	-0.14	-0.03	0.05	0.14
G5	0.55	0.89	-0.46	-0.03	-0.07	0.09	-0.10	0.10	0.93	-0.09	0.61	0.07	-0.06	-0.71	-0.14	-0.08	0.05	0.14
G4	1.96	-1.65	1.04	-0.03	-0.07	-0.32	-0.10	0.10	-0.13	-0.09	0.77	0.07	-0.06	-0.67	-0.14	-0.14	0.05	0.14
G3	1.28	-1.17	-1.07	-0.03	-0.07	-0.14	-0.10	0.10	-1.63	-0.09	0.63	0.07	-0.06	-1.08	-0.14	0.20	0.05	0.14
G2	2.00	-1.75	-0.04	-0.03	-0.07	0.22	-0.10	0.10	-1.22	-0.09	0.54	0.07	-0.06	-0.97	-0.14	-0.25	0.05	0.14
G1	-0.50	0.05	1.24	-0.03	-0.07	0.20	-0.10	0.10	0.59	-0.09	0.63	0.07	-0.06	-0.69	-0.14	0.15	0.05	0.14
G9	-0.31	0.37	0.75	-0.03	-0.07	0.36	-0.10	0.10	0.83	-0.09	0.63	0.07	-0.06	-0.73	-0.14	0.44	0.05	0.14
G8	-1.42	1.16	1.92	-0.03	-0.07	0.60	-0.10	0.10	1.91	-0.09	0.59	0.07	-0.06	-0.87	-0.14	0.42	0.05	0.14
N6	-0.81	0.62	-0.04	-0.03	-0.07	0.69	-0.10	0.10	0.71	-0.09	0.57	0.07	-0.06	0.15	-0.14	0.96	0.05	0.14
N7	-0.72	1.10	-0.29	-0.03	-0.07	-0.41	-0.10	0.10	1.51	-0.09	0.73	0.07	-0.06	0.71	-0.14	1.34	0.05	0.14
B4	2.22	-1.37	-0.28	-0.03	-0.07	0.09	-0.10	0.10	-0.82	-0.09	0.68	0.07	-0.06	-1.02	-0.14	-0.31	0.05	0.14
B5	-0.49	0.27	-1.18	-0.03	-0.07	0.24	-0.10	0.10	-0.36	-0.09	0.62	0.07	-0.06	0.23	-0.14	0.91	0.05	0.14
B6	1.96	-1.62	-0.88	-2.74	1.02	0.13	-0.91	0.81	0.05	-0.28	0.55	-1.17	-2.01	3.37	0.89	1.02	-0.80	-0.43
B7	0.26	-1.04	-0.50	-0.03	-0.07	0.65	0.09	-0.50	-1.32	-0.02	0.61	-0.04	-0.11	-0.35	-0.15	0.51	0.05	0.37
B1	-0.22	0.23	-0.36	-0.03	-0.07	-0.21	-0.10	0.10	-0.04	-0.09	0.57	0.07	-0.06	0.12	-0.14	-0.26	0.05	0.14
B2	2.09	-1.56	-3.71	-0.03	-0.07	-0.32	-0.10	0.10	-2.93	-0.09	0.62	0.07	-0.06	0.27	-0.14	0.69	0.05	0.14
B3	0.60	-0.75	0.18	-0.03	-0.07	-1.15	-0.10	0.10	-0.12	-0.09	0.71	0.07	-0.06	-0.40	-0.14	0.95	0.05	0.14
B8	1.08	-1.04	1.29	-0.03	-0.07	1.23	-0.10	0.10	0.31	-0.09	0.57	0.07	-0.06	-0.41	-0.14	-0.20	0.05	0.14
B9	0.70	-1.02	2.39	-0.03	-0.07	0.47	-0.10	0.10	0.69	-0.09	0.64	0.07	-0.06	-0.71	-0.14	-0.59	0.05	0.14
N5	0.02	0.92	0.26	-0.03	-0.07	-0.82	-0.10	0.10	1.42	-0.09	-1.18	0.07	-0.06	0.59	-0.14	0.52	0.05	0.14
P10	0.15	-0.64	-1.05	-0.02	1.02	0.11	0.05	-0.06	-0.81	0.13	0.71	0.18	0.07	0.59	0.20	0.71	0.10	0.13
P11	0.31	-0.65	-1.66	-0.03	-0.07	-0.34	-0.10	0.10	-1.29	-0.09	0.68	0.07	-0.06	0.29	-0.14	1.00	0.05	0.14
P12	-0.12	-0.22	-1.16	-0.03	-0.07	-0.43	-0.10	0.10	-1.26	-0.09	-1.97	0.07	-0.06	-0.18	-0.14	1.64	0.05	0.14
E9	-0.51	0.21	1.22	0.00	-0.07	-0.10	-0.06	0.39	0.73	-0.21	0.61	-0.04	0.06	-0.80	0.12	0.14	-0.13	-0.13
E8	-0.83	0.48	1.20	-0.03	-0.07	0.49	-0.10	0.10	0.99	-0.09	0.58	0.07	-0.06	-0.70	-0.14	0.48	0.05	0.14
E5	-0.48	0.13	0.73	-0.03	-0.07	0.38	-0.10	0.10	0.43	-0.09	0.62	0.07	-0.06	-0.45	-0.14	0.15	0.05	0.14
E4	-1.18	0.75	0.61	-0.03	-0.07	0.72	-0.10	0.10	0.43	-0.09	0.55	0.07	-0.06	-0.88	-0.14	-0.01	0.05	0.14
E7	-0.26	-0.46	-0.24	-0.03	-0.07	0.42	-0.10	0.10	-0.98	-0.09	0.54	0.07	-0.06	-0.62	-0.14	0.10	0.05	0.14
E6	-0.01	-0.15	-0.64	-0.03	-0.07	0.58	-0.10	0.10	-0.54	-0.09	0.59	0.07	-0.06	-0.67	-0.14	0.78	0.05	0.14
E1	0.07	0.13	-0.49	-0.03	-0.07	0.40	-0.10	0.10	-0.16	-0.09	0.60	0.07	-0.06	-1.00	-0.14	0.75	0.05	0.14
P8	-0.25	0.68	-0.18	-0.03	-0.07	0.13	-0.10	0.10	0.97	-0.09	0.71	0.07	-0.06	0.69	-0.14	0.02	0.05	0.14
E3	1.86	-0.67	-0.68	-0.03	-0.07	0.13	-0.10	0.10	-0.09	-0.09	0.81	0.07	-0.06	-1.14	-0.14	0.96	0.05	0.14
E2	1.00	-1.06	0.73	-0.03	-0.07	1.12	-0.10	0.10	-0.14	-0.09	0.62	0.07	-0.06	-0.39	-0.14	-0.11	0.05	0.14
P2	1.61	-1.60	-0.58	-0.72	-0.62	-1.83	0.78	-5.00	-1.25	5.00	0.44	4.10	5.00	0.69	4.33	-0.34	-3.73	-3.58
P3	1.64	-0.96	-1.12	-0.03	-0.07	0.02	-0.10	0.10	-0.38	-0.09	0.66	0.07	-0.06	0.40	-0.14	0.99	0.05	0.14
P1	0.97	-0.86	-1.40	-0.03	-0.07	0.27	-0.10	0.10	-1.87	-0.09	-2.11	0.07	-0.06	-0.68	-0.14	1.20	0.05	0.14
P6	0.68	-0.43	-1.14	-0.03	-0.07	-0.88	-0.10	0.10	-0.06	-0.09	0.74	0.07	-0.06	0.77	-0.14	1.48	0.05	0.14
P7	0.47	-1.23	-1.61	0.62	5.00	-1.22	-0.45	0.04	-1.62	0.11	0.76	2.76	1.45	0.87	0.65	0.53	-0.05	-0.04
P4	1.00	-1.57	-1.30	-0.03	-0.07	0.11	-0.10	0.10	-1.66	-0.09	0.62	0.07	-0.06	0.54	-0.14	0.87	0.05	0.14
P5	0.71	-0.51	-0.82	-0.03	-0.07	0.56	-0.10	0.10	0.67	-0.09	0.63	0.07	-0.06	2.12	-0.14	1.64	0.05	0.14
H10	0.61	-1.21	0.20	-0.03	0.48	0.49	-0.56	0.23	-1.46	-0.15	-1.16	0.23	-0.10	0.57	-0.20	-1.41	0.04	0.26
H11	0.08	-1.32	1.87	-0.56	-1.72	-0.16	-4.51	-1.32	-1.20	-1.63	-3.40	-1.17	5.00	-3.84	-1.19	-0.31	5.00	-3.97
H12	1.04	-1.70	0.64	-0.03	-0.07	0.13	-0.10	0.10	-1.48	-0.09	-1.17	0.07	-0.06	0.33	-0.14	-1.20	0.05	0.14
P9	0.04	-0.51	0.50	-0.28	5.00	0.13	0.86	0.51	-0.48	0.28	-3.42	0.82	-1.52	-1.10	4.84	0.78	0.19	0.17
F12	1.24	-1.45	-1.54	-0.01	-0.07	0.40	0.09	0.10	-2.19	0.10	0.61	-0.36	0.05	-0.87	-0.51	0.60	0.06	-0.04
F10	1.41	-1.50	-0.61	-0.03	-0.07	0.29	-0.10	0.10	-1.76	-0.09	0.54	0.07	-0.06	-0.97	-0.14	-0.36	0.05	0.14
F11	1.62	-1.62	-0.97	-0.03	-0.07	1.17	-0.10	0.10	-1.72	-0.09	0.55	0.07	-0.06	-0.44	-0.14	-0.01	0.05	0.14
N12	-0.36	0.86	-0.57	-0.03	-0.07	-0.57	-0.10	0.10	0.98	-0.09	0.65	0.07	-0.06	-0.14	-0.14	1.60	0.05	0.14
H8	-0.56	1.06	0.86	-0.93	-0.07	0.15	1.00	0.16	1.68	0.68	-1.94	-0.09	-0.95	-0.69	3.40	1.07	0.04	-0.13
H9	-0.31	1.09	-0.36	-0.03	-0.07	-0.95	-0.10	0.10	1.68	-0.09	0.68	0.07	-0.06	0.66	-0.14	1.35	0.05	0.14
H6	0.34	0.29	-0.41	-0.03	-0.07	-1.51	-0.10	0.10	0.73	-0.09	0.75	0.07	-0.06	-0.51	-0.14	1.70	0.05	0.14
H7	-0.46	1.14	-0.01	-0.03	-0.07	-0.79	-0.10	0.10	1.89	-0.09	0.67	0.07	-0.06	0.55	-0.14	1.42	0.05	0.14
H4	-0.88	0.74	-1.12	-0.03	-0.07	0.15	-0.10	0.10	-0.37	-0.09	0.54	0.07	-0.06	0.09	-0.14	-0.09	0.05	0.14
H5	0.31	0.24	-0.43	-0.03	-0.07	-1.63	-0.10	0.10	0.66	-0.09	0.76	0.07	-0.06	-0.49	-0.14	1.71	0.05	0.14
D10	-0.28	0.08	0.90	-0.03	-0.07	0.09	-0.10	0.10	0.46	-0.09	0.63	0.07	-0.06	-0.94	-0.14	0.23	0.05	0.14
D11	0.17	-0.12	-0.12	-0.03	-0.07	0.72	-0.10	0.10	-0.21	-0.09	0.63	0.07	-0.06	-0.73	-0.14	0.10	0.05	0.14
D12	0.87	-0.15	-1.52	-0.03	-0.07	0.38	-0.10	0.10	-0.68	-0.09	0.62	0.07	-0.06	-0.73	-0.14	0.71	0.05	0.14
B12	1.21	-1.32	-0.10	-0.03	-0.07	0.81	-0.10	0.10	-0.60	-0.09	0.59	0.07	-0.06	-0.57	-0.14	1.27	0.05	0.14
B10	2.38	-1.51	1.90	5.00	5.00	5.00	0.40	1.13	-0.69	5.00	0.93	-5.00	2.34	-2.78	-5.00	2.49	-5.00	-5.00
B11	2.92	-1.37	-0.42	-0.03	-0.07	-0.37	-0.10	0.10	0.19	-0.09	0.90	0.07	-0.06	0.09	-0.14	0.35	0.05	0.14
Q8	0.32	-0.14	-0.84	-0.03	-0.07	-0.43	-0.10	0.10	0.51	-0.09	0.57	0.07	-0.06	1.65	-0.14	1.21	0.05	0.14
Q9	0.30	-0.05	-1.08	-0.03	-0.07	0.22	-0.10	0.10	-0.05	-0.09	0.61	0.07	-0.06	0.42	-0.14	1.10	0.05	0.14
C9	-0.84	0.66	-0.18	-0.03	-0.07	0.60	-0.10	0.10	0.04	-0.09	0.59	0.07	-0.06	-0.68	-0.14	0.03	0.05	0.14
C8	-0.24	-0.23	0.06	-0.01	0.48	-0.10	0.09	0.21	-0.51	-0.27	0.62	-0.25	0.23	-0.77	0.41	-0.16	-0.01	0.23
Q11	1.12	-1.10	-1.39	-0.06	-0.07	-0.32	0.16	0.12	-1.08	-0.29	0.63	-0.36	-0.27	0.38	-0.08	1.14	-0.04	0.10
Q10	1.45	-1.54	-1.82	-0.73	1.02	-2.01	-0.28	-5.00	-1.16	5.00	0.48	3.62	3.74	4.63	4.83	-0.98	-4.50	-3.79
Q12	0.99	-1.09	-0.95	-0.03	-0.07	0.47	-0.10	0.10	-0.81	-0.09	0.67	0.07	-0.06	0.44	-0.14	0.94	0.05	0.14
C3	1.56	-1.26	-0.96	-0.03	-0.07	0.04	-0.10	0.10	-1.07	-0.09	0.77	0.07	-0.06	-0.17	-0.14	0.35	0.05	0.14
C2	1.83	-1.59	-0.20	-0.03	-0.07	0.74	-0.10	0.10	-0.53	-0.09	0.59	0.07	-0.06	-0.30	-0.14	1.24	0.05	0.14
C1	2.72	-1.57	-0.77	-0.03	-0.07	-0.16	-0.10	0.10	-0.56	-0.09	0.76	0.07	-0.06	-0.27	-0.14	0.47	0.05	0.14
C7	-1.17	1.05	0.66	-0.03	-0.07	0.72	-0.10	0.10	0.78	-0.09	0.56	0.07	-0.06	-0.90	-0.14	-0.19	0.05	0.14
C6	-0.93	0.89	-0.14	-0.03	-0.07	0.69	-0.10	0.10	0.06	-0.09	0.57	0.07	-0.06	-1.13	-0.14	-0.18	0.05	0.14
C5	-0.84	0.66	-0.18	-0.03	-0.07	0.63	-0.10	0.10	0.05	-0.09	0.59	0.07	-0.06	-0.67	-0.14	0.03	0.05	0.14
C4	-0.25	0.56	-0.68	-0.03	-0.07	0.47	-0.10	0.10	-0.33	-0.09	0.58	0.07	-0.06	-1.20	-0.14	-0.14	0.05	0.14
N10	-0.37	0.99	-0.15	-0.03	-0.07	-1.24	-0.10	0.10	1.60	-0.09	0.79	0.07	-0.06	0.45	-0.14	1.33	0.05	0.14
N8	0.40	0.24	-0.66	-0.01	-0.07	0.04	-0.62	0.28	0.06	-0.31	-1.05	-0.52	0.00	1.04	0.04	-0.34	-0.03	0.07
N9	0.53	-0.21	-0.91	-0.03	-0.07	0.11	-0.10	0.10	-0.69	-0.09	-1.06	0.07	-0.06	0.94	-0.14	-0.62	0.05	0.14
N11	0.44	0.29	-1.85	-3.22	-1.72	0.51	-2.30	-3.83	-0.27	1.73	-2.14	-3.10	-1.69	0.76	2.02	1.30	1.50	0.24
G12	0.24	0.19	0.61	-0.03	-0.07	0.13	-0.10	0.10	0.67	-0.09	0.58	0.07	-0.06	-1.07	-0.14	0.32	0.05	0.14
G11	1.09	-0.66	-0.17	-0.03	-0.07	0.13	-0.10	0.10	-0.33	-0.09	0.62	0.07	-0.06	-1.17	-0.14	0.72	0.05	0.14
G10	-0.75	0.77	0.68	-0.03	-0.07	0.54	-0.10	0.10	0.96	-0.09	0.61	0.07	-0.06	-0.62	-0.14	0.22	0.05	0.14
F1	0.56	-0.66	-0.62	-0.03	-0.07	0.45	-0.10	0.10	-1.12	-0.09	0.54	0.07	-0.06	-0.99	-0.14	0.14	0.05	0.14
F2	0.07	-0.30	-0.95	-0.03	-0.07	0.58	-0.10	0.10	-0.91	-0.09	0.59	0.07	-0.06	-0.64	-0.14	0.73	0.05	0.14
F3	-0.34	-0.05	0.90	-0.03	-0.07	-0.25	-0.10	0.10	0.30	-0.09	0.64	0.07	-0.06	-0.73	-0.14	0.13	0.05	0.14
F4	2.54	-1.70	0.07	1.05	-4.46	-0.97	1.57	0.09	-0.13	-0.61	0.63	-4.82	-3.04	-0.83	-4.30	-0.58	5.00	-3.96
F5	-0.68	0.30	-0.81	-0.01	-0.07	0.31	-0.22	-0.03	-0.95	-0.11	0.58	0.66	-0.01	-1.11	-0.07	0.03	0.01	0.14
F6	-0.20	0.19	-0.63	-0.03	-0.07	0.27	-0.10	0.10	-0.49	-0.09	0.59	0.07	-0.06	-0.86	-0.14	0.24	0.05	0.14
F7	0.16	-0.35	-1.46	-0.05	-0.07	0.42	-0.34	0.18	-1.36	-0.09	0.59	-0.79	-0.06	-0.78	0.15	0.75	-0.13	0.37
F8	0.81	-0.85	-1.32	-0.03	-0.07	0.45	-0.10	0.10	-1.75	-0.09	0.54	0.07	-0.06	-0.95	-0.14	0.02	0.05	0.14
F9	0.27	-0.90	1.39	-0.03	-0.07	1.82	-0.10	0.10	0.10	-0.09	0.56	0.07	-0.06	-0.19	-0.14	-0.31	0.05	0.14
Q1	0.04	0.64	-0.94	-0.03	-0.07	-0.70	-0.10	0.10	0.88	-0.09	0.74	0.07	-0.06	0.57	-0.14	1.33	0.05	0.14
Q3	0.04	-0.08	-0.74	-0.03	-0.07	-0.73	-0.10	0.10	0.16	-0.09	0.74	0.07	-0.06	0.49	-0.14	1.47	0.05	0.14
Q2	0.32	-0.13	-0.77	-0.03	-0.07	0.24	-0.10	0.10	0.00	-0.09	0.61	0.07	-0.06	0.39	-0.14	0.82	0.05	0.14
Q5	0.96	-1.07	-0.76	-0.03	-0.07	-0.14	-0.10	0.10	-0.64	-0.09	0.66	0.07	-0.06	0.70	-0.14	0.76	0.05	0.14
Q4	0.25	-0.48	-0.24	-0.90	-0.07	0.09	0.87	0.09	-0.64	0.27	-1.95	-0.36	-0.97	-0.75	2.78	0.97	0.19	0.26
Q7	1.28	-2.34	-1.28	-0.03	-0.07	-1.04	-0.10	0.10	-2.50	-0.09	0.69	0.07	-0.06	0.71	-0.14	0.38	0.05	0.14
Q6	1.38	-1.46	-1.83	-0.03	-0.07	-0.28	-0.10	0.10	-1.67	-0.09	0.63	0.07	-0.06	0.43	-0.14	1.07	0.05	0.14
E11	-1.04	0.64	0.21	-0.05	-0.62	0.60	-0.22	0.34	0.04	-0.15	0.55	-0.36	-0.07	-0.93	-0.04	-0.06	0.03	0.09
E10	1.40	-0.93	0.44	-0.03	-0.07	-0.12	-0.10	0.10	0.29	-0.09	0.71	0.07	-0.06	-0.18	-0.14	0.41	0.05	0.14
E12	-0.58	0.41	0.87	-0.03	-0.07	0.42	-0.10	0.10	0.66	-0.09	0.58	0.07	-0.06	-0.89	-0.14	0.24	0.05	0.14
C12	-0.35	-0.30	-0.94	-0.03	-0.07	0.47	-0.10	0.10	-1.41	-0.09	0.53	0.07	-0.06	-0.58	-0.14	-0.04	0.05	0.14
C11	0.09	-0.09	-1.09	-0.03	-0.07	0.49	-0.10	0.10	-0.74	-0.09	0.60	0.07	-0.06	-0.64	-0.14	0.78	0.05	0.14
C10	-0.85	0.23	0.34	-0.03	-0.07	0.36	-0.10	0.10	-0.10	-0.09	0.62	0.07	-0.06	-0.66	-0.14	0.01	0.05	0.14
A11	0.18	0.59	-0.96	-0.03	-0.07	0.02	-0.10	0.10	1.39	-0.09	0.85	0.07	-0.06	1.46	-0.14	1.72	0.05	0.14
A10	2.19	-2.18	-0.23	-0.03	-0.07	0.51	-0.10	0.10	-1.73	-0.09	0.62	0.07	-0.06	-1.21	-0.14	0.10	0.05	0.14
A12	-1.98	1.29	0.35	-0.10	-2.81	1.39	0.77	-4.35	-0.71	1.40	-1.71	-5.00	0.74	-1.20	0.21	1.64	-4.70	3.65
A1	0.24	-0.30	-1.28	1.11	1.02	-4.85	0.13	0.66	0.12	-0.24	-1.17	0.18	-0.07	1.56	2.51	2.14	0.07	0.28
A3	0.29	0.22	-0.84	0.00	-0.62	-1.45	0.18	0.18	0.40	-0.14	0.76	-0.31	0.00	-0.43	-0.08	1.84	0.05	0.33
A2	-0.46	0.23	-0.29	-0.03	-0.07	0.58	-0.10	0.10	0.35	-0.09	0.58	0.07	-0.06	-0.01	-0.14	1.43	0.05	0.14
A5	0.22	-0.60	-1.19	-0.03	-0.07	-0.43	-0.10	0.10	-1.55	-0.09	-1.96	0.07	-0.06	-0.24	-0.14	1.63	0.05	0.14
A4	-0.24	0.80	-1.35	-0.02	-0.62	-0.07	-0.35	0.09	0.36	-0.32	0.71	-0.09	-0.01	1.41	-0.07	-0.47	0.14	-0.08
A7	0.06	-1.49	-1.01	-0.03	-0.07	-0.43	-0.10	0.10	-1.20	-0.09	0.69	0.07	-0.06	2.23	-0.14	1.17	0.05	0.14
A6	-0.46	0.22	-0.30	-0.03	-0.07	0.54	-0.10	0.10	0.34	-0.09	0.58	0.07	-0.06	-0.01	-0.14	1.43	0.05	0.14
A9	-0.31	0.30	0.76	-0.03	-0.07	-1.92	-0.10	0.10	0.62	-0.09	-1.94	0.07	-0.06	-0.16	-0.14	1.41	0.05	0.14
A8	0.48	1.18	-1.03	-0.03	-0.07	-0.25	-0.10	0.10	1.28	-0.09	0.76	0.07	-0.06	0.74	-0.14	-0.48	0.05	0.14
D8	-0.45	0.32	0.46	-0.03	-0.07	0.33	-0.10	0.10	0.27	-0.09	0.58	0.07	-0.06	-1.03	-0.14	0.24	0.05	0.14
D9	-0.20	0.03	0.50	-0.01	-0.07	-0.48	0.26	0.81	0.16	-0.05	0.64	-0.04	-0.07	-0.93	0.15	0.22	-0.09	-0.16
D6	0.22	-0.44	-1.07	-0.06	-0.07	0.27	-0.02	-0.07	-1.19	0.10	0.60	0.34	-0.03	-0.82	-0.49	0.75	0.00	0.31
D7	-0.02	0.16	-1.01	-0.03	-0.07	0.63	-0.10	0.10	-0.54	-0.09	0.61	0.07	-0.06	-0.98	-0.14	0.82	0.05	0.14
D4	0.45	-0.96	1.91	-0.03	-0.07	0.78	-0.10	0.10	0.36	-0.09	0.61	0.07	-0.06	-0.46	-0.14	-0.52	0.05	0.14
D5	1.66	-1.35	0.06	-0.03	-0.07	-0.95	-0.10	0.10	-0.41	-0.09	0.62	0.07	-0.06	-0.13	-0.14	0.26	0.05	0.14
D2	-0.64	0.33	0.40	-0.03	-0.07	0.06	-0.10	0.10	0.20	-0.09	0.62	0.07	-0.06	-0.69	-0.14	0.08	0.05	0.14
D3	1.58	-1.27	-0.96	-0.03	-0.07	0.04	-0.10	0.10	-1.05	-0.09	0.79	0.07	-0.06	-0.18	-0.14	0.35	0.05	0.14
D1	-0.81	0.70	0.95	-0.03	-0.07	0.42	-0.10	0.10	1.04	-0.09	0.60	0.07	-0.06	-0.61	-0.14	0.21	0.05	0.14
K12	-0.74	1.20	2.08	-0.03	-0.07	0.69	-0.10	0.10	1.43	-0.09	-0.62	0.07	-0.06	-0.84	-0.14	-2.18	0.05	0.14
K11	-1.70	1.91	0.95	-0.03	-0.07	-1.83	-0.10	0.10	1.81	-0.09	0.59	0.07	-0.06	0.30	-0.14	-1.18	0.05	0.14
K10	-1.06	0.16	-0.08	-0.05	-0.07	-2.17	0.12	0.09	-0.56	-0.24	0.59	0.07	0.73	0.33	-0.32	-0.81	0.08	0.13
M3	-0.79	-0.36	-0.07	-0.03	-0.07	-2.01	-0.10	0.10	-1.11	-0.09	0.61	0.07	-0.06	0.17	-0.14	-0.87	0.05	0.14
M2	-0.65	0.22	0.56	-0.03	-0.07	0.22	-0.10	0.10	-0.49	-0.09	-1.25	0.07	-0.06	-0.38	-0.14	-1.04	0.05	0.14
L10	-0.44	0.19	0.83	-0.03	-0.07	-1.79	-0.10	0.10	0.53	-0.09	0.64	0.07	-0.06	0.40	-0.14	-1.00	0.05	0.14
L11	-1.28	0.66	0.98	0.39	1.02	1.14	5.00	1.12	0.30	-2.48	-1.11	-1.38	0.06	0.00	1.63	-1.14	-1.24	-0.54
L12	-0.75	-0.36	0.53	-0.03	-0.07	0.45	-0.10	0.10	-0.86	-0.09	-1.18	0.07	-0.06	1.27	-0.14	-1.75	0.05	0.14
K3	-2.06	2.76	-0.69	-0.03	-0.07	0.47	-0.10	0.10	1.77	-0.09	0.63	0.07	-0.06	0.60	-0.14	-0.56	0.05	0.14
K2	-2.01	2.32	-0.75	-0.03	-0.07	0.51	-0.10	0.10	1.30	-0.09	0.58	0.07	-0.06	0.80	-0.14	-0.48	0.05	0.14
K1	0.92	-0.35	0.53	-0.03	-0.07	0.11	-0.10	0.10	0.24	-0.09	-1.30	0.07	-0.06	0.88	-0.14	-1.04	0.05	0.14
M6	-0.20	-1.09	0.64	-0.03	-0.07	-0.41	-0.10	0.10	-1.34	-0.09	-1.21	0.07	-0.06	1.16	-0.14	-1.59	0.05	0.14
K7	-0.26	0.34	0.73	-0.03	-0.07	0.83	-0.10	0.10	0.15	-0.09	0.64	0.07	-0.06	0.01	-0.14	-2.61	0.05	0.14
K6	0.39	-0.04	1.13	-0.03	-0.07	0.27	-0.10	0.10	0.55	-0.09	0.66	0.07	-0.06	0.10	-0.14	-2.18	0.05	0.14
K5	-1.53	1.99	0.73	-0.03	-0.07	0.13	-0.10	0.10	1.87	-0.09	-1.27	0.07	-0.06	1.21	-0.14	-0.99	0.05	0.14
K4	-0.78	0.29	0.07	-0.06	2.12	0.31	0.16	-0.09	-0.20	-0.38	-1.07	0.23	-0.19	1.30	0.20	-1.27	0.08	0.41
K9	0.55	0.20	0.29	-0.03	-0.07	0.60	-0.10	0.10	0.29	-0.09	-1.48	0.07	-0.06	0.75	-0.14	-1.47	0.05	0.14
K8	0.15	0.07	0.66	-0.03	-0.07	-0.12	-0.10	0.10	0.53	-0.09	-1.53	0.07	-0.06	1.19	-0.14	-0.69	0.05	0.14
M9	-1.78	1.95	-0.35	-0.03	-0.07	0.60	-0.10	0.10	1.30	-0.09	0.58	0.07	-0.06	0.86	-0.14	-0.54	0.05	0.14
M8	-1.67	2.25	1.37	-0.03	-0.07	0.31	-0.10	0.10	2.00	-0.09	-1.02	0.07	-0.06	-0.36	-0.14	-1.12	0.05	0.14
I9	-1.50	1.20	0.94	-0.03	-0.07	-1.76	-0.10	0.10	1.13	-0.09	0.60	0.07	-0.06	0.39	-0.14	-1.11	0.05	0.14
I8	0.02	0.48	1.23	-0.03	-0.07	1.84	-0.10	0.10	1.09	-0.09	-0.52	0.07	-0.06	-0.99	-0.14	0.09	0.05	0.14
I1	0.05	0.93	1.03	-0.03	-0.07	-1.72	-0.10	0.10	2.30	-0.09	0.60	0.07	-0.06	0.92	-0.14	-0.26	0.05	0.14
I3	-0.36	-0.39	0.64	-0.03	-0.07	-1.49	-0.10	0.10	-0.19	-0.09	0.63	0.07	-0.06	0.53	-0.14	-0.91	0.05	0.14
I2	-1.79	2.38	-0.41	-0.03	-0.07	0.40	-0.10	0.10	1.71	-0.09	0.62	0.07	-0.06	0.71	-0.14	-0.60	0.05	0.14
I5	-0.80	0.74	1.97	-0.28	2.12	1.21	5.00	2.33	0.85	-2.63	-2.81	-0.25	1.31	-0.92	2.66	-1.40	-0.71	-0.85
I4	-1.67	1.40	0.84	-0.03	-0.07	-1.92	-0.10	0.10	1.24	-0.09	0.59	0.07	-0.06	0.50	-0.14	-1.08	0.05	0.14
I7	-0.73	-0.09	0.77	-0.03	-0.07	0.33	-0.10	0.10	-0.44	-0.09	-1.16	0.07	-0.06	1.06	-0.14	-1.82	0.05	0.14
I6	-0.09	-0.43	1.13	-0.03	-0.07	0.06	-0.10	0.10	-0.13	-0.09	-1.31	0.07	-0.06	1.05	-0.14	-1.55	0.05	0.14
J12	-0.32	0.11	0.85	0.07	-0.07	0.31	5.00	2.49	-0.17	-2.15	-2.63	0.23	-0.26	-0.58	1.73	-0.57	-0.61	-1.22
J10	-1.01	0.37	1.11	-0.03	-0.07	-0.10	-0.10	0.10	0.37	-0.09	-1.22	0.07	-0.06	1.44	-0.14	-1.64	0.05	0.14
J11	-0.76	0.58	-0.41	-0.03	-0.07	-1.79	-0.10	0.10	-0.11	-0.09	0.59	0.07	-0.06	0.45	-0.14	-0.95	0.05	0.14
I11	-0.99	0.54	1.33	-0.03	-0.07	-0.16	-0.10	0.10	0.67	-0.09	-1.26	0.07	-0.06	1.23	-0.14	-1.65	0.05	0.14
I10	0.27	-1.20	1.29	-0.03	-0.07	-0.77	-0.10	0.10	-0.58	-0.09	-1.24	0.07	-0.06	1.28	-0.14	-1.33	0.05	0.14
I12	-0.38	-0.64	0.73	-0.03	-0.07	-0.32	-0.10	0.10	-0.94	-0.09	-1.15	0.07	-0.06	1.01	-0.14	-1.78	0.05	0.14
L6	-1.21	1.00	1.35	-0.03	-0.07	-0.03	-0.10	0.10	1.14	-0.09	-1.11	0.07	-0.06	1.45	-0.14	-1.97	0.05	0.14
L7	-0.21	-0.69	0.94	0.00	-0.07	-1.72	-0.14	0.10	-0.19	-0.09	0.63	0.12	-0.19	0.41	0.04	-0.64	0.08	0.09
L4	-1.40	1.46	0.27	-0.03	-0.07	0.38	-0.10	0.10	1.03	-0.09	-1.14	0.07	-0.06	1.45	-0.14	-1.15	0.05	0.14
L5	-0.72	0.66	0.26	-0.17	-2.81	-3.93	-0.22	0.59	0.13	-0.22	-1.59	0.77	-0.58	0.52	1.31	-1.02	0.02	-0.26
L2	-1.23	1.41	-1.28	-0.03	-0.07	0.40	-0.10	0.10	0.21	-0.09	0.57	0.07	-0.06	0.56	-0.14	-0.38	0.05	0.14
L3	-1.28	1.78	-1.02	-0.03	-0.07	0.45	-0.10	0.10	0.76	-0.09	0.60	0.07	-0.06	0.46	-0.14	-0.51	0.05	0.14
L1	0.11	0.05	1.21	-0.03	-0.07	1.26	-0.10	0.10	0.28	-0.09	-1.00	0.07	-0.06	-1.53	-0.14	0.14	0.05	0.14
N1	0.22	-1.05	1.02	-0.03	-0.07	-0.43	-0.10	0.10	-0.75	-0.09	-1.22	0.07	-0.06	0.96	-0.14	-1.37	0.05	0.14
N2	-1.42	0.87	0.36	-0.03	-0.07	-1.65	-0.10	0.10	0.03	-0.09	-1.13	0.07	-0.06	0.21	-0.14	-0.56	0.05	0.14
N3	-0.17	-0.06	0.37	-0.03	-0.07	0.29	-0.10	0.10	-0.32	-0.09	0.66	0.07	-0.06	0.57	-0.14	-2.53	0.05	0.14
N4	-0.59	-0.31	-1.17	-0.44	3.76	2.81	-3.25	-3.57	-1.54	2.08	-1.31	3.35	-5.00	2.33	-1.34	-0.13	0.12	-0.12
L8	-0.07	1.34	0.00	-0.03	-0.07	0.42	-0.10	0.10	1.77	-0.09	-1.44	0.07	-0.06	1.53	-0.14	-0.22	0.05	0.14
L9	-1.25	1.37	0.63	-0.03	-0.07	0.09	-0.10	0.10	1.18	-0.09	-1.32	0.07	-0.06	1.21	-0.14	-1.00	0.05	0.14
M5	-1.28	1.06	2.46	0.68	-3.91	1.12	4.11	1.23	1.34	-0.98	-1.11	-1.60	2.16	-1.48	1.91	-1.50	-0.87	-0.30
J8	0.03	-0.76	1.89	-0.03	-0.07	-0.14	-0.10	0.10	-0.16	-0.09	-1.33	0.07	-0.06	-0.05	-0.14	-1.00	0.05	0.14
J9	0.31	0.64	0.77	-0.03	-0.07	0.36	-0.10	0.10	0.78	-0.09	-1.29	0.07	-0.06	-0.36	-0.14	-1.09	0.05	0.14
M7	-0.60	-0.55	1.23	-0.03	-0.07	-0.01	-0.10	0.10	-0.92	-0.09	-1.36	0.07	-0.06	-0.05	-0.14	-1.43	0.05	0.14
M4	-1.17	1.40	1.46	-0.03	-0.07	0.60	-0.10	0.10	1.27	-0.09	-1.11	0.07	-0.06	-1.55	-0.14	0.12	0.05	0.14
J4	-0.47	0.76	0.68	-0.03	-0.07	0.29	-0.10	0.10	0.17	-0.09	-1.16	0.07	-0.06	-2.06	-0.14	0.26	0.05	0.14
J5	0.59	-0.24	1.32	-0.03	-0.07	0.49	-0.10	0.10	0.07	-0.09	-1.53	0.07	-0.06	-0.56	-0.14	-1.38	0.05	0.14
J6	-0.54	0.92	1.67	-0.03	-0.07	0.31	-0.10	0.10	1.04	-0.09	-1.31	0.07	-0.06	-0.46	-0.14	-1.68	0.05	0.14
J7	0.54	-0.61	1.30	-0.03	-0.07	-0.28	-0.10	0.10	-0.36	-0.09	-1.15	0.07	-0.06	-0.76	-0.14	-1.12	0.05	0.14
J1	-0.86	0.49	-1.03	-0.03	-0.07	-0.01	-0.10	0.10	-0.38	-0.09	0.58	0.07	-0.06	0.64	-0.14	-0.09	0.05	0.14
J2	-0.70	1.43	-0.38	-0.03	-0.07	0.09	-0.10	0.10	1.15	-0.09	0.57	0.07	-0.06	0.43	-0.14	-0.51	0.05	0.14
J3	-0.49	0.15	-0.14	-0.03	-0.07	-0.19	-0.10	0.10	-0.40	-0.09	-1.27	0.07	-0.06	1.08	-0.14	-0.86	0.05	0.14
M11	-0.55	1.61	-1.01	0.06	0.48	0.24	-0.47	0.29	0.82	0.04	-1.41	0.34	0.07	1.37	-0.31	-0.65	-0.03	0.19
M10	-0.46	0.91	-0.25	-0.03	-0.07	0.09	-0.10	0.10	0.84	-0.09	0.54	0.07	-0.06	0.53	-0.14	-0.39	0.05	0.14
M12	-1.34	1.83	0.72	-0.03	-0.07	-0.79	-0.10	0.10	1.60	-0.09	-0.46	0.07	-0.06	-0.46	-0.14	-0.11	0.05	0.14
M1	-0.43	-0.24	-0.21	-0.03	-0.07	0.04	-0.10	0.10	-0.82	-0.09	-1.20	0.07	-0.06	1.34	-0.14	-0.99	0.05	0.14
