G7	-0.47	0.64	0.55	-0.04	0.08	-0.04	-0.04	-0.04	1.23	0.11	-0.16	0.07	0.20	-0.09	-0.11	0.11	-0.00	0.02
G6	-1.19	1.54	-0.95	-0.04	0.08	0.04	-0.04	-0.04	1.04	0.11	0.38	0.07	0.20	0.50	-0.11	0.77	-0.00	0.02
G5	-0.15	0.60	0.09	-0.04	0.08	0.03	-0.04	-0.04	1.26	0.11	-0.10	0.07	0.20	0.15	-0.11	0.59	-0.00	0.02
G4	1.43	-0.42	-1.17	-0.04	0.08	0.18	-0.04	-0.04	-0.17	0.11	0.62	0.07	0.20	0.29	-0.11	0.50	-0.00	0.02
G3	1.84	-1.21	-1.02	-0.04	0.08	0.04	-0.04	-0.04	-1.16	0.11	0.35	0.07	0.20	0.21	-0.11	0.25	-0.00	0.02
G2	-0.70	-0.48	0.37	5.00	-0.12	1.37	-0.68	3.49	-0.04	0.49	0.55	0.61	-2.17	0.97	-0.47	0.35	1.39	-5.00
G1	-0.69	0.58	0.16	-0.04	0.08	-0.05	-0.04	-0.04	0.86	0.11	0.46	0.07	0.20	0.43	-0.11	0.27	-0.00	0.02
G9	-0.44	0.28	0.45	-0.04	0.08	-0.07	-0.04	-0.04	0.39	0.11	-0.20	0.07	0.20	-0.26	-0.11	0.07	-0.00	0.02
G8	-1.11	0.88	0.36	-0.04	0.08	-0.02	-0.04	-0.04	0.72	0.11	-0.27	0.07	0.20	-0.05	-0.11	-0.10	-0.00	0.02
N6	-0.57	0.40	0.03	-0.04	0.08	0.12	-0.04	-0.04	0.30	0.11	0.38	0.07	0.20	0.06	-0.11	0.14	-0.00	0.02
N7	-0.73	1.03	-1.59	-0.04	0.08	-0.01	-0.04	-0.04	0.06	0.11	0.55	0.07	0.20	0.48	-0.11	1.26	-0.00	0.02
B4	0.17	0.27	-0.98	5.00	-5.00	3.42	-1.35	1.92	0.07	1.44	0.79	-2.35	-1.73	1.08	-5.00	0.81	1.01	-0.80
B5	-0.47	0.25	-0.40	-0.04	0.08	0.05	-0.04	-0.04	-0.43	0.11	-0.33	0.07	0.20	0.09	-0.11	0.17	-0.00	0.02
B6	0.10	-2.52	4.48	-0.04	0.08	-0.01	-0.04	-0.04	0.12	0.11	0.34	0.07	0.20	-0.82	-0.11	-0.14	-0.00	0.02
B7	1.55	-0.67	-0.34	-0.04	0.08	-0.37	-0.04	-0.04	-0.10	0.11	0.24	0.07	0.20	-0.69	-0.11	0.68	-0.00	0.02
B1	-0.58	0.51	-0.81	-0.04	0.08	-0.03	-0.04	-0.04	0.15	0.11	-0.36	0.07	0.20	1.32	-0.11	0.42	-0.00	0.02
B2	1.43	-1.03	-0.28	-0.04	0.08	-0.06	-0.04	-0.04	0.06	0.11	1.31	0.07	0.20	0.02	-0.11	1.67	-0.00	0.02
B3	0.22	0.06	-0.95	-0.04	0.08	0.15	-0.04	-0.04	-0.03	0.11	0.47	0.07	0.20	0.31	-0.11	1.35	-0.00	0.02
B8	2.19	-1.86	-0.59	-0.04	0.08	-0.14	-0.04	-0.04	-1.63	0.11	0.97	0.07	0.20	-0.74	-0.11	1.02	-0.00	0.02
B9	1.52	-2.89	0.86	-1.92	-5.00	1.56	1.53	-5.00	-0.33	0.46	-0.80	4.56	-5.00	2.06	5.00	-0.34	3.03	-5.00
N5	0.37	0.18	-0.71	-0.04	0.08	-0.06	-0.04	-0.04	-0.05	0.11	-0.27	0.07	0.20	0.65	-0.11	-0.74	-0.00	0.02
P10	0.66	0.21	-1.00	-0.04	0.08	0.04	-0.04	-0.04	0.60	0.11	0.17	0.07	0.20	0.19	-0.11	1.60	-0.00	0.02
P11	0.51	-0.12	0.14	-1.49	-0.50	0.32	1.36	-0.25	-0.50	-1.31	0.68	0.16	1.69	-4.24	-1.35	2.37	2.39	0.37
P12	-0.10	-0.10	-0.40	-0.04	0.08	0.04	-0.04	-0.04	-0.57	0.11	0.25	0.07	0.20	0.11	-0.11	0.18	-0.00	0.02
E9	-0.02	0.01	0.43	-0.04	0.08	-0.23	-0.04	-0.04	0.23	0.11	0.77	0.07	0.20	-0.58	-0.11	-0.09	-0.00	0.02
E8	-0.69	0.56	0.95	-0.04	0.08	-0.03	-0.04	-0.04	1.37	0.11	0.32	0.07	0.20	-0.04	-0.11	0.07	-0.00	0.02
E5	-0.18	0.19	0.57	-0.04	0.08	-0.22	-0.04	-0.04	0.62	0.11	0.54	0.07	0.20	-0.49	-0.11	0.07	-0.00	0.02
E4	-0.47	0.39	0.44	-0.04	0.08	-0.00	-0.04	-0.04	0.51	0.11	-0.10	0.07	0.20	-0.33	-0.11	-0.00	-0.00	0.02
E7	-0.79	0.57	0.70	-0.04	0.08	0.02	-0.04	-0.04	0.88	0.11	0.11	0.07	0.20	-0.07	-0.11	-0.23	-0.00	0.02
E6	0.82	-0.20	0.08	-0.04	0.08	-0.27	-0.04	-0.04	0.31	0.11	0.58	0.07	0.20	-0.74	-0.11	0.17	-0.00	0.02
E1	-0.36	0.36	0.03	-0.04	0.08	0.07	-0.04	-0.04	0.90	0.11	0.56	0.07	0.20	0.39	-0.11	0.97	-0.00	0.02
P8	-0.54	1.00	-0.87	-0.04	0.08	0.33	-0.04	-0.04	0.89	0.11	0.16	0.07	0.20	0.64	-0.11	0.76	-0.00	0.02
E3	0.07	0.12	-0.04	-0.04	0.08	0.14	-0.04	-0.04	0.49	0.11	0.59	0.07	0.20	0.12	-0.11	0.29	-0.00	0.02
E2	1.35	-1.19	-0.36	-0.04	0.08	-0.37	-0.04	-0.04	-1.34	0.11	0.47	0.07	0.20	-0.59	-0.11	0.22	-0.00	0.02
P2	1.64	-0.19	-0.80	-0.04	0.08	0.07	-0.04	-0.04	0.75	0.11	0.51	0.07	0.20	-0.21	-0.11	0.96	-0.00	0.02
P3	1.08	-0.16	0.05	-0.04	0.08	0.26	-0.04	-0.04	0.75	0.11	0.14	0.07	0.20	-0.38	-0.11	0.14	-0.00	0.02
P1	2.31	-0.54	-0.29	-1.03	5.00	-5.00	3.31	2.95	0.25	-5.00	-2.43	-0.51	-4.01	-3.80	5.00	2.88	-1.82	3.57
P6	0.71	-0.25	-0.38	-0.04	0.08	0.17	-0.04	-0.04	0.66	0.11	-0.23	0.07	0.20	0.32	-0.11	2.04	-0.00	0.02
P7	1.55	-1.13	0.33	-0.04	0.08	-0.05	-0.04	-0.04	-0.32	0.11	0.24	0.07	0.20	0.39	-0.11	-1.41	-0.00	0.02
P4	1.80	-0.78	-0.39	-0.04	0.08	-0.11	-0.04	-0.04	0.35	0.11	0.35	0.07	0.20	-0.12	-0.11	1.07	-0.00	0.02
P5	-0.48	0.89	-0.78	-0.04	0.08	0.08	-0.04	-0.04	0.53	0.11	-0.41	0.07	0.20	0.07	-0.11	0.93	-0.00	0.02
H10	1.18	-2.02	1.66	-0.11	-0.50	1.95	1.68	0.75	-0.89	-0.62	-3.68	0.33	-1.49	-0.09	1.59	-0.93	0.48	-0.22
H11	0.94	-1.81	1.54	-0.27	0.27	1.72	1.56	0.81	-0.75	-0.70	-4.21	-0.02	-1.60	0.03	2.31	-0.41	-0.01	0.08
H12	2.01	-2.00	2.80	-0.28	-3.02	2.66	-0.03	-0.68	-0.12	-0.10	-4.31	0.36	2.08	-3.61	0.18	0.23	2.45	0.01
P9	-0.12	-0.03	-0.02	-0.04	0.08	0.16	-0.04	-0.04	-0.38	0.11	-0.19	0.07	0.20	-0.36	-0.11	0.07	-0.00	0.02
F12	1.88	-0.80	-0.77	-0.04	0.08	-0.16	-0.04	-0.04	-0.34	0.11	0.87	0.07	0.20	-0.17	-0.11	0.00	-0.00	0.02
F10	-0.52	-0.59	-0.56	-0.03	0.08	0.14	-0.13	-0.18	-2.17	0.16	-0.22	0.03	0.25	-0.00	-0.00	0.13	0.04	0.13
F11	0.39	-0.97	-0.46	-0.04	0.08	0.10	-0.04	-0.04	-1.65	0.11	-0.08	0.07	0.20	0.03	-0.11	0.62	-0.00	0.02
N12	-1.07	1.68	-2.12	-0.04	0.08	-0.22	-0.04	-0.04	0.21	0.11	0.20	0.07	0.20	0.39	-0.11	1.28	-0.00	0.02
H8	-0.67	1.90	-2.06	-0.04	0.08	-0.13	-0.04	-0.04	0.78	0.11	0.13	0.07	0.20	0.31	-0.11	0.57	-0.00	0.02
H9	-0.39	1.61	-2.00	-0.04	0.08	-0.10	-0.04	-0.04	0.70	0.11	-0.03	0.07	0.20	0.35	-0.11	0.83	-0.00	0.02
H6	-0.61	0.98	-2.21	-0.04	0.08	-0.23	-0.04	-0.04	-0.84	0.11	0.06	0.07	0.20	0.45	-0.11	0.77	-0.00	0.02
H7	-0.72	1.68	-1.96	0.00	0.08	-0.16	-0.02	-0.15	0.43	0.03	0.05	0.08	0.19	0.35	0.00	0.48	-0.04	0.07
H4	-0.91	0.44	-0.52	-0.04	0.08	-0.04	-0.04	-0.04	0.16	0.11	0.10	0.07	0.20	1.34	-0.11	0.68	-0.00	0.02
H5	-0.62	0.79	-2.15	-0.04	0.08	-0.30	-0.04	-0.04	-1.10	0.11	0.22	0.07	0.20	0.66	-0.11	0.48	-0.00	0.02
D10	-0.14	0.83	-1.38	-0.04	0.08	0.12	-0.04	-0.04	0.56	0.11	0.41	0.07	0.20	0.38	-0.11	1.45	-0.00	0.02
D11	0.05	0.09	-0.50	-0.04	0.08	0.06	-0.04	-0.04	-0.27	0.11	-0.16	0.07	0.20	-0.09	-0.11	0.45	-0.00	0.02
D12	-0.35	0.18	-0.35	-0.04	0.08	0.06	-0.04	-0.04	-0.40	0.11	-0.20	0.07	0.20	-0.30	-0.11	0.64	-0.00	0.02
B12	3.37	-2.19	0.80	-0.04	0.08	-0.30	-0.04	-0.04	0.11	0.11	1.50	0.07	0.20	-1.22	-0.11	0.29	-0.00	0.02
B10	0.72	-2.79	2.96	-0.04	0.08	-0.02	-0.04	-0.04	-0.87	0.11	0.25	0.07	0.20	-0.36	-0.11	0.81	-0.00	0.02
B11	2.00	-2.00	2.10	-0.04	0.08	-0.10	-0.04	-0.04	0.17	0.11	-3.70	0.07	0.20	-0.43	-0.11	0.57	-0.00	0.02
Q8	0.27	-1.00	2.61	-0.04	0.08	-0.21	-0.04	-0.04	-0.85	0.11	0.07	0.07	0.20	-4.19	-0.11	-0.42	-0.00	0.02
Q9	0.05	0.35	-0.94	-0.04	0.08	-0.27	-0.04	-0.04	0.30	0.11	0.64	0.07	0.20	0.27	-0.11	1.37	-0.00	0.02
C9	-0.44	0.46	-0.05	-0.04	0.08	-0.02	-0.04	-0.04	0.16	0.11	-0.08	0.07	0.20	-0.36	-0.11	0.16	-0.00	0.02
C8	-0.15	-0.30	-0.63	1.99	-1.86	0.69	-0.70	-2.84	-1.35	1.81	0.93	-0.01	-2.76	-0.87	3.38	0.19	-3.08	5.00
Q11	1.65	-0.16	0.40	1.68	1.43	-5.00	-5.00	-1.00	0.16	-5.00	-3.39	-1.22	0.89	-3.02	1.26	1.60	5.00	-2.06
Q10	1.89	0.11	-0.98	-0.04	0.08	0.19	-0.04	-0.04	1.04	0.11	0.46	0.07	0.20	0.29	-0.11	-0.71	-0.00	0.02
Q12	2.09	-0.73	-0.21	-0.04	0.08	-0.12	-0.04	-0.04	0.99	0.11	0.38	0.07	0.20	-0.10	-0.11	1.24	-0.00	0.02
C3	2.57	-1.76	0.08	-0.04	0.08	-0.28	-0.04	-0.04	-0.56	0.11	1.63	0.07	0.20	-0.85	-0.11	0.23	-0.00	0.02
C2	3.33	-2.33	0.66	-0.04	0.08	-0.35	-0.04	-0.04	-0.33	0.11	1.47	0.07	0.20	-1.11	-0.11	0.17	-0.00	0.02
C1	0.01	0.24	0.63	-0.04	0.08	0.01	-0.04	-0.04	1.34	0.11	0.39	0.07	0.20	0.03	-0.11	0.44	-0.00	0.02
C7	-0.55	0.70	0.48	-0.04	0.08	-0.03	-0.04	-0.04	1.15	0.11	-0.14	0.07	0.20	0.29	-0.11	-0.52	-0.00	0.02
C6	-0.08	0.90	-0.47	-0.04	0.08	0.09	-0.04	-0.04	1.28	0.11	0.10	0.07	0.20	0.17	-0.11	0.53	-0.00	0.02
C5	-0.92	0.72	0.02	-0.04	0.08	-0.05	-0.04	-0.04	0.36	0.11	-0.20	0.07	0.20	-0.09	-0.11	0.25	-0.00	0.02
C4	-0.78	0.78	-0.46	-0.04	0.08	0.12	-0.04	-0.04	0.34	0.11	-0.08	0.07	0.20	-0.00	-0.11	0.78	-0.00	0.02
N10	-0.52	1.03	-1.97	-0.04	0.08	-0.30	-0.04	-0.04	-0.40	0.11	0.47	0.07	0.20	0.61	-0.11	0.34	-0.00	0.02
N8	0.79	-0.71	0.54	-0.04	0.08	-0.01	-0.04	-0.04	0.19	0.11	-0.43	0.07	0.20	0.75	-0.11	-0.73	-0.00	0.02
N9	0.60	-0.67	0.53	-0.04	0.08	0.03	-0.04	-0.04	-0.22	0.11	-0.40	0.07	0.20	0.70	-0.11	-1.47	-0.00	0.02
N11	0.18	-0.03	-2.09	-0.04	0.08	-0.10	-0.04	-0.04	-1.69	0.11	1.55	0.07	0.20	0.77	-0.11	-0.40	-0.00	0.02
G12	-1.16	0.33	-0.72	-0.04	0.08	-0.30	-0.04	-0.04	-1.23	0.11	0.64	0.07	0.20	0.07	-0.11	0.15	-0.00	0.02
G11	0.37	-0.43	-0.22	-0.04	0.08	0.14	-0.04	-0.04	-0.39	0.11	0.08	0.07	0.20	0.21	-0.11	0.35	-0.00	0.02
G10	-0.98	0.96	-0.07	-0.04	0.08	-0.05	-0.04	-0.04	0.51	0.11	-0.13	0.07	0.20	-0.34	-0.11	0.25	-0.00	0.02
F1	-0.57	0.51	0.14	-0.04	0.08	0.03	-0.04	-0.04	0.56	0.11	0.47	0.07	0.20	0.12	-0.11	-0.15	-0.00	0.02
F2	0.26	-0.18	0.20	-0.04	0.08	-0.33	-0.04	-0.04	-0.02	0.11	0.59	0.07	0.20	-0.53	-0.11	0.08	-0.00	0.02
F3	0.05	-0.24	0.34	-0.04	0.08	-0.26	-0.17	-0.19	-0.21	0.10	0.65	0.01	0.06	-0.64	0.35	0.07	-0.22	0.05
F4	2.83	-2.13	0.13	-0.04	0.08	-0.32	-0.04	-0.04	-0.87	0.11	1.62	0.07	0.20	-0.74	-0.11	0.15	-0.00	0.02
F5	0.14	0.15	-0.27	-0.04	0.08	-0.06	-0.04	-0.04	0.12	0.11	-0.23	0.07	0.20	-0.07	-0.11	0.33	-0.00	0.02
F6	0.02	0.22	-0.32	-0.04	0.08	-0.04	-0.04	-0.04	0.02	0.11	0.01	0.07	0.20	-0.19	-0.11	0.20	-0.00	0.02
F7	0.85	-0.52	-0.38	-0.04	0.08	-0.26	-0.04	-0.04	-0.72	0.11	0.61	0.07	0.20	-0.75	-0.11	0.23	-0.00	0.02
F8	-0.13	0.23	0.02	-0.04	0.08	-0.07	-0.04	-0.04	0.25	0.11	-0.19	0.07	0.20	-0.19	-0.11	0.24	-0.00	0.02
F9	0.91	-0.74	-0.25	-0.04	0.08	-0.03	-0.04	-0.04	-1.25	0.11	-4.77	0.07	0.20	-1.03	-0.11	2.03	-0.00	0.02
Q1	0.32	0.64	-0.59	-0.04	0.08	-0.30	-0.04	-0.04	1.47	0.11	0.65	0.07	0.20	0.30	-0.11	1.26	-0.00	0.02
Q3	-0.21	0.11	-0.24	-0.04	0.08	0.09	-0.04	-0.04	-0.01	0.11	0.47	0.07	0.20	0.17	-0.11	0.32	-0.00	0.02
Q2	0.05	0.24	-0.80	-0.04	0.08	-0.27	-0.04	-0.04	0.21	0.11	0.58	0.07	0.20	0.30	-0.11	1.19	-0.00	0.02
Q5	1.03	-0.25	-0.58	-0.04	0.08	0.25	-0.04	-0.04	0.12	0.11	0.44	0.07	0.20	0.37	-0.11	-0.34	-0.00	0.02
Q4	0.40	0.10	-0.80	-0.04	0.08	0.09	-0.04	-0.04	0.52	0.11	-0.20	0.07	0.20	0.50	-0.11	1.85	-0.00	0.02
Q7	1.76	-1.07	-0.98	-0.04	0.08	0.09	-0.04	-0.04	-1.62	0.11	0.34	0.07	0.20	-0.33	-0.11	-0.98	-0.00	0.02
Q6	1.72	-0.64	-1.29	-0.04	0.08	-0.21	-0.04	-0.04	-0.04	0.11	0.53	0.07	0.20	0.61	-0.11	1.25	-0.00	0.02
E11	-0.22	0.15	0.37	-0.01	-0.31	0.01	-0.19	0.15	0.33	-0.15	-0.15	-0.02	0.57	-0.27	-0.08	0.15	-0.04	0.08
E10	1.09	-0.43	0.85	-0.04	0.08	-0.07	-0.04	-0.04	1.89	0.11	0.32	0.07	0.20	-0.96	-0.11	3.18	-0.00	0.02
E12	-0.37	-0.12	1.02	-0.04	0.08	-0.21	-0.04	-0.04	0.41	0.11	0.47	0.07	0.20	-0.40	-0.11	0.11	-0.00	0.02
C12	-0.29	0.87	-0.69	-0.04	0.08	0.08	-0.04	-0.04	0.97	0.11	-0.26	0.07	0.20	0.42	-0.11	0.95	-0.00	0.02
C11	0.76	-0.12	-0.32	-0.04	0.08	-0.27	-0.04	-0.04	-0.01	0.11	0.62	0.07	0.20	-0.79	-0.11	0.29	-0.00	0.02
C10	-0.17	0.19	0.11	-0.04	0.08	-0.20	-0.04	-0.04	0.05	0.11	0.64	0.07	0.20	-0.56	-0.11	-0.10	-0.00	0.02
A11	-0.50	0.12	-0.77	-0.04	0.08	-0.15	-0.04	-0.04	-1.12	0.11	-0.41	0.07	0.20	-0.35	-0.11	0.84	-0.00	0.02
A10	0.76	-0.60	0.11	-0.04	0.08	0.20	-0.04	-0.04	0.23	0.11	0.82	0.07	0.20	0.39	-0.11	0.22	-0.00	0.02
A12	-0.22	0.82	-1.42	-0.04	0.08	0.06	-0.04	-0.04	0.34	0.11	-0.11	0.07	0.20	0.49	-0.11	1.31	-0.00	0.02
A1	0.18	0.06	-1.04	-0.04	0.08	0.11	-0.04	-0.04	-0.27	0.11	0.32	0.07	0.20	0.29	-0.11	1.15	-0.00	0.02
A3	-0.36	0.62	-2.19	-0.04	0.08	-0.31	-0.04	-0.04	-1.23	0.11	0.51	0.07	0.20	0.33	-0.11	0.67	-0.00	0.02
A2	-0.45	0.45	-0.25	-0.04	0.08	0.07	-0.04	-0.04	0.24	0.11	0.30	0.07	0.20	0.18	-0.11	0.15	-0.00	0.02
A5	0.20	-0.45	-0.38	-0.04	0.08	0.09	-0.04	-0.04	-0.82	0.11	0.29	0.07	0.20	0.08	-0.11	0.37	-0.00	0.02
A4	-0.40	0.97	-1.28	-0.04	0.08	0.05	-0.04	-0.04	0.34	0.11	-0.25	0.07	0.20	0.37	-0.11	0.88	-0.00	0.02
A7	0.69	-0.79	-0.53	-0.04	0.08	0.18	-0.04	-0.04	-1.35	0.11	0.09	0.07	0.20	0.03	-0.11	-0.27	-0.00	0.02
A6	-0.49	0.50	-0.28	0.37	0.08	0.16	-0.21	-0.06	0.27	0.05	0.29	0.09	0.16	0.10	-0.06	0.15	0.06	0.36
A9	-0.54	0.70	0.31	-0.04	0.08	-0.22	-0.04	-0.04	0.71	0.11	0.01	0.07	0.20	-0.36	-0.11	-0.35	-0.00	0.02
A8	-0.69	0.89	-1.15	-0.04	0.08	0.07	-0.04	-0.04	-0.38	0.11	-0.43	0.07	0.20	0.46	-0.11	-0.47	-0.00	0.02
D8	-0.49	0.38	0.59	-0.04	0.08	-0.04	-0.04	-0.04	0.89	0.11	0.35	0.07	0.20	-0.03	-0.11	0.14	-0.00	0.02
D9	0.07	-0.20	-0.19	-0.04	0.08	-0.27	-0.04	-0.04	-0.73	0.11	0.68	0.07	0.20	-0.59	-0.11	-0.03	-0.00	0.02
D6	0.88	-0.46	-0.20	-0.04	0.08	-0.28	-0.04	-0.04	-0.38	0.11	0.63	0.07	0.20	-0.78	-0.11	0.26	-0.00	0.02
D7	0.18	-0.37	-0.02	-0.04	0.08	-0.19	-0.04	-0.04	-0.72	0.11	0.82	0.07	0.20	-0.58	-0.11	-0.13	-0.00	0.02
D4	2.54	-2.28	0.14	0.50	-0.70	0.26	-0.79	2.01	-1.15	-0.92	1.57	-1.48	-5.00	-1.44	0.60	1.33	2.60	-2.90
D5	0.55	-2.09	2.04	-5.00	-0.89	5.00	5.00	5.00	-0.20	-5.00	4.09	-5.00	-5.00	4.26	0.83	-0.62	-5.00	0.94
D2	-0.08	0.32	-0.51	-0.04	0.08	-0.21	-0.04	-0.04	-0.28	0.11	0.74	0.07	0.20	-0.49	-0.11	-0.15	-0.00	0.02
D3	2.58	-1.83	0.01	-0.04	0.08	-0.27	-0.04	-0.04	-0.77	0.11	1.32	0.07	0.20	-0.97	-0.11	0.47	-0.00	0.02
D1	-1.14	0.76	0.49	-0.04	0.08	-0.07	-0.04	-0.04	1.01	0.11	0.39	0.07	0.20	0.16	-0.11	0.46	-0.00	0.02
K12	-0.49	0.62	1.08	-0.04	0.08	-0.06	-0.04	-0.04	0.72	0.11	0.28	0.07	0.20	-0.92	-0.11	-1.96	-0.00	0.02
K11	-1.28	1.35	0.20	-0.04	0.08	-0.06	-0.04	-0.04	1.58	0.11	0.06	0.07	0.20	0.90	-0.11	-0.54	-0.00	0.02
K10	-0.77	-0.06	-0.08	-0.04	0.08	-0.12	-0.04	-0.04	-0.58	0.11	0.39	0.07	0.20	0.20	-0.11	0.78	-0.00	0.02
M3	-1.01	0.32	-1.21	-0.16	0.27	0.03	0.00	-0.02	-1.32	0.11	-0.12	0.13	0.16	0.63	0.10	0.52	-0.13	0.33
M2	-0.62	-0.17	0.11	-0.04	0.08	0.29	-0.04	-0.04	-1.28	0.11	-0.29	0.07	0.20	-0.44	-0.11	-0.63	-0.00	0.02
L10	-0.92	0.37	0.27	-0.04	0.08	0.08	-0.04	-0.04	0.27	0.11	-0.41	0.07	0.20	0.57	-0.11	0.13	-0.00	0.02
L11	-0.58	0.53	1.35	-0.04	0.08	-0.00	-0.04	-0.04	0.76	0.11	0.08	0.07	0.20	-1.39	-0.11	-1.21	-0.00	0.02
L12	-0.06	-0.86	0.51	-0.87	1.82	-0.02	-2.83	-1.02	-1.79	2.37	-0.26	0.17	-2.73	0.79	0.45	-2.39	-0.59	0.77
K3	-1.29	2.43	-0.82	-0.04	0.08	-0.13	-0.04	-0.04	2.83	0.11	0.64	0.07	0.20	1.49	-0.11	-0.29	-0.00	0.02
K2	-1.24	1.78	-0.11	-0.04	0.08	-0.07	-0.04	-0.04	2.60	0.11	-0.04	0.07	0.20	1.65	-0.11	0.05	-0.00	0.02
K1	0.69	-0.88	0.30	-0.04	0.08	-0.18	-0.04	-0.04	-1.02	0.11	-0.22	0.07	0.20	0.15	-0.11	-1.52	-0.00	0.02
M6	0.34	-0.55	-0.01	-0.04	0.08	-0.10	-0.04	-0.04	-1.36	0.11	-0.35	0.07	0.20	-0.11	-0.11	-1.79	-0.00	0.02
K7	-0.51	-0.40	1.61	-0.04	0.08	-0.06	-0.04	-0.04	-0.65	0.11	-0.35	0.07	0.20	-1.02	-0.11	-1.87	-0.00	0.02
K6	-0.39	-0.71	1.56	-0.04	0.08	-0.18	-0.04	-0.04	-1.29	0.11	-0.71	0.07	0.20	-1.28	-0.11	-1.69	-0.00	0.02
K5	-1.04	1.38	-0.04	-0.04	0.08	-0.08	-0.04	-0.04	1.38	0.11	0.62	0.07	0.20	1.01	-0.11	-1.68	-0.00	0.02
K4	0.01	0.23	0.30	-0.04	0.08	-0.19	-0.04	-0.04	0.65	0.11	0.29	0.07	0.20	0.73	-0.11	-1.45	-0.00	0.02
K9	-0.29	-0.01	0.63	-0.04	0.08	-0.27	-0.04	-0.04	-0.17	0.11	-0.12	0.07	0.20	0.10	-0.11	-1.69	-0.00	0.02
K8	-0.27	-0.82	1.28	-0.04	0.08	-0.05	-0.04	-0.04	-1.28	0.11	-2.88	0.07	0.20	0.04	-0.11	-1.58	-0.00	0.02
M9	-1.19	1.38	0.13	-0.02	0.27	-0.10	-0.07	-0.03	2.23	0.25	-0.04	0.07	-0.01	1.58	0.19	0.15	-0.13	-0.05
M8	-1.32	1.56	0.77	-0.04	0.08	-0.13	-0.04	-0.04	1.10	0.11	-1.89	0.07	0.20	-1.26	-0.11	-0.76	-0.00	0.02
I9	-1.22	0.87	0.54	-0.04	0.08	-0.09	-0.04	-0.04	1.17	0.11	0.06	0.07	0.20	0.98	-0.11	-0.63	-0.00	0.02
I8	-0.51	-0.53	1.16	-0.04	0.08	0.18	-0.04	-0.04	-0.70	0.11	-0.06	0.07	0.20	-0.58	-0.11	-0.65	-0.00	0.02
I1	-0.84	1.54	-0.77	-0.04	0.08	0.04	-0.04	-0.04	2.26	0.11	-0.26	0.07	0.20	1.83	-0.11	1.07	-0.00	0.02
I3	-0.58	-0.58	0.06	-0.04	0.08	-0.05	-0.04	-0.04	-1.13	0.11	0.48	0.07	0.20	0.19	-0.11	0.82	-0.00	0.02
I2	-1.45	2.24	-0.65	-0.03	-0.50	-0.18	-0.04	-0.00	2.60	0.26	0.41	0.12	0.17	1.55	-0.01	-0.20	0.16	-0.11
I5	-1.23	-0.32	1.70	-0.25	-1.28	0.47	0.19	-0.03	-0.34	-0.13	0.04	0.11	-0.41	-0.94	0.28	-0.19	0.38	0.18
I4	-1.25	1.11	-0.16	-0.04	0.08	-0.05	-0.04	-0.04	0.96	0.11	-0.24	0.07	0.20	0.95	-0.11	0.08	-0.00	0.02
I7	-0.35	-0.67	1.11	-0.04	0.08	0.07	-0.04	-0.04	-0.89	0.11	-0.31	0.07	0.20	0.36	-0.11	-2.06	-0.00	0.02
I6	-0.29	-1.12	1.22	-0.04	0.08	0.06	-0.04	-0.04	-1.55	0.11	-0.29	0.07	0.20	0.08	-0.11	-1.75	-0.00	0.02
J12	-0.67	-0.62	0.77	-0.04	0.08	0.42	-0.04	-0.04	-1.59	0.11	-0.37	0.07	0.20	-0.80	-0.11	-0.64	-0.00	0.02
J10	-0.43	-0.19	0.95	-0.04	0.08	-0.04	-0.04	-0.04	-0.12	0.11	0.03	0.07	0.20	0.63	-0.11	-2.11	-0.00	0.02
J11	-1.10	0.86	-0.31	-0.04	0.08	0.09	-0.04	-0.04	0.37	0.11	-0.44	0.07	0.20	0.75	-0.11	0.02	-0.00	0.02
I11	-0.83	-0.15	1.33	-0.04	0.08	-0.07	-0.04	-0.04	-0.21	0.11	0.22	0.07	0.20	0.14	-0.11	-1.92	-0.00	0.02
I10	0.47	-1.08	0.14	-0.04	0.08	-0.11	-0.04	-0.04	-1.97	0.11	-0.47	0.07	0.20	-0.04	-0.11	-1.69	-0.00	0.02
I12	0.01	-0.61	0.51	-0.04	0.08	-0.29	-0.04	-0.04	-1.44	0.11	-0.55	0.07	0.20	-0.32	-0.11	-1.95	-0.00	0.02
L6	-0.79	0.15	0.95	-0.04	0.08	-0.06	-0.04	-0.04	-0.03	0.11	0.43	0.07	0.20	0.08	-0.11	-1.88	-0.00	0.02
L7	-0.58	-0.28	-0.30	-0.04	0.08	-0.10	-0.04	-0.04	-0.84	0.11	0.37	0.07	0.20	0.49	-0.11	0.91	-0.00	0.02
L4	-1.16	1.17	0.20	-0.04	0.08	-0.11	-0.04	-0.04	0.29	0.11	-2.25	0.07	0.20	-0.17	-0.11	-1.12	-0.00	0.02
L5	-0.46	0.15	0.88	-0.04	0.08	-0.01	-0.04	-0.04	0.59	0.11	-0.03	0.07	0.20	0.93	-0.11	-1.88	-0.00	0.02
L2	-0.96	0.97	-0.06	-0.04	0.08	-0.04	-0.04	-0.04	1.46	0.11	-0.23	0.07	0.20	1.65	-0.11	0.01	-0.00	0.02
L3	-0.98	1.67	-0.82	0.03	1.04	-0.04	0.01	-0.36	1.82	0.02	-0.05	-0.07	0.06	1.40	0.29	0.02	0.01	0.62
L1	-0.19	-0.67	0.65	-0.04	0.08	0.18	-0.04	-0.04	-1.06	0.11	-0.02	0.07	0.20	-0.47	-0.11	-0.45	-0.00	0.02
N1	0.17	-1.82	0.97	-0.04	0.08	0.08	-0.04	-0.04	-2.63	0.11	-0.28	0.07	0.20	0.31	-0.11	-2.19	-0.00	0.02
N2	-1.16	0.56	0.36	-0.04	0.08	0.02	-0.04	-0.04	0.60	0.11	-0.11	0.07	0.20	0.74	-0.11	0.13	-0.00	0.02
N3	-0.28	-0.41	1.03	-0.04	0.08	-0.02	-0.04	-0.04	-1.06	0.11	-0.38	0.07	0.20	-1.16	-0.11	-1.55	-0.00	0.02
N4	0.71	-0.58	0.05	-0.04	0.08	-0.33	-0.04	-0.04	-0.27	0.11	-0.08	0.07	0.20	0.67	-0.11	-0.91	-0.00	0.02
L8	-1.01	1.47	-1.67	-0.04	0.08	0.51	-0.04	-0.04	0.01	0.11	-0.63	0.07	0.20	0.59	-0.11	0.13	-0.00	0.02
L9	-1.03	1.14	0.08	-0.04	0.08	-0.10	-0.04	-0.04	1.10	0.11	0.65	0.07	0.20	0.98	-0.11	-1.66	-0.00	0.02
M5	-1.28	1.28	1.01	-0.04	0.08	-0.13	-0.04	-0.04	0.91	0.11	-1.94	0.07	0.20	-1.22	-0.11	-0.81	-0.00	0.02
J8	-0.42	-1.27	-0.60	-0.01	-1.28	0.22	0.26	-0.10	-2.71	0.10	-0.10	0.20	-2.17	2.94	0.11	-1.32	-1.83	-0.10
J9	-0.43	0.09	1.29	-0.02	0.08	-0.28	-0.14	0.07	0.68	0.15	-0.21	0.03	0.03	-0.41	-0.14	-0.58	0.03	-0.05
M7	-0.54	-0.82	0.45	-0.04	0.08	0.19	-0.04	-0.04	-2.24	0.11	-0.03	0.07	0.20	-1.17	-0.11	-0.46	-0.00	0.02
M4	-0.87	1.49	0.29	-0.04	0.08	-0.05	-0.04	-0.04	1.57	0.11	0.31	0.07	0.20	-0.21	-0.11	-1.31	-0.00	0.02
J4	-0.67	0.05	0.94	-0.04	0.08	0.17	-0.04	-0.04	-0.06	0.11	0.00	0.07	0.20	-0.55	-0.11	-0.69	-0.00	0.02
J5	-0.48	-1.23	1.01	-0.04	0.08	0.34	-0.04	-0.04	-2.16	0.11	-0.36	0.07	0.20	-0.74	-0.11	-0.55	-0.00	0.02
J6	-1.06	-0.08	2.19	0.06	1.63	1.68	0.07	0.03	-0.25	-0.21	-1.64	0.17	-0.57	-1.42	-1.41	-1.12	0.19	0.13
J7	-0.07	-0.91	1.55	-0.04	0.08	-0.29	-0.04	-0.04	-1.35	0.11	-0.63	0.07	0.20	-1.30	-0.11	-1.77	-0.00	0.02
J1	-0.96	0.77	-1.20	0.01	0.46	-0.19	0.01	-0.01	-0.13	0.11	0.24	0.06	-0.11	1.14	0.14	0.76	-0.47	0.08
J2	-0.87	0.91	0.16	-0.04	0.08	0.01	-0.04	-0.04	1.54	0.11	-0.34	0.07	0.20	1.36	-0.11	0.06	-0.00	0.02
J3	-0.13	0.13	-0.03	-0.04	0.08	-0.17	-0.04	-0.04	-0.41	0.11	-0.21	0.07	0.20	0.23	-0.11	-1.60	-0.00	0.02
M11	-1.43	2.06	-1.81	-0.04	0.08	0.51	-0.04	-0.04	0.44	0.11	-0.25	0.07	0.20	0.50	-0.11	-0.07	-0.00	0.02
M10	-0.86	0.46	0.12	-0.04	0.08	-0.01	-0.04	-0.04	0.86	0.11	-0.25	0.07	0.20	1.60	-0.11	0.13	-0.00	0.02
M12	-0.89	1.74	0.06	-0.04	0.08	-0.09	-0.04	-0.04	1.77	0.11	0.47	0.07	0.20	-0.31	-0.11	-1.19	-0.00	0.02
M1	0.45	-0.11	-0.14	-0.04	0.08	-0.13	-0.04	-0.04	0.12	0.11	0.17	0.07	0.20	0.93	-0.11	-1.32	-0.00	0.02
