G7	-0.69	1.09	0.30	0.25	-0.48	-0.48	-0.79	0.04	1.11	0.75	-0.18	-2.08	0.29	-0.46	0.35	0.95	0.13	-0.55
G6	-0.56	1.17	-0.31	0.05	-0.14	0.36	-0.33	-0.14	0.74	0.21	-0.32	0.04	0.29	-0.37	0.04	0.86	-0.25	-0.06
G5	-0.14	0.89	-0.25	0.05	-0.14	-0.91	-0.33	-0.14	0.81	0.21	-0.23	0.04	0.29	-0.49	0.04	1.30	-0.25	-0.06
G4	1.62	-0.54	-1.01	0.05	-0.14	-0.99	-0.33	-0.14	-0.54	0.21	-0.06	0.04	0.29	-0.54	0.04	0.47	-0.25	-0.06
G3	0.80	-0.48	-1.16	0.05	-0.14	-0.57	-0.33	-0.14	-1.17	0.21	-0.28	0.04	0.29	-0.52	0.04	0.72	-0.25	-0.06
G2	0.80	-0.87	0.24	0.05	-0.14	-0.03	-0.33	-0.14	-0.33	0.21	-0.22	0.04	0.29	-0.39	0.04	0.80	-0.25	-0.06
G1	-0.33	0.31	0.43	0.10	0.03	-0.22	-0.23	-0.49	0.24	0.42	-0.24	0.44	0.29	-0.61	0.20	0.36	-0.36	0.25
G9	-0.49	0.69	0.39	0.05	-0.14	-0.80	-0.33	-0.14	0.68	0.21	-0.32	0.04	0.29	-0.52	0.04	0.84	-0.25	-0.06
G8	-0.78	1.23	0.70	0.05	-0.14	0.05	-0.33	-0.14	1.56	0.21	-0.28	0.04	0.29	-0.17	0.04	0.63	-0.25	-0.06
N6	-1.08	-0.16	1.49	-0.20	5.00	0.71	2.19	0.82	0.23	-1.07	-1.17	0.81	-3.26	0.08	-0.74	1.18	0.54	-0.36
N7	-0.47	0.24	1.20	0.20	-0.99	-1.98	1.78	0.26	0.64	-1.19	-1.40	0.92	-3.16	-0.54	0.78	1.39	0.08	-1.11
B4	1.84	-1.76	1.06	0.05	-0.14	0.34	-0.33	-0.14	-0.11	0.21	1.63	0.04	0.29	-0.79	0.04	-0.73	-0.25	-0.06
B5	-0.30	-0.59	0.18	0.05	-0.14	-0.01	-0.33	-0.14	-1.01	0.21	-0.48	0.04	0.29	0.02	0.04	-0.26	-0.25	-0.06
B6	2.79	-1.24	-0.53	0.05	-0.14	-1.11	-0.33	-0.14	0.19	0.21	0.14	0.04	0.29	-0.26	0.04	0.87	-0.25	-0.06
B7	0.71	0.09	-1.73	-4.50	-0.48	0.31	0.01	-0.90	-0.27	-0.29	0.47	1.12	0.06	0.22	0.01	1.39	-0.56	0.39
B1	-0.59	0.38	-1.48	0.05	-0.14	0.52	-0.33	-0.14	-0.35	0.21	1.58	0.04	0.29	1.00	0.04	-0.26	-0.25	-0.06
B2	2.80	-1.81	-3.73	0.05	-0.14	2.12	-0.33	-0.14	-2.37	0.21	1.90	0.04	0.29	1.03	0.04	-0.36	-0.25	-0.06
B3	0.20	-1.12	0.43	-1.42	0.54	1.11	2.81	-0.12	-0.43	-1.30	-0.32	1.09	-0.59	-0.62	0.34	0.66	3.98	4.54
B8	2.53	-1.14	-3.55	3.59	0.37	3.06	-0.29	-0.80	-0.76	0.98	0.60	-1.57	-0.33	3.85	0.49	-0.28	-4.06	-0.29
B9	1.15	0.33	-0.72	0.05	-0.14	-0.50	-0.33	-0.14	0.59	0.21	0.06	0.04	0.29	-0.23	0.04	0.27	-0.25	-0.06
N5	-0.09	-0.33	0.03	0.05	-0.14	-0.08	-0.33	-0.14	0.34	0.21	1.69	0.04	0.29	0.99	0.04	-0.58	-0.25	-0.06
P10	0.64	-0.36	-1.04	0.05	-0.14	0.00	-0.33	-0.14	-0.77	0.21	-0.89	0.04	0.29	0.49	0.04	0.33	-0.25	-0.06
P11	-0.15	-0.51	-0.31	-2.02	0.71	-0.01	1.50	0.47	-1.02	-0.64	-0.99	-1.89	-1.97	0.02	-1.39	1.36	1.39	1.07
P12	-0.34	-0.99	0.21	0.05	-0.14	0.43	-0.33	-0.14	-1.57	0.21	-0.78	0.04	0.29	0.05	0.04	-0.24	-0.25	-0.06
E9	-0.74	0.64	0.04	0.05	-0.14	-0.42	-0.33	-0.14	0.17	0.21	-0.32	0.04	0.29	-0.51	0.04	0.92	-0.25	-0.06
E8	-0.68	0.66	1.08	0.05	-0.14	-0.32	-0.33	-0.14	1.29	0.21	-0.25	0.04	0.29	-0.10	0.04	0.65	-0.25	-0.06
E5	-0.62	0.50	0.71	0.05	-0.14	-0.19	-0.33	-0.14	0.52	0.21	-0.25	0.04	0.29	-0.51	0.04	0.38	-0.25	-0.06
E4	-0.68	0.96	0.37	0.05	-0.14	-0.13	-0.33	-0.14	0.83	0.21	-0.26	0.04	0.29	-0.39	0.04	0.40	-0.25	-0.06
E7	-0.59	0.48	0.31	0.05	-0.14	-0.16	-0.33	-0.14	0.41	0.21	-0.19	0.04	0.29	-0.34	0.04	0.78	-0.25	-0.06
E6	-0.29	0.67	-0.52	0.05	-0.14	-0.85	-0.33	-0.14	0.20	0.21	-0.31	0.04	0.29	-0.38	0.04	1.18	-0.25	-0.06
E1	0.25	0.14	0.10	0.05	-0.14	-0.51	-0.33	-0.14	0.36	0.21	-0.23	0.04	0.29	-0.44	0.04	0.78	-0.25	-0.06
P8	-0.47	-0.69	1.66	0.05	-0.14	0.37	-0.33	-0.14	-0.29	0.21	-0.74	0.04	0.29	-0.19	0.04	-0.62	-0.25	-0.06
E3	1.66	-0.71	-1.47	0.05	-0.14	-0.55	-0.33	-0.14	-1.02	0.21	-1.75	0.04	0.29	-0.25	0.04	1.74	-0.25	-0.06
E2	0.09	-0.36	-0.98	0.05	-0.14	-1.02	-0.33	-0.14	-1.38	0.21	-0.25	0.04	0.29	-0.62	0.04	0.97	-0.25	-0.06
P2	2.20	-2.05	0.41	2.33	-2.02	1.30	2.97	5.00	-0.45	-5.00	-0.94	0.30	-5.00	-2.46	5.00	1.53	0.32	0.13
P3	1.76	-1.32	-1.30	0.05	-0.14	0.78	-0.33	-0.14	-1.25	0.21	-0.91	0.04	0.29	0.27	0.04	1.03	-0.25	-0.06
P1	1.93	-0.05	-1.47	0.05	-1.85	-1.14	-0.33	-0.29	0.05	0.09	-0.99	0.02	0.18	0.17	0.11	0.74	-0.87	0.69
P6	0.33	-0.92	0.64	-0.86	0.20	-0.63	1.87	0.17	-0.15	-1.39	-0.47	0.61	-3.24	-0.34	0.72	1.17	2.11	0.25
P7	0.70	-0.52	-1.05	0.05	-0.14	0.20	-0.33	-0.14	-1.00	0.21	-0.78	0.04	0.29	0.25	0.04	0.40	-0.25	-0.06
P4	0.87	-1.53	-0.20	-1.11	-0.65	-0.30	4.10	-1.10	-1.83	-2.27	-4.06	1.27	1.44	-0.14	-0.76	1.01	3.58	-0.78
P5	-0.23	-0.94	0.84	0.05	-0.14	0.21	-0.33	-0.14	-0.89	0.21	-0.75	0.04	0.29	-0.06	0.04	-0.05	-0.25	-0.06
H10	0.62	-2.22	0.23	-2.28	0.71	-5.00	2.77	2.88	-1.15	-4.58	-0.78	-5.00	-2.59	2.14	2.95	-0.77	3.56	-2.21
H11	0.44	-1.86	0.74	0.05	-0.14	0.46	-0.33	-0.14	-1.47	0.21	-0.27	0.04	0.29	0.52	0.04	-1.03	-0.25	-0.06
H12	1.08	-1.87	1.14	0.05	-0.14	-0.61	-0.33	-0.14	-1.21	0.21	-2.28	0.04	0.29	0.05	0.04	-0.16	-0.25	-0.06
P9	-0.29	-1.25	1.06	0.05	-0.14	0.43	-0.33	-0.14	-1.34	0.21	-0.77	0.04	0.29	-0.24	0.04	-0.50	-0.25	-0.06
F12	2.56	-0.98	-1.63	0.05	-0.14	-0.79	-0.33	-0.14	-0.92	0.21	-0.14	0.04	0.29	-0.56	0.04	0.54	-0.25	-0.06
F10	0.37	-0.90	-0.58	0.05	-0.14	0.45	-0.33	-0.14	-1.40	0.21	-0.26	0.04	0.29	-0.27	0.04	0.54	-0.25	-0.06
F11	0.69	-0.89	-0.46	0.05	-0.14	-0.01	-0.33	-0.14	-1.24	0.21	-0.21	0.04	0.29	-0.61	0.04	0.46	-0.25	-0.06
N12	-0.82	0.38	-0.15	-0.76	-0.14	0.62	-0.36	0.23	-0.21	0.11	-0.56	-0.01	1.48	0.28	-0.11	-0.06	-0.11	-0.48
H8	-0.89	0.52	0.19	-4.20	0.20	2.88	4.00	1.81	0.89	-1.94	1.80	1.55	-0.34	0.88	-4.74	1.21	-1.24	0.60
H9	-0.40	0.22	1.54	-0.20	0.37	0.36	2.14	1.00	0.42	-0.66	-0.65	0.58	-0.65	-3.10	-1.04	1.87	4.15	0.30
H6	-0.67	-0.28	0.43	0.05	-0.14	0.58	-0.33	-0.14	-0.44	0.21	-0.66	0.04	0.29	0.17	0.04	0.42	-0.25	-0.06
H7	-0.62	1.03	-0.66	0.05	-0.14	0.33	-0.33	-0.14	1.09	0.21	1.71	0.04	0.29	0.54	0.04	0.33	-0.25	-0.06
H4	-0.45	1.06	-1.71	0.05	-0.14	0.03	-0.33	-0.14	0.52	0.21	1.63	0.04	0.29	0.71	0.04	0.65	-0.25	-0.06
H5	-0.89	-0.06	0.30	-0.35	0.03	0.71	2.03	2.42	-0.26	-0.99	-0.65	0.58	-1.32	-0.13	-0.84	1.25	1.50	-0.60
D10	-0.69	0.41	0.10	0.05	-0.14	-0.23	-0.33	-0.14	-0.17	0.21	-0.31	0.04	0.29	-0.59	0.04	0.54	-0.25	-0.06
D11	-0.41	0.21	-0.63	0.05	-0.14	0.14	-0.33	-0.14	-0.78	0.21	-0.26	0.04	0.29	-0.50	0.04	0.53	-0.25	-0.06
D12	0.39	-0.05	-0.58	0.05	-0.14	-0.27	-0.33	-0.14	-0.62	0.21	-0.24	0.04	0.29	-0.65	0.04	0.31	-0.25	-0.06
B12	2.57	-1.40	-1.25	5.00	-0.14	-0.58	-0.52	0.06	-0.32	0.32	-0.52	1.38	0.84	-0.93	2.78	1.23	2.97	0.95
B10	2.71	-1.44	-1.84	0.05	-0.14	-1.23	-0.33	-0.14	-0.87	0.21	0.75	0.04	0.29	0.33	0.04	0.53	-0.25	-0.06
B11	2.24	-1.42	-0.89	0.05	-0.14	-0.83	-0.33	-0.14	-0.31	0.21	-0.16	0.04	0.29	0.89	0.04	0.53	-0.25	-0.06
Q8	0.38	-1.02	1.56	0.05	-0.14	0.11	-0.33	-0.14	-0.76	0.21	-0.73	0.04	0.29	-1.39	0.04	-0.55	-0.25	-0.06
Q9	0.07	-0.81	0.56	0.05	-0.14	-0.44	-0.33	-0.14	-0.67	0.21	-0.65	0.04	0.29	-0.09	0.04	0.21	-0.25	-0.06
C9	-0.73	1.06	-0.11	0.05	-0.14	-0.07	-0.33	-0.14	0.45	0.21	-0.26	0.04	0.29	-0.50	0.04	0.43	-0.25	-0.06
C8	-0.41	0.28	-0.97	-0.05	-0.48	-0.50	-0.50	0.43	-0.97	0.21	-0.32	-0.10	0.30	-0.58	0.05	0.89	-0.45	-0.27
Q11	1.15	-0.95	-1.10	0.05	-0.14	0.43	-0.33	-0.14	-1.20	0.21	-0.72	0.04	0.29	0.31	0.04	0.34	-0.25	-0.06
Q10	0.92	-1.50	-1.15	2.18	1.74	0.03	3.31	0.93	-1.77	-1.92	-3.95	1.95	-0.91	3.00	-1.76	-0.11	0.82	-2.07
Q12	1.36	-0.99	-0.74	-4.70	-0.14	0.99	-2.30	-1.58	-1.40	0.23	-3.47	-0.78	2.90	0.73	1.58	0.09	-2.87	1.05
C3	1.94	-1.01	-1.59	0.05	-0.14	-0.41	-0.33	-0.14	-0.72	0.21	0.53	0.04	0.29	0.34	0.04	0.56	-0.25	-0.06
C2	2.31	-1.27	-1.02	0.05	-0.14	-1.01	-0.33	-0.14	-0.42	0.21	0.60	0.04	0.29	0.40	0.04	-0.04	-0.25	-0.06
C1	-0.38	-0.72	0.34	0.05	-0.14	-0.25	-0.33	-0.14	-1.07	0.21	-0.36	0.04	0.29	-0.61	0.04	0.90	-0.25	-0.06
C7	-0.72	1.19	0.57	0.05	-0.14	0.03	-0.33	-0.14	1.42	0.21	-0.28	0.04	0.29	-0.25	0.04	0.70	-0.25	-0.06
C6	-0.79	1.20	-0.26	0.05	-0.14	-0.16	-0.33	-0.14	0.59	0.21	-0.32	0.04	0.29	-0.37	0.04	0.72	-0.25	-0.06
C5	-0.74	1.07	-0.10	0.05	-0.14	-0.07	-0.33	-0.14	0.47	0.21	-0.26	0.04	0.29	-0.50	0.04	0.43	-0.25	-0.06
C4	-0.41	0.41	-0.35	0.05	-0.14	0.30	-0.33	-0.14	-0.18	0.21	-0.31	0.04	0.29	-0.40	0.04	0.74	-0.25	-0.06
N10	-1.08	0.43	-0.53	-0.56	-1.51	2.58	2.14	2.62	0.58	-0.64	-0.17	0.10	-2.36	3.38	-2.55	0.07	-1.10	-0.92
N8	-0.27	-0.75	0.09	0.05	-0.14	0.39	-0.33	-0.14	-1.19	0.21	-0.23	0.04	0.29	0.59	0.04	-1.24	-0.25	-0.06
N9	0.22	-0.42	0.52	0.05	-0.14	0.27	-0.33	-0.14	-0.05	0.21	-0.25	0.04	0.29	0.27	0.04	-0.68	-0.25	-0.06
N11	-0.36	-0.19	-1.08	0.05	-0.14	0.30	-0.33	-0.14	-1.28	0.21	-0.95	0.04	0.29	0.11	0.04	1.22	-0.25	-0.06
G12	0.39	-0.93	-0.38	0.05	-0.14	0.14	-0.33	-0.14	-1.16	0.21	-0.04	0.04	0.29	-0.27	0.04	0.69	-0.25	-0.06
G11	0.98	-0.72	0.10	-0.40	0.54	0.58	-0.53	-3.33	0.73	-0.52	1.00	-2.40	1.52	-0.07	-0.46	1.80	0.80	3.96
G10	-0.95	1.41	0.52	0.05	-0.14	0.02	-0.33	-0.14	1.55	0.21	-0.25	0.04	0.29	-0.19	0.04	0.80	-0.25	-0.06
F1	-0.41	0.42	-0.07	0.05	-0.14	-0.26	-0.33	-0.14	0.06	0.21	-0.23	0.04	0.29	-0.28	0.04	0.45	-0.25	-0.06
F2	-0.34	0.47	-0.70	0.05	-0.14	-0.73	-0.33	-0.14	-0.20	0.21	-0.31	0.04	0.29	-0.32	0.04	1.21	-0.25	-0.06
F3	-0.67	0.38	-0.20	0.05	-0.14	-0.41	-0.33	-0.14	-0.24	0.21	-0.31	0.04	0.29	-0.41	0.04	0.93	-0.25	-0.06
F4	2.48	-1.04	-1.37	3.64	0.20	-0.39	-0.17	-0.38	-0.13	0.77	0.12	0.16	0.43	-0.01	2.05	0.35	-0.22	0.88
F5	-0.55	0.72	-0.74	0.05	-0.14	-0.22	-0.33	-0.14	-0.39	0.21	-0.31	0.04	0.29	-0.61	0.04	0.65	-0.25	-0.06
F6	-0.59	0.38	-0.47	0.05	-0.14	-0.27	-0.33	-0.14	-0.64	0.21	-0.31	0.04	0.29	-0.68	0.04	0.67	-0.25	-0.06
F7	-0.23	0.45	-1.31	0.05	-0.14	-0.70	-0.33	-0.14	-0.69	0.21	-0.30	0.04	0.29	-0.35	0.04	1.19	-0.25	-0.06
F8	-0.04	0.50	-1.08	0.05	-0.14	-0.63	-0.33	-0.14	-0.43	0.21	-0.23	0.04	0.29	-0.45	0.04	0.83	-0.25	-0.06
F9	0.90	-0.27	0.05	0.05	-0.14	-0.79	-0.33	-0.14	0.20	0.21	-0.27	0.04	0.29	-0.38	0.04	0.46	-0.25	-0.06
Q1	0.05	-0.25	1.80	-0.56	1.40	0.68	-0.02	-2.02	1.16	0.59	-0.75	-0.55	-2.02	-0.57	0.71	1.07	1.30	-0.81
Q3	-0.45	-0.80	0.82	-0.71	0.20	-0.26	2.31	0.71	-0.73	-0.71	-0.56	0.56	-2.48	-0.17	-1.30	0.87	1.22	-0.10
Q2	-0.11	-0.67	0.58	0.05	-0.14	-0.08	-0.33	-0.14	-0.65	0.21	-0.80	0.04	0.29	-0.01	0.04	0.04	-0.25	-0.06
Q5	2.11	-1.62	-0.39	2.63	0.37	0.33	3.87	0.17	-0.96	-2.90	-4.01	2.29	-0.45	-0.13	2.40	0.69	2.41	-2.26
Q4	-0.22	-1.14	0.44	0.05	-0.14	-0.01	-0.33	-0.14	-1.52	0.21	-0.55	0.04	0.29	-0.14	0.04	-0.22	-0.25	-0.06
Q7	2.58	-2.82	-0.79	0.05	-0.14	-0.36	-0.33	-0.14	-2.37	0.21	-1.11	0.04	0.29	0.28	0.04	0.29	-0.25	-0.06
Q6	0.69	-1.33	-4.48	3.64	0.54	0.89	2.60	1.35	-1.99	1.95	-0.97	1.41	-3.00	4.95	0.43	1.17	1.44	-0.34
E11	-0.40	0.84	0.09	0.05	-0.14	-0.32	-0.33	-0.14	0.63	0.21	-0.23	0.04	0.29	-0.45	0.04	0.42	-0.25	-0.06
E10	1.45	-0.47	-1.30	0.05	-0.14	1.02	-0.33	-0.14	-0.15	0.21	0.64	0.04	0.29	0.17	0.04	0.62	-0.25	-0.06
E12	-0.44	0.52	0.85	-0.05	-0.48	-0.57	-0.30	0.45	1.07	0.23	-0.22	0.16	0.25	-0.15	-0.11	0.61	-0.17	-0.06
C12	-0.77	0.64	-0.20	0.05	-0.14	-0.03	-0.33	-0.14	-0.12	0.21	-0.26	0.04	0.29	-0.41	0.04	0.42	-0.25	-0.06
C11	-0.36	0.77	-0.84	0.05	-0.14	-0.83	-0.33	-0.14	-0.03	0.21	-0.31	0.04	0.29	-0.44	0.04	1.22	-0.25	-0.06
C10	-0.67	0.60	0.27	0.05	-0.14	-0.10	-0.33	-0.14	0.17	0.21	-0.26	0.04	0.29	-0.63	0.04	0.41	-0.25	-0.06
A11	-0.83	0.08	1.07	-0.50	3.61	2.56	3.00	1.98	-0.71	-1.87	-0.02	0.75	1.36	-3.29	-3.06	0.79	5.00	-0.24
A10	1.63	-0.53	-1.03	0.05	-0.14	-1.02	-0.33	-0.14	-0.53	0.21	-0.07	0.04	0.29	-0.53	0.04	0.47	-0.25	-0.06
A12	-0.56	0.15	1.38	-3.29	0.20	0.69	-0.20	-4.01	0.60	1.67	-0.85	-1.80	-3.45	-0.15	-1.64	1.19	1.78	0.30
A1	0.43	-0.59	-0.28	0.05	-0.14	-0.10	-0.33	-0.14	-1.14	0.21	-0.70	0.04	0.29	-0.27	0.04	-0.45	-0.25	-0.06
A3	-0.72	-0.21	-0.01	-0.66	0.88	0.49	1.95	1.44	-0.61	-1.19	-0.63	0.73	-0.83	-0.14	-0.89	1.24	1.36	-0.67
A2	-0.94	-0.45	1.10	-0.45	5.00	2.99	2.13	1.17	-0.14	-0.41	-0.49	1.04	-3.31	0.44	-1.73	0.85	0.62	0.20
A5	0.18	-0.53	-2.27	-0.20	0.54	-0.38	2.00	0.32	-0.40	-0.80	-0.51	0.95	-4.02	4.17	-0.02	1.14	-1.36	0.15
A4	-0.38	-0.03	1.74	-0.30	-1.34	3.13	-1.68	1.83	0.85	0.11	-0.06	-5.00	0.17	0.39	-2.96	-0.18	0.02	3.13
A7	1.10	-1.64	0.10	-1.21	-0.48	0.18	3.45	5.00	-1.33	-5.00	-0.57	-0.10	-1.85	-1.47	1.42	0.34	4.30	-2.43
A6	-0.70	-0.45	1.13	-0.76	5.00	-0.25	1.87	1.20	-0.29	-0.62	-0.78	0.64	-2.54	-0.19	-1.12	0.88	0.83	-0.03
A9	-0.41	-0.58	1.16	0.05	-0.14	0.55	-0.33	-0.14	-0.16	0.21	-0.66	0.04	0.29	0.44	0.04	-0.62	-0.25	-0.06
A8	-0.69	-0.26	0.51	-1.16	-0.65	0.36	1.58	-0.09	-0.72	-0.62	-0.76	1.58	-1.38	-0.25	-1.65	0.75	0.95	-2.43
D8	-0.78	0.56	0.58	0.05	-0.14	-0.35	-0.33	-0.14	0.53	0.21	-0.32	0.04	0.29	-0.35	0.04	0.76	-0.25	-0.06
D9	-0.56	0.42	-0.52	0.05	-0.14	-0.44	-0.33	-0.14	-0.49	0.21	-0.31	0.04	0.29	-0.55	0.04	0.84	-0.25	-0.06
D6	-0.26	0.44	-1.04	0.05	-0.14	-0.75	-0.33	-0.14	-0.52	0.21	-0.30	0.04	0.29	-0.45	0.04	1.23	-0.25	-0.06
D7	-0.39	0.60	-0.61	0.05	-0.14	-0.61	-0.33	-0.14	-0.19	0.21	-0.29	0.04	0.29	-0.47	0.04	0.80	-0.25	-0.06
D4	2.26	-1.08	-1.40	0.05	-0.14	-0.55	-0.33	-0.14	-0.28	0.21	0.88	0.04	0.29	0.46	0.04	0.42	-0.25	-0.06
D5	2.06	-0.73	-1.44	0.05	-0.14	0.94	-0.33	-0.14	-0.11	0.21	0.68	0.04	0.29	0.26	0.04	0.56	-0.25	-0.06
D2	-0.87	0.69	-0.42	0.05	-0.14	-0.33	-0.33	-0.14	-0.33	0.21	-0.31	0.04	0.29	-0.54	0.04	0.73	-0.25	-0.06
D3	1.35	-0.52	-1.35	0.05	-0.14	1.34	-0.33	-0.14	-0.38	0.21	0.61	0.04	0.29	0.11	0.04	0.58	-0.25	-0.06
D1	-0.87	0.78	0.72	0.05	-0.14	-0.23	-0.33	-0.14	0.92	0.21	-0.27	0.04	0.29	-0.23	0.04	0.65	-0.25	-0.06
K12	-0.33	1.04	1.54	0.05	-0.14	-0.23	-0.33	-0.14	1.22	0.21	-0.09	0.04	0.29	-1.34	0.04	-1.31	-0.25	-0.06
K11	-1.31	2.21	-0.19	0.05	-0.14	-0.32	-0.33	-0.14	2.25	0.21	1.72	0.04	0.29	0.72	0.04	-0.59	-0.25	-0.06
K10	-1.41	0.79	-0.45	0.05	-0.14	0.08	-0.33	-0.14	0.29	0.21	1.63	0.04	0.29	0.96	0.04	-0.65	-0.25	-0.06
M3	-1.19	0.13	-0.44	0.05	-0.14	-0.05	-0.33	-0.14	-0.19	0.21	1.68	0.04	0.29	1.02	0.04	-0.22	-0.25	-0.06
M2	-0.03	0.19	0.91	0.05	0.03	-0.17	-0.32	-0.20	0.20	0.28	0.03	0.10	0.29	-0.83	-0.07	-1.20	0.03	-0.08
L10	-1.09	0.54	-0.20	0.05	-0.14	0.09	-0.33	-0.14	0.43	0.21	1.64	0.04	0.29	0.95	0.04	-0.60	-0.25	-0.06
L11	-0.13	0.37	0.75	0.10	0.03	1.00	-0.27	-0.34	0.28	0.54	0.36	-0.10	0.40	-0.72	0.17	-1.75	0.03	-0.43
L12	-0.03	-0.32	0.83	0.05	-0.14	0.27	-0.33	-0.14	-0.31	0.21	0.63	0.04	0.29	0.01	0.04	-2.60	-0.25	-0.06
K3	-1.65	2.93	-0.33	0.10	0.03	0.39	-0.38	-0.23	3.11	0.30	1.61	0.21	0.26	0.98	0.06	0.02	-0.15	0.01
K2	-1.47	2.08	-0.09	0.05	-0.14	0.14	-0.33	-0.14	2.38	0.21	1.65	0.04	0.29	1.04	0.04	-0.10	-0.25	-0.06
K1	0.15	-0.33	0.40	0.05	-0.14	-0.47	-0.33	-0.14	0.01	0.21	0.38	0.04	0.29	0.05	0.04	-0.48	-0.25	-0.06
M6	0.25	-0.90	0.76	0.05	-0.14	-0.61	-0.33	-0.14	-0.89	0.21	0.67	0.04	0.29	-0.06	0.04	-2.42	-0.25	-0.06
K7	-0.22	0.09	-1.08	-0.96	2.93	0.25	-0.63	0.52	-0.38	1.83	-1.09	0.73	-1.58	3.93	-3.66	-1.08	-1.80	-1.32
K6	0.35	-0.90	1.09	0.25	-0.31	0.28	-0.14	-0.42	-0.87	0.38	0.41	0.13	0.30	-1.07	0.17	-1.74	-0.24	-0.15
K5	-0.81	1.73	0.65	0.05	-0.14	-0.17	-0.33	-0.14	1.92	0.21	-0.17	0.04	0.29	0.14	0.04	-0.63	-0.25	-0.06
K4	-0.24	0.30	0.52	0.05	-0.14	-0.22	-0.33	-0.14	0.27	0.21	-0.03	0.04	0.29	-0.11	0.04	-0.94	-0.25	-0.06
K9	0.14	-0.32	0.24	0.05	-0.14	-0.14	-0.33	-0.14	-0.33	0.21	0.26	0.04	0.29	-0.02	0.04	-0.95	-0.25	-0.06
K8	0.01	-0.09	0.42	0.05	-0.14	-0.36	-0.33	-0.14	-0.07	0.21	0.04	0.04	0.29	-0.08	0.04	-0.89	-0.25	-0.06
M9	-1.44	1.82	0.21	0.05	-0.48	-0.03	-0.32	-0.25	2.38	0.25	1.64	0.04	0.24	1.07	0.13	-0.03	-0.16	-0.03
M8	-0.75	1.77	0.67	0.05	-0.14	0.61	-0.33	-0.14	1.64	0.21	0.41	0.04	0.29	-0.57	0.04	-1.32	-0.25	-0.06
I9	-1.26	1.99	-0.07	0.05	-0.14	-0.33	-0.33	-0.14	2.13	0.21	1.72	0.04	0.29	0.76	0.04	-0.62	-0.25	-0.06
I8	0.23	0.00	1.13	0.15	1.05	0.00	-0.93	-0.03	0.32	0.14	-0.04	0.04	0.65	-0.82	-0.04	-1.53	0.69	0.11
I1	-0.75	1.32	-0.52	0.05	-0.14	0.86	-0.33	-0.14	1.74	0.21	1.60	0.04	0.29	1.29	0.04	-0.10	-0.25	-0.06
I3	-1.02	-0.05	-0.42	0.05	-0.14	0.09	-0.33	-0.14	-0.41	0.21	1.64	0.04	0.29	1.03	0.04	-0.66	-0.25	-0.06
I2	-1.65	2.44	0.21	0.05	-0.14	0.93	-0.33	-0.14	2.49	0.21	1.69	0.04	0.29	0.38	0.04	-0.58	-0.25	-0.06
I5	-0.30	0.77	1.72	0.05	-0.14	-0.44	-0.33	-0.14	1.30	0.21	0.33	0.04	0.29	-1.04	0.04	-1.47	-0.25	-0.06
I4	-1.52	1.53	-0.12	0.05	-0.14	-0.10	-0.33	-0.14	1.44	0.21	1.66	0.04	0.29	0.94	0.04	-0.50	-0.25	-0.06
I7	0.19	-0.40	1.12	0.05	-0.14	-0.16	-0.33	-0.14	-0.00	0.21	0.39	0.04	0.29	-0.12	0.04	-2.12	-0.25	-0.06
I6	0.47	-1.11	0.21	0.05	-0.14	0.17	-0.33	-0.14	-1.10	0.21	1.71	0.04	0.29	0.32	0.04	-2.94	-0.25	-0.06
J12	-0.14	0.03	1.49	0.05	-0.14	0.06	-0.33	-0.14	0.27	0.21	0.39	0.04	0.29	-1.01	0.04	-1.69	-0.25	-0.06
J10	-0.15	0.44	1.02	0.05	-0.14	-0.61	-0.33	-0.14	0.81	0.21	0.30	0.04	0.29	-0.01	0.04	-1.80	-0.25	-0.06
J11	-1.14	1.25	-0.30	0.05	-1.68	0.52	-0.25	-0.51	1.00	0.14	1.71	0.36	-0.41	0.66	-0.00	-0.77	-0.05	0.44
I11	-0.04	0.24	0.95	0.05	-0.14	-0.26	-0.33	-0.14	0.58	0.21	0.33	0.04	0.29	0.00	0.04	-1.90	-0.25	-0.06
I10	0.32	-1.14	0.81	0.05	-0.14	-0.72	-0.33	-0.14	-1.06	0.21	0.69	0.04	0.29	-0.00	0.04	-2.42	-0.25	-0.06
I12	0.28	-0.66	0.92	-0.10	0.03	-0.42	-0.14	0.01	-0.38	0.35	0.60	0.02	0.44	-0.01	-0.06	-2.24	-0.45	-0.41
L6	-0.15	0.50	1.20	0.05	-0.14	-0.76	-0.33	-0.14	0.93	0.21	0.53	0.04	0.29	-0.04	0.04	-2.35	-0.25	-0.06
L7	-1.07	-0.09	-0.33	0.05	-0.14	0.08	-0.33	-0.14	-0.28	0.21	1.68	0.04	0.29	1.06	0.04	-0.27	-0.25	-0.06
L4	-0.81	1.59	0.44	0.05	-0.31	-0.05	-0.64	-0.07	1.62	0.00	-0.10	0.04	0.32	0.13	0.20	-0.66	0.09	-0.24
L5	-0.17	0.33	0.82	0.05	-0.14	-0.30	-0.33	-0.14	0.53	0.21	-0.06	0.04	0.29	-0.21	0.04	-1.04	-0.25	-0.06
L2	-1.38	1.34	-0.31	0.05	-0.14	0.21	-0.33	-0.14	1.31	0.21	1.64	0.04	0.29	1.05	0.04	-0.18	-0.25	-0.06
L3	-1.20	1.71	-0.22	0.05	-0.14	0.15	-0.33	-0.14	1.82	0.21	1.62	0.04	0.29	0.70	0.04	-0.13	-0.25	-0.06
L1	0.17	-0.12	1.09	0.05	-0.14	-0.41	-0.33	-0.14	0.08	0.21	0.07	0.04	0.29	-0.88	0.04	-1.20	-0.25	-0.06
N1	0.48	-1.53	0.37	0.05	-0.14	-0.35	-0.33	-0.14	-1.76	0.21	0.71	0.04	0.29	0.07	0.04	-2.48	-0.25	-0.06
N2	-1.54	1.29	0.02	0.05	-0.14	-0.11	-0.33	-0.14	1.28	0.21	1.66	0.04	0.29	1.00	0.04	-0.52	-0.25	-0.06
N3	0.05	-0.61	0.91	0.05	-0.14	0.00	-0.33	-0.14	-0.79	0.21	0.40	0.04	0.29	-0.95	0.04	-1.45	-0.25	-0.06
N4	0.20	-1.07	-0.07	0.05	-0.14	0.03	-0.33	-0.14	-0.42	0.21	1.67	0.04	0.29	1.16	0.04	-0.74	-0.25	-0.06
L8	-0.48	1.17	-0.18	0.05	-0.14	0.49	-0.33	-0.14	1.06	0.21	0.15	0.04	0.29	0.52	0.04	-0.65	-0.25	-0.06
L9	-0.51	1.17	0.25	0.05	-0.14	0.49	-0.33	-0.14	1.12	0.21	0.43	0.04	0.29	0.42	0.04	-1.70	-0.25	-0.06
M5	-0.92	1.70	0.89	0.05	-0.14	0.03	-0.33	-0.14	1.71	0.21	0.07	0.04	0.29	-0.84	0.04	-0.17	-0.25	-0.06
J8	0.14	-0.76	1.42	0.05	-0.14	-0.30	-0.33	-0.14	-0.44	0.21	0.52	0.04	0.29	-0.89	0.04	-1.53	-0.25	-0.06
J9	-0.03	0.27	1.20	0.05	-0.14	-0.01	-0.33	-0.14	0.45	0.21	0.29	0.04	0.29	-0.99	0.04	-1.46	-0.25	-0.06
M7	-0.01	-0.42	1.19	0.05	-0.14	-0.30	-0.33	-0.14	-0.55	0.21	0.02	0.04	0.29	-1.22	0.04	-1.28	-0.25	-0.06
M4	-0.73	1.70	1.16	0.05	-0.14	0.18	-0.33	-0.14	1.74	0.21	-0.09	0.04	0.29	-0.87	0.04	-1.11	-0.25	-0.06
J4	-0.16	0.45	1.13	0.05	-0.14	0.18	-0.33	-0.14	0.43	0.21	-0.07	0.04	0.29	-0.99	0.04	-1.49	-0.25	-0.06
J5	0.03	-0.42	1.42	0.10	0.37	0.14	-0.82	-0.18	-0.23	0.99	-0.02	-0.13	0.45	-1.09	-0.10	-1.33	0.27	0.04
J6	-0.34	0.73	1.35	0.05	-0.14	0.06	-0.33	-0.14	0.86	0.21	0.24	0.04	0.29	-1.18	0.04	-1.31	-0.25	-0.06
J7	0.20	-1.08	0.76	0.05	-0.14	-0.07	-0.33	-0.14	-1.36	0.21	0.41	0.04	0.29	-0.91	0.04	-1.46	-0.25	-0.06
J1	-0.92	0.42	-0.22	0.05	-0.14	0.17	-0.33	-0.14	0.63	0.21	1.64	0.04	0.29	1.00	0.04	0.06	-0.25	-0.06
J2	-0.68	0.98	-0.73	1.67	-3.56	1.52	-0.06	-2.35	1.18	0.18	1.77	-3.48	-1.76	0.48	1.13	-0.27	2.45	5.00
J3	-0.07	0.19	0.50	0.00	0.54	-0.22	-0.30	-0.23	0.52	0.30	0.09	0.02	0.37	0.08	0.07	-0.50	-0.19	-0.15
M11	-0.63	1.62	0.08	0.05	-0.14	0.36	-0.33	-0.14	1.65	0.21	-0.17	0.04	0.29	0.44	0.04	-0.49	-0.25	-0.06
M10	-0.84	0.44	-0.14	0.05	-0.14	0.20	-0.33	-0.14	0.75	0.21	1.65	0.04	0.29	1.05	0.04	-0.14	-0.25	-0.06
M12	-0.88	1.89	1.01	0.05	-0.14	0.30	-0.33	-0.14	1.77	0.21	-0.05	0.04	0.29	-0.82	0.04	-1.14	-0.25	-0.06
M1	0.08	-0.08	0.29	0.10	-0.14	-0.29	-0.38	-0.14	0.13	0.18	0.22	0.13	0.33	0.06	0.11	-0.60	0.01	-0.08
