G7	0.70	0.38	0.50	-0.09	-0.12	0.50	0.11	-0.08	1.74	-0.16	0.33	0.02	0.25	0.04	-0.13	0.68	-0.18	-0.17
G6	-1.17	0.82	0.28	-0.09	-0.12	0.46	0.11	-0.08	0.27	-0.16	0.92	0.02	0.25	-1.23	-0.13	-0.01	-0.18	-0.17
G5	0.72	0.13	0.35	-0.09	-0.12	0.48	0.11	-0.08	1.23	-0.16	0.35	0.02	0.25	-0.06	-0.13	0.91	-0.18	-0.17
G4	1.42	-1.28	-0.40	-0.09	-0.12	0.55	0.11	-0.08	-1.61	-0.16	-1.98	0.02	0.25	0.42	-0.13	-0.13	-0.18	-0.17
G3	1.30	-1.66	0.17	-0.05	0.06	0.48	0.24	-0.06	-0.85	-0.06	0.25	0.18	0.19	0.25	-0.36	0.93	-0.15	-0.05
G2	0.71	-1.21	0.50	-0.09	-0.12	0.50	0.11	-0.08	-0.13	-0.16	0.22	0.02	0.25	0.27	-0.13	1.08	-0.18	-0.17
G1	-0.03	-0.31	1.08	5.00	1.49	0.87	-2.07	3.45	0.37	-0.09	-0.73	3.63	0.85	-0.92	-0.82	-0.70	-0.39	0.35
G9	-0.01	0.05	0.52	0.01	-0.21	1.00	-0.27	-0.39	1.22	0.46	1.31	-0.49	-0.39	0.21	-0.87	0.39	0.08	0.61
G8	-1.06	1.28	0.13	-0.09	-0.12	0.36	0.11	-0.08	0.68	-0.16	-1.88	0.02	0.25	-0.64	-0.13	1.25	-0.18	-0.17
N6	-1.58	1.72	-0.53	3.88	-1.82	-1.32	0.82	0.08	1.31	-0.42	-0.10	0.30	-0.60	0.54	-0.79	0.35	1.38	-0.12
N7	-0.83	1.48	-0.48	-0.09	-0.12	-1.26	0.11	-0.08	0.77	-0.16	0.24	0.02	0.25	0.22	-0.13	0.04	-0.18	-0.17
B4	0.27	-0.91	0.53	-0.09	-0.12	0.51	0.11	-0.08	-0.10	-0.16	0.26	0.02	0.25	0.47	-0.13	-0.29	-0.18	-0.17
B5	-0.27	1.18	-1.02	-0.09	-0.12	-1.24	0.11	-0.08	0.17	-0.16	0.17	0.02	0.25	0.63	-0.13	-0.22	-0.18	-0.17
B6	2.88	-0.63	-0.92	-0.09	-0.12	0.47	0.11	-0.08	0.82	-0.16	0.47	0.02	0.25	1.88	-0.13	0.07	-0.18	-0.17
B7	2.90	-0.73	-0.42	-0.07	0.69	-1.18	-0.30	-0.63	-0.49	-0.38	-2.25	1.99	-2.43	-0.50	2.21	0.62	-0.03	-0.18
B1	-0.74	0.00	0.11	-0.14	-0.03	0.26	0.01	-0.09	0.99	-0.16	0.84	-0.08	0.22	1.43	-0.15	1.25	-0.15	-0.15
B2	0.90	0.32	-1.87	-0.09	-0.12	0.24	0.11	-0.08	-0.22	-0.16	0.70	0.02	0.25	1.54	-0.13	0.85	-0.18	-0.17
B3	0.13	-0.95	0.32	0.44	0.06	0.48	-0.01	-0.09	-0.79	-0.26	0.28	-0.21	-0.43	-0.50	0.27	0.58	-0.15	-0.13
B8	1.68	-1.06	0.55	-1.30	0.78	0.91	-2.01	2.29	-0.32	0.50	-1.26	3.55	0.97	-0.59	0.49	-0.31	-0.79	2.20
B9	1.08	0.11	-0.72	-0.09	-0.12	0.62	0.11	-0.08	0.15	-0.16	-1.78	0.02	0.25	1.22	-0.13	0.01	-0.18	-0.17
N5	-0.44	0.43	-0.51	-0.28	-0.75	-2.32	0.21	-0.19	-0.00	-0.06	0.30	-0.26	-2.14	0.12	1.30	2.48	-0.24	-0.17
P10	0.63	0.45	-1.64	-0.44	0.06	0.00	-0.48	0.46	-0.62	-0.15	-0.23	-2.51	-0.50	0.45	2.64	0.63	-0.87	-0.22
P11	-0.15	-0.12	-1.32	-0.07	-0.12	-1.27	0.07	-0.09	-1.73	-0.08	0.22	0.15	0.23	0.71	0.04	-0.21	-0.23	-0.22
P12	-0.62	0.23	-1.12	-0.09	-0.12	-1.25	0.11	-0.08	-1.29	-0.16	0.23	0.02	0.25	0.76	-0.13	-0.27	-0.18	-0.17
E9	0.46	-0.40	0.62	-0.09	-0.12	0.50	0.11	-0.08	0.65	-0.16	0.46	0.02	0.25	-0.12	-0.13	0.49	-0.18	-0.17
E8	-0.19	0.16	0.84	-0.06	-0.12	0.51	0.38	0.26	1.50	-0.35	0.32	-0.51	0.31	0.06	-0.11	1.15	-0.25	-0.32
E5	0.02	0.13	0.50	-0.09	-0.12	0.48	0.11	-0.08	1.15	-0.16	0.33	0.02	0.25	0.11	-0.13	0.96	-0.18	-0.17
E4	0.22	0.03	0.74	-0.30	-0.12	0.50	0.27	-0.24	1.26	-0.09	0.56	0.10	-0.71	-0.18	0.21	0.36	-0.06	0.32
E7	-0.58	-0.22	1.58	-0.44	0.24	-0.11	-3.50	-0.73	0.11	0.66	-2.39	0.36	-1.26	-1.91	0.08	1.37	0.76	3.28
E6	1.86	0.28	-1.02	1.38	-0.12	1.36	-1.79	0.78	0.64	1.41	-0.89	0.51	-0.85	1.24	-1.11	0.64	-0.32	-0.54
E1	0.47	-0.68	0.86	-0.09	-0.12	0.50	0.11	-0.08	0.66	-0.16	0.38	0.02	0.25	-0.19	-0.13	1.13	-0.18	-0.17
P8	-1.27	1.78	-1.15	-0.04	-0.66	0.94	0.41	-0.22	0.84	-0.09	0.77	0.25	0.37	1.04	-0.36	-0.92	-0.13	-0.12
E3	0.04	0.20	-1.10	-0.09	-0.12	0.50	0.11	-0.08	0.03	-0.16	0.83	0.02	0.25	1.43	-0.13	0.40	-0.18	-0.17
E2	0.07	0.22	-1.15	-0.09	-0.12	0.55	0.11	-0.08	0.00	-0.16	0.82	0.02	0.25	1.46	-0.13	0.23	-0.18	-0.17
P2	-0.93	1.25	-1.69	-1.04	0.33	2.62	3.35	5.00	-0.17	-4.29	1.37	-4.38	-2.58	-0.09	-2.39	-0.51	1.81	4.08
P3	-0.11	1.64	-2.40	-0.09	-0.12	3.32	0.11	-0.08	-1.64	-0.16	-0.06	0.02	0.25	-1.59	-0.13	-1.30	-0.18	-0.17
P1	-0.25	0.23	-1.07	-0.09	-0.12	0.62	0.11	-0.08	-0.87	-0.16	0.80	0.02	0.25	0.91	-0.13	-2.06	-0.18	-0.17
P6	-0.28	0.05	-0.84	0.01	-0.12	-1.25	0.06	-0.03	-0.97	-0.13	0.07	-0.21	0.19	0.65	-0.01	0.23	-0.22	-0.07
P7	-0.01	1.33	-1.80	-0.09	-0.12	1.65	0.11	-0.08	-0.10	-0.16	-0.14	0.02	0.25	0.73	-0.13	-0.86	-0.18	-0.17
P4	-0.24	1.83	-2.14	-0.09	-0.12	2.72	0.11	-0.08	-0.94	-0.16	-0.03	0.02	0.25	-0.97	-0.13	-1.59	-0.18	-0.17
P5	0.26	0.03	-1.04	-0.09	-0.12	0.40	0.11	-0.08	-0.90	-0.16	-0.15	0.02	0.25	0.27	-0.13	0.49	-0.18	-0.17
H10	0.25	-0.42	-0.10	0.36	1.13	0.61	-0.59	0.33	-0.57	-1.07	-0.10	2.33	2.67	0.43	-1.75	-0.05	-0.60	0.58
H11	0.23	-0.69	-0.05	-0.09	-0.12	0.46	0.11	-0.08	-1.62	-0.16	-3.32	0.02	0.25	-0.01	-0.13	0.04	-0.18	-0.17
H12	0.33	-0.56	-0.06	-0.09	-0.12	0.46	0.11	-0.08	-0.44	-0.16	0.18	0.02	0.25	0.08	-0.13	0.44	-0.18	-0.17
P9	-0.47	0.41	-0.63	-0.09	-0.12	0.47	0.11	-0.08	-0.15	-0.16	-0.02	0.02	0.25	0.29	-0.13	0.94	-0.18	-0.17
F12	0.79	0.01	-1.18	-0.12	-0.12	0.58	-0.30	-0.03	0.06	-0.15	0.77	0.28	0.23	1.35	-0.18	0.52	-0.12	-0.17
F10	0.61	-0.88	0.03	-0.09	-0.12	0.51	0.11	-0.08	-0.32	-0.16	0.29	0.02	0.25	0.32	-0.13	0.91	-0.18	-0.17
F11	0.92	-1.36	0.29	-0.09	-0.12	0.49	0.11	-0.08	-0.51	-0.16	0.24	0.02	0.25	0.25	-0.13	0.88	-0.18	-0.17
N12	-1.43	1.94	-1.33	-1.25	-0.12	-1.32	4.63	-1.84	0.10	3.64	0.33	1.10	0.31	0.45	-1.19	0.69	-1.03	1.45
H8	-0.80	2.12	-1.04	-0.15	-0.21	-1.17	-0.14	0.53	0.54	-0.06	0.24	-1.15	-3.66	-0.46	1.54	1.54	-1.38	-1.23
H9	-0.54	2.15	-1.76	-0.16	-0.03	-4.48	0.12	-3.24	0.09	-0.15	0.07	-1.05	-2.90	-1.45	3.38	0.74	2.56	0.57
H6	-1.47	1.52	-1.40	-0.14	-0.30	-1.23	0.22	0.21	-0.51	-0.32	0.13	0.13	0.64	0.51	-0.53	0.58	-0.37	0.02
H7	-1.42	2.19	-1.47	-0.09	-0.12	-1.05	0.11	-0.08	-0.07	-0.16	0.46	0.02	0.25	-0.35	-0.13	0.26	-0.18	-0.17
H4	-1.02	0.55	-0.13	-0.09	-0.12	0.28	0.11	-0.08	1.17	-0.16	0.70	0.02	0.25	1.37	-0.13	1.12	-0.18	-0.17
H5	-0.83	1.49	-1.27	-0.09	-0.12	-1.18	0.11	-0.08	0.10	-0.16	-0.10	0.02	0.25	0.33	-0.13	1.51	-0.18	-0.17
D10	0.27	-0.58	0.71	-0.09	-0.12	0.52	0.11	-0.08	0.45	-0.16	0.57	0.02	0.25	-0.16	-0.13	0.59	-0.18	-0.17
D11	1.14	-1.02	0.54	-0.09	-0.12	0.34	0.11	-0.08	-0.97	-0.16	-1.72	0.02	0.25	-1.19	-0.13	0.81	-0.18	-0.17
D12	2.30	-1.89	1.03	-0.09	-0.12	0.28	0.11	-0.08	-0.89	-0.16	-1.63	0.02	0.25	-1.16	-0.13	0.60	-0.18	-0.17
B12	0.91	0.23	-0.69	-0.09	-0.12	0.46	0.11	-0.08	0.98	-0.16	0.36	0.02	0.25	1.78	-0.13	-0.30	-0.18	-0.17
B10	0.23	0.04	-0.98	-0.09	-0.12	0.60	0.11	-0.08	0.09	-0.16	0.81	0.02	0.25	1.46	-0.13	0.31	-0.18	-0.17
B11	0.43	0.32	-0.61	-0.09	-0.12	0.64	0.11	-0.08	0.81	-0.16	0.78	0.02	0.25	1.45	-0.13	-0.62	-0.18	-0.17
Q8	0.17	0.27	-0.01	-0.09	-0.12	-1.67	0.11	-0.08	-1.77	-0.16	-0.22	0.02	0.25	-2.86	-0.13	-0.52	-0.18	-0.17
Q9	-0.90	0.48	-1.01	-0.09	-0.12	-1.27	0.11	-0.08	-0.93	-0.16	0.31	0.02	0.25	0.76	-0.13	-0.12	-0.18	-0.17
C9	-0.81	0.36	0.61	0.05	0.06	1.12	0.67	-0.19	-0.10	-0.68	-0.93	-2.08	-0.10	-1.39	-0.35	0.41	0.05	-0.87
C8	0.45	-0.83	0.22	-0.09	-0.12	0.50	0.11	-0.08	-0.37	-0.16	0.48	0.02	0.25	-0.13	-0.13	0.70	-0.18	-0.17
Q11	0.42	0.33	-0.88	-0.09	-0.12	-1.22	0.11	-0.08	-0.34	-0.16	0.31	0.02	0.25	0.68	-0.13	-0.39	-0.18	-0.17
Q10	-0.80	1.35	-1.80	-0.94	-0.66	1.91	3.09	5.00	-0.16	-4.46	0.81	-4.35	-2.94	-0.15	-1.89	0.37	1.79	3.92
Q12	-0.22	1.45	-1.90	-0.06	-0.48	2.22	0.30	0.07	-0.02	-0.26	0.64	-0.11	2.01	-0.26	0.99	-0.69	0.14	-0.31
C3	2.59	-0.68	-0.67	-0.29	-0.12	-1.27	0.17	-0.42	0.11	-0.15	0.27	-0.13	-1.50	0.93	0.35	0.50	-0.08	-0.08
C2	-0.45	-0.60	1.18	-0.09	-0.12	0.45	0.11	-0.08	-0.70	-0.16	-2.15	0.02	0.25	-1.33	-0.13	0.68	-0.18	-0.17
C1	3.31	-0.71	-0.96	-0.09	-0.12	0.47	0.11	-0.08	0.93	-0.16	0.46	0.02	0.25	1.88	-0.13	0.20	-0.18	-0.17
C7	-0.56	0.45	0.77	-0.09	-0.12	0.54	0.11	-0.08	1.04	-0.16	0.76	0.02	0.25	-0.70	-0.13	0.11	-0.18	-0.17
C6	-0.41	-0.17	0.75	-0.09	-0.12	0.45	0.11	-0.08	0.23	-0.16	0.64	0.02	0.25	-0.76	-0.13	0.15	-0.18	-0.17
C5	-0.87	0.66	0.41	-0.09	-0.12	0.34	0.11	-0.08	0.05	-0.16	-1.85	0.02	0.25	-0.95	-0.13	0.83	-0.18	-0.17
C4	0.59	0.16	-0.14	-0.46	5.00	-0.47	-0.63	3.27	0.36	0.85	-1.50	1.64	-1.26	-1.34	5.00	0.46	-0.38	1.24
N10	-1.34	1.70	-0.86	-0.09	-0.12	-1.24	0.11	-0.08	0.35	-0.16	0.21	0.02	0.25	0.30	-0.13	0.06	-0.18	-0.17
N8	0.42	0.09	0.25	0.29	-0.30	-1.59	0.16	0.21	0.95	-0.47	0.71	-0.00	-1.75	0.10	0.47	2.17	-0.39	-0.17
N9	0.19	-0.11	0.21	-0.09	-0.12	-1.47	0.11	-0.08	0.36	-0.16	0.85	0.02	0.25	-0.18	-0.13	1.73	-0.18	-0.17
N11	0.22	0.91	-1.64	-0.09	-0.12	-1.19	0.11	-0.08	-0.60	-0.16	0.02	0.02	0.25	0.57	-0.13	0.45	-0.18	-0.17
G12	-0.83	-0.54	-0.01	-0.09	-0.12	0.40	0.11	-0.08	-0.43	-0.16	0.50	0.02	0.25	0.82	-0.13	0.69	-0.18	-0.17
G11	1.77	-1.24	0.61	1.02	-0.21	0.35	0.12	0.26	0.57	0.04	0.10	0.38	-0.33	0.07	-0.21	1.31	0.08	0.27
G10	-0.42	0.69	0.28	-0.09	-0.12	0.53	0.11	-0.08	1.34	-0.16	0.49	0.02	0.25	-0.00	-0.13	0.96	-0.18	-0.17
F1	0.50	-0.59	0.65	-0.09	-0.12	0.51	0.11	-0.08	0.36	-0.16	0.55	0.02	0.25	-0.37	-0.13	0.57	-0.18	-0.17
F2	0.03	1.26	-1.19	-0.09	-0.12	0.45	0.11	-0.08	1.23	-0.16	0.34	0.02	0.25	1.69	-0.13	-0.00	-0.18	-0.17
F3	1.29	-0.88	0.88	-2.34	0.33	0.40	-2.66	3.67	-0.30	1.09	-1.91	3.96	0.45	-1.44	1.92	-0.17	-0.54	1.64
F4	0.71	-0.91	1.02	-0.09	-0.12	0.52	0.11	-0.08	0.46	-0.16	0.67	0.02	0.25	-0.37	-0.13	0.13	-0.18	-0.17
F5	-0.37	-0.72	-0.08	-0.09	-0.12	0.49	0.11	-0.08	-1.75	-0.16	0.80	0.02	0.25	-0.95	-0.13	-0.71	-0.18	-0.17
F6	0.23	-0.75	0.67	0.98	-0.30	0.47	-2.08	5.00	0.00	3.34	0.38	-2.15	-2.36	-0.33	-2.16	0.24	-0.40	5.00
F7	-0.05	1.00	-1.33	-0.09	-0.12	0.57	0.11	-0.08	0.98	-0.16	0.35	0.02	0.25	2.02	-0.13	0.43	-0.18	-0.17
F8	0.66	-0.87	0.32	-0.09	-0.12	0.52	0.11	-0.08	-0.21	-0.16	0.55	0.02	0.25	-0.23	-0.13	0.76	-0.18	-0.17
F9	0.13	0.60	-0.98	-0.09	-0.12	0.55	0.11	-0.08	0.76	-0.16	0.84	0.02	0.25	1.46	-0.13	0.36	-0.18	-0.17
Q1	-0.67	1.10	-0.74	0.72	-0.48	-0.68	-0.24	-0.19	0.44	-0.41	0.93	0.46	0.99	0.67	0.78	-0.53	-0.89	-0.56
Q3	-0.27	0.70	-0.58	-0.09	-0.12	-1.24	0.11	-0.08	0.07	-0.16	0.19	0.02	0.25	0.60	-0.13	-0.33	-0.18	-0.17
Q2	-0.86	0.38	-0.83	-0.09	-0.12	-1.27	0.11	-0.08	-0.83	-0.16	0.36	0.02	0.25	0.80	-0.13	-0.36	-0.18	-0.17
Q5	-0.22	0.87	-1.27	-0.09	-0.12	0.79	0.11	-0.08	-0.14	-0.16	0.37	0.02	0.25	1.24	-0.13	-2.06	-0.18	-0.17
Q4	-0.56	0.45	-1.14	-0.09	-0.12	-1.27	0.11	-0.08	-1.00	-0.16	0.25	0.02	0.25	0.75	-0.13	-0.27	-0.18	-0.17
Q7	0.92	-0.97	-0.90	-0.09	-0.12	-0.84	0.11	-0.08	-2.25	-0.16	-0.00	0.02	0.25	0.07	-0.13	-0.93	-0.18	-0.17
Q6	0.99	-0.10	-1.42	-2.12	-0.84	-0.58	-1.93	-1.66	-0.86	0.30	0.23	0.13	0.91	0.80	1.32	0.43	-0.20	-0.31
E11	-0.89	-0.35	0.37	-0.09	-0.12	0.48	0.11	-0.08	-1.15	-0.16	0.78	0.02	0.25	-1.33	-0.13	-0.44	-0.18	-0.17
E10	2.44	-0.52	-0.97	-0.09	-0.12	0.46	0.11	-0.08	0.66	-0.16	0.44	0.02	0.25	1.85	-0.13	0.18	-0.18	-0.17
E12	0.07	-0.52	1.18	-0.09	-0.12	0.52	0.11	-0.08	0.89	-0.16	0.55	0.02	0.25	-0.31	-0.13	0.47	-0.18	-0.17
C12	-0.35	-0.78	0.91	-0.43	-0.12	1.13	-0.18	-0.19	-1.31	-0.51	-0.99	-0.59	0.31	-1.70	-0.52	-0.08	0.03	-1.00
C11	1.26	0.27	-1.14	-0.09	-0.12	0.51	0.11	-0.08	0.82	-0.16	0.43	0.02	0.25	1.82	-0.13	0.24	-0.18	-0.17
C10	-0.75	0.34	0.59	-0.09	-0.12	0.36	0.11	-0.08	-0.08	-0.16	-1.78	0.02	0.25	-1.00	-0.13	0.82	-0.18	-0.17
A11	-1.74	1.34	-1.62	-0.09	-0.12	0.75	0.11	-0.08	-0.46	-0.16	0.61	0.02	0.25	0.82	-0.13	0.45	-0.18	-0.17
A10	0.86	-0.37	-0.98	-0.09	-0.12	0.59	0.11	-0.08	-0.14	-0.16	0.81	0.02	0.25	1.43	-0.13	0.20	-0.18	-0.17
A12	0.15	1.21	-1.01	-0.09	-0.12	-1.24	0.11	-0.08	0.22	-0.16	0.28	0.02	0.25	0.33	-0.13	-0.65	-0.18	-0.17
A1	-0.54	0.69	-1.13	-0.09	-0.12	0.70	0.11	-0.08	-0.10	-0.16	0.71	0.02	0.25	1.01	-0.13	-0.43	-0.18	-0.17
A3	-2.17	1.40	-1.43	-1.37	-1.28	-1.29	5.00	0.37	-0.82	1.76	-0.11	0.56	-0.61	-0.25	0.01	1.62	-0.00	1.52
A2	-0.25	0.94	-0.47	-0.11	0.15	-1.24	-0.04	-0.16	0.42	-0.15	0.19	-0.13	0.25	0.44	0.14	-0.53	-0.18	-0.11
A5	-0.07	0.35	-0.90	-0.09	-0.12	-1.24	0.11	-0.08	-0.67	-0.16	0.18	0.02	0.25	0.61	-0.13	-0.29	-0.18	-0.17
A4	-0.37	1.78	-1.35	-0.09	-0.12	0.81	0.11	-0.08	1.05	-0.16	0.63	0.02	0.25	0.79	-0.13	-0.13	-0.18	-0.17
A7	0.19	-0.90	0.39	-0.09	-0.12	-1.35	0.11	-0.08	-1.47	-0.16	0.32	0.02	0.25	-0.79	-0.13	-0.93	-0.18	-0.17
A6	-0.35	1.04	-0.58	-0.09	-0.12	-1.24	0.11	-0.08	0.44	-0.16	0.17	0.02	0.25	0.60	-0.13	-0.40	-0.18	-0.17
A9	-0.99	0.81	-0.03	-0.09	-0.12	0.55	0.11	-0.08	1.18	-0.16	0.63	0.02	0.25	0.89	-0.13	0.16	-0.18	-0.17
A8	-1.76	1.37	-1.57	-0.09	-0.12	0.71	0.11	-0.08	-0.28	-0.16	0.66	0.02	0.25	0.89	-0.13	0.68	-0.18	-0.17
D8	0.76	-0.84	1.20	-0.09	0.60	0.46	-0.35	-0.47	0.71	0.20	0.48	0.30	-0.14	-0.60	0.12	0.46	-0.16	0.30
D9	0.40	-0.63	0.37	-0.09	-0.12	0.50	0.11	-0.08	0.03	-0.16	0.42	0.02	0.25	-0.17	-0.13	0.82	-0.18	-0.17
D6	0.75	0.54	-1.28	-0.16	-0.12	1.29	-0.50	-0.16	0.14	0.37	-1.17	2.35	-0.13	1.40	-0.95	0.38	-0.11	0.14
D7	-0.13	-1.04	0.98	-0.09	-0.12	0.30	0.11	-0.08	-1.42	-0.16	-1.76	0.02	0.25	-1.55	-0.13	0.57	-0.18	-0.17
D4	0.77	-0.98	0.89	-0.09	-0.12	0.52	0.11	-0.08	0.26	-0.16	0.59	0.02	0.25	-0.36	-0.13	0.37	-0.18	-0.17
D5	2.62	-0.55	-0.98	-0.09	-0.12	0.46	0.11	-0.08	0.71	-0.16	0.44	0.02	0.25	1.85	-0.13	0.22	-0.18	-0.17
D2	0.46	-0.36	0.40	-0.09	-0.12	0.50	0.11	-0.08	0.47	-0.16	0.50	0.02	0.25	-0.11	-0.13	0.68	-0.18	-0.17
D3	2.63	-0.70	-0.67	-0.30	-0.12	-1.24	-0.04	-0.22	0.11	0.01	0.25	-0.08	-1.52	0.89	0.61	0.48	-0.20	-0.16
D1	0.26	-0.32	1.11	-0.09	0.06	0.53	-0.02	-0.55	1.23	-0.29	0.54	-0.13	0.27	-0.37	0.09	0.64	-0.08	0.07
K12	0.26	-1.56	1.99	-0.09	-0.12	0.36	0.11	-0.08	-1.31	-0.16	-1.14	0.02	0.25	-2.28	-0.13	-1.38	-0.18	-0.17
K11	-1.25	0.69	0.05	-0.09	-0.12	0.23	0.11	-0.08	0.40	-0.16	0.72	0.02	0.25	0.12	-0.13	-0.34	-0.18	-0.17
K10	-0.76	-0.82	1.89	-0.10	0.06	0.24	0.09	-0.12	0.65	-0.13	0.92	-0.16	0.25	0.04	-0.10	-2.01	-0.17	-0.17
M3	-0.03	0.42	-0.23	-0.16	-1.28	0.06	0.27	-0.82	0.55	-0.16	0.43	-1.54	-0.31	0.67	1.86	-0.36	-1.33	-0.44
M2	0.49	-0.38	0.34	-0.09	-0.12	-1.44	0.11	-0.08	0.70	-0.16	0.89	0.02	0.25	0.44	-0.13	1.68	-0.18	-0.17
L10	-0.56	-0.14	1.44	-0.14	-0.03	0.22	-0.02	-0.02	1.55	-0.24	0.51	0.05	0.24	0.62	-0.01	-0.95	-0.19	-0.09
L11	0.01	0.04	0.84	-0.09	-0.12	-1.50	0.11	-0.08	-0.13	-0.16	0.25	0.02	0.25	-1.23	-0.13	-1.03	-0.18	-0.17
L12	-0.18	-1.99	1.03	-0.09	-0.12	0.22	0.11	-0.08	-2.53	-0.16	-1.93	0.02	0.25	-0.73	-0.13	-0.99	-0.18	-0.17
K3	-1.63	2.30	0.20	-0.09	-0.12	-1.64	0.11	-0.08	3.00	-0.16	0.71	0.02	0.25	0.87	-0.13	1.65	-0.18	-0.17
K2	-1.92	1.18	0.53	0.49	-1.10	1.00	0.10	0.11	2.15	-0.00	1.83	-0.08	-2.55	1.65	-0.52	-1.44	-0.07	-0.09
K1	1.54	-0.41	0.21	-0.09	-0.12	-1.42	0.11	-0.08	-1.12	-0.16	-0.92	0.02	0.25	-1.46	-0.13	-1.41	-0.18	-0.17
M6	0.85	-2.34	0.85	-0.09	-0.12	0.25	0.11	-0.08	-2.44	-0.16	-1.74	0.02	0.25	-0.62	-0.13	-0.55	-0.18	-0.17
K7	-0.42	-1.41	1.67	-0.09	-0.12	0.24	0.11	-0.08	-1.67	-0.16	-2.18	0.02	0.25	-1.84	-0.13	-0.33	-0.18	-0.17
K6	1.16	-2.23	2.14	-0.09	-0.12	0.62	0.11	-0.08	-0.24	-0.16	-0.76	0.02	0.25	-0.64	-0.13	-0.57	-0.18	-0.17
K5	-1.22	0.21	0.14	0.65	0.15	1.25	0.43	-0.03	-0.49	-0.55	0.64	0.20	-0.75	-0.30	-0.60	-1.70	0.12	-0.46
K4	1.13	-1.45	-0.12	1.47	0.87	-1.53	-4.20	-0.41	-0.07	5.00	1.28	0.94	-4.29	-0.38	-0.51	-2.54	5.00	1.28
K9	-0.54	0.07	0.25	-0.09	-0.12	0.40	0.11	-0.08	1.06	-0.16	1.12	0.02	0.25	0.53	-0.13	1.81	-0.18	-0.17
K8	0.33	-0.61	0.74	-0.09	-0.12	0.67	0.11	-0.08	-0.26	-0.16	-0.90	0.02	0.25	-0.50	-0.13	-0.49	-0.18	-0.17
M9	-1.59	0.22	0.91	1.10	0.06	0.44	0.12	-0.05	0.99	0.01	1.25	0.02	-2.54	1.12	0.63	-2.68	-0.20	-0.13
M8	-1.39	1.89	-0.01	-0.09	-0.12	-1.32	0.11	-0.08	0.83	-0.16	0.33	0.02	0.25	-0.41	-0.13	-1.73	-0.18	-0.17
I9	-1.39	0.61	0.12	-0.09	-0.12	0.17	0.11	-0.08	-0.02	-0.16	0.42	0.02	0.25	-0.52	-0.13	0.23	-0.18	-0.17
I8	0.43	-0.44	0.79	-0.09	-0.12	-1.48	0.11	-0.08	-0.45	-0.16	0.17	0.02	0.25	-0.83	-0.13	-1.47	-0.18	-0.17
I1	-0.46	0.88	-0.60	-0.09	-0.12	0.31	0.11	-0.08	0.84	-0.16	0.24	0.02	0.25	0.86	-0.13	0.72	-0.18	-0.17
I3	-0.55	-1.16	1.83	-0.09	-0.12	0.31	0.11	-0.08	0.86	-0.16	0.92	0.02	0.25	0.40	-0.13	-0.20	-0.18	-0.17
I2	-1.13	1.28	0.28	0.03	0.42	-1.69	0.52	0.46	1.70	-0.12	0.82	0.51	-2.32	0.28	0.46	1.59	-0.31	-0.33
I5	0.14	-0.70	1.56	4.58	1.49	-0.22	-0.58	-0.25	-0.30	0.26	-1.66	-0.00	1.42	-2.33	0.34	-0.32	0.31	-0.74
I4	-1.34	0.45	0.03	-0.09	-0.12	0.23	0.11	-0.08	0.06	-0.16	0.72	0.02	0.25	0.20	-0.13	-0.35	-0.18	-0.17
I7	-0.26	-1.61	1.05	-0.09	-0.12	0.23	0.11	-0.08	-2.08	-0.16	-1.95	0.02	0.25	-0.77	-0.13	-0.96	-0.18	-0.17
I6	0.93	-1.81	0.37	1.56	-3.34	-0.04	-0.44	-0.54	-1.83	-0.74	-1.85	-0.49	1.08	-0.34	-4.86	-0.56	3.92	0.79
J12	-0.25	-1.73	1.68	-0.09	-0.12	0.24	0.11	-0.08	-1.86	-0.16	-1.73	0.02	0.25	-1.78	-0.13	-0.43	-0.18	-0.17
J10	-0.09	-1.45	1.85	-0.09	-0.12	0.38	0.11	-0.08	-1.11	-0.16	-1.11	0.02	0.25	-1.46	-0.13	-1.69	-0.18	-0.17
J11	-0.82	0.42	1.35	-0.09	-0.12	0.26	0.11	-0.08	2.00	-0.16	0.64	0.02	0.25	0.57	-0.13	-1.02	-0.18	-0.17
I11	-0.08	-1.40	1.87	-0.09	-0.12	0.39	0.11	-0.08	-1.07	-0.16	-1.18	0.02	0.25	-1.48	-0.13	-1.89	-0.18	-0.17
I10	1.77	-0.93	0.50	-0.09	-0.12	-1.43	0.11	-0.08	-1.24	-0.16	-1.03	0.02	0.25	-1.02	-0.13	-2.09	-0.18	-0.17
I12	0.76	-1.98	0.88	-0.09	-0.12	0.24	0.11	-0.08	-1.97	-0.16	-1.60	0.02	0.25	-0.63	-0.13	-0.58	-0.18	-0.17
L6	-1.18	-0.73	0.98	-0.07	-0.30	0.39	0.13	-0.03	-1.61	-0.21	-1.19	0.07	0.32	-1.09	-0.09	-1.66	-0.10	-0.17
L7	0.03	-1.32	1.62	-0.09	-0.12	0.30	0.11	-0.08	0.34	-0.16	0.69	0.02	0.25	0.12	-0.13	-0.90	-0.18	-0.17
L4	-0.34	0.04	1.07	-0.09	-0.12	0.35	0.11	-0.08	1.20	-0.16	1.24	0.02	0.25	-0.56	-0.13	0.30	-0.18	-0.17
L5	-0.10	0.41	-0.82	1.96	1.31	-1.42	-3.37	2.90	1.10	5.00	1.26	3.12	-1.58	0.02	1.87	-1.37	4.90	-3.91
L2	-1.85	-0.17	0.29	1.07	-2.00	0.82	0.24	-2.58	0.30	-0.60	2.04	-3.76	-0.05	1.80	-0.85	-2.30	0.80	0.40
L3	-1.04	1.35	0.03	-0.03	-0.21	0.23	0.03	-0.45	2.19	-0.18	1.20	1.17	0.28	0.87	-0.14	1.27	-0.27	-0.92
L1	0.03	0.45	0.03	-0.09	-0.12	0.52	0.11	-0.08	0.08	-0.16	-1.30	0.02	0.25	0.09	-0.13	-1.44	-0.18	-0.17
N1	0.95	-0.66	-0.35	-1.77	-0.12	-1.73	-2.45	-1.16	-0.58	3.22	-1.03	-2.36	-1.21	-1.06	5.00	-2.04	1.81	-1.08
N2	-0.54	-0.36	1.14	-0.09	-0.12	0.19	0.11	-0.08	0.63	-0.16	0.79	0.02	0.25	-0.03	-0.13	-0.73	-0.18	-0.17
N3	-0.61	-0.97	0.34	-1.47	0.42	0.70	0.84	-0.19	-1.78	0.01	-1.02	0.20	3.96	-0.99	-0.08	-0.17	-0.12	-0.45
N4	0.24	0.18	-0.49	-0.46	-0.39	-1.45	0.18	-0.55	-0.21	0.10	0.80	-0.80	-0.82	0.13	0.18	0.84	-0.33	-0.05
L8	0.07	1.15	0.46	5.00	1.31	-0.58	-1.13	-0.50	1.65	0.95	-2.63	0.43	-0.96	-0.96	2.87	2.04	-1.68	0.53
L9	-0.52	-0.07	0.90	1.91	5.00	0.22	-1.16	-0.60	0.36	2.30	-1.49	0.36	2.30	-0.30	-1.05	1.00	-0.48	-0.11
M5	-1.26	0.60	1.12	-0.09	-0.12	0.30	0.11	-0.08	1.12	-0.16	0.92	0.02	0.25	-0.86	-0.13	-0.25	-0.18	-0.17
J8	1.39	-0.97	1.43	-0.09	-0.12	-1.39	0.11	-0.08	-0.49	-0.16	-1.82	0.02	0.25	-1.64	-0.13	-0.29	-0.18	-0.17
J9	0.56	-0.36	0.78	-0.09	-0.12	-1.51	0.11	-0.08	-0.20	-0.16	0.15	0.02	0.25	-0.72	-0.13	-1.33	-0.18	-0.17
M7	0.55	-2.12	1.41	-0.09	-0.12	0.26	0.11	-0.08	-2.24	-0.16	-1.54	0.02	0.25	-2.00	-0.13	0.01	-0.18	-0.17
M4	-1.62	0.88	0.81	-0.09	-0.12	0.56	0.11	-0.08	1.04	-0.16	0.37	0.02	0.25	-0.11	-0.13	-1.25	-0.18	-0.17
J4	0.84	-0.68	0.18	-0.96	5.00	-1.35	-4.75	-1.57	0.23	5.00	0.65	0.89	-5.00	-1.59	0.29	-0.17	5.00	1.41
J5	-1.49	-1.68	1.16	-5.00	0.87	0.15	-0.63	-4.16	-1.18	1.37	-2.61	-5.00	-0.80	-0.34	1.07	-0.52	5.00	0.36
J6	-0.25	-1.24	2.54	-0.10	-0.03	0.39	0.24	-0.31	-0.41	-0.24	-1.22	0.13	0.81	-2.14	-0.16	-1.55	-0.11	-0.15
J7	1.32	-1.09	0.75	-0.09	-0.12	-1.36	0.11	-0.08	-1.43	-0.16	0.34	0.02	0.25	-1.60	-0.13	-2.34	-0.18	-0.17
J1	-0.91	0.68	-0.01	-0.09	-0.12	0.25	0.11	-0.08	1.69	-0.16	0.80	0.02	0.25	1.49	-0.13	1.43	-0.18	-0.17
J2	-0.98	0.83	0.20	-0.09	-0.12	0.26	0.11	-0.08	1.77	-0.16	1.20	0.02	0.25	0.85	-0.13	1.20	-0.18	-0.17
J3	-0.20	0.62	-0.60	-0.09	-0.12	-1.45	0.11	-0.08	-1.53	-0.16	-1.20	0.02	0.25	-0.98	-0.13	-1.38	-0.18	-0.17
M11	-0.91	1.44	-0.39	-0.09	-0.12	0.33	0.11	-0.08	1.32	-0.16	0.41	0.02	0.25	0.45	-0.13	0.47	-0.18	-0.17
M10	-0.93	-0.84	1.00	-0.09	-0.12	0.37	0.11	-0.08	0.24	-0.16	1.38	0.02	0.25	1.23	-0.13	-2.10	-0.18	-0.17
M12	-0.52	0.10	1.41	-0.09	-0.12	0.30	0.11	-0.08	0.69	-0.16	-1.00	0.02	0.25	-1.42	-0.13	0.85	-0.18	-0.17
M1	0.58	-0.55	0.11	-0.09	-0.12	-1.43	0.11	-0.08	0.10	-0.16	1.09	0.02	0.25	0.04	-0.13	1.95	-0.18	-0.17
