G7	-0.67	0.18	0.86	0.08	0.00	-0.13	-0.01	-0.10	1.02	-0.04	0.63	0.05	-0.09	0.25	0.04	-0.02	-0.08	0.02
G6	-0.72	0.62	0.95	0.08	0.00	-0.01	-0.01	-0.10	1.46	-0.04	0.45	0.05	-0.09	-0.32	0.04	0.42	-0.08	0.02
G5	-0.18	0.03	1.00	0.69	0.00	0.23	0.70	0.68	0.32	-0.10	0.65	0.15	-0.03	-1.30	0.51	-0.55	-0.51	-1.01
G4	0.17	0.11	-1.31	0.08	0.00	0.46	-0.01	-0.10	-1.19	-0.04	0.46	0.05	-0.09	0.28	0.04	-0.75	-0.08	0.02
G3	2.21	-1.50	-0.19	-1.81	0.71	0.46	-0.76	-0.73	-0.62	-0.31	0.49	0.49	-1.93	-0.82	0.30	0.86	1.24	0.72
G2	2.29	-1.53	-0.15	0.08	0.00	0.66	-0.01	-0.10	-0.59	-0.04	0.44	0.05	-0.09	-0.54	0.04	0.52	-0.08	0.02
G1	0.34	0.42	0.71	0.08	0.00	0.64	-0.01	-0.10	1.57	-0.04	0.34	0.05	-0.09	-0.65	0.04	0.73	-0.08	0.02
G9	0.12	-0.57	0.96	0.08	0.00	0.22	-0.01	-0.10	0.11	-0.04	0.68	0.05	-0.09	-0.58	0.04	-0.51	-0.08	0.02
G8	-0.88	0.60	1.03	0.08	0.00	0.02	-0.01	-0.10	1.35	-0.04	0.55	0.05	-0.09	-0.27	0.04	0.04	-0.08	0.02
N6	-0.62	0.59	-0.69	0.08	0.00	-0.60	-0.01	-0.10	0.32	-0.04	-0.13	0.05	-0.09	0.88	0.04	1.04	-0.08	0.02
N7	-0.02	1.18	-0.59	0.08	0.00	0.09	-0.01	-0.10	1.42	-0.04	-0.51	0.05	-0.09	0.34	0.04	1.60	-0.08	0.02
B4	0.50	0.11	-0.46	0.08	0.00	-0.14	-0.01	-0.10	0.03	-0.04	0.24	0.05	-0.09	-0.48	0.04	0.84	-0.08	0.02
B5	-0.18	0.87	-2.26	0.08	0.00	-0.22	-0.01	-0.10	-0.46	-0.04	0.96	0.05	-0.09	0.92	0.04	0.94	-0.08	0.02
B6	-0.15	0.57	-0.67	1.55	0.57	0.93	0.75	-0.42	0.02	-1.54	0.50	0.11	3.05	0.03	-0.46	-0.96	0.33	1.07
B7	0.52	-1.55	0.13	0.08	0.00	0.30	-0.01	-0.10	-2.22	-0.04	0.57	0.05	-0.09	-1.87	0.04	0.36	-0.08	0.02
B1	-1.15	-0.52	0.31	0.26	-0.14	0.04	-0.06	-0.01	0.61	-0.04	1.07	0.02	0.05	1.37	0.21	1.85	0.02	0.03
B2	1.02	1.01	-0.88	0.08	0.00	-0.25	-0.01	-0.10	2.74	-0.04	0.26	0.05	-0.09	2.19	0.04	1.56	-0.08	0.02
B3	1.19	0.10	-0.40	0.08	0.00	-0.28	-0.01	-0.10	0.46	-0.04	0.25	0.05	-0.09	-0.58	0.04	0.79	-0.08	0.02
B8	0.50	-2.54	2.31	0.52	-0.35	-0.32	-5.00	-2.62	-1.16	5.00	0.96	0.81	5.00	-2.73	-1.91	-1.29	2.51	5.00
B9	-1.32	0.87	0.38	0.08	0.00	0.13	-0.01	-0.10	0.37	-0.04	0.27	0.05	-0.09	0.37	0.04	-1.64	-0.08	0.02
N5	1.04	0.18	0.49	0.08	0.00	-0.63	-0.01	-0.10	1.50	-0.04	-1.13	0.05	-0.09	0.38	0.04	0.56	-0.08	0.02
P10	0.71	-0.25	-0.70	0.08	0.00	-0.52	-0.01	-0.10	-0.17	-0.04	0.10	0.05	-0.09	0.36	0.04	0.80	-0.08	0.02
P11	1.64	0.38	-1.78	0.08	0.00	-0.68	-0.01	-0.10	0.38	-0.04	0.67	0.05	-0.09	0.85	0.04	0.58	-0.08	0.02
P12	0.81	0.26	-1.34	0.08	0.00	-0.39	-0.01	-0.10	0.09	-0.04	0.77	0.05	-0.09	0.69	0.04	0.45	-0.08	0.02
E9	-0.97	-0.25	0.39	-3.00	0.21	-0.17	3.76	0.36	-0.46	0.78	-1.04	-1.90	1.08	-0.36	3.60	0.53	1.09	-3.95
E8	-1.57	0.19	1.87	-0.81	0.78	2.12	1.91	5.00	0.85	-0.81	-0.21	-5.00	1.89	-0.54	0.21	0.03	-0.61	-4.24
E5	0.29	0.64	0.62	0.08	0.00	0.74	-0.01	-0.10	1.23	-0.04	-1.26	0.05	-0.09	-0.92	0.04	1.04	-0.08	0.02
E4	0.04	-0.18	1.25	0.74	0.71	0.24	-0.21	-0.09	1.09	-0.04	0.79	-0.62	-0.44	-0.34	-0.63	-0.19	0.03	-0.24
E7	1.29	-1.07	1.15	1.00	0.14	0.04	0.40	5.00	-1.36	-3.46	-0.82	1.79	-5.00	-1.96	-5.00	0.21	-0.20	-5.00
E6	0.66	0.38	-0.48	0.08	0.00	-0.01	-0.01	-0.10	0.69	-0.04	0.36	0.05	-0.09	0.27	0.04	0.22	-0.08	0.02
E1	0.62	0.08	0.25	0.08	0.00	0.72	-0.01	-0.10	0.82	-0.04	0.40	0.05	-0.09	-0.52	0.04	0.53	-0.08	0.02
P8	-0.17	0.51	-0.41	-1.72	-0.63	-0.42	-0.32	0.19	-0.57	0.44	-1.01	0.28	1.04	-0.73	0.46	0.03	-0.16	0.04
E3	1.02	0.02	1.12	2.17	-0.21	-0.98	-1.65	-2.18	0.65	-0.12	0.32	-1.61	0.82	-4.35	-5.00	0.09	5.00	-1.72
E2	0.95	0.61	-1.87	0.08	0.00	0.22	-0.01	-0.10	-0.13	-0.04	0.48	0.05	-0.09	0.42	0.04	0.57	-0.08	0.02
P2	1.37	-0.11	0.19	1.33	5.00	-1.56	4.48	0.01	0.64	-0.12	0.75	1.33	-2.33	-0.04	-0.14	-1.10	-1.91	0.83
P3	1.89	-0.88	-0.46	0.08	0.00	0.26	-0.01	-0.10	-0.01	-0.04	0.34	0.05	-0.09	0.46	0.04	0.14	-0.08	0.02
P1	2.19	-0.72	-0.33	0.08	0.00	-0.48	-0.01	-0.10	-0.19	-0.04	0.20	0.05	-0.09	-0.26	0.04	-0.69	-0.08	0.02
P6	1.60	0.99	-1.33	0.08	0.00	0.08	-0.01	-0.10	1.70	-0.04	0.98	0.05	-0.09	0.66	0.04	0.70	-0.08	0.02
P7	1.15	0.86	-1.17	0.08	0.00	0.35	-0.01	-0.10	0.29	-0.04	0.27	0.05	-0.09	-0.41	0.04	-0.33	-0.08	0.02
P4	0.74	0.32	-0.17	0.36	-5.00	0.30	-0.01	-0.79	1.22	1.19	-0.22	-0.55	0.65	0.70	-1.80	0.38	1.74	-0.49
P5	0.20	-0.65	0.16	0.21	0.00	-0.17	0.23	0.24	0.39	0.27	0.34	-0.10	-0.17	0.47	-0.35	1.64	-0.00	0.39
H10	1.40	-1.79	1.06	0.08	0.00	-0.31	-0.01	-0.10	-1.05	-0.04	-1.94	0.05	-0.09	-0.24	0.04	-0.47	-0.08	0.02
H11	1.16	-1.35	0.67	0.08	0.00	0.01	-0.01	-0.10	-0.80	-0.04	-1.95	0.05	-0.09	0.30	0.04	-0.58	-0.08	0.02
H12	2.49	-1.49	1.48	0.08	0.00	0.17	-0.01	-0.10	0.81	-0.04	-1.67	0.05	-0.09	-0.27	0.04	0.11	-0.08	0.02
P9	-0.02	0.22	-1.01	0.08	0.00	0.14	-0.01	-0.10	-0.62	-0.04	0.17	0.05	-0.09	0.11	0.04	0.38	-0.08	0.02
F12	2.00	-1.43	-1.15	0.08	0.00	-0.00	-0.01	-0.10	-1.53	-0.04	0.32	0.05	-0.09	0.37	0.04	-0.01	-0.08	0.02
F10	1.25	-1.08	0.11	0.08	0.00	0.26	-0.01	-0.10	0.08	-0.04	0.05	0.05	-0.09	0.16	0.04	1.22	-0.08	0.02
F11	0.26	-0.30	-0.67	0.08	0.00	0.81	-0.01	-0.10	-0.05	-0.04	0.25	0.05	-0.09	0.47	0.04	1.63	-0.08	0.02
N12	-1.86	1.95	-2.33	-0.04	-0.07	-0.21	-0.15	-0.44	-0.24	0.07	1.06	0.03	0.31	1.66	-0.68	0.02	-0.21	0.05
H8	-0.52	2.24	-1.36	0.08	0.00	-0.04	-0.01	-0.10	1.77	-0.04	0.22	0.05	-0.09	0.67	0.04	1.06	-0.08	0.02
H9	-1.31	1.24	-1.20	0.08	0.00	-0.07	-0.01	-0.10	-0.44	-0.04	0.50	0.05	-0.09	0.41	0.04	-0.49	-0.08	0.02
H6	-0.93	1.26	-1.62	0.08	0.00	-0.43	-0.01	-0.10	0.54	-0.04	0.96	0.05	-0.09	1.73	0.04	0.56	-0.08	0.02
H7	-1.58	2.54	-2.18	0.08	0.00	0.33	-0.01	-0.10	0.95	-0.04	0.29	0.05	-0.09	1.29	0.04	1.17	-0.08	0.02
H4	-0.59	-0.52	-0.15	0.08	0.00	-0.04	-0.01	-0.10	0.19	-0.04	0.81	0.05	-0.09	1.36	0.04	1.34	-0.08	0.02
H5	-0.63	0.98	-1.76	0.03	0.07	-0.66	0.06	-0.15	0.21	0.21	0.97	-0.02	-0.10	1.65	-0.22	0.74	-0.28	0.16
D10	0.37	0.30	0.25	0.08	0.00	0.81	-0.01	-0.10	0.92	-0.04	0.39	0.05	-0.09	-0.74	0.04	0.80	-0.08	0.02
D11	0.43	-1.22	0.35	0.08	0.00	0.11	-0.01	-0.10	-0.88	-0.04	0.39	0.05	-0.09	-0.10	0.04	-0.09	-0.08	0.02
D12	-0.12	1.23	-1.27	0.08	0.00	-0.12	-0.01	-0.10	0.25	-0.04	0.39	0.05	-0.09	-0.02	0.04	0.28	-0.08	0.02
B12	-1.25	1.46	0.64	0.08	0.00	0.42	-0.01	-0.10	1.50	-0.04	0.47	0.05	-0.09	-0.15	0.04	-0.93	-0.08	0.02
B10	1.82	-1.44	0.13	0.03	0.00	-1.34	-0.87	-0.25	-0.43	-0.23	0.48	-0.75	3.67	-1.02	1.87	0.59	0.23	0.10
B11	0.64	-0.68	-0.32	0.08	0.00	-0.03	-0.01	-0.10	0.01	-0.04	0.33	0.05	-0.09	1.13	0.04	0.39	-0.08	0.02
Q8	1.49	0.28	0.39	0.67	0.07	-0.48	0.48	-0.04	0.28	1.57	0.05	-0.31	-0.39	-3.35	3.06	0.05	-0.19	0.54
Q9	0.44	0.25	-1.01	0.08	0.00	-0.60	-0.01	-0.10	0.68	-0.04	0.72	0.05	-0.09	1.02	0.04	1.43	-0.08	0.02
C9	-0.35	-0.41	0.59	0.08	0.00	0.26	-0.01	-0.10	-0.03	-0.04	0.67	0.05	-0.09	-0.01	0.04	-0.35	-0.08	0.02
C8	-0.64	-0.23	0.15	0.08	0.00	0.56	-0.01	-0.10	-1.06	-0.04	0.81	0.05	-0.09	-0.99	0.04	-0.64	-0.08	0.02
Q11	0.81	0.24	-0.68	0.08	0.00	-0.45	-0.01	-0.10	0.52	-0.04	0.32	0.05	-0.09	0.95	0.04	-0.40	-0.08	0.02
Q10	0.47	0.87	-0.52	0.08	0.00	0.29	-0.01	-0.10	0.65	-0.04	0.48	0.05	-0.09	0.16	0.04	-1.21	-0.08	0.02
Q12	0.70	-0.23	0.67	0.08	0.00	-1.09	-0.01	-0.10	0.65	-0.04	0.73	0.05	-0.09	-0.09	0.04	-1.07	-0.08	0.02
C3	1.00	-0.58	-0.62	0.08	0.00	-0.05	-0.01	-0.10	-0.43	-0.04	0.30	0.05	-0.09	0.68	0.04	-0.28	-0.08	0.02
C2	0.59	-0.56	-0.35	0.08	0.00	0.10	-0.01	-0.10	-0.22	-0.04	0.29	0.05	-0.09	0.78	0.04	-0.00	-0.08	0.02
C1	1.87	-1.54	0.13	0.08	0.00	0.04	-0.01	-0.10	-1.06	-0.04	-2.12	0.05	-0.09	-0.19	0.04	0.71	-0.08	0.02
C7	-0.32	-0.34	1.20	0.08	0.00	0.11	-0.01	-0.10	-0.20	-0.04	1.14	0.05	-0.09	-1.04	0.04	-1.84	-0.08	0.02
C6	-0.31	-0.51	0.58	0.08	0.00	0.29	-0.01	-0.10	-0.69	-0.04	1.06	0.05	-0.09	-0.28	0.04	-1.82	-0.08	0.02
C5	-0.34	-0.42	0.60	0.08	0.00	0.22	-0.01	-0.10	-0.04	-0.04	0.67	0.05	-0.09	-0.01	0.04	-0.35	-0.08	0.02
C4	0.28	-0.89	0.47	0.08	0.00	0.29	-0.01	-0.10	-1.17	-0.04	0.51	0.05	-0.09	-1.23	0.04	-0.66	-0.08	0.02
N10	-1.60	2.22	-2.20	0.08	0.00	-0.73	-0.01	-0.10	-0.61	-0.04	-1.90	0.05	-0.09	0.95	0.04	0.40	-0.08	0.02
N8	0.57	-1.07	0.62	0.08	0.00	-0.26	-0.01	-0.10	-0.68	-0.04	-0.71	0.05	-0.09	0.55	0.04	-1.29	-0.08	0.02
N9	0.44	-0.53	0.35	0.08	0.00	-0.20	-0.01	-0.10	-0.11	-0.04	-0.35	0.05	-0.09	0.25	0.04	-0.37	-0.08	0.02
N11	-0.02	0.10	-1.47	0.08	0.00	-0.60	-0.01	-0.10	0.05	-0.04	1.63	0.05	-0.09	1.47	0.04	1.07	-0.08	0.02
G12	-1.00	0.66	-0.60	0.33	0.00	-0.08	-0.73	-0.04	0.51	-0.12	0.65	0.80	0.24	1.02	0.05	0.88	-0.20	-0.28
G11	0.00	0.01	-1.54	0.41	-0.07	0.01	-0.33	0.08	-0.91	0.88	0.60	0.54	2.46	0.51	1.94	0.05	-0.34	0.83
G10	-0.80	0.68	0.98	0.08	0.00	-0.00	-0.01	-0.10	1.49	-0.04	0.56	0.05	-0.09	-0.18	0.04	0.00	-0.08	0.02
F1	1.07	0.03	0.82	0.08	0.00	0.44	-0.01	-0.10	1.12	-0.04	-1.08	0.05	-0.09	-1.02	0.04	0.88	-0.08	0.02
F2	-0.88	1.61	-0.75	0.08	0.00	-0.40	-0.01	-0.10	0.82	-0.04	0.52	0.05	-0.09	-0.06	0.04	0.29	-0.08	0.02
F3	0.04	-0.59	0.71	0.08	0.00	0.53	-0.01	-0.10	-0.27	-0.04	-1.28	0.05	-0.09	-0.50	0.04	0.81	-0.08	0.02
F4	0.98	-0.44	-0.93	0.08	0.00	0.11	-0.01	-0.10	-0.37	-0.04	0.29	0.05	-0.09	1.06	0.04	-0.19	-0.08	0.02
F5	-0.20	-0.95	0.56	0.08	0.00	0.25	-0.01	-0.10	-0.64	-0.04	0.70	0.05	-0.09	-0.18	0.04	-0.07	-0.08	0.02
F6	-0.11	-0.59	0.65	0.08	0.00	0.50	-0.01	-0.10	0.25	-0.04	0.64	0.05	-0.09	-0.42	0.04	1.14	-0.08	0.02
F7	1.39	0.23	0.28	0.08	0.00	0.36	-0.01	-0.10	1.70	-0.04	0.30	0.05	-0.09	-0.29	0.04	0.72	-0.08	0.02
F8	0.12	1.65	-1.30	0.08	0.00	-0.13	-0.01	-0.10	0.79	-0.04	0.36	0.05	-0.09	-0.07	0.04	0.01	-0.08	0.02
F9	0.97	-0.41	-1.11	0.08	0.00	0.17	-0.01	-0.10	-0.55	-0.04	0.31	0.05	-0.09	1.06	0.04	-0.23	-0.08	0.02
Q1	0.32	1.22	-2.49	0.08	0.00	-0.63	-0.01	-0.10	-0.68	-0.04	-0.67	0.05	-0.09	0.72	0.04	0.48	-0.08	0.02
Q3	0.76	0.14	-0.50	-2.95	-0.35	0.17	4.52	5.00	0.81	-5.00	-0.20	-0.98	-1.46	-0.67	2.71	1.65	2.04	-0.45
Q2	0.79	0.32	-1.10	0.08	0.00	-0.31	-0.01	-0.10	0.85	-0.04	0.84	0.05	-0.09	0.85	0.04	1.41	-0.08	0.02
Q5	0.51	0.13	0.09	1.58	0.28	-0.06	1.00	3.68	0.53	0.02	0.75	1.45	3.07	-0.53	0.18	-1.54	0.77	-0.67
Q4	0.87	0.09	-1.16	0.08	0.00	-0.64	-0.01	-0.10	0.06	-0.04	0.65	0.05	-0.09	0.70	0.04	0.44	-0.08	0.02
Q7	1.79	-0.20	-0.51	0.08	0.00	0.08	-0.01	-0.10	1.12	-0.04	0.12	0.05	-0.09	0.47	0.04	1.42	-0.08	0.02
Q6	1.57	0.76	-0.41	0.08	0.00	-0.05	-0.01	-0.10	2.26	-0.04	0.31	0.05	-0.09	1.66	0.04	-0.72	-0.08	0.02
E11	-0.38	-0.73	1.09	0.08	0.00	0.23	-0.01	-0.10	0.02	-0.04	0.68	0.05	-0.09	-0.14	0.04	-0.36	-0.08	0.02
E10	2.23	-1.48	-0.26	-5.00	-0.56	-2.14	-2.16	2.13	-1.13	-0.48	-2.21	5.00	-1.73	-0.36	-0.41	0.60	3.37	0.27
E12	-1.12	0.03	1.30	0.08	0.00	-0.25	-0.01	-0.10	0.06	-0.04	-3.57	0.05	-0.09	-0.30	0.04	1.46	-0.08	0.02
C12	0.73	0.29	0.17	0.08	0.00	0.57	-0.01	-0.10	1.14	-0.04	0.37	0.05	-0.09	-0.81	0.04	1.22	-0.08	0.02
C11	0.18	1.19	-1.00	0.62	-0.07	-0.21	0.60	-0.47	1.08	0.17	0.47	0.05	0.06	0.07	-0.14	1.16	-0.26	0.28
C10	0.29	0.71	0.06	0.08	0.00	0.78	-0.01	-0.10	1.24	-0.04	0.37	0.05	-0.09	-0.60	0.04	0.81	-0.08	0.02
A11	-0.41	-1.03	-0.19	0.08	0.00	0.13	-0.01	-0.10	-1.71	-0.04	0.32	0.05	-0.09	-0.19	0.04	0.34	-0.08	0.02
A10	-0.26	0.37	-1.05	0.08	0.00	0.43	-0.01	-0.10	-0.84	-0.04	0.53	0.05	-0.09	0.55	0.04	-1.21	-0.08	0.02
A12	0.80	1.04	-1.98	0.08	0.00	0.24	-0.01	-0.10	0.63	-0.04	0.97	0.05	-0.09	0.82	0.04	0.79	-0.08	0.02
A1	0.23	0.43	-0.85	0.08	0.00	0.74	-0.01	-0.10	0.51	-0.04	0.15	0.05	-0.09	0.16	0.04	1.80	-0.08	0.02
A3	-0.72	0.51	-2.17	0.08	0.00	-0.49	-0.01	-0.10	-0.69	-0.04	1.13	0.05	-0.09	1.82	0.04	0.83	-0.08	0.02
A2	0.33	0.71	-1.14	0.08	0.00	-0.67	-0.01	-0.10	0.16	-0.04	-0.73	0.05	-0.09	0.60	0.04	0.68	-0.08	0.02
A5	1.27	0.35	-1.12	0.08	0.00	0.15	-0.01	-0.10	1.01	-0.04	0.96	0.05	-0.09	0.62	0.04	1.09	-0.08	0.02
A4	-1.64	0.52	-1.67	0.08	0.00	0.61	-0.01	-0.10	-2.08	-0.04	0.67	0.05	-0.09	0.25	0.04	-0.39	-0.08	0.02
A7	1.83	-1.29	0.39	0.55	0.07	-1.05	-0.30	-0.01	0.02	0.42	0.25	0.05	1.57	-0.66	-1.53	1.08	0.16	-0.08
A6	0.50	0.67	-1.08	0.08	0.00	-0.34	-0.01	-0.10	0.59	-0.04	-0.72	0.05	-0.09	0.44	0.04	1.75	-0.08	0.02
A9	-1.51	0.56	0.66	0.08	0.00	-0.34	-0.01	-0.10	0.68	-0.04	0.93	0.05	-0.09	0.57	0.04	-0.96	-0.08	0.02
A8	-2.12	1.55	-1.48	0.08	0.00	-0.62	-0.01	-0.10	-0.75	-0.04	-0.03	0.05	-0.09	0.44	0.04	0.39	-0.08	0.02
D8	-1.48	-0.13	1.24	0.17	0.71	1.90	1.35	3.42	0.47	0.92	1.44	-5.00	-2.33	0.11	2.26	-0.33	-0.23	-3.65
D9	-0.30	-0.48	-0.63	-4.50	-0.21	-0.29	0.83	-0.48	-0.54	3.67	0.60	-0.13	1.48	1.69	-1.14	0.60	-1.87	0.83
D6	0.22	-0.38	-0.09	0.08	0.00	-0.36	-0.01	-0.10	-0.62	-0.04	0.96	0.05	-0.09	-0.60	0.04	-0.27	-0.08	0.02
D7	-0.82	0.95	-1.78	-5.00	0.28	5.00	-0.68	-3.78	-1.63	3.90	-3.22	0.85	0.09	2.65	-5.00	-0.62	-4.94	5.00
D4	1.81	-1.50	0.07	0.08	0.00	-0.06	-0.01	-0.10	-1.23	-0.04	-2.19	0.05	-0.09	-0.20	0.04	0.44	-0.08	0.02
D5	1.30	-0.12	-1.01	0.08	0.00	-0.31	-0.01	-0.10	0.05	-0.04	0.40	0.05	-0.09	0.18	0.04	0.85	-0.08	0.02
D2	0.90	0.64	-0.30	0.08	0.00	0.63	-0.01	-0.10	1.09	-0.04	0.39	0.05	-0.09	-0.69	0.04	0.75	-0.08	0.02
D3	1.00	-0.59	-0.61	0.08	0.00	-0.03	-0.01	-0.10	-0.44	-0.04	0.30	0.05	-0.09	0.69	0.04	-0.30	-0.08	0.02
D1	-1.23	0.16	0.53	0.08	0.00	0.53	-0.01	-0.10	-0.07	-0.04	0.77	0.05	-0.09	0.20	0.04	-1.13	-0.08	0.02
K12	-0.84	0.57	0.44	0.08	0.00	-0.28	-0.01	-0.10	-0.52	-0.04	-1.35	0.05	-0.09	-1.55	0.04	0.14	-0.08	0.02
K11	-1.70	1.29	-0.60	0.08	0.00	0.23	-0.01	-0.10	0.39	-0.04	1.12	0.05	-0.09	1.09	0.04	-1.08	-0.08	0.02
K10	-1.39	-0.85	0.16	0.08	0.00	0.02	-0.01	-0.10	-2.18	-0.04	1.09	0.05	-0.09	0.10	0.04	-2.03	-0.08	0.02
M3	-0.68	-1.34	0.24	0.08	0.00	0.09	-0.01	-0.10	-1.38	-0.04	0.65	0.05	-0.09	0.68	0.04	-0.09	-0.08	0.02
M2	-0.12	-0.38	0.73	0.08	0.00	-0.64	-0.01	-0.10	-0.82	-0.04	-0.95	0.05	-0.09	-1.53	0.04	0.20	-0.08	0.02
L10	-1.00	-0.42	0.79	0.17	-0.07	0.18	-0.25	-0.10	-0.75	-0.48	1.09	0.03	-0.68	-0.18	0.40	-2.03	0.22	0.48
L11	0.09	0.32	0.86	0.08	0.00	-0.32	-0.01	-0.10	0.49	-0.04	-0.48	0.05	-0.09	-1.17	0.04	-0.43	-0.08	0.02
L12	-0.80	-1.76	0.85	0.08	0.00	0.29	-0.01	-0.10	-2.80	-0.04	-1.19	0.05	-0.09	0.47	0.04	-2.61	-0.08	0.02
K3	-1.77	1.89	-0.74	0.08	0.00	0.47	-0.01	-0.10	0.54	-0.04	1.42	0.05	-0.09	1.18	0.04	-2.69	-0.08	0.02
K2	-1.90	1.22	-0.56	0.12	0.21	0.21	-0.14	-0.25	-0.01	0.05	1.38	0.21	-0.04	1.30	0.35	-2.50	0.13	0.38
K1	0.33	-1.22	0.86	0.05	0.00	-0.59	0.10	-0.12	-0.38	-0.45	-0.80	0.05	-0.06	-0.12	-0.05	1.05	-0.18	0.01
M6	-0.17	-2.11	0.64	0.08	0.00	0.10	-0.01	-0.10	-2.83	-0.04	-1.20	0.05	-0.09	0.41	0.04	-1.78	-0.08	0.02
K7	-0.69	-0.59	1.35	0.08	0.00	-0.34	-0.01	-0.10	-1.12	-0.04	-1.07	0.05	-0.09	-1.42	0.04	-0.94	-0.08	0.02
K6	-0.17	-0.90	2.21	0.08	0.00	-0.42	-0.01	-0.10	0.05	-0.04	-1.30	0.05	-0.09	-1.66	0.04	0.38	-0.08	0.02
K5	-0.81	1.71	-0.98	0.08	0.00	-0.45	-0.01	-0.10	0.47	-0.04	-0.68	0.05	-0.09	0.28	0.04	-0.06	-0.08	0.02
K4	0.43	-1.52	1.15	0.08	0.00	-0.31	-0.01	-0.10	-0.72	-0.04	-0.68	0.05	-0.09	0.78	0.04	-1.64	-0.08	0.02
K9	0.32	-0.31	0.75	0.08	0.00	-0.38	-0.01	-0.10	0.48	-0.04	-0.91	0.05	-0.09	-0.17	0.04	0.59	-0.08	0.02
K8	-0.16	-0.99	1.18	0.08	0.00	-0.41	-0.01	-0.10	-0.02	-0.04	-0.46	0.05	-0.09	0.56	0.04	-0.35	-0.08	0.02
M9	-1.66	1.30	-0.60	0.08	0.00	0.93	-0.01	-0.10	0.73	-0.04	1.36	0.05	-0.09	1.80	0.04	-1.60	-0.08	0.02
M8	-1.04	1.97	-0.18	0.08	0.00	-0.45	-0.01	-0.10	1.19	-0.04	-0.12	0.05	-0.09	-0.65	0.04	-0.08	-0.08	0.02
I9	-1.41	1.10	-0.18	0.15	-0.14	0.26	-0.26	-0.27	0.22	0.05	1.17	0.10	0.46	-0.05	0.15	-1.11	-0.08	-0.08
I8	0.02	-0.29	1.68	0.08	0.00	-0.40	-0.01	-0.10	0.77	-0.04	-1.09	0.05	-0.09	-1.09	0.04	0.52	-0.08	0.02
I1	-1.34	0.97	-0.02	0.08	0.00	0.30	-0.01	-0.10	1.55	-0.04	0.32	0.05	-0.09	1.16	0.04	1.48	-0.08	0.02
I3	-1.20	-1.22	1.32	0.08	0.00	0.03	-0.01	-0.10	-0.97	-0.04	0.79	0.05	-0.09	0.39	0.04	-1.51	-0.08	0.02
I2	-1.49	1.79	-0.54	0.08	0.00	0.56	-0.01	-0.10	1.15	-0.04	1.40	0.05	-0.09	1.15	0.04	-1.66	-0.08	0.02
I5	-0.85	0.41	0.86	0.08	0.00	-0.10	-0.01	-0.10	-0.34	-0.04	-1.23	0.05	-0.09	-1.55	0.04	-0.18	-0.08	0.02
I4	-1.57	0.42	-0.58	0.22	-0.07	0.22	0.18	-0.19	-0.88	-0.04	2.63	0.08	0.25	0.57	-2.46	-1.58	-0.37	-0.06
I7	-0.53	-0.90	1.07	0.08	0.00	-0.57	-0.01	-0.10	-1.14	-0.04	-1.67	0.05	-0.09	-0.38	0.04	-0.38	-0.08	0.02
I6	-0.06	-1.13	1.43	0.08	0.00	-0.43	-0.01	-0.10	-0.56	-0.04	-1.54	0.05	-0.09	-0.49	0.04	0.19	-0.08	0.02
J12	-0.56	-0.90	1.76	0.08	0.00	-0.35	-0.01	-0.10	-0.96	-0.04	-1.42	0.05	-0.09	-1.71	0.04	-0.19	-0.08	0.02
J10	-0.78	-0.30	0.18	0.08	0.00	0.03	-0.01	-0.10	-1.30	-0.04	-1.20	0.05	-0.09	0.48	0.04	-1.51	-0.08	0.02
J11	-1.36	-0.25	0.34	0.41	-0.21	0.26	-0.05	-0.27	-1.14	-0.16	1.09	0.10	-0.26	-0.02	0.86	-1.95	-0.17	0.45
I11	-0.93	0.26	0.46	0.08	0.00	-0.42	-0.01	-0.10	-0.30	-0.04	-1.39	0.05	-0.09	-0.21	0.04	-0.01	-0.08	0.02
I10	0.16	-2.31	1.13	0.08	0.00	0.08	-0.01	-0.10	-2.50	-0.04	-0.85	0.05	-0.09	-0.13	0.04	-1.73	-0.08	0.02
I12	0.10	-1.15	0.57	0.08	0.00	-0.60	-0.01	-0.10	-1.69	-0.04	-1.67	0.05	-0.09	-0.57	0.04	-0.32	-0.08	0.02
L6	-0.94	-0.22	0.01	0.08	0.00	0.04	-0.01	-0.10	-1.70	-0.04	-1.17	0.05	-0.09	0.34	0.04	-1.90	-0.08	0.02
L7	-0.40	-1.63	0.85	0.08	0.00	-0.01	-0.01	-0.10	-0.94	-0.04	0.56	0.05	-0.09	0.51	0.04	0.17	-0.08	0.02
L4	-0.81	1.41	-0.83	0.08	0.00	-0.48	-0.01	-0.10	0.27	-0.04	-0.51	0.05	-0.09	0.38	0.04	-0.29	-0.08	0.02
L5	0.32	0.03	0.00	0.08	0.00	-0.33	-0.01	-0.10	-0.22	-0.04	-0.79	0.05	-0.09	-0.12	0.04	-0.44	-0.08	0.02
L2	-1.61	-0.22	0.26	0.08	0.00	0.38	-0.01	-0.10	-0.27	-0.04	1.34	0.05	-0.09	1.85	0.04	-1.72	-0.08	0.02
L3	-0.63	0.19	0.25	0.08	0.00	0.16	-0.01	-0.10	0.17	-0.04	1.39	0.05	-0.09	0.78	0.04	-2.15	-0.08	0.02
L1	0.05	-0.20	0.94	0.27	-0.14	-0.66	-0.36	-0.15	0.27	-0.27	-0.49	0.05	0.22	-1.84	1.09	1.44	0.09	0.01
N1	0.17	-1.97	1.34	0.08	0.00	0.08	-0.01	-0.10	-1.82	-0.04	-1.24	0.05	-0.09	0.12	0.04	-1.79	-0.08	0.02
N2	-1.43	0.41	-0.19	0.08	0.00	-0.05	-0.01	-0.10	-0.81	-0.04	1.17	0.05	-0.09	-0.06	0.04	-1.32	-0.08	0.02
N3	-0.00	-0.88	1.38	0.08	0.00	-0.59	0.15	-0.12	-1.12	-0.02	-1.53	0.06	-0.10	-1.84	0.48	-0.30	-0.16	-0.00
N4	1.42	-1.05	0.10	0.08	0.00	-0.60	-0.01	-0.10	-0.44	-0.04	-1.07	0.05	-0.09	0.44	0.04	-0.10	-0.08	0.02
L8	-0.60	1.24	0.47	0.08	0.00	-0.54	-0.01	-0.10	1.64	-0.04	-1.03	0.05	-0.09	-0.90	0.04	2.13	-0.08	0.02
L9	-0.70	1.49	-0.55	0.08	0.00	-0.48	-0.01	-0.10	0.81	-0.04	-0.75	0.05	-0.09	0.09	0.04	0.50	-0.08	0.02
M5	-0.80	1.88	-0.08	0.08	0.00	-0.53	-0.01	-0.10	1.57	-0.04	-0.36	0.05	-0.09	-0.57	0.04	0.67	-0.08	0.02
J8	0.58	-1.49	1.77	0.08	0.00	-0.78	-0.01	-0.10	-0.83	-0.04	-1.81	0.05	-0.09	-1.98	0.04	0.99	-0.08	0.02
J9	0.23	-0.10	1.62	0.08	0.00	-0.36	-0.01	-0.10	1.20	-0.04	-1.00	0.05	-0.09	-1.01	0.04	0.67	-0.08	0.02
M7	0.10	-1.42	1.66	0.08	0.00	-0.71	-0.01	-0.10	-1.31	-0.04	-1.67	0.05	-0.09	-2.02	0.04	0.54	-0.08	0.02
M4	-0.60	1.66	0.03	0.08	0.00	-0.49	-0.01	-0.10	1.55	-0.04	-0.59	0.05	-0.09	-0.59	0.04	0.88	-0.08	0.02
J4	-0.87	0.22	0.98	0.08	0.00	-0.25	-0.01	-0.10	0.10	-0.04	-0.78	0.05	-0.09	-0.82	0.04	-0.04	-0.08	0.02
J5	-0.09	-1.06	1.98	0.08	0.00	-0.45	-0.01	-0.10	-0.63	-0.04	-1.52	0.05	-0.09	-1.68	0.04	-0.20	-0.08	0.02
J6	-0.97	0.52	1.14	0.08	0.00	-0.50	-0.01	-0.10	0.19	-0.04	-1.12	0.05	-0.09	-1.49	0.04	0.10	-0.08	0.02
J7	-0.16	-1.03	1.80	0.05	0.14	-0.35	0.23	-0.05	-1.02	-0.18	-1.56	0.03	-0.06	-1.85	0.03	-0.46	-0.07	-0.08
J1	-0.62	-0.79	0.02	0.07	-0.14	0.39	-0.06	-0.16	-0.55	-0.04	1.45	-0.00	-0.50	1.63	0.60	-1.34	-0.09	0.16
J2	-0.51	0.56	0.67	0.08	0.00	-0.08	-0.01	-0.10	2.60	-0.04	1.34	0.05	-0.09	1.37	0.04	1.12	-0.08	0.02
J3	-0.26	0.02	-0.15	0.08	0.00	-0.48	-0.01	-0.10	-0.69	-0.04	-0.96	0.05	-0.09	-0.41	0.04	0.44	-0.08	0.02
M11	-0.80	1.76	-0.14	2.76	-0.42	0.13	-0.57	-0.92	1.28	-0.48	-1.44	-0.10	0.09	-0.27	0.71	0.73	-0.42	-0.18
M10	-0.19	-0.75	0.69	-0.43	0.21	0.74	-0.05	-0.12	0.72	-0.33	1.39	0.05	-0.58	1.50	2.79	-1.23	0.37	-0.05
M12	-1.02	1.65	-0.01	0.08	0.00	-0.34	-0.01	-0.10	0.84	-0.04	-0.39	0.05	-0.09	-0.63	0.04	-0.35	-0.08	0.02
M1	0.29	-1.08	0.09	0.08	0.00	-0.39	-0.01	-0.10	-1.47	-0.04	-0.50	0.05	-0.09	0.17	0.04	-0.88	-0.08	0.02
