G7	-0.64	0.55	-0.47	-0.07	0.09	0.07	0.01	0.05	0.19	-0.05	0.84	0.02	0.09	-0.41	-0.02	0.20	0.12	-0.04
G6	-1.05	1.47	-1.86	-0.07	0.09	0.19	0.01	0.05	0.26	-0.05	0.83	0.02	0.09	-0.06	-0.02	0.20	0.12	-0.04
G5	-0.59	0.95	-0.52	-0.07	0.09	0.02	0.01	0.05	0.58	-0.05	0.85	0.02	0.09	-0.63	-0.02	-0.29	0.12	-0.04
G4	2.51	-2.20	1.07	-0.07	0.09	-0.50	0.01	0.05	-0.25	-0.05	0.86	0.02	0.09	-0.81	-0.02	-0.74	0.12	-0.04
G3	1.91	-1.97	0.00	-0.07	0.09	-0.10	0.01	0.05	-1.06	-0.05	0.82	0.02	0.09	-0.33	-0.02	-0.49	0.12	-0.04
G2	1.50	-1.69	0.59	-0.07	0.04	0.08	-0.15	-0.07	-0.52	0.08	0.80	-0.81	0.04	-0.49	-0.18	-0.15	0.37	-0.24
G1	-0.57	0.28	-0.19	-0.07	0.14	0.06	0.05	-1.33	0.01	0.13	0.85	-1.49	0.16	-0.47	0.28	0.05	-0.07	0.36
G9	-0.72	0.33	-0.30	-0.07	0.09	0.24	0.01	0.05	-0.14	-0.05	0.80	0.02	0.09	-0.28	-0.02	-0.26	0.12	-0.04
G8	-0.91	0.89	-0.63	-0.07	0.09	0.27	0.01	0.05	0.35	-0.05	0.80	0.02	0.09	-0.15	-0.02	-0.29	0.12	-0.04
N6	-0.72	0.21	0.88	-0.07	0.09	0.30	0.01	0.05	0.13	-0.05	-0.95	0.02	0.09	0.31	-0.02	0.41	0.12	-0.04
N7	-0.72	0.64	0.15	-0.07	0.09	0.05	0.01	0.05	0.50	-0.05	-0.98	0.02	0.09	1.01	-0.02	0.33	0.12	-0.04
B4	1.65	-1.97	2.46	-0.07	0.09	0.02	0.01	0.05	-0.66	-0.05	-1.00	0.02	0.09	-1.33	-0.02	0.23	0.12	-0.04
B5	-0.30	-0.33	-0.33	-0.07	0.09	0.33	0.01	0.05	-1.25	-0.05	-0.94	0.02	0.09	0.45	-0.02	0.48	0.12	-0.04
B6	1.54	-1.02	-0.30	-0.07	0.09	-0.34	0.01	0.05	0.43	-0.05	0.85	0.02	0.09	0.09	-0.02	1.01	0.12	-0.04
B7	2.13	-1.02	0.16	-0.07	0.09	-0.11	0.01	0.05	0.96	-0.05	0.82	0.02	0.09	-0.43	-0.02	0.29	0.12	-0.04
B1	-0.66	-0.04	-0.79	-0.07	0.09	-0.27	0.01	0.05	-0.71	-0.05	0.82	0.02	0.09	0.27	-0.02	0.22	0.12	-0.04
B2	1.86	-1.06	-4.02	-0.07	0.09	0.13	0.01	0.05	-1.49	-0.05	0.88	0.02	0.09	1.93	-0.02	0.65	0.12	-0.04
B3	0.49	-0.86	1.38	-0.10	0.04	-0.11	0.65	-0.60	-0.17	-0.40	-0.89	2.44	0.11	-0.17	-0.52	1.13	-0.74	-0.44
B8	1.64	-1.11	-1.08	0.24	0.09	-0.12	0.20	0.34	-0.18	0.08	0.84	-0.66	0.06	0.08	0.05	1.25	0.10	0.21
B9	-0.41	-0.39	1.06	-0.07	0.09	0.34	0.01	0.05	0.09	-0.05	0.81	0.02	0.09	-0.29	-0.02	-0.60	0.12	-0.04
N5	0.08	1.09	-0.73	-0.07	0.09	-0.17	0.01	0.05	1.61	-0.05	-0.23	0.02	0.09	1.11	-0.02	-0.12	0.12	-0.04
P10	0.40	-1.07	0.82	-0.07	0.09	0.23	0.01	0.05	-1.74	-0.05	-2.31	0.02	0.09	0.24	-0.02	0.29	0.12	-0.04
P11	0.32	-0.84	-0.18	-0.07	0.09	0.13	0.01	0.05	-1.31	-0.05	-0.94	0.02	0.09	0.32	-0.02	0.88	0.12	-0.04
P12	0.07	-0.72	0.21	-0.07	0.09	0.24	0.01	0.05	-1.10	-0.05	-0.94	0.02	0.09	0.25	-0.02	0.73	0.12	-0.04
E9	-0.58	0.45	-0.53	-0.07	0.09	0.10	0.01	0.05	0.08	-0.05	0.80	0.02	0.09	-0.21	-0.02	-0.02	0.12	-0.04
E8	-0.54	0.50	-0.12	-0.07	0.09	0.03	0.01	0.05	0.44	-0.05	0.84	0.02	0.09	-0.60	-0.02	0.32	0.12	-0.04
E5	-0.62	0.44	-0.28	-0.07	0.09	-0.01	0.01	0.05	0.15	-0.05	0.84	0.02	0.09	-0.44	-0.02	0.14	0.12	-0.04
E4	-0.82	0.72	-0.66	-0.07	0.09	0.10	0.01	0.05	0.06	-0.05	0.83	0.02	0.09	-0.41	-0.02	-0.05	0.12	-0.04
E7	-0.69	0.67	-0.24	-0.07	0.09	0.11	0.01	0.05	0.62	-0.05	0.84	0.02	0.09	-0.13	-0.02	-0.06	0.12	-0.04
E6	1.28	-0.21	-0.19	-0.07	0.09	0.01	0.01	0.05	1.07	-0.05	0.81	0.02	0.09	-0.32	-0.02	-0.09	0.12	-0.04
E1	-0.53	0.02	0.41	-0.92	-5.00	0.62	-1.55	-2.43	-0.04	3.50	0.70	0.32	0.49	-0.12	-3.45	0.42	1.60	2.51
P8	-0.33	-0.43	1.72	-0.07	-0.05	0.27	-0.08	0.34	-0.92	-0.02	-2.31	0.25	0.03	0.01	0.15	-0.11	-0.16	-0.29
E3	-0.22	-0.56	0.33	-0.07	0.09	0.13	0.01	0.05	-0.74	-0.05	0.80	0.02	0.09	-0.89	-0.02	0.27	0.12	-0.04
E2	1.29	-0.47	-0.12	-0.07	0.09	-0.06	0.01	0.05	0.71	-0.05	0.82	0.02	0.09	-0.12	-0.02	-0.59	0.12	-0.04
P2	1.18	-1.33	1.09	-0.07	0.09	0.17	0.01	0.05	-1.39	-0.05	-2.34	0.02	0.09	-0.16	-0.02	0.30	0.12	-0.04
P3	1.68	-1.53	0.72	-0.07	0.09	0.17	0.01	0.05	-1.46	-0.05	-2.35	0.02	0.09	-0.11	-0.02	0.51	0.12	-0.04
P1	0.27	0.34	1.32	-3.96	1.90	-1.58	2.86	-5.00	0.17	1.47	0.89	-3.31	-2.01	-3.93	1.55	1.37	-4.89	3.77
P6	0.05	-0.99	0.63	-0.10	0.09	0.34	0.24	0.38	-1.37	-0.22	-0.94	0.10	0.11	0.17	0.27	0.37	-0.94	0.26
P7	-0.26	-0.80	-1.38	5.00	-5.00	0.49	-5.00	0.42	-1.64	3.72	-2.63	-5.00	-4.23	5.00	-5.00	2.29	-1.44	5.00
P4	1.42	-1.38	1.12	-0.07	0.09	0.13	0.01	0.05	-1.05	-0.05	-2.37	0.02	0.09	0.00	-0.02	0.63	0.12	-0.04
P5	0.28	-0.81	1.74	-0.07	0.09	0.37	0.01	0.05	-0.86	-0.05	-2.35	0.02	0.09	0.01	-0.02	0.04	0.12	-0.04
H10	0.31	-1.31	0.50	-0.07	0.09	0.24	0.01	0.05	-1.33	-0.05	-0.34	0.02	0.09	1.11	-0.02	-1.64	0.12	-0.04
H11	-0.12	-0.26	-0.44	-0.07	0.09	0.23	0.01	0.05	-0.44	-0.05	-0.39	0.02	0.09	2.02	-0.02	-1.73	0.12	-0.04
H12	0.45	-1.45	1.24	-0.07	0.09	0.13	0.01	0.05	-1.11	-0.05	-0.33	0.02	0.09	0.57	-0.02	-1.77	0.12	-0.04
P9	0.13	-0.93	1.18	-0.07	0.09	0.28	0.01	0.05	-1.57	-0.05	-2.32	0.02	0.09	0.15	-0.02	0.16	0.12	-0.04
F12	0.97	-2.08	-0.57	-0.07	0.09	0.14	0.01	0.05	-2.45	-0.05	0.80	0.02	0.09	-0.11	-0.02	-0.29	0.12	-0.04
F10	1.33	-1.61	-0.03	-0.07	0.09	0.27	0.08	0.70	-1.01	-0.17	0.80	0.02	0.17	-0.62	1.11	-0.41	0.46	-0.64
F11	1.75	-1.89	0.28	-0.07	0.09	0.09	0.01	0.05	-0.75	-0.05	0.80	0.02	0.09	-0.35	-0.02	-0.16	0.12	-0.04
N12	-0.76	0.37	-0.88	-0.07	0.09	0.23	0.01	0.05	-0.74	-0.05	-0.93	0.02	0.09	0.86	-0.02	0.90	0.12	-0.04
H8	-0.83	0.35	-0.31	-0.07	0.09	0.18	0.01	0.05	-0.32	-0.05	-0.96	0.02	0.09	0.72	-0.02	1.41	0.12	-0.04
H9	-0.78	0.18	-0.34	-0.07	0.09	0.17	0.01	0.05	-0.55	-0.05	-0.95	0.02	0.09	0.75	-0.02	1.36	0.12	-0.04
H6	-0.72	0.10	-0.53	-0.07	0.09	0.20	0.01	0.05	-0.86	-0.05	-0.95	0.02	0.09	0.70	-0.02	1.16	0.12	-0.04
H7	-0.82	0.32	-0.28	-0.07	0.09	0.17	0.01	0.05	-0.35	-0.05	-0.96	0.02	0.09	0.70	-0.02	1.39	0.12	-0.04
H4	-0.79	0.61	-1.28	0.00	0.04	-0.15	-0.21	-0.31	0.03	-0.05	0.82	0.62	0.08	0.48	0.10	0.66	0.22	0.36
H5	-0.74	0.12	-0.48	-0.07	0.09	0.21	0.01	0.05	-0.90	-0.05	-0.95	0.02	0.09	0.54	-0.02	1.17	0.12	-0.04
D10	-0.66	0.27	-0.39	-0.07	0.09	0.03	0.01	0.05	-0.19	-0.05	0.84	0.02	0.09	-0.42	-0.02	0.29	0.12	-0.04
D11	-0.77	0.17	-0.60	-0.07	0.09	0.07	0.01	0.05	-0.72	-0.05	0.84	0.02	0.09	-0.41	-0.02	-0.04	0.12	-0.04
D12	-0.56	0.03	0.07	-0.07	0.09	0.11	0.01	0.05	-0.03	-0.05	0.84	0.02	0.09	-0.05	-0.02	-0.31	0.12	-0.04
B12	1.80	-1.04	-0.59	-0.07	0.09	-0.33	0.01	0.05	0.51	-0.05	0.85	0.02	0.09	0.18	-0.02	1.12	0.12	-0.04
B10	1.43	-1.05	-0.74	-0.07	0.09	-0.30	0.01	0.05	-0.05	-0.05	0.85	0.02	0.09	0.11	-0.02	1.16	0.12	-0.04
B11	1.84	-1.25	-0.19	-0.07	0.09	-0.28	0.01	0.05	0.55	-0.05	0.86	0.02	0.09	0.41	-0.02	0.63	0.12	-0.04
Q8	0.04	-1.00	0.87	-0.07	0.09	0.33	0.01	0.05	-2.13	-0.05	-2.33	0.02	0.09	-0.31	-0.02	0.75	0.12	-0.04
Q9	0.28	-0.56	0.54	-0.07	0.09	0.02	0.01	0.05	-0.42	-0.05	-0.93	0.02	0.09	0.00	-0.02	1.11	0.12	-0.04
C9	-0.83	0.73	-0.89	-0.07	0.09	0.08	0.01	0.05	-0.07	-0.05	0.83	0.02	0.09	-0.32	-0.02	0.09	0.12	-0.04
C8	-0.60	0.15	-0.82	-0.07	0.09	0.13	0.01	0.05	-0.60	-0.05	0.80	0.02	0.09	-0.13	-0.02	0.11	0.12	-0.04
Q11	1.12	-1.05	0.08	-0.07	0.09	0.10	0.01	0.05	-0.83	-0.05	-0.98	0.02	0.09	0.08	-0.02	0.78	0.12	-0.04
Q10	1.18	-1.31	1.05	-0.07	0.09	0.17	0.01	0.05	-1.37	-0.05	-2.35	0.02	0.09	-0.13	-0.02	0.31	0.12	-0.04
Q12	1.08	-1.25	1.06	-0.07	0.09	0.37	0.01	0.05	-0.56	-0.05	-1.01	0.02	0.09	-0.10	-0.02	0.24	0.12	-0.04
C3	3.57	-0.82	-0.41	-0.07	0.09	-0.06	0.01	0.05	2.59	-0.05	0.83	0.02	0.09	-0.21	-0.02	1.23	0.12	-0.04
C2	1.29	-1.00	-0.47	-0.07	0.09	-0.27	0.01	0.05	0.03	-0.05	0.85	0.02	0.09	0.08	-0.02	0.86	0.12	-0.04
C1	1.64	-0.96	-0.71	-0.07	0.09	-0.31	0.01	0.05	0.35	-0.05	0.85	0.02	0.09	0.12	-0.02	1.23	0.12	-0.04
C7	-0.92	1.13	-0.53	-0.07	0.09	0.16	0.01	0.05	0.66	-0.05	0.83	0.02	0.09	-0.33	-0.02	-0.53	0.12	-0.04
C6	-0.94	0.93	-0.63	-0.07	0.09	0.16	0.01	0.05	0.27	-0.05	0.83	0.02	0.09	-0.29	-0.02	-0.41	0.12	-0.04
C5	-0.83	0.72	-0.88	-0.07	0.09	0.08	0.01	0.05	-0.07	-0.05	0.83	0.02	0.09	-0.34	-0.02	0.09	0.12	-0.04
C4	-0.84	0.59	-0.53	-0.07	0.09	0.14	0.01	0.05	-0.12	-0.05	0.84	0.02	0.09	-0.36	-0.02	-0.44	0.12	-0.04
N10	-0.82	0.44	0.05	-0.10	0.09	0.24	-0.43	-0.19	-0.15	0.10	-0.94	0.25	0.09	0.43	-0.07	0.86	0.26	0.16
N8	0.14	0.35	2.08	-0.24	0.71	0.20	-4.18	-5.00	1.08	-2.32	-0.39	5.00	-5.00	-1.67	-2.54	0.58	5.00	-2.30
N9	-0.04	0.50	0.18	-0.07	0.09	-0.19	0.01	0.05	1.05	-0.05	-0.12	0.02	0.09	1.11	-0.02	-1.48	0.12	-0.04
N11	-0.08	0.49	-2.45	-0.07	0.09	0.38	0.01	0.05	-1.44	-0.05	-1.00	0.02	0.09	0.09	-0.02	1.73	0.12	-0.04
G12	0.28	-0.73	-0.72	-0.07	0.09	0.28	0.01	0.05	-0.94	-0.05	0.79	0.02	0.09	0.07	-0.02	0.04	0.12	-0.04
G11	1.87	-1.23	-0.10	-0.10	0.38	-0.19	-0.14	-0.31	0.32	-0.35	0.85	0.93	0.27	-0.45	0.40	0.84	0.03	-0.34
G10	-0.67	0.73	-0.44	-0.07	0.09	0.04	0.01	0.05	0.48	-0.05	0.84	0.02	0.09	-0.35	-0.02	0.12	0.12	-0.04
F1	-0.69	0.51	-0.14	-0.07	0.09	0.08	0.01	0.05	0.43	-0.05	0.84	0.02	0.09	-0.08	-0.02	-0.18	0.12	-0.04
F2	1.37	-0.24	-0.27	-0.07	0.09	0.04	0.01	0.05	1.12	-0.05	0.81	0.02	0.09	-0.42	-0.02	0.35	0.12	-0.04
F3	-0.61	0.31	-0.45	-0.07	0.09	0.09	0.01	0.05	-0.07	-0.05	0.81	0.02	0.09	-0.14	-0.02	-0.02	0.12	-0.04
F4	1.49	-0.90	-0.66	-0.07	0.09	-0.30	0.01	0.05	0.33	-0.05	0.85	0.02	0.09	0.15	-0.02	1.11	0.12	-0.04
F5	-0.72	0.33	-0.82	-0.07	0.09	0.06	0.01	0.05	-0.60	-0.05	0.84	0.02	0.09	-0.43	-0.02	0.06	0.12	-0.04
F6	-0.70	0.22	-0.48	-0.07	0.09	0.17	0.01	0.05	-0.42	-0.05	0.80	0.02	0.09	-0.27	-0.02	-0.12	0.12	-0.04
F7	1.01	0.02	-0.60	-0.07	0.09	-0.05	0.01	0.05	0.88	-0.05	0.82	0.02	0.09	-0.05	-0.02	-0.39	0.12	-0.04
F8	-0.63	0.16	-0.32	-0.07	0.09	0.11	0.01	0.05	-0.23	-0.05	0.84	0.02	0.09	-0.09	-0.02	-0.24	0.12	-0.04
F9	1.56	-0.89	-0.88	-0.07	0.09	-0.25	0.01	0.05	0.22	-0.05	0.85	0.02	0.09	0.10	-0.02	1.19	0.12	-0.04
Q1	-0.42	0.39	-0.48	-0.07	0.09	-0.05	0.01	0.05	-0.10	-0.05	-0.96	0.02	0.09	1.17	-0.02	0.11	0.12	-0.04
Q3	-0.34	-0.61	0.72	-0.10	0.09	0.22	-0.31	0.30	-1.03	0.23	-0.94	-0.74	0.08	0.12	0.08	0.41	0.32	0.46
Q2	-0.09	-0.57	0.55	-0.07	0.09	0.13	0.01	0.05	-0.86	-0.05	-0.95	0.02	0.09	0.01	-0.02	0.82	0.12	-0.04
Q5	1.18	-1.30	1.05	-0.07	0.09	0.17	0.01	0.05	-1.37	-0.05	-2.35	0.02	0.09	-0.12	-0.02	0.31	0.12	-0.04
Q4	0.18	-0.79	0.20	-0.27	0.09	0.20	-0.81	0.74	-1.10	-0.15	-0.95	-0.28	0.16	0.20	0.81	0.73	-0.05	-0.75
Q7	0.98	-1.95	0.67	-0.07	0.09	-0.63	0.01	0.05	-2.70	-0.05	-1.97	0.02	0.09	-0.30	-0.02	1.04	0.12	-0.04
Q6	1.02	-1.23	-0.10	-0.07	0.09	0.15	0.01	0.05	-1.23	-0.05	-0.98	0.02	0.09	0.20	-0.02	1.01	0.12	-0.04
E11	-0.83	0.60	-0.58	-0.07	0.09	0.09	0.01	0.05	-0.10	-0.05	0.83	0.02	0.09	-0.39	-0.02	-0.13	0.12	-0.04
E10	1.02	-0.80	-0.45	-0.07	0.09	-0.41	0.01	0.05	0.16	-0.05	0.85	0.02	0.09	0.09	-0.02	1.09	0.12	-0.04
E12	-0.54	0.40	-0.05	-0.07	0.09	0.04	0.01	0.05	0.31	-0.05	0.84	0.02	0.09	-0.58	-0.02	0.24	0.12	-0.04
C12	-0.67	0.69	-0.55	-0.07	0.09	0.11	0.01	0.05	0.51	-0.05	0.84	0.02	0.09	-0.03	-0.02	0.13	0.12	-0.04
C11	2.84	-0.44	-0.33	-0.07	0.09	-0.04	0.01	0.05	2.35	-0.05	0.82	0.02	0.09	-0.47	-0.02	1.04	0.12	-0.04
C10	-0.63	0.47	-0.53	-0.07	0.09	0.01	0.01	0.05	0.06	-0.05	0.84	0.02	0.09	-0.39	-0.02	0.33	0.12	-0.04
A11	-0.69	-0.21	0.45	-0.07	0.09	0.21	0.01	0.05	-1.61	-0.05	-2.34	0.02	0.09	0.38	-0.02	0.70	0.12	-0.04
A10	2.52	-2.21	1.08	-0.07	0.09	-0.51	0.01	0.05	-0.25	-0.05	0.87	0.02	0.09	-0.80	-0.02	-0.74	0.12	-0.04
A12	0.29	0.05	-0.61	-0.07	0.09	0.10	0.01	0.05	-0.19	-0.05	-0.98	0.02	0.09	0.88	-0.02	0.20	0.12	-0.04
A1	0.28	-1.39	1.22	-0.07	0.09	0.29	0.01	0.05	-2.12	-0.05	-2.31	0.02	0.09	0.17	-0.02	0.04	0.12	-0.04
A3	-0.70	0.01	-0.58	-0.07	0.09	0.23	0.01	0.05	-1.08	-0.05	-0.94	0.02	0.09	0.62	-0.02	1.12	0.12	-0.04
A2	-0.36	-0.24	0.72	-0.07	0.09	0.22	0.01	0.05	-0.45	-0.05	-0.93	0.02	0.09	0.12	-0.02	0.53	0.12	-0.04
A5	0.23	-1.21	0.28	-0.07	0.09	0.23	0.01	0.05	-1.70	-0.05	-0.93	0.02	0.09	0.25	-0.02	0.60	0.12	-0.04
A4	0.33	-0.18	0.70	-0.07	0.09	0.36	0.01	0.05	-0.68	-0.05	-2.34	0.02	0.09	0.15	-0.02	-0.17	0.12	-0.04
A7	0.32	-1.90	0.88	-0.07	0.09	-0.53	0.01	0.05	-3.00	-0.05	-1.91	0.02	0.09	0.08	-0.02	0.42	0.12	-0.04
A6	-0.37	-0.23	0.72	-0.07	0.09	0.23	0.01	0.05	-0.44	-0.05	-0.94	0.02	0.09	0.13	-0.02	0.53	0.12	-0.04
A9	-0.36	-0.03	1.82	-0.07	0.09	0.49	0.01	0.05	0.97	-0.05	-0.90	0.02	0.09	0.38	-0.02	0.35	0.12	-0.04
A8	-0.73	0.23	0.20	-0.07	0.09	0.25	0.01	0.05	-1.11	-0.05	-2.32	0.02	0.09	0.58	-0.02	0.48	0.12	-0.04
D8	-0.58	0.38	-0.20	-0.07	0.09	0.08	0.01	0.05	0.16	-0.05	0.84	0.02	0.09	-0.56	-0.02	0.34	0.12	-0.04
D9	-0.61	0.25	-0.65	-0.07	0.09	0.12	0.01	0.05	-0.31	-0.05	0.80	0.02	0.09	-0.19	-0.02	0.14	0.12	-0.04
D6	1.34	-0.26	-0.35	-0.07	0.09	0.02	0.01	0.05	0.93	-0.05	0.81	0.02	0.09	-0.34	-0.02	0.01	0.12	-0.04
D7	-0.61	0.32	-0.33	-0.07	0.09	0.05	0.01	0.05	0.05	-0.05	0.84	0.02	0.09	-0.19	-0.02	0.07	0.12	-0.04
D4	1.35	-0.90	-0.41	-0.07	0.09	-0.40	0.01	0.05	0.41	-0.05	0.85	0.02	0.09	0.11	-0.02	1.22	0.12	-0.04
D5	1.41	-0.94	-0.41	-0.07	0.09	-0.27	0.01	0.05	0.37	-0.05	0.84	0.02	0.09	0.08	-0.02	1.16	0.12	-0.04
D2	-0.61	0.49	-0.80	-0.07	0.09	0.13	0.01	0.05	-0.02	-0.05	0.80	0.02	0.09	-0.11	-0.02	0.16	0.12	-0.04
D3	3.65	-0.86	-0.38	-0.17	0.09	-0.11	0.05	-0.76	2.61	0.08	0.83	-0.06	0.01	-0.20	-0.14	1.21	0.13	0.36
D1	-0.53	0.52	-0.36	-0.07	0.09	0.05	0.01	0.05	0.35	-0.05	0.84	0.02	0.09	-0.53	-0.02	0.48	0.12	-0.04
K12	-0.69	0.95	1.34	-0.07	0.09	-0.08	0.01	0.05	0.92	-0.05	-0.11	0.02	0.09	-0.60	-0.02	-2.60	0.12	-0.04
K11	-1.17	1.94	-0.89	-0.07	0.09	-0.24	0.01	0.05	1.86	-0.05	0.84	0.02	0.09	0.74	-0.02	-0.83	0.12	-0.04
K10	-1.21	0.49	-0.50	-0.07	0.09	-0.16	0.01	0.05	-0.08	-0.05	0.82	0.02	0.09	0.80	-0.02	-0.59	0.12	-0.04
M3	-0.82	0.00	-0.38	-0.07	0.09	-0.30	0.01	0.05	-0.31	-0.05	0.85	0.02	0.09	0.61	-0.02	0.01	0.12	-0.04
M2	-0.20	0.43	0.70	-0.07	0.09	-0.36	0.01	0.05	0.83	-0.05	-0.15	0.02	0.09	0.20	-0.02	-0.90	0.12	-0.04
L10	-0.89	0.24	-0.05	-0.07	0.14	-0.31	0.18	0.34	0.02	-0.20	0.85	1.15	0.11	0.49	0.25	-0.80	-0.03	-1.30
L11	-0.91	1.36	0.44	-0.07	0.09	0.24	0.01	0.05	1.33	-0.05	0.21	0.02	0.09	-0.42	-0.02	-0.92	0.12	-0.04
L12	0.27	-0.25	0.47	-0.07	0.09	0.07	0.01	0.05	-0.14	-0.05	-0.26	0.02	0.09	0.76	-0.02	-2.69	0.12	-0.04
K3	-1.28	2.96	-2.12	-0.07	0.09	-0.11	0.01	0.05	2.41	-0.05	0.83	0.02	0.09	0.57	-0.02	-0.11	0.12	-0.04
K2	-1.23	2.16	-1.80	-0.07	0.09	-0.17	0.01	0.05	1.56	-0.05	0.81	0.02	0.09	0.48	-0.02	0.54	0.12	-0.04
K1	0.92	-0.71	0.68	-0.07	0.09	0.04	0.01	0.05	0.09	-0.05	-0.32	0.02	0.09	-0.18	-0.02	0.03	0.12	-0.04
M6	0.82	-0.68	0.28	-0.07	0.09	-0.05	0.01	0.05	-0.22	-0.05	-0.24	0.02	0.09	0.93	-0.02	-2.18	0.12	-0.04
K7	-0.01	0.50	1.20	-0.07	0.09	-0.07	0.01	0.05	0.88	-0.05	-0.29	0.02	0.09	-0.43	-0.02	-2.02	0.12	-0.04
K6	-0.51	0.26	1.42	-0.07	0.09	0.08	0.01	0.05	-0.12	-0.05	-0.76	0.02	0.09	-0.97	-0.02	-1.06	0.12	-0.04
K5	-0.48	1.74	-0.88	-0.07	0.09	0.21	0.01	0.05	1.39	-0.05	-0.03	0.02	0.09	0.03	-0.02	-0.70	0.12	-0.04
K4	-0.16	0.33	0.30	-0.07	0.09	0.27	0.01	0.05	0.20	-0.05	0.12	0.02	0.09	-0.65	-0.02	-0.75	0.12	-0.04
K9	-0.15	0.01	0.13	-0.07	0.09	0.21	0.01	0.05	-0.38	-0.05	-0.05	0.02	0.09	-0.45	-0.02	-0.47	0.12	-0.04
K8	-0.23	-0.06	0.15	-0.07	0.09	0.27	0.01	0.05	-0.45	-0.05	0.02	0.02	0.09	-0.16	-0.02	-0.80	0.12	-0.04
M9	-1.23	2.07	-1.73	-0.07	0.09	-0.06	0.01	0.05	1.51	-0.05	0.81	0.02	0.09	0.54	-0.02	0.51	0.12	-0.04
M8	-0.78	2.24	-0.18	-0.07	0.09	0.15	0.01	0.05	1.95	-0.05	-0.07	0.02	0.09	-1.50	-0.02	0.50	0.12	-0.04
I9	-1.08	1.28	-0.69	-0.07	0.09	-0.28	0.01	0.05	0.97	-0.05	0.84	0.02	0.09	0.67	-0.02	-1.00	0.12	-0.04
I8	-0.35	0.14	1.08	-0.07	0.09	0.21	0.01	0.05	0.40	-0.05	0.20	0.02	0.09	-1.09	-0.02	0.21	0.12	-0.04
I1	-0.81	1.26	-1.09	-0.07	0.09	-0.15	0.01	0.05	1.44	-0.05	0.83	0.02	0.09	0.88	-0.02	0.80	0.12	-0.04
I3	-1.27	0.44	-0.69	-0.07	0.09	0.03	0.01	0.05	-0.22	-0.05	0.82	0.02	0.09	0.86	-0.02	-0.13	0.12	-0.04
I2	-1.33	2.73	-1.98	-0.07	0.09	-0.03	0.01	0.05	2.14	-0.05	0.83	0.02	0.09	0.82	-0.02	-0.63	0.12	-0.04
I5	-1.26	1.18	2.79	0.24	-0.01	5.00	5.00	3.38	1.18	-2.44	-0.14	-0.13	5.00	-2.82	-3.35	-1.48	-5.00	-1.00
I4	-1.20	1.27	-0.95	-0.07	0.09	-0.15	0.01	0.05	0.80	-0.05	0.84	0.02	0.09	0.71	-0.02	-0.41	0.12	-0.04
I7	-0.41	0.04	0.77	-0.07	0.09	-0.15	0.01	0.05	0.00	-0.05	0.07	0.02	0.09	0.82	-0.02	-3.14	0.12	-0.04
I6	-0.82	-0.30	0.32	-0.07	0.09	0.16	0.01	0.05	-0.63	-0.05	0.84	0.02	0.09	0.17	-0.02	-0.93	0.12	-0.04
J12	-0.71	-0.01	1.77	-0.07	0.09	-0.03	0.01	0.05	0.39	-0.05	-0.24	0.02	0.09	-0.11	-0.02	-0.82	0.12	-0.04
J10	0.23	0.07	0.10	-0.07	0.09	0.02	0.01	0.05	-0.04	-0.05	-0.29	0.02	0.09	0.67	-0.02	-2.62	0.12	-0.04
J11	-1.17	1.10	-0.38	-0.07	0.09	-0.27	0.01	0.05	0.94	-0.05	0.84	0.02	0.09	0.69	-0.02	-0.75	0.12	-0.04
I11	-0.04	0.32	0.31	-0.07	0.09	-0.55	0.01	0.05	-0.52	-0.05	-0.96	0.02	0.09	-0.87	-0.02	-0.60	0.12	-0.04
I10	0.94	-1.28	0.49	-0.07	0.09	-0.09	0.01	0.05	-0.96	-0.05	-0.21	0.02	0.09	0.74	-0.02	-2.14	0.12	-0.04
I12	0.16	-0.33	0.60	-0.07	0.09	-0.20	0.01	0.05	-0.04	-0.05	0.05	0.02	0.09	0.86	-0.02	-2.65	0.12	-0.04
L6	0.11	0.67	-0.04	-0.07	0.09	0.09	0.01	0.05	0.81	-0.05	-0.29	0.02	0.09	0.82	-0.02	-2.45	0.12	-0.04
L7	-0.84	-0.41	-0.30	-0.07	0.09	-0.08	0.01	0.05	-0.81	-0.05	0.84	0.02	0.09	0.60	-0.02	0.41	0.12	-0.04
L4	-0.38	1.55	-0.92	-0.07	0.09	0.24	0.01	0.05	1.28	-0.05	0.02	0.02	0.09	0.19	-0.02	-0.68	0.12	-0.04
L5	-0.24	0.58	-0.10	-0.07	0.09	0.26	0.01	0.05	0.43	-0.05	-0.02	0.02	0.09	0.22	-0.02	-1.19	0.12	-0.04
L2	-1.14	1.26	-1.24	-0.07	0.09	-0.14	0.01	0.05	0.50	-0.05	0.82	0.02	0.09	0.44	-0.02	-0.18	0.12	-0.04
L3	-1.11	1.73	-1.40	-0.07	0.09	-0.09	0.01	0.05	1.21	-0.05	0.82	0.02	0.09	0.75	-0.02	-0.64	0.12	-0.04
L1	-0.03	-0.23	0.98	-0.07	0.09	-0.39	0.01	0.05	0.08	-0.05	-0.16	0.02	0.09	0.06	-0.02	-1.06	0.12	-0.04
N1	0.30	-0.92	0.72	-0.07	0.09	-0.22	0.01	0.05	-0.79	-0.05	0.06	0.02	0.09	0.76	-0.02	-2.65	0.12	-0.04
N2	-1.27	1.24	-1.06	-0.07	0.09	0.01	0.01	0.05	0.81	-0.05	0.84	0.02	0.09	0.99	-0.02	-0.22	0.12	-0.04
N3	-0.05	0.16	1.28	-0.07	0.09	0.03	0.01	0.05	0.47	-0.05	-0.79	0.02	0.09	-0.64	-0.02	-0.08	0.12	-0.04
N4	0.59	-0.56	-0.27	-0.07	0.09	-0.15	0.01	0.05	-0.11	-0.05	-0.33	0.02	0.09	1.32	-0.02	-0.32	0.12	-0.04
L8	-0.54	1.35	-2.17	-0.07	0.09	1.07	0.01	0.05	0.13	-0.05	-0.24	0.02	0.09	1.43	-0.02	-1.59	0.12	-0.04
L9	-0.62	1.62	-0.85	-0.07	0.09	0.28	0.01	0.05	1.14	-0.05	0.02	0.02	0.09	0.39	-0.02	-1.45	0.12	-0.04
M5	-0.97	2.02	-0.07	-0.07	0.09	0.28	0.01	0.05	1.96	-0.05	0.22	0.02	0.09	-0.22	-0.02	-1.10	0.12	-0.04
J8	0.12	0.09	0.80	0.07	-0.15	-5.00	-0.40	3.06	-0.13	-1.97	-0.15	0.10	-5.00	-1.21	5.00	0.81	-0.45	-3.35
J9	-0.62	0.43	1.17	-0.07	0.09	0.21	0.01	0.05	0.67	-0.05	0.20	0.02	0.09	-0.66	-0.02	-0.70	0.12	-0.04
M7	-0.13	-0.54	2.97	3.79	-0.15	-5.00	-5.00	-2.63	0.06	5.00	-1.14	0.93	-2.49	-3.74	5.00	4.74	-3.42	4.32
M4	-0.65	1.40	0.99	-0.07	0.09	0.05	0.01	0.05	2.16	-0.05	-0.01	0.02	0.09	-0.96	-0.02	0.97	0.12	-0.04
J4	-0.62	0.59	1.50	-0.07	0.09	-0.02	0.01	0.05	1.24	-0.05	-0.01	0.02	0.09	-1.00	-0.02	0.67	0.12	-0.04
J5	-0.42	-0.80	1.97	-0.07	0.09	0.07	0.01	0.05	-0.52	-0.05	-0.19	0.02	0.09	-0.37	-0.02	-0.87	0.12	-0.04
J6	-0.57	1.65	3.99	-0.99	0.19	0.06	-0.92	-1.61	0.35	0.35	-0.74	1.38	1.19	-5.00	0.52	-1.12	-5.00	-1.25
J7	0.02	-0.47	1.44	-0.07	0.09	0.01	0.01	0.05	-0.39	-0.05	-0.79	0.02	0.09	-0.74	-0.02	-0.11	0.12	-0.04
J1	-0.86	0.83	-1.22	-0.07	0.09	-0.16	0.01	0.05	0.40	-0.05	0.81	0.02	0.09	0.41	-0.02	1.08	0.12	-0.04
J2	-0.91	1.22	-1.13	-0.07	0.09	-0.15	0.01	0.05	0.67	-0.05	0.81	0.02	0.09	0.28	-0.02	-0.14	0.12	-0.04
J3	0.40	0.24	0.12	-0.07	0.09	0.29	0.01	0.05	0.67	-0.05	-0.05	0.02	0.09	-0.03	-0.02	-0.79	0.12	-0.04
M11	-0.94	1.56	-0.57	-0.07	0.09	0.18	0.01	0.05	2.27	-0.05	0.79	0.02	0.09	1.41	-0.02	-0.26	0.12	-0.04
M10	-1.14	0.80	-1.00	-0.07	0.09	-0.04	0.01	0.05	0.05	-0.05	0.81	0.02	0.09	0.46	-0.02	0.11	0.12	-0.04
M12	-0.60	1.85	-0.24	1.84	0.28	-0.19	5.00	5.00	1.99	-4.59	-0.16	0.85	-3.94	-0.00	1.87	-1.34	-0.70	-4.10
M1	0.76	-0.09	0.26	-0.07	0.09	0.02	0.01	0.05	0.65	-0.05	-0.34	0.02	0.09	-0.10	-0.02	0.20	0.12	-0.04
