G7	-0.43	0.87	0.20	-0.10	-0.07	-0.18	-0.04	0.07	0.45	-0.04	-0.34	0.16	0.16	-0.85	-0.17	0.26	-0.10	-0.02
G6	-0.97	1.90	-1.69	0.60	-0.07	0.49	-0.52	-0.10	0.42	0.15	-1.13	1.33	1.79	0.89	-2.23	1.22	0.39	-0.09
G5	-0.73	0.95	-0.30	-0.10	-0.07	-0.29	-0.04	0.07	-0.24	-0.04	-1.02	0.16	0.16	-0.46	-0.17	0.28	-0.10	-0.02
G4	2.89	-1.70	-0.93	-0.10	-0.07	-0.73	-0.04	0.07	-0.57	-0.04	-0.67	0.16	0.16	0.11	-0.17	1.30	-0.10	-0.02
G3	-0.04	-1.10	-0.71	-0.10	-0.07	-0.15	-0.04	0.07	-2.53	-0.04	-1.11	0.16	0.16	-0.23	-0.17	0.93	-0.10	-0.02
G2	0.20	-1.02	0.32	-0.10	-0.07	0.37	-0.04	0.07	-1.22	-0.04	-0.42	0.16	0.16	-0.59	-0.17	0.68	-0.10	-0.02
G1	-0.66	0.29	0.37	0.05	-0.29	0.37	-0.29	0.24	-0.18	0.05	-0.40	0.25	0.18	-0.60	-0.01	0.36	0.06	-0.02
G9	-0.42	0.53	0.10	-0.10	-0.07	-0.35	-0.04	0.07	-0.19	-0.04	-0.44	0.16	0.16	-0.82	-0.17	0.11	-0.10	-0.02
G8	-0.65	1.16	0.60	-0.10	-0.07	0.17	-0.04	0.07	1.19	-0.04	-0.51	0.16	0.16	-0.56	-0.17	0.46	-0.10	-0.02
N6	-0.79	0.73	0.12	-0.10	-0.07	-0.64	-0.04	0.07	1.50	-0.04	1.00	0.16	0.16	0.70	-0.17	0.91	-0.10	-0.02
N7	-0.53	0.44	0.23	-0.10	-0.07	-0.38	-0.04	0.07	1.32	-0.04	1.01	0.16	0.16	0.62	-0.17	0.70	-0.10	-0.02
B4	0.47	-0.95	0.58	-0.10	-0.07	0.17	-0.04	0.07	-0.05	-0.04	-0.89	0.16	0.16	0.28	-0.17	1.62	-0.10	-0.02
B5	0.06	-0.16	-1.10	-0.10	-0.07	2.11	-0.04	0.07	0.13	-0.04	0.97	0.16	0.16	1.37	-0.17	0.47	-0.10	-0.02
B6	2.24	-0.73	-0.90	-0.10	-0.07	-1.16	-0.04	0.07	0.24	-0.04	-0.75	0.16	0.16	0.17	-0.17	1.41	-0.10	-0.02
B7	0.15	-0.62	-0.36	-0.10	-0.07	-0.61	-0.04	0.07	-1.51	-0.04	-1.05	0.16	0.16	-0.33	-0.17	0.67	-0.10	-0.02
B1	-1.02	0.38	-1.05	-0.32	-0.40	-0.70	-0.07	-0.06	-1.18	-0.04	0.99	0.07	1.28	0.33	-0.61	-1.15	-0.00	-0.00
B2	1.09	-0.82	-3.13	-0.10	-0.07	-0.03	-0.04	0.07	-2.29	-0.04	1.05	0.16	0.16	1.27	-0.17	-0.74	-0.10	-0.02
B3	0.29	-1.02	0.35	-0.10	-0.07	0.32	-0.04	0.07	-0.53	-0.04	-0.91	0.16	0.16	0.36	-0.17	1.49	-0.10	-0.02
B8	2.71	-1.46	-1.46	-0.10	-0.07	1.10	-0.04	0.07	-0.74	-0.04	-0.93	0.16	0.16	0.76	-0.17	0.90	-0.10	-0.02
B9	2.09	-0.57	-1.37	-0.10	-0.07	-0.50	-0.04	0.07	0.38	-0.04	-0.87	0.16	0.16	0.60	-0.17	2.26	-0.10	-0.02
N5	-0.75	0.65	-1.04	-0.10	-0.07	0.81	-0.04	0.07	-0.19	-0.04	1.01	0.16	0.16	0.42	-0.17	-0.29	-0.10	-0.02
P10	0.41	-0.98	-0.09	-0.10	-0.07	1.18	-0.04	0.07	-0.75	-0.04	-0.82	0.16	0.16	0.56	-0.17	1.06	-0.10	-0.02
P11	0.14	-0.68	-1.06	-0.10	-0.07	1.42	-0.04	0.07	-0.34	-0.04	0.97	0.16	0.16	1.42	-0.17	0.84	-0.10	-0.02
P12	0.07	-0.57	-0.59	-0.10	-0.07	1.73	-0.04	0.07	0.08	-0.04	0.96	0.16	0.16	1.32	-0.17	0.65	-0.10	-0.02
E9	-0.35	0.39	-0.14	-0.10	-0.07	-0.21	-0.04	0.07	-0.30	-0.04	-0.41	0.16	0.16	-0.63	-0.17	0.50	-0.10	-0.02
E8	-0.65	0.37	0.77	-0.10	-0.07	-0.18	-0.04	0.07	0.10	-0.04	-0.35	0.16	0.16	-0.81	-0.17	0.14	-0.10	-0.02
E5	-0.64	0.40	0.38	-0.10	-0.07	0.20	-0.04	0.07	-0.01	-0.04	-0.40	0.16	0.16	-0.55	-0.17	0.40	-0.10	-0.02
E4	-0.78	0.64	0.24	-0.10	-0.07	0.14	-0.04	0.07	-0.17	-0.04	-0.38	0.16	0.16	-0.78	-0.17	0.09	-0.10	-0.02
E7	-0.72	0.56	0.54	0.01	-0.29	-0.09	-0.10	0.39	-0.03	-0.73	-0.57	0.51	0.15	-0.80	-0.70	0.30	0.05	-0.17
E6	0.58	-0.03	-0.65	-0.10	-0.07	-0.79	-0.04	0.07	-0.44	-0.04	-1.03	0.16	0.16	-0.29	-0.17	1.11	-0.10	-0.02
E1	-0.52	-0.05	0.37	-0.10	-0.07	-0.03	-0.04	0.07	-0.74	-0.04	-0.36	0.16	0.16	-0.80	-0.17	0.13	-0.10	-0.02
P8	-0.31	0.04	0.83	0.05	0.03	-0.38	0.29	0.41	1.27	-0.50	1.00	0.28	0.36	0.40	0.01	0.11	-0.11	-0.10
E3	2.29	-1.29	-0.86	-0.10	-0.07	-1.05	-0.04	0.07	-0.54	-0.04	-0.75	0.16	0.16	0.15	-0.17	1.08	-0.10	-0.02
E2	1.87	-1.18	-2.80	1.92	2.61	-0.84	0.50	0.24	-0.71	1.12	-0.75	-1.54	-2.72	4.54	0.61	0.47	-3.99	0.65
P2	-0.18	-0.80	0.26	-0.10	-0.07	-0.00	-0.04	0.07	-0.39	-0.04	1.00	0.16	0.16	0.36	-0.17	0.09	-0.10	-0.02
P3	0.96	-0.35	-0.86	-0.10	-0.07	-0.29	-0.04	0.07	0.10	-0.04	1.01	0.16	0.16	0.60	-0.17	-0.43	-0.10	-0.02
P1	0.37	-0.26	-0.58	-0.10	-0.07	-1.39	-0.04	0.07	0.06	-0.04	1.04	0.16	0.16	0.58	-0.17	-0.13	-0.10	-0.02
P6	0.22	-0.92	-0.50	-0.10	-0.07	1.71	-0.04	0.07	-0.17	-0.04	0.96	0.16	0.16	1.39	-0.17	0.55	-0.10	-0.02
P7	0.35	-0.54	0.13	-0.39	-0.40	-1.71	-0.40	-0.21	0.56	-0.32	1.17	0.04	0.11	0.80	-0.43	0.19	0.03	0.01
P4	-0.23	-0.78	0.15	-0.10	-0.07	0.11	-0.04	0.07	-0.47	-0.04	0.99	0.16	0.16	0.38	-0.17	0.17	-0.10	-0.02
P5	0.67	-0.74	0.37	-0.10	-0.07	1.10	-0.04	0.07	0.35	-0.04	-0.78	0.16	0.16	1.16	-0.17	0.35	-0.10	-0.02
H10	0.04	-2.03	0.39	-0.10	-0.07	0.78	-0.04	0.07	-2.57	-0.04	0.95	0.16	0.16	0.01	-0.17	-1.82	-0.10	-0.02
H11	1.41	-2.56	2.49	5.00	2.40	1.04	-5.00	5.00	-2.39	3.47	-0.38	-5.00	1.17	-5.00	3.45	1.39	-5.00	5.00
H12	-0.00	-2.45	1.41	-0.10	-0.07	0.37	-0.04	0.07	-2.23	-0.04	0.96	0.16	0.16	-0.09	-0.17	-1.68	-0.10	-0.02
P9	0.10	-0.89	0.39	-0.10	-0.07	1.33	-0.04	0.07	-0.36	-0.04	-0.83	0.16	0.16	0.94	-0.17	0.62	-0.10	-0.02
F12	2.17	-1.03	-1.15	-0.06	-0.07	-0.41	0.02	-0.25	-0.71	0.56	-0.96	0.25	0.13	-0.18	0.22	1.27	-0.08	-0.20
F10	0.06	-0.74	-0.52	-0.10	-0.07	0.34	-0.04	0.07	-1.71	-0.04	-0.28	0.16	0.16	-0.59	-0.17	0.65	-0.10	-0.02
F11	0.06	-1.12	-0.23	-0.10	-0.07	0.20	-0.04	0.07	-1.92	-0.04	-0.30	0.16	0.16	-0.56	-0.17	0.73	-0.10	-0.02
N12	-0.06	0.65	-0.46	-0.10	-0.07	1.73	-0.04	0.07	1.77	-0.04	0.96	0.16	0.16	1.38	-0.17	0.58	-0.10	-0.02
H8	-0.41	0.76	-0.28	-0.06	-0.07	1.47	0.14	0.41	1.96	-0.22	0.96	0.48	0.21	1.52	0.28	0.67	-0.29	-0.33
H9	-0.14	0.94	-0.86	-0.10	-0.07	0.75	-0.04	0.07	1.58	-0.04	0.97	0.16	0.16	1.15	-0.17	0.59	-0.10	-0.02
H6	-0.13	0.31	-0.12	-0.10	-0.07	1.65	-0.04	0.07	1.62	-0.04	0.96	0.16	0.16	1.41	-0.17	0.70	-0.10	-0.02
H7	-0.36	0.74	-0.28	-0.10	-0.07	1.56	-0.04	0.07	1.90	-0.04	0.95	0.16	0.16	1.50	-0.17	0.69	-0.10	-0.02
H4	-1.13	0.75	-1.30	-0.21	-0.93	-1.16	-0.00	0.30	-0.75	-0.04	1.04	0.13	0.13	0.61	-0.16	-0.96	-0.03	0.01
H5	-0.14	0.34	-0.05	-0.10	-0.07	1.68	-0.04	0.07	1.73	-0.04	0.96	0.16	0.16	1.40	-0.17	0.71	-0.10	-0.02
D10	-0.64	0.26	0.28	-0.10	-0.07	0.40	-0.04	0.07	-0.37	-0.04	-0.43	0.16	0.16	-0.68	-0.17	0.38	-0.10	-0.02
D11	-0.64	0.19	-0.13	-0.14	-1.90	-0.38	0.21	0.01	-1.02	0.19	-0.34	-0.22	0.07	-0.82	-0.04	0.21	-0.61	0.42
D12	-0.91	0.13	0.17	-0.25	-0.29	-0.58	1.05	0.56	-0.87	0.10	-0.70	0.60	0.05	-0.54	0.75	-0.05	-0.07	0.31
B12	1.97	-0.75	-0.87	-0.10	-0.07	-0.96	-0.04	0.07	-0.04	-0.04	-0.79	0.16	0.16	0.13	-0.17	1.34	-0.10	-0.02
B10	2.68	-1.60	-1.04	-0.10	-0.07	0.81	-0.04	0.07	-0.80	-0.04	-0.91	0.16	0.16	0.29	-0.17	0.95	-0.10	-0.02
B11	2.04	-1.08	-0.46	-0.10	-0.07	-0.93	-0.04	0.07	-0.19	-0.04	-0.69	0.16	0.16	0.07	-0.17	0.82	-0.10	-0.02
Q8	0.07	-1.04	-0.10	-0.10	-0.07	0.89	-0.04	0.07	-0.16	-0.04	0.97	0.16	0.16	1.00	-0.17	1.04	-0.10	-0.02
Q9	-0.27	-0.41	0.11	-0.91	0.03	-0.84	1.38	0.71	0.49	0.75	0.95	-0.19	0.27	0.52	0.87	0.87	0.05	0.27
C9	-0.77	0.64	0.09	-0.10	-0.07	0.08	-0.04	0.07	-0.26	-0.04	-0.39	0.16	0.16	-0.77	-0.17	0.18	-0.10	-0.02
C8	-0.21	0.10	-0.57	-0.25	0.03	-0.29	0.34	0.58	-1.00	0.47	-0.44	0.36	0.13	-0.61	-0.31	0.50	-0.40	-0.17
Q11	-0.08	-0.85	-0.50	-0.10	-0.07	-0.99	-0.04	0.07	-0.87	-0.04	1.02	0.16	0.16	0.34	-0.17	0.83	-0.10	-0.02
Q10	-0.18	-0.80	0.26	-0.10	-0.07	-0.03	-0.04	0.07	-0.39	-0.04	1.00	0.16	0.16	0.36	-0.17	0.10	-0.10	-0.02
Q12	-0.18	-0.86	0.29	-0.10	-0.07	0.43	-0.04	0.07	-0.41	-0.04	1.00	0.16	0.16	0.40	-0.17	0.06	-0.10	-0.02
C3	1.21	-0.42	-0.92	-0.06	0.03	-0.50	-0.55	0.45	-0.32	0.19	-0.83	-0.16	0.24	0.04	0.14	1.33	-0.07	-0.46
C2	2.23	-0.79	-0.96	-0.10	-0.07	-0.99	-0.04	0.07	0.11	-0.04	-0.75	0.16	0.16	0.20	-0.17	1.39	-0.10	-0.02
C1	1.97	-0.54	-0.97	-0.10	-0.07	-1.02	-0.04	0.07	0.27	-0.04	-0.77	0.16	0.16	0.20	-0.17	1.56	-0.10	-0.02
C7	-1.24	1.15	0.04	-0.10	-0.07	0.32	-0.04	0.07	0.02	-0.04	-1.06	0.16	0.16	-0.22	-0.17	0.16	-0.10	-0.02
C6	-0.82	0.94	0.02	-0.14	-0.07	0.32	0.02	0.33	0.06	-0.32	-0.37	0.04	0.17	-0.65	-0.22	0.01	-0.14	-0.17
C5	-0.77	0.64	0.09	-0.10	-0.07	0.08	-0.04	0.07	-0.26	-0.04	-0.39	0.16	0.16	-0.77	-0.17	0.19	-0.10	-0.02
C4	-1.16	0.65	-0.28	-0.10	-0.07	0.26	-0.04	0.07	-0.96	-0.04	-1.07	0.16	0.16	-0.26	-0.17	0.03	-0.10	-0.02
N10	-0.28	0.64	0.62	-0.17	-0.18	-1.05	0.09	-0.08	2.22	0.15	1.01	0.01	0.13	0.63	-0.29	0.83	0.19	-0.35
N8	-0.74	0.36	-0.87	-0.10	-0.07	0.40	-0.04	0.07	-0.54	-0.04	1.01	0.16	0.16	0.35	-0.17	-0.54	-0.10	-0.02
N9	-0.09	-0.70	-0.05	-0.10	-0.07	1.59	-0.04	0.07	-1.20	-0.04	-0.51	0.16	0.16	0.54	-0.17	-0.71	-0.10	-0.02
N11	-0.39	0.62	-1.10	-0.03	1.11	1.16	5.00	-0.27	0.07	-1.70	-1.49	0.77	-1.34	0.59	0.40	0.53	4.44	0.26
G12	0.31	-0.30	0.12	-0.10	-0.07	-0.70	-0.04	0.07	-0.24	-0.04	-0.32	0.16	0.16	-0.52	-0.17	0.77	-0.10	-0.02
G11	1.07	-0.66	-0.20	-0.06	-0.18	-1.02	0.52	-0.42	-0.25	0.29	-0.21	0.10	0.18	-0.63	0.08	1.20	-0.23	0.13
G10	-0.89	0.96	0.69	-0.10	-0.07	-0.38	-0.04	0.07	0.47	-0.04	-0.46	0.16	0.16	-0.83	-0.17	-0.12	-0.10	-0.02
F1	-0.79	0.47	0.54	-0.10	-0.07	0.14	-0.04	0.07	-0.16	-0.04	-0.57	0.16	0.16	-0.81	-0.17	0.24	-0.10	-0.02
F2	0.90	0.21	-1.16	-0.10	-0.07	0.03	-0.04	0.07	0.02	-0.04	-1.08	0.16	0.16	0.07	-0.17	1.54	-0.10	-0.02
F3	-0.32	0.29	-0.15	-0.10	-0.07	-0.15	-0.04	0.07	-0.48	-0.04	-0.43	0.16	0.16	-0.69	-0.17	0.44	-0.10	-0.02
F4	2.06	-0.53	-1.38	-0.10	-0.07	-0.61	-0.04	0.07	0.41	-0.04	-0.86	0.16	0.16	0.61	-0.17	2.28	-0.10	-0.02
F5	-0.70	0.23	-0.10	-0.10	-0.07	0.20	-0.04	0.07	-1.05	-0.04	-0.44	0.16	0.16	-0.82	-0.17	-0.03	-0.10	-0.02
F6	-0.60	0.22	0.18	-0.10	-0.07	0.29	-0.04	0.07	-0.52	-0.04	-0.44	0.16	0.16	-0.69	-0.17	0.34	-0.10	-0.02
F7	0.98	0.18	-1.25	-0.10	-0.07	-0.00	-0.04	0.07	-0.05	-0.04	-1.08	0.16	0.16	0.05	-0.17	1.54	-0.10	-0.02
F8	-0.65	0.33	0.33	-0.10	-0.07	-0.41	-0.04	0.07	-0.41	-0.04	-0.67	0.16	0.16	-0.62	-0.17	0.15	-0.10	-0.02
F9	2.06	-0.59	-1.01	-0.10	-0.07	-0.93	-0.04	0.07	0.23	-0.04	-0.75	0.16	0.16	0.18	-0.17	1.54	-0.10	-0.02
Q1	-0.04	0.31	-0.04	-0.10	-0.07	-0.64	-0.04	0.07	1.54	-0.04	1.02	0.16	0.16	0.74	-0.17	1.23	-0.10	-0.02
Q3	0.06	-0.39	-0.28	-0.10	-0.07	1.94	-0.04	0.07	0.45	-0.04	0.96	0.16	0.16	1.29	-0.17	0.21	-0.10	-0.02
Q2	0.03	-0.20	-0.06	-0.10	-0.07	-0.79	-0.04	0.07	0.71	-0.04	1.01	0.16	0.16	0.62	-0.17	0.88	-0.10	-0.02
Q5	-0.18	-0.81	0.26	-0.10	-0.07	-0.03	-0.04	0.07	-0.39	-0.04	1.00	0.16	0.16	0.37	-0.17	0.10	-0.10	-0.02
Q4	0.06	-0.49	-0.56	-0.10	-0.07	1.68	-0.04	0.07	0.18	-0.04	0.96	0.16	0.16	1.30	-0.17	0.58	-0.10	-0.02
Q7	1.00	-1.80	-0.41	-0.10	-0.07	-0.15	-0.04	0.07	-2.45	-0.04	-1.35	0.16	0.16	0.14	-0.17	0.16	-0.10	-0.02
Q6	2.36	-2.07	0.71	-1.60	-5.00	2.57	-5.00	-5.00	-1.84	5.00	-2.17	-0.08	-5.00	-2.21	5.00	-0.20	-1.57	0.26
E11	-0.79	0.54	0.24	-0.10	-0.07	0.11	-0.04	0.07	-0.34	-0.04	-0.40	0.16	0.16	-0.82	-0.17	0.04	-0.10	-0.02
E10	1.54	-0.41	-1.00	-1.60	0.36	0.08	0.39	1.03	-0.07	-1.61	-0.80	-0.13	-3.52	0.14	1.55	1.24	-0.55	-0.46
E12	-0.66	0.28	0.78	-0.10	-0.07	-0.21	-0.04	0.07	-0.06	-0.04	-0.36	0.16	0.16	-0.85	-0.17	0.10	-0.10	-0.02
C12	-0.77	0.59	0.37	-0.10	-0.07	0.17	-0.04	0.07	-0.10	-0.04	-0.55	0.16	0.16	-0.83	-0.17	0.39	-0.10	-0.02
C11	0.59	-0.09	-0.67	-0.10	-0.07	-0.70	-0.04	0.07	-0.53	-0.04	-1.05	0.16	0.16	-0.30	-0.17	1.15	-0.10	-0.02
C10	-0.64	0.42	0.26	-0.10	-0.07	0.26	-0.04	0.07	-0.08	-0.04	-0.40	0.16	0.16	-0.57	-0.17	0.47	-0.10	-0.02
A11	-0.02	-0.24	0.40	-0.10	-0.07	1.21	-0.04	0.07	0.52	-0.04	-0.83	0.16	0.16	1.07	-0.17	0.67	-0.10	-0.02
A10	4.12	-1.88	-1.38	-0.10	-0.07	-0.38	-0.04	0.07	0.09	-0.04	-0.35	0.16	0.16	0.51	-0.17	1.05	-0.10	-0.02
A12	0.11	0.06	-0.02	-0.10	-0.07	-1.42	-0.04	0.07	1.20	-0.04	1.03	0.16	0.16	0.55	-0.17	1.10	-0.10	-0.02
A1	0.21	-1.28	0.23	0.31	2.40	1.53	0.82	-0.25	-0.81	-0.96	-0.82	-3.97	-0.37	0.85	0.33	0.89	-0.26	3.62
A3	-0.08	0.37	-0.37	-0.10	-0.07	-1.10	-0.04	0.07	1.17	-0.04	1.03	0.16	0.16	0.73	-0.17	0.92	-0.10	-0.02
A2	-0.20	0.03	-0.01	-0.17	0.03	-1.13	-0.05	0.20	0.79	0.56	1.03	-0.05	0.15	0.51	0.04	0.80	-0.46	0.24
A5	0.17	-0.99	-0.76	-0.10	-0.07	1.82	-0.04	0.07	-0.56	-0.04	0.96	0.16	0.16	1.33	-0.17	0.61	-0.10	-0.02
A4	0.49	0.11	-0.07	-0.10	-0.07	1.13	-0.04	0.07	1.95	-0.04	0.99	0.16	0.16	1.43	-0.17	0.76	-0.10	-0.02
A7	0.88	-2.16	1.30	-0.10	-0.07	0.34	-0.04	0.07	-0.29	-0.04	0.98	0.16	0.16	0.54	-0.17	-0.01	-0.10	-0.02
A6	-1.03	-0.16	0.46	-0.80	4.87	0.49	4.04	-1.00	-0.72	-4.52	-1.57	1.24	-5.00	0.47	1.25	-0.45	4.13	-0.30
A9	-0.61	0.36	1.50	-0.10	-0.07	2.46	-0.04	0.07	2.91	-0.04	0.93	0.16	0.16	1.43	-0.17	0.94	-0.10	-0.02
A8	0.40	0.39	0.02	-0.10	-0.07	0.60	-0.04	0.07	2.30	-0.04	0.98	0.16	0.16	1.30	-0.17	0.87	-0.10	-0.02
D8	-0.67	0.23	0.68	-0.10	-0.07	-0.09	-0.04	0.07	-0.19	-0.04	-0.36	0.16	0.16	-0.83	-0.17	0.21	-0.10	-0.02
D9	-0.38	0.24	-0.17	-0.10	-0.07	-0.18	-0.04	0.07	-0.67	-0.04	-0.48	0.16	0.16	-0.75	-0.17	0.42	-0.10	-0.02
D6	0.89	0.02	-0.80	-0.10	-0.07	-0.76	-0.04	0.07	-0.22	-0.04	-0.99	0.16	0.16	-0.26	-0.17	1.08	-0.10	-0.02
D7	-0.87	0.26	0.87	-0.06	-0.07	-0.24	0.14	0.13	-0.29	-0.73	-0.77	0.13	0.20	-0.46	-0.33	-0.18	-0.44	-0.05
D4	1.82	-0.60	-0.94	-0.17	-0.18	-0.99	0.14	0.47	0.02	0.42	-0.78	0.83	0.16	0.12	-0.46	1.48	0.04	-0.20
D5	1.71	-0.56	-0.96	-0.10	-0.07	-0.87	-0.04	0.07	0.01	-0.04	-0.79	0.16	0.16	0.17	-0.17	1.52	-0.10	-0.02
D2	-0.35	0.41	-0.24	-0.10	-0.07	-0.21	-0.04	0.07	-0.36	-0.04	-0.42	0.16	0.16	-0.65	-0.17	0.55	-0.10	-0.02
D3	1.18	-0.42	-0.92	-0.10	0.03	-0.76	0.07	-0.42	-0.33	0.01	-0.82	0.01	0.18	0.10	-0.09	1.30	-0.07	0.01
D1	-0.66	0.38	0.63	-0.10	-0.07	-0.15	-0.04	0.07	-0.00	-0.04	-0.35	0.16	0.16	-0.80	-0.17	0.23	-0.10	-0.02
K12	-0.63	0.50	2.86	-0.10	-0.07	-0.32	-0.04	0.07	1.09	-0.04	-0.60	0.16	0.16	-2.06	-0.17	-1.00	-0.10	-0.02
K11	-1.24	1.78	-0.56	-0.10	-0.07	-0.41	-0.04	0.07	1.25	-0.04	0.94	0.16	0.16	0.87	-0.17	-1.31	-0.10	-0.02
K10	-0.82	-0.49	0.30	-1.24	3.79	-0.24	3.56	-2.10	-0.33	-0.78	3.72	-4.62	-1.04	-0.52	0.33	-1.87	2.75	-3.73
M3	-0.43	-0.85	1.17	-0.10	-0.07	-2.18	-0.04	0.07	-0.59	-0.04	1.03	0.16	0.16	-0.06	-0.17	-1.48	-0.10	-0.02
M2	-0.26	0.22	0.37	-0.10	-0.07	0.23	-0.04	0.07	-0.24	-0.04	-0.54	0.16	0.16	-0.67	-0.17	-0.14	-0.10	-0.02
L10	-0.14	-0.79	0.29	0.34	3.90	-0.09	0.03	-5.00	0.23	0.05	3.99	-4.32	-0.71	-0.71	1.59	-1.49	4.84	-3.32
L11	-1.00	1.04	1.52	-0.10	-0.07	0.87	-0.04	0.07	1.39	-0.04	0.16	0.16	0.16	-0.46	-0.17	-1.29	-0.10	-0.02
L12	-0.06	0.16	0.76	-0.10	-0.07	0.60	-0.04	0.07	-0.42	-0.04	-1.25	0.16	0.16	-0.27	-0.17	-1.91	-0.10	-0.02
K3	-1.35	2.85	-1.18	-0.10	-0.07	-0.38	-0.04	0.07	2.06	-0.04	0.98	0.16	0.16	0.63	-0.17	-0.83	-0.10	-0.02
K2	-1.41	2.39	-1.30	-0.10	-0.07	-0.41	-0.04	0.07	1.26	-0.04	0.98	0.16	0.16	0.67	-0.17	-0.93	-0.10	-0.02
K1	0.99	-0.84	0.01	-0.10	-0.07	1.76	-0.04	0.07	-0.84	-0.04	0.06	0.16	0.16	0.26	-0.17	-2.19	-0.10	-0.02
M6	1.20	-1.54	1.89	1.00	-0.07	0.92	0.26	-0.06	0.11	0.38	0.33	-0.02	0.07	-0.49	0.09	-1.55	-0.16	-0.00
K7	-0.38	0.01	1.44	-0.10	-0.07	0.29	-0.04	0.07	-0.29	-0.04	-1.31	0.16	0.16	-0.77	-0.17	-1.07	-0.10	-0.02
K6	0.75	-0.35	1.06	-0.10	-0.07	-0.64	-0.04	0.07	-0.82	-0.04	-1.47	0.16	0.16	-1.81	-0.17	-0.94	-0.10	-0.02
K5	-0.98	1.69	-0.64	-0.10	-0.07	0.75	-0.04	0.07	0.62	-0.04	-0.55	0.16	0.16	0.49	-0.17	-0.87	-0.10	-0.02
K4	-0.48	0.31	0.04	-0.10	-0.07	-1.16	-0.04	0.07	0.20	-0.04	-0.03	0.16	0.16	1.10	-0.17	-1.23	-0.10	-0.02
K9	-0.09	0.06	0.55	0.19	0.46	1.18	-1.00	-0.10	-0.07	1.26	-0.15	-0.22	-0.75	0.05	-0.35	-1.45	-0.16	0.24
K8	-0.19	-0.21	0.20	-0.10	-0.07	-1.45	-0.04	0.07	-0.47	-0.04	-0.14	0.16	0.16	0.50	-0.17	-1.15	-0.10	-0.02
M9	-1.42	1.92	-1.08	-0.10	-0.07	-0.90	-0.04	0.07	0.77	-0.04	0.96	0.16	0.16	0.52	-0.17	-0.81	-0.10	-0.02
M8	-0.99	2.37	0.57	-0.10	-0.07	0.69	-0.04	0.07	2.28	-0.04	0.10	0.16	0.16	-0.81	-0.17	-0.66	-0.10	-0.02
I9	-0.94	0.91	1.56	-0.10	-0.07	-2.41	-0.04	0.07	1.63	-0.04	1.04	0.16	0.16	-0.22	-0.17	-1.58	-0.10	-0.02
I8	-0.79	0.38	1.20	-0.10	-0.07	0.98	-0.04	0.07	0.31	-0.04	0.18	0.16	0.16	-0.57	-0.17	-1.28	-0.10	-0.02
I1	-1.05	1.87	-1.24	-0.06	-1.26	-0.29	-0.02	0.07	0.88	-0.04	0.96	0.16	0.32	0.58	-0.14	-0.84	-0.34	0.04
I3	-0.67	-0.97	0.26	-1.42	4.65	-0.79	2.77	-1.44	-0.89	-0.13	3.89	-4.53	0.03	-0.88	-0.14	-1.96	4.28	-3.53
I2	-1.13	2.30	-1.09	-0.10	-0.07	-1.22	-0.04	0.07	1.61	-0.04	1.03	0.16	0.16	0.55	-0.17	-0.66	-0.10	-0.02
I5	1.74	-0.78	1.36	5.00	1.11	-0.81	2.44	-1.19	-0.17	0.05	-1.17	-5.00	-3.18	-4.40	5.00	-0.08	3.82	-3.67
I4	-1.07	1.38	-0.90	-0.10	-0.07	-0.79	-0.04	0.07	0.45	-0.04	0.95	0.16	0.16	0.76	-0.17	-1.40	-0.10	-0.02
I7	1.13	-0.20	-0.89	0.05	-0.61	-2.58	1.43	-4.11	-0.58	-4.10	-2.33	-0.05	-2.02	-0.68	4.26	-1.24	5.00	5.00
I6	0.16	-1.05	2.90	-0.21	-0.40	0.55	-0.31	-0.10	0.14	-0.27	0.05	0.75	0.08	-1.14	-0.21	-2.10	0.31	-0.33
J12	-0.53	-0.07	1.09	-0.10	-0.07	0.84	-0.04	0.07	-0.66	-0.04	-1.20	0.16	0.16	-0.57	-0.17	-0.98	-0.10	-0.02
J10	-0.14	0.66	0.73	-0.10	-0.07	0.17	-0.04	0.07	0.15	-0.04	-1.23	0.16	0.16	-0.30	-0.17	-1.89	-0.10	-0.02
J11	-1.36	1.05	-0.50	-0.10	-0.07	-0.15	-0.04	0.07	0.23	-0.04	0.95	0.16	0.16	0.92	-0.17	-1.39	-0.10	-0.02
I11	0.48	0.17	-0.59	-0.10	-0.07	-0.35	-0.04	0.07	-1.37	-0.04	-1.65	0.16	0.16	-1.28	-0.17	-0.03	-0.10	-0.02
I10	1.01	-2.00	1.81	3.31	-0.07	1.07	-2.07	0.11	-0.61	1.35	0.38	0.28	-0.13	-0.18	0.75	-2.16	0.50	0.27
I12	-0.06	-0.70	1.47	-0.10	-0.07	-1.83	-0.04	0.07	0.83	-0.04	1.08	0.16	0.16	0.27	-0.17	-0.23	-0.10	-0.02
L6	-0.01	1.10	0.91	-0.10	-0.07	-0.18	-0.04	0.07	0.81	-0.04	-1.38	0.16	0.16	-0.65	-0.17	-1.76	-0.10	-0.02
L7	-0.32	-1.25	1.15	-0.10	-0.07	-2.49	-0.04	0.07	-1.12	-0.04	1.04	0.16	0.16	-0.22	-0.17	-1.38	-0.10	-0.02
L4	-0.00	1.26	-0.04	-0.10	-0.07	1.16	-0.04	0.07	1.51	-0.04	-0.08	0.16	0.16	0.43	-0.17	-1.15	-0.10	-0.02
L5	0.55	0.44	0.12	-0.10	-0.07	1.39	-0.04	0.07	0.61	-0.04	-0.30	0.16	0.16	-0.75	-0.17	-0.11	-0.10	-0.02
L2	-1.42	1.41	-0.99	-0.10	-0.07	-0.35	-0.04	0.07	0.16	-0.04	0.98	0.16	0.16	0.73	-0.17	-1.24	-0.10	-0.02
L3	-1.34	1.88	-0.71	-0.10	0.03	-1.19	-0.16	-0.04	1.22	0.05	1.02	0.04	0.17	0.63	0.11	-0.89	-0.15	-0.12
L1	-0.12	-0.07	0.49	-0.10	-0.07	0.20	-0.04	0.07	-0.63	-0.04	-0.72	0.16	0.16	-0.94	-0.17	-0.15	-0.10	-0.02
N1	0.99	-1.80	2.53	-0.10	-0.07	0.34	-0.04	0.07	-0.29	-0.04	0.03	0.16	0.16	-0.91	-0.17	-1.66	-0.10	-0.02
N2	-0.85	0.16	1.45	-0.06	0.03	-2.38	-0.02	0.18	0.60	-0.13	1.03	0.28	0.18	-0.17	-0.14	-1.65	-0.01	-0.14
N3	-0.02	-0.55	2.63	-0.10	-0.07	-1.19	-0.04	0.07	0.39	-0.04	-0.47	0.16	0.16	-1.21	-0.17	-1.24	-0.10	-0.02
N4	-0.37	-0.08	-1.45	-0.10	-0.07	1.18	-0.04	0.07	-1.41	-0.04	0.95	0.16	0.16	0.43	-0.17	-0.75	-0.10	-0.02
L8	-0.58	1.48	-1.01	-0.10	-0.07	2.17	-0.04	0.07	0.60	-0.04	0.43	0.16	0.16	-0.08	-0.17	-0.35	-0.10	-0.02
L9	-0.91	1.23	-0.50	-0.10	-0.07	0.87	-0.04	0.07	-0.01	-0.04	-0.37	0.16	0.16	0.06	-0.17	-0.93	-0.10	-0.02
M5	-1.07	1.74	0.97	-0.10	-0.07	0.78	-0.04	0.07	1.82	-0.04	0.13	0.16	0.16	-0.36	-0.17	-1.25	-0.10	-0.02
J8	0.14	-1.24	2.65	-0.10	-0.07	-0.24	-0.04	0.07	-0.77	-0.04	-0.65	0.16	0.16	-2.02	-0.17	-0.80	-0.10	-0.02
J9	-0.87	0.45	1.51	-0.10	-0.07	0.98	-0.04	0.07	0.58	-0.04	0.16	0.16	0.16	-0.61	-0.17	-1.36	-0.10	-0.02
M7	0.08	-0.55	1.04	-0.10	-0.07	-2.55	-0.04	0.07	-1.92	-0.04	-2.24	0.16	0.16	-2.22	-0.17	0.13	-0.10	-0.02
M4	-0.85	1.53	0.38	-0.10	-0.07	-1.22	-0.04	0.07	1.53	-0.04	0.14	0.16	0.16	0.11	-0.17	-0.81	-0.10	-0.02
J4	-0.82	0.92	0.56	-0.10	-0.07	-0.76	-0.04	0.07	0.93	-0.04	0.08	0.16	0.16	0.37	-0.17	-1.09	-0.10	-0.02
J5	-0.46	-0.72	1.17	-0.10	-0.07	-0.18	-0.04	0.07	-2.43	-0.04	-1.96	0.16	0.16	-2.23	-0.17	-0.22	-0.10	-0.02
J6	0.32	0.67	0.94	-0.10	-0.07	1.30	-0.04	0.07	1.02	-0.04	0.39	0.16	0.16	-1.71	-0.17	-0.77	-0.10	-0.02
J7	0.25	-1.21	3.45	-0.10	-0.07	0.84	-0.04	0.07	0.70	-0.04	0.39	0.16	0.16	-1.37	-0.17	-1.53	-0.10	-0.02
J1	-1.10	0.84	-1.25	-0.10	-0.07	-0.38	-0.04	0.07	-0.58	-0.04	0.98	0.16	0.16	0.69	-0.17	-1.13	-0.10	-0.02
J2	-1.18	1.33	-0.46	0.01	-0.07	-1.08	-0.41	-0.27	0.59	0.15	1.06	1.18	0.26	0.40	-0.51	-1.01	0.06	-1.15
J3	-0.69	0.49	-0.83	-0.10	-0.07	-0.99	-0.04	0.07	0.23	-0.04	1.04	0.16	0.16	0.53	-0.17	0.78	-0.10	-0.02
M11	-1.14	2.46	-2.12	-0.10	-0.07	2.14	-0.04	0.07	0.69	-0.04	-0.11	0.16	0.16	1.41	-0.17	-1.40	-0.10	-0.02
M10	-1.37	0.94	-0.85	-0.06	-0.07	-0.99	-0.02	0.03	-0.29	-0.18	1.02	0.16	0.13	0.63	-0.09	-1.03	-0.18	0.09
M12	-1.06	2.03	0.25	-0.10	-0.07	-0.67	-0.04	0.07	2.15	-0.04	0.05	0.16	0.16	0.69	-0.17	-0.96	-0.10	-0.02
M1	0.27	-0.45	-0.39	-0.10	-0.07	-0.41	-0.04	0.07	-0.48	-0.04	-0.03	0.16	0.16	1.14	-0.17	-0.98	-0.10	-0.02
