G7	-0.40	0.42	0.68	-0.03	0.06	-0.15	-0.10	0.03	0.37	-0.02	-0.92	-0.04	0.08	-0.45	0.03	0.25	0.02	0.00
G6	-0.26	1.33	-0.29	0.14	-2.31	-0.11	-1.38	1.28	0.98	0.28	-0.55	0.50	-0.46	-0.32	-0.56	1.08	0.13	0.30
G5	-0.28	0.27	0.06	-0.03	0.06	-0.16	-0.10	0.03	-0.23	-0.02	-0.92	-0.04	0.08	-0.46	0.03	1.06	0.02	0.00
G4	3.23	-1.30	0.13	-0.05	0.20	0.12	-0.33	0.15	0.08	-0.16	-0.97	-0.04	0.14	-0.40	-0.27	0.77	0.02	0.00
G3	2.14	-0.90	-0.42	-0.03	0.06	-0.14	-0.10	0.03	-0.60	-0.02	-1.18	-0.04	0.08	-0.27	0.03	1.03	0.02	0.00
G2	1.73	-1.74	2.00	4.03	-3.98	1.47	-0.44	-1.30	-0.29	0.28	-0.52	-1.16	1.10	-2.75	0.99	1.38	2.26	0.32
G1	-0.03	0.09	0.69	-0.03	0.06	-0.05	-0.10	0.03	0.31	-0.02	-1.07	-0.04	0.08	-0.48	0.03	1.00	0.02	0.00
G9	-0.62	0.50	0.67	-0.03	0.06	-0.08	-0.10	0.03	0.51	-0.02	-1.07	-0.04	0.08	-0.39	0.03	1.03	0.02	0.00
G8	-0.87	1.32	0.57	-0.03	0.06	-0.07	-0.10	0.03	1.56	-0.02	-0.74	-0.04	0.08	-0.32	0.03	1.28	0.02	0.00
N6	-0.49	0.77	-0.46	-0.03	0.06	-0.30	-0.10	0.03	1.36	-0.02	1.03	-0.04	0.08	0.99	0.03	0.03	0.02	0.00
N7	-0.93	1.39	-0.49	-0.03	0.06	-0.05	-0.10	0.03	1.44	-0.02	1.28	-0.04	0.08	0.64	0.03	-1.01	0.02	0.00
B4	0.65	-0.85	0.96	-0.03	0.06	0.05	-0.10	0.03	-0.18	-0.02	-0.85	-0.04	0.08	-0.30	0.03	0.09	0.02	0.00
B5	-0.71	0.94	-1.55	-0.03	0.06	-0.04	-0.10	0.03	0.10	-0.02	1.10	-0.04	0.08	0.83	0.03	-0.29	0.02	0.00
B6	2.09	-3.02	2.29	-0.03	0.06	-0.07	-0.10	0.03	-1.06	-0.02	-1.40	-0.04	0.08	-0.31	0.03	-0.54	0.02	0.00
B7	0.41	-0.49	0.55	-0.03	0.06	-0.01	-0.10	0.03	-0.53	-0.02	-1.61	-0.04	0.08	-0.40	0.03	0.59	0.02	0.00
B1	-0.57	0.04	-0.98	-0.03	0.06	-0.01	-0.10	0.03	-0.12	-0.02	1.03	-0.04	0.08	0.83	0.03	0.95	0.02	0.00
B2	0.71	0.07	-1.01	-0.03	0.06	0.08	-0.10	0.03	0.75	-0.02	1.25	-0.04	0.08	0.79	0.03	0.70	0.02	0.00
B3	0.63	-0.53	1.52	-1.17	0.20	0.06	1.87	-0.82	-0.20	-1.37	-1.18	0.08	2.39	-2.63	-0.84	1.51	3.81	0.67
B8	2.35	-1.50	0.78	-0.03	0.06	0.02	-0.10	0.03	-0.11	-0.02	-1.06	-0.04	0.08	-0.55	0.03	1.23	0.02	0.00
B9	1.10	-0.94	1.18	-0.03	0.06	0.03	-0.10	0.03	-0.12	-0.02	-1.05	-0.04	0.08	-0.80	0.03	0.62	0.02	0.00
N5	0.36	1.09	-1.79	-0.03	0.06	-0.20	-0.10	0.03	0.56	-0.02	0.64	-0.04	0.08	0.82	0.03	-0.47	0.02	0.00
P10	0.36	0.25	-1.49	-0.03	0.06	-0.28	-0.10	0.03	-0.77	-0.02	0.63	-0.04	0.08	0.42	0.03	-1.34	0.02	0.00
P11	0.44	-0.20	-1.32	-0.03	0.06	-0.34	-0.10	0.03	-0.14	-0.02	1.01	-0.04	0.08	1.17	0.03	-0.12	0.02	0.00
P12	0.54	0.65	-2.23	-0.03	0.06	-0.42	-0.10	0.03	-0.19	-0.02	0.67	-0.04	0.08	0.82	0.03	0.37	0.02	0.00
E9	-0.19	0.07	0.22	-0.03	0.06	-0.06	-0.10	0.03	-0.20	-0.02	-1.02	-0.04	0.08	-0.44	0.03	1.40	0.02	0.00
E8	-0.59	0.20	1.56	-0.03	0.06	-0.09	-0.10	0.03	0.97	-0.02	-1.06	-0.04	0.08	-0.48	0.03	0.90	0.02	0.00
E5	-0.17	0.33	0.80	-0.03	0.06	-0.07	-0.10	0.03	0.73	-0.02	-1.06	-0.04	0.08	-0.40	0.03	1.03	0.02	0.00
E4	-0.68	0.56	0.85	-0.03	0.06	-0.09	-0.10	0.03	0.68	-0.02	-1.06	-0.04	0.08	-0.42	0.03	0.87	0.02	0.00
E7	-0.40	-0.14	0.50	-0.03	0.06	0.12	-0.10	0.03	-0.45	-0.02	-0.68	-0.04	0.08	-0.43	0.03	0.23	0.02	0.00
E6	0.29	-0.42	-0.05	-0.03	0.06	0.02	-0.10	0.03	-1.18	-0.02	-0.72	-0.04	0.08	-0.80	0.03	0.56	0.02	0.00
E1	0.61	-0.53	0.73	-0.03	0.06	-0.15	-0.10	0.03	-0.11	-0.02	-0.94	-0.04	0.08	-0.43	0.03	0.44	0.02	0.00
P8	-0.44	0.36	0.25	-0.03	0.06	-0.34	-0.10	0.03	0.79	-0.02	0.50	-0.04	0.08	0.51	0.03	-0.92	0.02	0.00
E3	2.44	-1.07	0.28	-0.03	0.06	-0.05	-0.10	0.03	-0.02	-0.02	-0.85	-0.04	0.08	-0.68	0.03	1.23	0.02	0.00
E2	2.31	-0.99	0.25	0.08	-0.08	-0.05	-0.27	-0.07	-0.02	0.10	-0.86	-0.04	-0.03	-0.71	-0.04	1.46	0.19	-0.42
P2	3.09	-1.08	0.21	-0.03	0.06	-0.28	-0.10	0.03	1.38	-0.02	0.61	-0.04	0.08	0.45	0.03	-0.34	0.02	0.00
P3	2.07	0.11	0.20	-5.00	-3.42	-1.28	5.00	5.00	1.65	-5.00	0.37	0.15	0.88	-3.26	5.00	3.00	3.84	-0.68
P1	0.55	-0.28	-0.33	-0.03	0.06	-0.28	-0.10	0.03	-0.70	-0.02	-1.28	-0.04	0.08	0.06	0.03	0.27	0.02	0.00
P6	-0.22	0.22	-0.67	-0.05	-0.08	-0.05	0.27	-0.14	0.13	-0.11	1.11	0.23	0.08	0.48	-0.02	-0.36	-0.01	-0.01
P7	0.74	-1.21	-0.26	-0.03	0.06	-0.25	-0.10	0.03	-0.83	-0.02	0.72	-0.04	0.08	0.52	0.03	-0.34	0.02	0.00
P4	3.07	-1.43	0.21	-0.03	0.06	-0.30	-0.10	0.03	0.94	-0.02	0.70	-0.04	0.08	0.44	0.03	-0.19	0.02	0.00
P5	-0.20	-0.17	-0.16	-0.03	0.06	-0.25	-0.10	0.03	0.09	-0.02	0.62	-0.04	0.08	0.65	0.03	-0.36	0.02	0.00
H10	0.77	-0.45	-1.43	-0.03	0.06	-0.13	-0.10	0.03	-0.94	-0.02	1.08	-0.04	0.08	0.66	0.03	-1.06	0.02	0.00
H11	0.52	0.35	-2.21	0.43	-0.22	0.07	0.10	0.14	-1.29	-0.32	1.51	0.27	-3.74	0.50	-1.38	-1.05	-0.27	-0.06
H12	1.15	-0.94	-0.43	-0.03	0.06	-0.23	-0.10	0.03	-0.22	-0.02	0.70	-0.04	0.08	0.98	0.03	-1.30	0.02	0.00
P9	-0.07	-0.05	-0.48	-0.03	0.06	-0.36	-0.10	0.03	-0.28	-0.02	0.43	-0.04	0.08	0.72	0.03	-1.54	0.02	0.00
F12	3.58	-1.24	0.60	-0.36	0.62	-0.29	4.48	-3.56	-0.22	2.46	-1.21	5.00	-0.54	-2.34	0.10	1.35	0.94	-0.12
F10	0.87	-0.99	0.03	-0.03	0.06	-0.00	-0.10	0.03	-1.16	-0.02	-0.85	-0.04	0.08	-0.36	0.03	0.51	0.02	0.00
F11	1.05	-0.78	0.07	-0.03	0.06	0.03	-0.10	0.03	-0.64	-0.02	-1.10	-0.04	0.08	-0.36	0.03	1.19	0.02	0.00
N12	-0.92	1.52	-0.24	0.03	0.06	0.17	0.31	0.07	0.95	0.35	1.11	0.65	2.03	-1.64	0.42	0.65	1.98	0.31
H8	-0.88	1.93	-1.44	-0.03	0.06	-0.08	-0.10	0.03	1.18	-0.02	0.76	-0.04	0.08	0.68	0.03	-0.39	0.02	0.00
H9	-0.68	2.46	-2.44	-0.03	0.06	-0.00	-0.10	0.03	1.55	-0.02	0.64	-0.04	0.08	0.95	0.03	1.34	0.02	0.00
H6	-0.70	1.38	-1.13	-0.03	0.06	-0.01	-0.10	0.03	0.92	-0.02	1.10	-0.04	0.08	0.44	0.03	0.02	0.02	0.00
H7	-0.43	2.49	-2.40	-0.03	0.06	-0.05	-0.10	0.03	1.80	-0.02	0.63	-0.04	0.08	0.97	0.03	1.28	0.02	0.00
H4	-0.90	0.50	-0.59	-0.03	0.06	-0.04	-0.10	0.03	0.72	-0.02	1.13	-0.04	0.08	0.89	0.03	0.74	0.02	0.00
H5	-0.57	1.27	-1.05	-0.03	0.06	-0.07	-0.10	0.03	0.92	-0.02	1.11	-0.04	0.08	0.44	0.03	-0.10	0.02	0.00
D10	0.03	0.23	0.37	-0.03	0.06	-0.05	-0.10	0.03	0.28	-0.02	-1.06	-0.04	0.08	-0.39	0.03	1.00	0.02	0.00
D11	0.11	-0.23	0.41	-0.03	0.06	-0.09	-0.10	0.03	-0.23	-0.02	-1.06	-0.04	0.08	-0.41	0.03	1.15	0.02	0.00
D12	0.96	-0.69	0.02	-0.03	0.06	-0.16	-0.10	0.03	-0.87	-0.02	-0.85	-0.04	0.08	-0.45	0.03	0.24	0.02	0.00
B12	1.20	-0.97	1.52	-0.03	0.06	0.01	-0.10	0.03	0.23	-0.02	-0.97	-0.04	0.08	-0.92	0.03	0.77	0.02	0.00
B10	1.35	-0.65	0.30	-0.03	0.06	-0.04	-0.10	0.03	-0.52	-0.02	-1.57	-0.04	0.08	-0.42	0.03	-0.01	0.02	0.00
B11	1.78	-1.54	1.08	-0.03	0.06	0.02	-0.10	0.03	-0.28	-0.02	-0.98	-0.04	0.08	-0.55	0.03	0.81	0.02	0.00
Q8	-0.31	-0.40	0.93	-0.03	0.06	-0.23	-0.10	0.03	-0.81	-0.02	0.53	-0.04	0.08	-1.26	0.03	-0.93	0.02	0.00
Q9	-0.31	0.70	-1.08	-0.03	0.06	-0.06	-0.10	0.03	0.62	-0.02	1.11	-0.04	0.08	0.87	0.03	-0.20	0.02	0.00
C9	-0.71	0.38	0.03	-0.03	0.06	-0.11	-0.10	0.03	-0.58	-0.02	-0.82	-0.04	0.08	-0.49	0.03	0.19	0.02	0.00
C8	0.09	-0.39	-0.41	-0.03	0.06	-0.05	-0.10	0.03	-1.27	-0.02	-1.04	-0.04	0.08	-0.41	0.03	1.37	0.02	0.00
Q11	1.06	0.35	-1.11	-0.03	0.06	-0.10	-0.10	0.03	0.68	-0.02	1.15	-0.04	0.08	0.46	0.03	-0.42	0.02	0.00
Q10	1.06	0.41	-0.71	-0.03	0.06	-0.12	-0.10	0.03	0.01	-0.02	-1.25	-0.04	0.08	0.01	0.03	-0.36	0.02	0.00
Q12	1.08	0.37	-0.70	-0.03	0.06	0.05	-0.10	0.03	0.33	-0.02	-0.26	-0.04	0.08	0.05	0.03	-0.55	0.02	0.00
C3	0.09	-0.44	0.68	-0.03	0.06	-0.06	-0.10	0.03	-0.65	-0.02	-0.81	-0.04	0.08	-0.89	0.03	0.64	0.02	0.00
C2	0.63	-0.18	0.42	-0.03	0.06	-0.08	-0.10	0.03	0.29	-0.02	-0.90	-0.04	0.08	-0.11	0.03	0.32	0.02	0.00
C1	-0.02	-1.16	1.10	-0.03	0.06	-0.19	-0.10	0.03	-1.23	-0.02	-1.50	-0.04	0.08	-0.52	0.03	0.54	0.02	0.00
C7	-1.01	0.95	0.61	-0.03	0.06	0.04	-0.10	0.03	0.69	-0.02	-1.09	-0.04	0.08	-0.39	0.03	0.63	0.02	0.00
C6	-0.84	0.60	0.36	-0.03	0.06	-0.03	-0.10	0.03	0.04	-0.02	-1.07	-0.04	0.08	-0.47	0.03	0.78	0.02	0.00
C5	-0.72	0.39	0.03	-0.03	0.06	-0.12	-0.10	0.03	-0.59	-0.02	-0.83	-0.04	0.08	-0.48	0.03	0.19	0.02	0.00
C4	-0.10	0.28	0.16	-0.03	0.06	0.00	-0.10	0.03	0.06	-0.02	-1.04	-0.04	0.08	-0.35	0.03	0.95	0.02	0.00
N10	-0.76	1.46	-0.75	-0.03	0.06	0.02	-0.10	0.03	1.42	-0.02	1.09	-0.04	0.08	0.70	0.03	-0.80	0.02	0.00
N8	0.41	0.95	-1.33	-0.03	0.06	-0.24	-0.10	0.03	0.99	-0.02	0.58	-0.04	0.08	0.91	0.03	-0.35	0.02	0.00
N9	0.09	-1.54	-0.10	-0.03	0.20	-0.12	-0.20	0.10	-1.54	-0.06	1.14	-0.16	-0.04	0.34	0.14	-0.42	0.06	0.07
N11	-0.53	0.11	-0.60	2.81	0.48	-0.25	4.36	-2.12	-0.66	4.79	0.54	-5.00	1.02	-1.04	1.53	1.96	-1.44	1.35
G12	-0.01	0.13	0.47	-0.03	0.06	-0.11	-0.10	0.03	0.58	-0.02	-0.51	-0.04	0.08	-0.28	0.03	1.40	0.02	0.00
G11	0.96	-0.77	0.92	-0.03	0.06	-0.11	-0.10	0.03	0.15	-0.02	-1.10	-0.04	0.08	-0.45	0.03	1.25	0.02	0.00
G10	-0.89	1.23	0.55	-0.03	0.06	-0.06	-0.10	0.03	1.38	-0.02	-0.85	-0.04	0.08	-0.34	0.03	1.40	0.02	0.00
F1	0.62	-0.09	-0.21	-0.03	0.06	0.05	-0.10	0.03	-0.47	-0.02	-1.15	-0.04	0.08	-0.37	0.03	0.60	0.02	0.00
F2	0.08	-0.75	-0.04	-0.03	0.06	-0.04	-0.10	0.03	-1.71	-0.02	-1.31	-0.04	0.08	-0.48	0.03	0.56	0.02	0.00
F3	-0.07	-0.20	0.08	-0.03	0.06	-0.05	-0.10	0.03	-0.69	-0.02	-1.03	-0.04	0.08	-0.51	0.03	1.31	0.02	0.00
F4	-0.22	-0.78	1.13	-0.03	0.06	-0.10	-0.10	0.03	-0.65	-0.02	-1.29	-0.04	0.08	-0.39	0.03	0.54	0.02	0.00
F5	-0.31	0.08	0.31	-0.03	0.06	-0.09	-0.10	0.03	-0.32	-0.02	-1.06	-0.04	0.08	-0.45	0.03	0.84	0.02	0.00
F6	0.16	-0.59	0.06	-0.03	0.06	-0.09	-0.10	0.03	-1.17	-0.02	-0.94	-0.04	0.08	-0.59	0.03	1.11	0.02	0.00
F7	0.16	-0.70	-0.53	-0.00	-0.08	-0.01	-0.28	0.15	-1.96	0.08	-1.43	0.27	-0.02	-0.40	0.12	0.99	0.11	-0.24
F8	1.23	-0.58	-0.40	-0.03	0.06	0.01	-0.10	0.03	-0.85	-0.02	-1.18	-0.04	0.08	-0.36	0.03	0.86	0.02	0.00
F9	-0.11	-0.76	0.76	-0.03	0.06	-0.16	-0.10	0.03	-1.00	-0.02	-1.37	-0.04	0.08	-0.40	0.03	0.47	0.02	0.00
Q1	-0.35	1.18	-0.64	-0.03	0.06	-0.04	-0.10	0.03	1.30	-0.02	1.13	-0.04	0.08	0.40	0.03	-0.33	0.02	0.00
Q3	-0.45	0.53	-0.71	-0.03	0.06	-0.04	-0.10	0.03	0.32	-0.02	1.10	-0.04	0.08	0.55	0.03	-0.69	0.02	0.00
Q2	-0.40	0.98	-1.78	-0.03	0.06	-0.27	-0.10	0.03	0.21	-0.02	0.54	-0.04	0.08	1.02	0.03	0.32	0.02	0.00
Q5	1.14	0.42	-0.72	-0.13	-0.22	0.00	-0.42	0.64	0.06	0.47	-1.36	-1.35	0.24	0.00	0.02	-0.35	0.11	0.21
Q4	-0.38	0.50	-1.15	-0.03	0.06	-0.11	-0.10	0.03	0.11	-0.02	1.07	-0.04	0.08	0.82	0.03	-0.41	0.02	0.00
Q7	1.97	-0.36	-0.60	-0.03	0.06	-0.02	-0.10	0.03	0.45	-0.02	0.48	-0.04	0.08	0.20	0.03	-0.49	0.02	0.00
Q6	1.06	0.21	-1.21	-0.03	0.06	0.03	-0.10	0.03	0.43	-0.02	1.10	-0.04	0.08	0.41	0.03	-0.13	0.02	0.00
E11	-0.56	0.28	0.82	-0.03	0.06	-0.10	-0.10	0.03	0.27	-0.02	-1.05	-0.04	0.08	-0.53	0.03	0.88	0.02	0.00
E10	1.43	-0.09	0.27	-0.03	0.06	0.02	-0.10	0.03	0.32	-0.02	-1.51	-0.04	0.08	-0.30	0.03	-0.27	0.02	0.00
E12	-0.23	0.00	0.45	-0.03	0.06	-0.04	-0.10	0.03	-0.17	-0.02	-1.03	-0.04	0.08	-0.49	0.03	1.09	0.02	0.00
C12	0.66	-0.12	-0.56	-0.03	0.06	-0.16	-0.10	0.03	-0.51	-0.02	-0.11	-0.04	0.08	-0.55	0.03	1.22	0.02	0.00
C11	-0.09	-0.32	-0.14	-0.03	0.06	-0.03	-0.10	0.03	-1.19	-0.02	-1.16	-0.04	0.08	-0.41	0.03	0.78	0.02	0.00
C10	-1.37	0.51	-1.41	-0.33	-5.00	-0.50	1.47	-1.10	-1.05	-0.34	-0.57	1.89	0.13	1.96	-1.92	-0.38	-1.30	0.47
A11	-0.66	1.21	-0.87	-0.03	0.06	-0.05	-0.10	0.03	0.75	-0.02	0.70	-0.04	0.08	0.50	0.03	-0.69	0.02	0.00
A10	3.11	-1.28	0.12	-0.03	0.06	0.11	-0.10	0.03	0.08	-0.02	-0.95	-0.04	0.08	-0.47	0.03	0.99	0.02	0.00
A12	-0.49	1.13	-1.20	-0.03	0.06	-0.06	-0.10	0.03	0.67	-0.02	1.12	-0.04	0.08	0.48	0.03	-0.12	0.02	0.00
A1	-0.42	0.26	-0.63	-0.03	0.06	-0.06	-0.10	0.03	-0.19	-0.02	0.71	-0.04	0.08	0.48	0.03	-0.95	0.02	0.00
A3	-0.29	1.11	-2.28	-0.84	0.06	0.54	3.28	-5.00	0.61	1.78	1.05	0.85	-2.19	2.37	0.85	-0.07	-1.81	-5.00
A2	-0.59	0.92	-0.81	-0.03	0.06	-0.01	-0.10	0.03	0.86	-0.02	1.10	-0.04	0.08	0.82	0.03	-0.69	0.02	0.00
A5	-0.31	0.24	-0.95	-0.03	0.06	-0.09	-0.10	0.03	-0.25	-0.02	1.11	-0.04	0.08	0.40	0.03	-0.25	0.02	0.00
A4	-0.60	1.12	-0.85	-0.03	0.06	-0.09	-0.10	0.03	0.55	-0.02	0.61	-0.04	0.08	0.30	0.03	-0.39	0.02	0.00
A7	0.32	-0.55	-0.19	-0.03	0.06	0.09	-0.10	0.03	-0.52	-0.02	0.60	-0.04	0.08	0.31	0.03	-1.20	0.02	0.00
A6	-0.58	0.90	-0.79	-0.03	0.06	0.01	-0.10	0.03	0.85	-0.02	1.10	-0.04	0.08	0.82	0.03	-0.71	0.02	0.00
A9	-0.91	0.94	0.16	-0.03	0.06	-0.21	-0.10	0.03	1.30	-0.02	0.70	-0.04	0.08	0.62	0.03	-1.03	0.02	0.00
A8	-0.73	0.47	-1.00	-0.03	0.06	-0.17	-0.10	0.03	-0.47	-0.02	0.96	-0.04	0.08	0.66	0.03	-1.69	0.02	0.00
D8	-0.15	-0.12	0.22	-0.03	0.06	-0.06	-0.10	0.03	-0.55	-0.02	-1.02	-0.04	0.08	-0.49	0.03	1.01	0.02	0.00
D9	-0.13	-0.27	-0.12	-0.03	0.06	-0.06	-0.10	0.03	-1.04	-0.02	-1.01	-0.04	0.08	-0.49	0.03	1.29	0.02	0.00
D6	0.22	-0.72	-0.39	0.06	0.06	0.04	-0.40	0.03	-1.88	-0.07	-1.43	-0.12	0.16	-0.41	0.17	0.75	0.06	-0.32
D7	0.84	-1.31	0.01	-0.03	0.06	-0.04	-0.10	0.03	-1.65	-0.02	-0.57	-0.04	0.08	-0.53	0.03	0.65	0.02	0.00
D4	0.96	-1.89	2.75	-5.00	-0.63	-0.18	-5.00	-1.10	-1.06	5.00	-1.31	5.00	-1.06	-2.87	-4.92	0.85	5.00	5.00
D5	1.08	-1.16	0.94	-0.03	0.06	0.05	-0.10	0.03	-0.39	-0.02	-0.86	-0.04	0.08	-0.68	0.03	1.17	0.02	0.00
D2	-0.16	0.18	-0.36	-0.03	0.06	-0.08	-0.10	0.03	-0.74	-0.02	-0.97	-0.04	0.08	-0.43	0.03	0.84	0.02	0.00
D3	0.03	-0.57	0.54	-0.03	0.06	-0.06	-0.10	0.03	-0.94	-0.02	-1.62	-0.04	0.08	-0.39	0.03	0.46	0.02	0.00
D1	-0.45	0.25	0.11	-0.03	0.06	-0.08	-0.10	0.03	-0.28	-0.02	-0.92	-0.04	0.08	-0.39	0.03	0.87	0.02	0.00
K12	-0.59	-0.15	1.15	3.27	3.13	1.07	4.02	3.03	-0.30	-2.57	-0.44	1.62	0.58	-1.11	1.58	-1.13	-1.73	-1.55
K11	-1.18	1.33	-0.16	-0.81	-1.19	-1.65	0.08	-0.21	1.32	0.08	1.40	0.92	1.10	0.37	0.18	-0.65	0.05	-1.07
K10	-0.95	-0.21	0.18	-0.03	0.06	-0.05	-0.10	0.03	-0.06	-0.02	0.78	-0.04	0.08	0.57	0.03	-0.25	0.02	0.00
M3	-0.22	-0.33	-0.37	-0.03	0.06	-0.02	-0.10	0.03	-0.63	-0.02	0.75	-0.04	0.08	0.25	0.03	-0.48	0.02	0.00
M2	-0.24	0.34	-0.55	-0.03	0.06	-0.21	-0.10	0.03	0.19	-0.02	0.71	-0.04	0.08	0.64	0.03	-1.19	0.02	0.00
L10	-0.87	-0.42	0.54	-0.03	0.06	-0.22	-0.10	0.03	-0.36	-0.02	0.71	-0.04	0.08	0.32	0.03	-1.14	0.02	0.00
L11	-1.07	0.27	0.92	-0.03	0.06	-0.19	-0.10	0.03	0.48	-0.02	0.98	-0.04	0.08	-0.15	0.03	-1.50	0.02	0.00
L12	0.23	-1.27	-1.73	1.72	2.99	4.37	1.51	-0.28	-0.71	-2.22	1.48	-2.39	-4.43	4.22	1.77	-3.90	-4.96	-1.57
K3	-1.03	2.31	-1.14	-0.03	0.06	-0.22	-0.10	0.03	2.21	-0.02	1.22	-0.04	0.08	0.59	0.03	0.58	0.02	0.00
K2	-1.76	1.86	-0.64	-0.03	0.06	-0.06	-0.10	0.03	1.80	-0.02	1.23	-0.04	0.08	0.84	0.03	0.36	0.02	0.00
K1	0.31	-0.62	-0.89	-0.03	0.06	-0.13	-0.10	0.03	-0.77	-0.02	1.07	-0.04	0.08	0.81	0.03	-0.97	0.02	0.00
M6	0.06	-2.33	0.63	-0.03	0.06	-0.21	-0.10	0.03	-2.99	-0.02	-0.72	-0.04	0.08	-0.06	0.03	-1.10	0.02	0.00
K7	-0.87	-0.46	1.78	-0.03	0.06	-0.14	-0.10	0.03	-0.87	-0.02	-0.84	-0.04	0.08	-1.19	0.03	-1.26	0.02	0.00
K6	0.43	-0.81	2.41	-0.03	0.06	-0.31	-0.10	0.03	0.08	-0.02	-0.85	-0.04	0.08	-1.45	0.03	-0.93	0.02	0.00
K5	-1.26	1.38	-0.10	-0.03	0.06	-0.17	-0.10	0.03	1.42	-0.02	1.15	-0.04	0.08	0.35	0.03	-0.64	0.02	0.00
K4	-0.43	0.05	-0.01	-0.03	0.06	-0.37	-0.10	0.03	0.54	-0.02	1.01	-0.04	0.08	0.87	0.03	-1.08	0.02	0.00
K9	-0.42	0.13	-0.01	-0.03	0.06	-0.29	-0.10	0.03	0.55	-0.02	0.93	-0.04	0.08	0.72	0.03	-0.98	0.02	0.00
K8	-0.30	-0.67	-0.59	-0.03	0.06	-0.40	-0.10	0.03	-0.71	-0.02	1.14	-0.04	0.08	1.24	0.03	-1.42	0.02	0.00
M9	-1.79	1.66	-0.56	0.31	0.48	0.00	-0.08	0.03	1.68	0.05	1.11	-0.04	0.16	0.84	0.12	0.61	0.22	0.04
M8	-0.68	1.04	1.93	4.35	-3.29	-0.15	-0.08	-0.06	1.46	-0.30	-0.01	0.42	1.82	-2.71	-0.89	1.78	1.28	0.09
I9	-1.39	1.73	0.11	5.00	0.20	-0.49	-2.33	-1.56	1.00	-0.35	1.61	0.58	0.20	0.80	-4.37	-0.64	-4.78	0.75
I8	-0.87	0.48	-0.10	0.52	2.16	0.20	0.03	0.10	0.54	0.19	1.04	-0.04	-0.04	0.32	0.36	-0.72	0.19	0.18
I1	-0.76	0.77	0.15	-0.03	0.06	0.01	-0.10	0.03	1.69	-0.02	0.69	-0.04	0.08	0.99	0.03	-0.10	0.02	0.00
I3	-0.68	-0.81	0.39	-0.03	0.06	-0.05	-0.10	0.03	-0.41	-0.02	0.82	-0.04	0.08	0.65	0.03	-0.31	0.02	0.00
I2	-0.85	2.00	-1.00	-0.03	0.06	-0.22	-0.10	0.03	2.04	-0.02	1.21	-0.04	0.08	0.57	0.03	0.58	0.02	0.00
I5	0.22	-0.73	2.34	-0.03	0.06	-0.03	-0.10	0.03	0.37	-0.02	-0.78	-0.04	0.08	-1.17	0.03	-0.32	0.02	0.00
I4	-1.64	0.76	-0.64	-0.03	0.06	-0.00	-0.10	0.03	-0.31	-0.02	0.97	-0.04	0.08	0.44	0.03	-0.93	0.02	0.00
I7	-0.17	-0.67	0.97	-0.03	0.06	-0.30	-0.10	0.03	0.22	-0.02	0.59	-0.04	0.08	0.37	0.03	-1.20	0.02	0.00
I6	0.58	-0.37	0.49	-0.03	0.06	0.16	-0.10	0.03	0.43	-0.02	0.76	-0.04	0.08	0.47	0.03	-2.85	0.02	0.00
J12	1.95	-1.39	1.88	0.14	2.71	-4.31	4.32	1.26	-1.23	-2.78	-1.70	-5.00	-3.07	-2.72	5.00	0.25	-5.00	-1.22
J10	0.29	-1.07	1.82	-0.03	0.06	-0.27	-0.10	0.03	-0.12	-0.02	-0.98	-0.04	0.08	-0.41	0.03	-0.56	0.02	0.00
J11	-1.08	0.67	-0.56	-0.03	0.06	0.05	-0.10	0.03	-0.15	-0.02	0.59	-0.04	0.08	0.17	0.03	-0.31	0.02	0.00
I11	0.34	-0.71	1.45	-0.03	0.06	-0.25	-0.10	0.03	-0.02	-0.02	-1.01	-0.04	0.08	-0.37	0.03	-0.81	0.02	0.00
I10	0.04	-2.23	-0.31	-0.92	0.76	0.14	-0.13	-0.19	-2.98	0.21	0.80	1.35	0.02	0.82	0.12	-2.61	0.18	-1.22
I12	-0.23	-1.53	0.90	-0.03	0.06	-0.20	-0.10	0.03	-1.89	-0.02	-0.79	-0.04	0.08	-0.25	0.03	-0.59	0.02	0.00
L6	-0.58	-0.09	1.24	-0.03	0.06	-0.20	-0.10	0.03	0.06	-0.02	-1.00	-0.04	0.08	-0.26	0.03	-0.76	0.02	0.00
L7	0.11	-0.52	-0.34	-0.03	0.06	0.05	-0.10	0.03	-0.48	-0.02	0.67	-0.04	0.08	0.38	0.03	-0.21	0.02	0.00
L4	-1.28	1.33	-0.08	-0.03	0.06	-0.18	-0.10	0.03	1.33	-0.02	1.12	-0.04	0.08	0.37	0.03	-0.78	0.02	0.00
L5	-0.53	0.52	-0.49	-0.03	0.06	-0.25	-0.10	0.03	0.81	-0.02	0.93	-0.04	0.08	1.02	0.03	-0.59	0.02	0.00
L2	-1.53	0.94	-0.51	0.09	-0.63	1.13	0.01	-0.00	1.02	-0.11	1.49	-0.27	0.72	1.09	-1.82	0.68	-0.12	-0.02
L3	-1.53	1.56	-0.41	-0.03	0.06	-0.13	-0.10	0.03	1.83	-0.02	1.11	-0.04	0.08	0.88	0.03	0.57	0.02	0.00
L1	-0.53	-0.13	-0.40	-0.03	0.06	0.10	-0.10	0.03	-0.99	-0.02	0.78	-0.04	0.08	0.07	0.03	-1.63	0.02	0.00
N1	0.10	-2.11	0.94	-0.03	0.06	-0.22	-0.10	0.03	-2.43	-0.02	-0.73	-0.04	0.08	-0.34	0.03	-0.50	0.02	0.00
N2	-1.54	0.53	-0.31	-0.03	0.06	-0.02	-0.10	0.03	-0.30	-0.02	0.88	-0.04	0.08	0.45	0.03	-1.26	0.02	0.00
N3	0.14	-1.96	2.59	-1.23	1.60	-0.23	-0.93	1.04	-2.14	0.03	-0.76	0.89	0.27	-3.12	0.77	0.23	1.60	0.14
N4	0.02	0.54	-0.83	0.05	0.20	1.02	0.25	0.43	-0.38	0.43	0.92	0.27	2.61	-0.84	-1.50	-0.29	1.19	0.01
L8	-0.80	1.59	-0.47	0.31	-0.91	-0.09	0.26	0.14	0.42	-0.74	1.39	-0.31	2.17	-1.02	-2.43	-0.24	0.42	-0.31
L9	-1.14	0.65	0.32	-0.03	0.06	-0.26	-0.10	0.03	0.64	-0.02	1.04	-0.04	0.08	0.08	0.03	-0.85	0.02	0.00
M5	-0.53	0.12	1.86	-0.03	0.06	-0.18	-0.10	0.03	1.14	-0.02	0.08	-0.04	0.08	-0.72	0.03	-0.34	0.02	0.00
J8	0.12	-2.46	1.44	-0.03	0.06	-0.19	-0.10	0.03	-2.85	-0.02	-0.97	-0.04	0.08	-0.85	0.03	-0.49	0.02	0.00
J9	-1.34	0.63	-0.87	1.77	-4.26	4.15	-0.53	-1.20	1.53	-0.83	2.13	-0.35	-2.61	3.64	0.34	-3.45	-3.76	-0.25
M7	-0.02	-1.98	1.23	-0.03	0.06	-0.07	-0.10	0.03	-2.50	-0.02	-0.92	-0.04	0.08	-0.83	0.03	-0.68	0.02	0.00
M4	-0.60	0.18	1.75	-0.03	0.06	-0.13	-0.10	0.03	0.85	-0.02	-0.24	-0.04	0.08	-0.89	0.03	-0.16	0.02	0.00
J4	-0.89	0.03	0.82	-0.03	0.06	-0.21	-0.10	0.03	0.16	-0.02	0.99	-0.04	0.08	-0.24	0.03	-1.17	0.02	0.00
J5	-0.17	-1.38	1.11	-0.03	0.06	-0.27	-0.10	0.03	-1.72	-0.02	-0.75	-0.04	0.08	-0.63	0.03	-0.60	0.02	0.00
J6	0.25	-0.92	2.62	-0.03	0.06	-0.26	-0.10	0.03	0.49	-0.02	-0.68	-0.04	0.08	-1.09	0.03	-0.48	0.02	0.00
J7	-0.66	-1.42	-0.99	-0.84	3.41	5.00	-3.97	-1.69	-1.64	2.39	0.62	2.74	-5.00	3.08	-5.00	-1.15	-0.94	-0.43
J1	-0.67	0.45	-0.93	-0.03	0.06	-0.05	-0.10	0.03	0.38	-0.02	1.05	-0.04	0.08	0.78	0.03	0.97	0.02	0.00
J2	-1.37	1.03	-0.25	-0.03	0.06	-0.07	-0.10	0.03	1.53	-0.02	1.15	-0.04	0.08	0.90	0.03	0.95	0.02	0.00
J3	-0.40	0.36	-0.92	-0.03	0.06	-0.26	-0.10	0.03	-0.09	-0.02	0.97	-0.04	0.08	0.81	0.03	-1.27	0.02	0.00
M11	-0.91	1.90	-0.86	-0.03	0.06	-0.21	-0.10	0.03	1.30	-0.02	0.52	-0.04	0.08	0.50	0.03	-1.27	0.02	0.00
M10	-1.23	0.41	-0.34	-0.03	0.06	0.02	-0.10	0.03	0.59	-0.02	1.23	-0.04	0.08	0.81	0.03	0.66	0.02	0.00
M12	-0.94	0.92	0.50	-4.10	0.76	0.72	-0.95	-0.45	1.71	1.36	0.18	-0.31	-1.32	1.92	-1.32	-1.40	-2.01	0.21
M1	-0.03	-0.17	-0.93	-0.03	0.06	-0.20	-0.10	0.03	-0.41	-0.02	0.97	-0.04	0.08	0.92	0.03	-0.99	0.02	0.00
