G7	-0.40	0.76	-0.29	0.09	0.00	-0.10	-0.22	-0.18	0.40	-0.16	0.67	0.09	0.09	-0.47	0.02	0.54	-0.13	0.22
G6	-1.04	1.24	-0.62	0.09	0.00	-0.16	-0.22	-0.18	-0.72	-0.16	-0.87	0.09	0.09	-0.78	0.02	0.45	-0.13	0.22
G5	-0.28	1.05	-0.83	0.10	0.00	-0.02	-0.21	-0.08	0.62	-0.14	0.68	0.07	0.15	-0.38	0.09	0.88	-0.28	0.15
G4	0.88	-1.13	0.52	0.09	0.00	-0.21	-0.22	-0.18	-0.85	-0.16	-1.32	0.09	0.09	-0.39	0.02	0.24	-0.13	0.22
G3	0.67	-1.49	0.57	-1.93	-0.07	-0.20	1.11	3.81	-1.42	2.47	-0.88	-1.68	-1.97	-0.51	-1.40	0.92	1.13	-2.63
G2	0.58	-0.78	0.35	0.09	0.00	-0.15	-0.22	-0.18	-0.37	-0.16	0.69	0.09	0.09	-0.85	0.02	0.51	-0.13	0.22
G1	-0.30	0.30	-0.07	0.09	0.00	-0.09	-0.22	-0.18	-0.07	-0.16	0.67	0.09	0.09	-0.69	0.02	0.59	-0.13	0.22
G9	-0.47	0.67	-0.41	0.09	0.00	-0.14	-0.22	-0.18	-0.00	-0.16	0.66	0.09	0.09	-0.63	0.02	0.63	-0.13	0.22
G8	-1.05	1.21	-0.23	0.09	0.00	-0.05	-0.22	-0.18	-0.28	-0.16	-0.82	0.09	0.09	-0.66	0.02	0.49	-0.13	0.22
N6	-0.47	0.49	-0.13	0.09	0.00	0.35	-0.22	-0.18	0.92	-0.16	0.66	0.09	0.09	0.39	0.02	1.12	-0.13	0.22
N7	-0.14	0.42	0.02	1.50	-1.62	-0.22	1.54	-1.57	1.44	4.28	0.64	0.03	1.18	0.75	0.78	-0.78	-0.26	1.29
B4	0.62	-0.78	1.16	0.09	0.00	-0.15	-0.22	-0.18	-0.20	-0.16	0.66	0.09	0.09	-1.02	0.02	-1.04	-0.13	0.22
B5	-0.54	0.30	-1.45	0.09	0.00	0.34	-0.22	-0.18	-0.97	-0.16	0.85	0.09	0.09	0.57	0.02	-0.46	-0.13	0.22
B6	2.38	-0.70	-0.39	0.09	0.00	-0.08	-0.22	-0.18	1.49	-0.16	0.79	0.09	0.09	-0.79	0.02	1.65	-0.13	0.22
B7	1.83	-1.44	0.94	5.00	0.20	-0.40	2.00	2.24	0.23	-0.90	-0.92	-1.33	-2.18	-0.55	-2.17	1.46	0.46	-3.49
B1	-0.41	0.14	-0.47	0.09	0.00	0.03	-0.22	-0.18	0.24	-0.16	0.67	0.09	0.09	0.86	0.02	0.42	-0.13	0.22
B2	0.75	-0.12	-2.03	0.09	0.00	-0.14	-0.22	-0.18	-0.37	-0.16	0.70	0.09	0.09	0.52	0.02	0.98	-0.13	0.22
B3	0.65	-0.56	0.74	0.09	0.00	-0.08	-0.22	-0.18	-0.02	-0.16	0.65	0.09	0.09	-0.80	0.02	-0.80	-0.13	0.22
B8	1.27	-1.83	-0.17	0.09	0.00	-0.29	-0.22	-0.18	-1.41	-0.16	-1.37	0.09	0.09	0.10	0.02	1.34	-0.13	0.22
B9	1.13	0.24	-0.16	0.09	0.00	-0.12	-0.22	-0.18	1.33	-0.16	0.83	0.09	0.09	-1.06	0.02	1.20	-0.13	0.22
N5	-0.34	0.16	-0.54	0.09	0.00	0.44	-0.22	-0.18	-0.38	-0.16	0.84	0.09	0.09	0.33	0.02	-0.89	-0.13	0.22
P10	0.08	-0.45	-0.10	0.09	0.00	-0.04	-0.22	-0.18	-0.31	-0.16	0.73	0.09	0.09	0.53	0.02	-0.82	-0.13	0.22
P11	0.16	-0.24	-1.15	0.09	0.00	-0.06	-0.22	-0.18	-0.80	-0.16	0.80	0.09	0.09	0.35	0.02	-0.14	-0.13	0.22
P12	-0.10	-0.13	-0.86	0.09	0.00	0.05	-0.22	-0.18	-0.68	-0.16	0.80	0.09	0.09	0.37	0.02	-0.29	-0.13	0.22
E9	-0.04	0.45	-0.33	0.09	0.00	-0.14	-0.22	-0.18	0.30	-0.16	0.68	0.09	0.09	-0.51	0.02	0.58	-0.13	0.22
E8	-0.24	-0.08	1.56	0.54	-1.15	-1.31	1.28	4.51	0.49	0.99	-1.34	-1.80	-1.86	-1.00	-0.37	1.46	1.53	-3.20
E5	-0.20	0.51	-0.07	0.09	0.00	-0.14	-0.22	-0.18	0.33	-0.16	0.68	0.09	0.09	-0.64	0.02	0.51	-0.13	0.22
E4	-0.60	0.84	-0.42	0.09	0.00	-0.03	-0.22	-0.18	0.17	-0.16	0.65	0.09	0.09	-0.47	0.02	0.49	-0.13	0.22
E7	0.06	0.43	0.10	0.09	0.00	-0.14	-0.22	-0.18	0.14	-0.16	-0.93	0.09	0.09	-0.62	0.02	0.53	-0.13	0.22
E6	0.47	0.26	-0.50	0.09	0.00	-0.02	-0.22	-0.18	0.07	-0.16	-1.09	0.09	0.09	-0.34	0.02	0.94	-0.13	0.22
E1	-0.30	-0.48	1.24	0.51	-0.41	0.01	1.27	3.22	-0.83	0.59	-2.48	-1.62	-1.27	-0.52	-0.51	1.03	0.74	-3.98
P8	-0.63	-0.16	0.47	-4.11	2.85	0.05	5.00	0.51	-0.19	1.37	-1.20	0.20	-0.16	-0.84	2.09	0.66	0.06	2.09
E3	0.03	-0.15	-0.23	0.09	0.00	0.26	-0.22	-0.18	-0.55	-0.16	-1.17	0.09	0.09	-0.12	0.02	1.05	-0.13	0.22
E2	3.64	-1.96	0.56	-1.86	-0.07	-0.46	0.19	-0.06	1.31	-0.73	-1.30	0.55	-1.42	-0.58	0.89	0.70	0.38	0.30
P2	1.55	-0.25	-0.77	0.09	0.00	-0.31	-0.22	-0.18	2.04	-0.16	0.72	0.09	0.09	1.20	0.02	1.22	-0.13	0.22
P3	0.69	-0.44	-0.71	0.21	0.00	-0.26	0.15	-0.49	-1.29	-0.30	-1.88	0.26	0.20	-0.21	0.05	0.23	-0.14	0.23
P1	0.55	-0.11	-1.14	0.09	0.00	-0.12	-0.22	-0.18	-0.65	-0.16	-1.55	0.09	0.09	0.59	0.02	0.47	-0.13	0.22
P6	-0.17	-0.53	-0.63	0.09	0.00	0.03	-0.22	-0.18	-1.09	-0.16	0.82	0.09	0.09	0.40	0.02	-0.29	-0.13	0.22
P7	0.42	-0.63	0.13	0.09	0.00	-0.30	-0.22	-0.18	0.19	-0.16	0.97	0.09	0.09	-0.21	0.02	1.17	-0.13	0.22
P4	1.51	-0.47	0.43	0.31	0.14	-0.09	-0.28	-0.08	1.87	-0.09	0.64	0.05	0.15	0.49	0.16	-0.40	-0.09	0.18
P5	-0.31	-0.26	0.48	0.09	0.00	0.06	-0.22	-0.18	-1.06	-0.16	-1.32	0.09	0.09	-0.25	0.02	-0.44	-0.13	0.22
H10	0.34	-1.98	1.69	0.09	0.00	-0.18	-0.22	-0.18	-1.48	-0.16	-1.06	0.09	0.09	0.26	0.02	-1.15	-0.13	0.22
H11	0.31	-1.67	2.82	-0.91	4.88	5.00	-1.15	-0.12	-1.43	-0.30	-5.00	0.79	5.00	-2.21	-0.76	0.14	0.62	1.21
H12	0.24	-1.29	-0.96	2.09	-0.20	1.60	-1.35	2.35	-1.89	4.65	-1.30	0.51	-0.84	3.93	2.23	-1.85	-5.00	2.29
P9	-0.11	-0.37	1.68	0.12	1.02	0.04	-0.34	-0.14	-1.07	-0.19	-1.65	0.32	1.86	-2.63	-0.36	0.34	1.14	0.29
F12	1.54	-0.96	-0.46	0.09	0.00	-0.27	-0.22	-0.18	-0.29	-0.16	0.71	0.09	0.09	-0.90	0.02	0.80	-0.13	0.22
F10	-0.18	-0.81	0.14	1.17	2.92	0.76	1.61	3.78	-1.50	-0.30	-0.27	-2.38	-0.29	-0.33	-2.22	0.83	1.09	-3.46
F11	0.72	-0.87	-0.16	0.09	0.00	-0.18	-0.22	-0.18	-0.80	-0.16	0.68	0.09	0.09	-0.82	0.02	0.52	-0.13	0.22
N12	-1.03	1.22	-1.55	0.09	0.00	-0.01	-0.22	-0.18	-0.32	-0.16	0.83	0.09	0.09	0.50	0.02	-0.20	-0.13	0.22
H8	-0.91	1.07	-0.95	0.09	0.00	-0.01	-0.22	-0.18	0.18	-0.16	0.73	0.09	0.09	0.53	0.02	-0.15	-0.13	0.22
H9	-1.05	0.66	-0.95	-0.20	0.14	-0.25	3.81	-1.55	0.26	3.74	0.88	-0.03	0.31	0.46	1.77	0.36	-0.99	1.33
H6	-0.93	0.83	-1.23	0.09	0.00	-0.03	-0.22	-0.18	-0.44	-0.16	0.82	0.09	0.09	0.48	0.02	-0.09	-0.13	0.22
H7	-1.17	0.83	-2.12	0.17	0.07	-0.93	3.98	-1.41	0.33	4.49	0.78	0.86	-1.25	3.18	1.52	-1.06	-1.63	1.41
H4	-0.83	0.88	-0.95	0.09	0.00	-0.06	-0.22	-0.18	0.13	-0.16	0.68	0.09	0.09	0.63	0.02	0.14	-0.13	0.22
H5	-0.85	0.73	-1.28	0.09	0.00	0.00	-0.22	-0.18	-0.56	-0.16	0.81	0.09	0.09	0.42	0.02	-0.02	-0.13	0.22
D10	-0.25	0.25	-0.27	0.09	0.00	-0.10	-0.22	-0.18	-0.21	-0.16	0.67	0.09	0.09	-0.65	0.02	0.72	-0.13	0.22
D11	-0.22	0.05	-0.55	0.28	-0.07	-0.12	-0.02	-0.19	-0.67	-0.05	0.68	0.24	0.15	-0.69	0.14	0.67	-0.09	0.18
D12	0.39	-0.14	0.00	0.09	0.00	-0.23	-0.22	-0.18	-0.46	-0.16	-0.91	0.09	0.09	-0.92	0.02	1.02	-0.13	0.22
B12	3.15	-1.60	0.57	0.09	0.00	-0.25	-0.22	-0.18	0.87	-0.16	-0.89	0.09	0.09	-1.11	0.02	0.87	-0.13	0.22
B10	2.88	-1.87	0.19	0.09	0.00	-0.30	-0.22	-0.18	0.43	-0.16	-1.28	0.09	0.09	-0.14	0.02	1.09	-0.13	0.22
B11	2.67	-0.81	-0.15	0.09	0.00	-0.03	-0.22	-0.18	2.26	-0.16	0.70	0.09	0.09	-0.20	0.02	1.66	-0.13	0.22
Q8	-0.26	-0.62	0.08	0.09	0.00	0.12	-0.22	-0.18	-0.88	-0.16	0.67	0.09	0.09	0.24	0.02	-0.52	-0.13	0.22
Q9	-0.07	0.21	-0.47	0.09	0.00	-0.34	-0.22	-0.18	0.06	-0.16	0.74	0.09	0.09	0.22	0.02	-0.19	-0.13	0.22
C9	-0.49	0.78	-0.65	0.09	0.00	-0.12	-0.22	-0.18	-0.06	-0.16	0.66	0.09	0.09	-0.64	0.02	0.72	-0.13	0.22
C8	-0.42	-0.26	0.22	-1.56	-0.74	-0.04	1.61	3.29	-1.10	1.44	-0.87	-2.22	-1.35	0.01	-1.65	0.61	0.96	-3.80
Q11	1.53	-0.34	-1.04	0.09	0.00	-0.09	-0.22	-0.18	0.69	-0.16	0.76	0.09	0.09	0.50	0.02	-0.39	-0.13	0.22
Q10	1.39	-0.65	0.25	-0.25	3.52	0.21	-0.13	-0.97	0.42	0.54	-1.49	0.28	0.13	-0.29	1.54	-0.30	-0.27	-0.02
Q12	1.66	-0.40	0.19	0.08	-0.07	0.06	-0.52	-0.27	2.00	-0.30	0.64	0.01	0.19	0.80	0.04	-0.58	-0.10	0.23
C3	2.40	-2.10	0.93	-1.78	0.41	-0.46	2.86	1.75	0.55	0.02	-1.40	0.65	-3.06	-0.54	0.00	1.84	1.55	-2.26
C2	3.03	-1.85	1.01	-0.20	0.81	-0.87	0.83	-0.26	1.25	-1.16	-1.22	1.04	-2.53	-0.72	1.27	1.08	0.34	-1.28
C1	2.53	-1.22	0.25	-2.90	2.37	-0.28	-0.98	1.10	1.01	-0.42	-0.67	0.09	0.35	-0.87	1.02	1.57	-0.77	1.57
C7	-0.56	1.31	-0.32	0.09	0.00	-0.15	-0.22	-0.18	0.89	-0.16	0.69	0.09	0.09	-0.68	0.02	0.72	-0.13	0.22
C6	-0.81	0.95	-0.09	-0.36	-0.20	-0.16	0.78	1.26	0.02	1.41	-0.76	-2.13	-0.82	-0.56	-0.58	1.16	1.37	-3.98
C5	-0.47	0.77	-0.64	0.09	0.00	-0.14	-0.22	-0.18	-0.06	-0.16	0.66	0.09	0.09	-0.66	0.02	0.73	-0.13	0.22
C4	-0.33	0.62	-0.51	0.09	0.00	-0.16	-0.22	-0.18	-0.01	-0.16	0.70	0.09	0.09	-0.75	0.02	0.83	-0.13	0.22
N10	-1.02	1.12	-0.79	0.08	0.00	-0.07	-0.31	-0.17	0.15	-0.30	0.81	-0.05	0.18	0.50	0.14	-0.58	-0.21	0.28
N8	-0.10	-0.10	0.26	0.09	0.00	0.32	-0.22	-0.18	-0.10	-0.16	0.75	0.09	0.09	-0.14	0.02	-0.85	-0.13	0.22
N9	0.18	-0.05	-0.43	0.09	0.00	0.40	-0.22	-0.18	0.61	-0.16	0.82	0.09	0.09	1.42	0.02	-1.30	-0.13	0.22
N11	-0.58	0.01	-2.43	0.09	0.00	-0.08	-0.22	-0.18	-1.43	-0.16	1.00	0.09	0.09	1.21	0.02	1.00	-0.13	0.22
G12	-0.47	-0.14	0.24	0.09	0.00	-0.20	-0.22	-0.18	-1.20	-0.16	-0.84	0.09	0.09	-0.84	0.02	0.71	-0.13	0.22
G11	0.61	-0.79	0.17	0.09	0.00	-0.10	-0.22	-0.18	-1.01	-0.16	-0.49	0.09	0.09	-0.99	0.02	0.59	-0.13	0.22
G10	-1.07	1.29	-0.17	0.09	0.00	-0.01	-0.22	-0.18	-0.11	-0.16	-0.85	0.09	0.09	-0.57	0.02	0.38	-0.13	0.22
F1	0.46	0.33	-0.51	0.09	0.00	-0.14	-0.22	-0.18	0.45	-0.16	0.65	0.09	0.09	-0.71	0.02	0.83	-0.13	0.22
F2	0.71	0.58	-0.76	0.09	0.00	-0.07	-0.22	-0.18	0.38	-0.16	-0.93	0.09	0.09	-0.64	0.02	0.89	-0.13	0.22
F3	-0.48	-0.17	0.63	-1.30	-0.47	-0.10	1.61	3.29	-0.54	2.40	-0.88	-2.09	-1.51	-0.34	-0.86	0.94	0.87	-3.34
F4	1.07	-0.30	1.22	-5.00	-1.15	0.02	-0.06	-2.61	0.43	-0.40	-1.17	5.00	-0.22	-0.59	-5.00	2.42	5.00	-2.13
F5	-0.33	0.22	-0.68	0.09	0.00	-0.13	-0.22	-0.18	-0.75	-0.16	0.67	0.09	0.09	-0.67	0.02	0.67	-0.13	0.22
F6	-0.27	0.11	-0.45	0.09	0.00	-0.07	-0.22	-0.18	-0.53	-0.16	0.67	0.09	0.09	-0.57	0.02	0.70	-0.13	0.22
F7	0.59	0.30	-0.97	0.09	0.00	-0.06	-0.22	-0.18	-0.23	-0.16	-1.00	0.09	0.09	-0.49	0.02	1.02	-0.13	0.22
F8	-0.00	0.15	-0.39	0.09	0.00	-0.06	-0.22	-0.18	-0.65	-0.16	-0.88	0.09	0.09	-0.54	0.02	0.73	-0.13	0.22
F9	-0.59	-0.58	0.77	0.09	0.00	-0.22	-0.22	-0.18	-1.52	-0.16	-0.79	0.09	0.09	-0.79	0.02	0.41	-0.13	0.22
Q1	0.45	0.81	0.55	0.05	0.00	-0.42	-0.51	-0.09	1.04	-0.14	0.72	0.05	2.11	-2.37	-0.37	0.18	1.10	0.26
Q3	-0.38	-0.18	-0.54	0.09	0.00	0.06	-0.22	-0.18	-0.80	-0.16	0.80	0.09	0.09	0.38	0.02	-0.46	-0.13	0.22
Q2	-0.27	-0.16	-0.62	0.06	-0.13	0.14	-0.35	-0.23	-0.61	-0.24	0.82	0.05	0.03	0.49	-0.01	-0.38	-0.03	0.22
Q5	1.34	-0.53	-0.12	-0.64	0.75	0.11	0.30	-0.44	1.25	0.37	0.17	-0.11	-0.78	0.37	2.34	-0.84	-0.21	-0.05
Q4	-0.11	-0.12	-0.86	0.09	0.00	0.06	-0.22	-0.18	-0.67	-0.16	0.80	0.09	0.09	0.37	0.02	-0.28	-0.13	0.22
Q7	1.53	-1.74	-0.21	0.09	0.00	0.23	-0.22	-0.18	-0.74	-0.16	0.75	0.09	0.09	0.49	0.02	-1.13	-0.13	0.22
Q6	1.09	-0.66	-1.56	0.09	0.00	0.43	-0.22	-0.18	-0.41	-0.16	0.91	0.09	0.09	0.73	0.02	-0.21	-0.13	0.22
E11	-0.50	0.45	-0.24	0.09	0.00	-0.12	-0.22	-0.18	-0.31	-0.16	0.66	0.09	0.09	-0.79	0.02	0.62	-0.13	0.22
E10	2.53	-1.82	0.65	0.09	0.00	-0.21	-0.22	-0.18	0.42	-0.16	-1.30	0.09	0.09	-0.19	0.02	0.79	-0.13	0.22
E12	-0.36	-0.15	1.37	-0.16	0.07	-0.30	1.05	4.55	0.15	1.10	-0.88	-2.40	-1.46	-0.80	-1.38	1.15	1.60	-2.95
C12	0.48	0.81	-0.74	0.09	0.00	0.00	-0.22	-0.18	0.78	-0.16	-1.07	0.09	0.09	-0.41	0.02	1.48	-0.13	0.22
C11	0.50	-0.01	0.16	0.09	0.00	-0.11	-0.22	-0.18	0.09	-0.16	-0.97	0.09	0.09	-0.82	0.02	1.15	-0.13	0.22
C10	-0.24	0.58	-0.42	0.09	0.00	-0.12	-0.22	-0.18	0.19	-0.16	0.67	0.09	0.09	-0.60	0.02	0.73	-0.13	0.22
A11	-0.70	0.23	-0.37	0.09	0.00	-0.00	-0.22	-0.18	-1.41	-0.16	-1.51	0.09	0.09	0.05	0.02	-0.23	-0.13	0.22
A10	1.64	-1.45	2.15	0.08	-0.07	-0.25	-0.21	-0.21	-0.00	-0.35	-1.40	-0.09	2.13	-2.98	-0.27	1.70	1.04	0.26
A12	-0.19	0.43	-1.58	0.09	0.00	0.12	-0.22	-0.18	-0.23	-0.16	0.81	0.09	0.09	0.75	0.02	0.19	-0.13	0.22
A1	0.08	-0.88	0.25	0.09	0.00	0.25	-0.22	-0.18	-1.66	-0.16	-1.65	0.09	0.09	-0.00	0.02	-0.46	-0.13	0.22
A3	-0.73	0.57	-1.44	0.09	0.00	-0.01	-0.22	-0.18	-0.81	-0.16	0.81	0.09	0.09	0.42	0.02	-0.04	-0.13	0.22
A2	-0.55	0.25	-0.56	0.09	0.00	0.26	-0.22	-0.18	-0.31	-0.16	0.82	0.09	0.09	0.46	0.02	-0.47	-0.13	0.22
A5	-0.16	-0.24	-2.33	-0.80	0.95	0.63	2.76	-2.91	-0.71	4.94	1.03	0.51	0.70	1.77	0.12	0.19	-0.29	0.98
A4	-0.10	0.12	1.02	0.06	0.00	0.43	-0.37	-0.29	-0.66	-0.33	-1.62	-0.01	2.14	-2.38	-0.16	0.57	1.03	0.28
A7	0.68	-1.39	0.27	0.09	0.00	-0.14	-0.22	-0.18	-0.97	-0.16	0.74	0.09	0.09	0.23	0.02	-1.17	-0.13	0.22
A6	-0.55	0.24	-0.56	0.09	0.00	0.25	-0.22	-0.18	-0.33	-0.16	0.82	0.09	0.09	0.46	0.02	-0.47	-0.13	0.22
A9	-0.62	-0.06	0.85	0.09	0.00	0.19	-0.22	-0.18	0.64	-0.16	0.70	0.09	0.09	0.71	0.02	-0.38	-0.13	0.22
A8	-0.70	-0.10	-0.08	0.09	0.00	0.13	-0.22	-0.18	-1.59	-0.16	-1.30	0.09	0.09	-0.17	0.02	-0.03	-0.13	0.22
D8	-0.66	0.35	0.30	0.09	0.00	0.28	-0.22	-0.18	-0.61	-0.16	-0.85	0.09	0.09	-0.86	0.02	0.74	-0.13	0.22
D9	-0.18	0.12	-0.37	0.09	0.00	-0.08	-0.22	-0.18	-0.34	-0.16	0.66	0.09	0.09	-0.60	0.02	0.80	-0.13	0.22
D6	0.67	0.41	-0.58	0.06	0.00	0.02	-0.11	-0.12	0.90	-0.31	0.61	0.20	0.12	-0.87	0.02	1.70	-0.12	-0.04
D7	0.06	0.21	-0.09	0.09	0.00	-0.15	-0.22	-0.18	-0.39	-0.16	-0.91	0.09	0.09	-0.74	0.02	0.65	-0.13	0.22
D4	3.50	-2.58	1.39	-3.12	1.15	0.63	4.37	1.77	1.39	-0.94	-1.24	0.94	-3.34	-0.01	-1.72	1.49	1.48	-3.45
D5	2.81	-0.99	-0.44	0.09	0.00	-0.09	-0.22	-0.18	1.46	-0.16	0.74	0.09	0.09	-0.66	0.02	1.30	-0.13	0.22
D2	-0.53	0.14	1.62	-3.41	-0.07	0.02	1.65	3.51	-0.31	2.84	-0.86	-2.16	-0.73	-3.03	-0.48	1.62	2.45	-3.18
D3	2.17	-1.62	0.65	-0.16	0.00	-0.29	-0.30	-0.24	0.34	-0.38	-1.35	-0.18	-0.10	-0.38	-0.16	1.27	0.37	0.20
D1	-0.28	0.20	0.75	1.16	-1.22	-0.85	1.06	3.45	0.15	0.31	-1.43	-1.50	-0.83	-0.80	-0.36	1.54	1.23	-3.73
K12	-1.09	1.15	1.42	1.23	2.17	0.45	-0.19	-0.44	0.87	-0.23	-1.05	0.20	-1.22	-0.36	0.89	-1.44	-0.33	-0.09
K11	-1.23	1.56	1.51	0.09	-0.07	-0.21	-0.29	-0.23	2.88	-0.16	0.68	0.01	0.07	0.94	0.03	-0.75	-0.04	0.27
K10	-0.58	0.38	0.30	0.09	0.00	-0.09	-0.22	-0.18	1.12	-0.16	0.70	0.09	0.09	1.09	0.02	-0.08	-0.13	0.22
M3	-0.29	-0.20	0.44	0.09	0.00	-0.06	-0.22	-0.18	0.76	-0.16	0.70	0.09	0.09	1.20	0.02	-0.26	-0.13	0.22
M2	-0.29	0.37	0.29	0.09	0.00	0.39	-0.22	-0.18	-0.09	-0.16	-0.89	0.09	0.09	-0.14	0.02	-0.57	-0.13	0.22
L10	-0.57	0.14	0.15	0.75	-1.08	-0.17	-0.17	0.07	0.24	-0.38	0.70	0.96	0.99	0.65	-0.20	-0.22	-0.16	-0.37
L11	-0.19	1.25	1.06	0.09	0.00	-0.26	-0.22	-0.18	1.61	-0.16	-0.88	0.09	0.09	-0.56	0.02	-0.58	-0.13	0.22
L12	-0.26	-0.72	0.50	0.09	0.00	-0.02	-0.22	-0.18	-1.33	-0.16	0.72	0.09	0.09	-0.18	0.02	-1.84	-0.13	0.22
K3	-1.40	2.80	-0.74	0.09	0.00	-0.03	-0.22	-0.18	2.57	-0.16	0.67	0.09	0.09	0.80	0.02	0.23	-0.13	0.22
K2	-1.32	2.27	-0.97	0.09	0.00	0.10	-0.22	-0.18	1.79	-0.16	0.65	0.09	0.09	0.85	0.02	0.40	-0.13	0.22
K1	0.29	-0.94	-0.03	0.09	0.00	0.08	-0.22	-0.18	-1.17	-0.16	0.75	0.09	0.09	-0.04	0.02	-1.09	-0.13	0.22
M6	-0.21	-1.21	0.25	0.09	0.00	0.11	-0.22	-0.18	-1.10	-0.16	0.72	0.09	0.09	1.32	0.02	-1.64	-0.13	0.22
K7	-0.51	0.09	0.87	0.09	0.00	0.24	-0.22	-0.18	-0.33	-0.16	0.72	0.09	0.09	-0.30	0.02	-2.34	-0.13	0.22
K6	-0.35	-1.09	2.48	0.09	0.00	-0.35	-0.22	-0.18	-1.25	-0.16	-0.80	0.09	0.09	-1.02	0.02	-1.75	-0.13	0.22
K5	-0.85	1.95	-0.47	0.09	0.00	-0.31	-0.22	-0.18	2.16	-0.16	0.70	0.09	0.09	1.31	0.02	-1.02	-0.13	0.22
K4	-0.52	0.50	-0.69	0.09	0.00	0.42	-0.22	-0.18	-0.65	-0.16	0.81	0.09	0.09	0.04	0.02	-1.50	-0.13	0.22
K9	-0.42	-0.10	0.37	0.09	0.00	-0.27	-0.22	-0.18	0.47	-0.16	0.69	0.09	0.09	1.30	0.02	-1.10	-0.13	0.22
K8	0.08	-0.27	-0.01	0.09	0.00	-0.04	-0.22	-0.18	-0.56	-0.16	0.77	0.09	0.09	-0.14	0.02	-1.24	-0.13	0.22
M9	-1.18	1.65	-1.15	0.09	0.00	0.16	-0.22	-0.18	0.72	-0.16	0.64	0.09	0.09	0.63	0.02	0.33	-0.13	0.22
M8	-0.97	2.26	0.57	0.09	0.00	-0.28	-0.22	-0.18	1.49	-0.16	-0.87	0.09	0.09	-0.74	0.02	-0.92	-0.13	0.22
I9	-1.21	1.19	-0.36	0.09	0.00	-0.16	-0.22	-0.18	0.67	-0.16	0.69	0.09	0.09	0.86	0.02	-0.42	-0.13	0.22
I8	-0.01	0.06	1.18	0.09	0.00	-0.12	-0.22	-0.18	0.22	-0.16	-0.82	0.09	0.09	-0.60	0.02	-0.61	-0.13	0.22
I1	-0.57	1.46	-0.78	0.09	0.00	0.03	-0.22	-0.18	1.84	-0.16	0.67	0.09	0.09	1.16	0.02	0.35	-0.13	0.22
I3	-0.37	-0.46	0.34	0.09	0.00	-0.11	-0.22	-0.18	-0.11	-0.16	0.72	0.09	0.09	0.76	0.02	-0.34	-0.13	0.22
I2	-1.20	2.23	-1.10	0.09	0.00	-0.06	-0.22	-0.18	1.50	-0.16	0.68	0.09	0.09	0.60	0.02	0.23	-0.13	0.22
I5	-0.82	-0.12	1.56	0.09	0.00	-0.08	-0.22	-0.18	-0.41	-0.16	-0.81	0.09	0.09	-0.81	0.02	0.29	-0.13	0.22
I4	-1.02	1.22	0.95	0.09	0.14	-0.14	-0.28	-0.24	2.05	-0.19	0.74	0.13	0.31	0.73	-0.20	-0.30	-0.12	0.18
I7	-0.65	-0.49	0.77	0.08	-0.07	-0.08	-0.28	-0.17	-0.13	-0.21	0.72	-0.44	0.08	1.45	-0.03	-2.06	-0.07	0.65
I6	-0.21	-1.34	1.41	0.09	0.00	-0.44	-0.22	-0.18	-0.53	-0.16	0.68	0.09	0.09	1.10	0.02	-1.95	-0.13	0.22
J12	-1.19	-0.15	-0.17	0.14	-0.47	0.61	-0.91	-0.20	-0.93	2.26	-0.65	0.24	-1.96	2.35	1.33	-2.49	-1.00	0.48
J10	-0.38	-0.14	0.29	0.09	0.00	-0.22	-0.22	-0.18	0.02	-0.16	0.75	0.09	0.09	1.07	0.02	-1.80	-0.13	0.22
J11	-0.79	1.12	0.46	0.09	0.00	-0.10	-0.22	-0.18	2.14	-0.16	0.69	0.09	0.09	1.19	0.02	-0.11	-0.13	0.22
I11	-0.70	-0.27	1.00	0.10	0.07	-0.47	-0.66	-0.29	0.10	-0.23	0.68	0.01	-0.03	1.10	0.04	-1.77	-0.13	0.36
I10	0.42	-1.90	0.26	0.09	0.00	0.39	-0.22	-0.18	-1.40	-0.16	0.70	0.09	0.09	1.10	0.02	-1.36	-0.13	0.22
I12	-0.39	-1.08	0.13	0.09	0.00	-0.02	-0.22	-0.18	-1.28	-0.16	0.73	0.09	0.09	1.35	0.02	-1.86	-0.13	0.22
L6	-0.62	0.81	0.52	0.09	0.00	0.08	-0.22	-0.18	1.41	-0.16	0.76	0.09	0.09	1.30	0.02	-2.15	-0.13	0.22
L7	-0.37	-0.73	-0.05	0.09	0.00	-0.17	-0.22	-0.18	-0.83	-0.16	0.71	0.09	0.09	0.79	0.02	-0.24	-0.13	0.22
L4	-0.59	2.09	-1.40	0.09	0.00	-0.14	-0.22	-0.18	1.66	-0.16	0.72	0.09	0.09	1.00	0.02	-0.79	-0.13	0.22
L5	0.09	0.47	-1.81	0.36	-5.00	-0.22	-5.00	-1.77	0.42	2.44	1.10	-2.57	1.56	2.18	-0.39	-0.16	-0.01	1.29
L2	-0.90	0.96	-0.77	0.09	0.00	0.11	-0.22	-0.18	0.67	-0.16	0.64	0.09	0.09	0.96	0.02	0.46	-0.13	0.22
L3	-1.34	1.48	-1.42	0.69	0.14	-0.19	-0.41	-1.22	2.03	-0.71	0.80	-3.54	1.15	1.39	-0.74	1.13	5.00	1.32
L1	0.01	-0.84	1.76	0.51	0.20	-0.19	3.07	1.30	-0.98	-3.57	-0.89	0.09	-1.50	-1.31	1.22	-1.36	-0.64	-1.04
N1	-0.16	-1.99	1.31	0.09	0.00	-0.28	-0.22	-0.18	-1.28	-0.16	0.67	0.09	0.09	1.24	0.02	-1.67	-0.13	0.22
N2	-1.18	0.55	-0.09	0.09	0.00	-0.13	-0.22	-0.18	-0.01	-0.16	0.70	0.09	0.09	0.85	0.02	-0.59	-0.13	0.22
N3	-0.88	-1.19	2.00	0.09	0.00	-0.36	-0.22	-0.18	-2.27	-0.16	-0.82	0.09	0.09	-0.76	0.02	-1.83	-0.13	0.22
N4	0.08	-0.52	-0.17	0.09	0.00	0.35	-0.22	-0.18	-0.95	-0.16	0.73	0.09	0.09	-0.16	0.02	-0.94	-0.13	0.22
L8	-0.69	1.26	-1.45	0.09	0.00	0.54	-0.22	-0.18	0.69	-0.16	0.58	0.09	0.09	1.53	0.02	-0.91	-0.13	0.22
L9	-0.76	1.09	-0.38	0.09	0.00	-0.26	-0.22	-0.18	1.15	-0.16	0.69	0.09	0.09	1.34	0.02	-0.99	-0.13	0.22
M5	-0.88	1.36	0.70	0.09	0.00	-0.25	-0.22	-0.18	0.47	-0.16	-0.88	0.09	0.09	-0.71	0.02	-0.89	-0.13	0.22
J8	-0.11	-2.09	2.58	0.09	0.00	-0.41	-0.22	-0.18	-2.25	-0.16	-0.79	0.09	0.09	-0.99	0.02	-1.65	-0.13	0.22
J9	-0.59	0.26	1.40	0.09	0.00	-0.27	-0.22	-0.18	-0.20	-0.16	-0.87	0.09	0.09	-0.79	0.02	-0.93	-0.13	0.22
M7	0.36	-1.23	1.71	0.34	0.20	-0.03	-0.32	-0.18	-0.42	0.14	-0.64	0.16	-0.20	-0.50	0.16	-0.34	-0.12	0.25
M4	-0.77	0.95	0.08	-0.29	-0.20	5.00	3.33	0.67	0.33	-4.91	-0.92	0.09	3.88	0.66	-1.63	-1.38	-1.67	-0.08
J4	-0.22	1.03	-0.63	-1.08	-3.79	-0.03	-0.33	-2.68	1.11	-1.11	-0.54	-4.28	0.41	0.04	1.61	0.59	1.14	0.43
J5	0.22	-0.87	2.62	0.36	0.34	-5.00	-0.10	0.19	-0.95	-1.84	-1.23	0.05	-5.00	-2.71	3.83	0.20	-0.16	-1.07
J6	-0.80	-0.06	2.15	0.09	0.00	-0.48	-0.22	-0.18	-0.67	-0.16	-0.82	0.09	0.09	-1.09	0.02	-1.77	-0.13	0.22
J7	-0.27	-1.72	2.54	0.09	0.00	-0.36	-0.22	-0.18	-1.94	-0.16	-0.81	0.09	0.09	-1.04	0.02	-1.50	-0.13	0.22
J1	-0.85	0.94	-0.95	0.09	0.00	0.14	-0.22	-0.18	0.29	-0.16	0.63	0.09	0.09	0.72	0.02	0.22	-0.13	0.22
J2	-0.67	1.39	-0.29	0.09	0.00	-0.05	-0.22	-0.18	1.67	-0.16	0.67	0.09	0.09	0.50	0.02	0.48	-0.13	0.22
J3	-0.50	-0.22	-1.05	-1.38	-2.91	0.09	-1.32	-0.50	-0.43	0.04	0.74	1.25	-1.48	1.71	1.25	-0.50	0.06	-0.54
M11	-1.35	2.07	-2.89	0.09	0.00	1.27	-0.22	-0.18	-0.22	-0.16	0.56	0.09	0.09	1.49	0.02	-1.06	-0.13	0.22
M10	-0.63	0.88	-0.45	0.09	0.00	0.12	-0.22	-0.18	1.01	-0.16	0.64	0.09	0.09	0.65	0.02	0.71	-0.13	0.22
M12	-0.93	2.04	0.64	0.09	0.00	-0.26	-0.22	-0.18	1.34	-0.16	-0.92	0.09	0.09	-0.61	0.02	-0.99	-0.13	0.22
M1	0.13	-0.20	-1.57	0.09	0.00	0.17	-0.22	-0.18	-0.86	-0.16	0.84	0.09	0.09	1.33	0.02	-1.46	-0.13	0.22
