384A	-3.68	5.00	-5.00	-0.06	-0.01	5.00	0.00	-0.02	5.00	-0.06	3.93	0.11	0.14	5.00	-0.15	5.00	0.03	-0.12
384C	-3.73	5.00	-5.00	-0.11	0.20	5.00	-0.03	-0.02	5.00	-0.06	3.93	0.04	0.07	5.00	-0.30	5.00	0.04	-0.15
384E	-3.73	5.00	-5.00	-0.06	-0.01	5.00	0.00	-0.02	5.00	-0.06	3.95	0.11	0.14	5.00	-0.15	5.00	0.03	-0.12
384D	-3.57	5.00	-5.00	-0.11	-0.01	5.00	-0.01	-0.04	5.00	-0.06	3.95	0.01	0.11	5.00	-0.12	5.00	-0.21	-0.22
384G	-3.34	5.00	-5.00	-0.28	0.82	5.00	0.13	-0.04	5.00	-0.06	3.93	0.01	0.32	5.00	-0.45	5.00	0.35	0.01
384I	-3.57	5.00	-5.00	-0.06	-0.53	5.00	-0.17	0.00	5.00	-0.06	3.92	0.07	0.15	5.00	-0.10	5.00	0.07	-0.04
384H	-3.39	5.00	-5.00	-0.11	0.20	5.00	-0.03	-0.02	5.00	-0.06	3.93	0.04	0.07	5.00	-0.30	5.00	0.04	-0.15
384K	-3.54	5.00	-5.00	-0.06	-0.01	5.00	0.00	-0.02	5.00	-0.06	3.94	0.11	0.14	5.00	-0.15	5.00	0.03	-0.12
384M	-3.05	5.00	-5.00	0.84	-5.00	5.00	0.00	-0.21	5.00	-0.06	4.10	0.24	-0.96	5.00	-0.70	5.00	0.69	-0.33
384L	-3.16	5.00	-5.00	-0.06	-0.01	5.00	0.00	-0.02	5.00	-0.06	3.92	0.11	0.14	5.00	-0.15	5.00	0.03	-0.12
384N	-3.60	5.00	-5.00	-0.73	-0.01	5.00	-0.55	-0.73	5.00	-0.06	3.94	1.66	1.03	5.00	0.01	5.00	1.25	1.59
384Q	-3.64	5.00	-5.00	-0.11	0.20	5.00	-0.03	-0.02	5.00	-0.06	3.93	0.04	0.07	5.00	-0.30	5.00	0.04	-0.15
384P	-3.63	5.00	-5.00	-0.06	-0.01	5.00	0.00	-0.02	5.00	-0.06	3.93	0.11	0.14	5.00	-0.15	5.00	0.03	-0.12
384S	-3.65	5.00	-5.00	-0.11	-0.01	5.00	-0.01	-0.04	5.00	-0.06	3.94	0.01	0.11	5.00	-0.12	5.00	-0.21	-0.22
384R	-2.87	5.00	-5.00	-0.06	-0.01	5.00	0.00	-0.02	5.00	-0.06	0.61	0.11	0.14	5.00	-0.15	5.00	0.03	-0.12
384T	-3.76	5.00	-5.00	-0.17	0.09	5.00	0.03	-0.02	5.00	-0.06	3.93	0.01	0.20	5.00	-0.11	5.00	0.18	-0.20
384W	-2.87	5.00	-5.00	-0.06	-0.01	5.00	0.00	-0.02	5.00	-0.06	4.03	0.11	0.14	5.00	-0.15	5.00	0.03	-0.12
384V	-3.79	5.00	-5.00	0.00	-0.01	5.00	0.08	-0.06	5.00	-0.06	3.94	0.21	0.14	5.00	-0.29	5.00	0.01	-0.07
384Y	-3.37	5.00	-5.00	-0.11	0.20	5.00	-0.03	-0.02	5.00	-0.06	3.94	0.04	0.07	5.00	-0.30	5.00	0.04	-0.15
348Y	-3.16	5.00	-5.00	-0.06	-0.01	5.00	0.00	-0.02	5.00	-0.06	3.93	0.11	0.14	5.00	-0.15	5.00	0.03	-0.12
348Q	-2.88	5.00	-5.00	-0.06	-0.01	5.00	0.00	-0.02	5.00	-0.06	3.94	0.11	0.14	5.00	-0.15	5.00	0.03	-0.12
348P	-3.10	5.00	-5.00	-0.06	-0.01	5.00	0.00	-0.02	5.00	-0.06	3.93	0.11	0.14	5.00	-0.15	5.00	0.03	-0.12
348S	-3.35	5.00	-5.00	-0.11	0.51	5.00	0.71	-0.23	5.00	-0.26	3.92	0.11	0.06	5.00	0.07	5.00	0.09	-0.81
348R	-2.64	5.00	-5.00	-0.06	-0.22	5.00	-0.11	0.04	5.00	0.02	3.97	0.11	0.15	5.00	-0.17	5.00	-0.12	0.06
348T	-3.21	5.00	-5.00	-0.06	-0.01	5.00	0.00	-0.02	5.00	-0.06	3.89	0.11	0.14	5.00	-0.15	5.00	0.03	-0.12
348W	-1.83	5.00	-5.00	2.93	-1.47	5.00	0.14	0.34	5.00	-0.46	3.87	0.11	1.34	5.00	1.11	5.00	0.32	-0.20
348V	-3.17	5.00	-5.00	-0.06	-0.01	5.00	0.00	-0.02	5.00	-0.06	3.89	0.11	0.14	5.00	-0.15	5.00	0.03	-0.12
348I	-2.42	5.00	-5.00	-0.11	-0.01	5.00	-0.08	0.11	5.00	-0.02	3.90	0.11	0.12	5.00	-0.08	5.00	-0.13	-0.20
348H	-2.99	5.00	-5.00	-0.06	-0.01	5.00	0.00	-0.02	5.00	-0.06	3.90	0.11	0.14	5.00	-0.15	5.00	0.03	-0.12
348K	-2.89	5.00	-5.00	-0.06	-0.01	5.00	0.00	-0.02	5.00	-0.06	4.01	0.11	0.14	5.00	-0.15	5.00	0.03	-0.12
348M	-2.92	5.00	-5.00	-0.06	-0.01	5.00	0.00	-0.02	5.00	-0.06	3.94	0.11	0.14	5.00	-0.15	5.00	0.03	-0.12
348L	-2.54	5.00	-5.00	-0.06	-0.01	5.00	0.00	-0.02	5.00	-0.06	3.90	0.11	0.14	5.00	-0.15	5.00	0.03	-0.12
348N	-3.15	5.00	-5.00	-0.06	-0.01	5.00	0.00	-0.02	5.00	-0.06	2.31	0.11	0.14	5.00	-0.15	5.00	0.03	-0.12
348A	-3.32	5.00	-5.00	-0.06	-0.01	5.00	0.00	-0.02	5.00	-0.06	3.88	0.11	0.14	5.00	-0.15	5.00	0.03	-0.12
348C	-3.33	5.00	-5.00	-0.06	-0.01	5.00	0.00	-0.02	5.00	-0.06	3.93	0.11	0.14	5.00	-0.15	5.00	0.03	-0.12
348E	-3.01	5.00	-5.00	-0.11	-0.01	5.00	-0.08	0.11	5.00	-0.02	3.93	0.11	0.12	5.00	-0.08	5.00	-0.13	-0.20
348D	-2.66	5.00	-5.00	-0.06	-0.01	5.00	0.00	-0.02	5.00	-0.06	3.93	0.11	0.14	5.00	-0.15	5.00	0.03	-0.12
348F	-2.92	5.00	-5.00	-0.11	-0.01	5.00	-0.08	0.11	5.00	-0.02	3.90	0.11	0.12	5.00	-0.08	5.00	-0.13	-0.20
417G	-3.84	5.00	-5.00	-0.06	-0.01	5.00	0.00	-0.02	5.00	-0.06	3.93	0.11	0.14	5.00	-0.15	5.00	0.03	-0.12
346W	-1.98	5.00	-5.00	-0.23	-0.01	5.00	-0.21	0.13	5.00	-0.34	2.07	0.11	0.15	5.00	-0.13	5.00	-0.04	-0.04
309C	-3.58	5.00	-5.00	-0.11	-0.32	5.00	0.08	-0.04	5.00	-0.06	3.96	0.04	0.14	5.00	-0.24	5.00	0.13	-0.10
309A	-3.49	5.00	-5.00	0.34	5.00	5.00	1.56	0.50	5.00	-0.06	3.82	-2.73	0.42	5.00	-1.13	5.00	1.20	5.00
309F	-3.19	5.00	-5.00	-0.56	5.00	5.00	1.67	0.40	5.00	-0.06	3.83	-2.80	-0.08	5.00	-0.79	5.00	1.05	5.00
309G	-3.55	5.00	-5.00	0.39	5.00	5.00	1.83	0.48	5.00	-0.06	3.84	-2.66	0.40	5.00	-0.90	5.00	0.92	5.00
309D	-3.60	5.00	-5.00	-0.06	-0.01	5.00	0.00	-0.02	5.00	-0.06	3.94	0.11	0.14	5.00	-0.15	5.00	0.03	-0.12
309E	-3.60	5.00	-5.00	-0.06	-0.01	5.00	0.00	-0.02	5.00	-0.06	3.93	0.11	0.14	5.00	-0.15	5.00	0.03	-0.12
309K	-3.54	5.00	-5.00	0.34	5.00	5.00	1.63	0.31	5.00	-0.06	3.81	-2.73	0.39	5.00	-0.59	5.00	0.87	5.00
309H	-3.43	5.00	-5.00	0.28	5.00	5.00	1.59	0.36	5.00	-0.06	3.85	-2.83	0.46	5.00	-0.90	5.00	1.07	5.00
309I	-3.49	5.00	-5.00	-0.06	-0.01	5.00	0.00	-0.02	5.00	-0.06	3.94	0.11	0.14	5.00	-0.15	5.00	0.03	-0.12
309N	-3.51	5.00	-5.00	0.39	5.00	5.00	1.61	0.50	5.00	-0.06	3.85	-2.73	0.43	5.00	-0.77	5.00	0.89	5.00
309L	-3.53	5.00	-5.00	-0.06	-0.01	5.00	0.00	-0.02	5.00	-0.06	3.95	0.11	0.14	5.00	-0.15	5.00	0.03	-0.12
309R	-3.43	5.00	-5.00	-0.06	-0.01	5.00	0.00	-0.02	5.00	-0.06	3.92	0.11	0.14	5.00	-0.15	5.00	0.03	-0.12
309S	-3.54	5.00	-5.00	0.28	5.00	5.00	1.66	0.42	5.00	-0.06	3.81	-2.70	0.40	5.00	-1.00	5.00	1.06	5.00
309P	-3.54	5.00	-5.00	0.34	4.88	5.00	1.72	0.46	5.00	-0.06	3.87	-2.57	0.36	5.00	-0.94	5.00	1.08	5.00
309Q	-3.61	5.00	-5.00	0.00	-0.22	5.00	0.17	0.21	5.00	-0.06	3.95	0.07	0.08	5.00	-0.27	5.00	-0.28	0.11
309V	-3.57	5.00	-5.00	-0.06	-0.01	5.00	0.00	-0.02	5.00	-0.06	3.94	0.11	0.14	5.00	-0.15	5.00	0.03	-0.12
309W	-3.42	5.00	-5.00	0.28	5.00	5.00	1.72	0.40	5.00	-0.06	3.81	-2.47	0.34	5.00	-0.93	5.00	0.70	5.00
309T	-3.48	5.00	-5.00	0.34	5.00	5.00	1.49	0.42	5.00	-0.06	3.84	-2.83	0.49	5.00	-1.06	5.00	1.42	5.00
417M	-3.84	5.00	-5.00	-0.06	-0.01	5.00	0.00	-0.02	5.00	-0.06	3.92	0.11	0.14	5.00	-0.15	5.00	0.03	-0.12
346N	-2.71	5.00	-5.00	0.11	0.30	5.00	-0.08	0.11	5.00	-0.34	3.99	0.11	-1.01	5.00	0.05	5.00	-0.38	-0.07
346M	-1.46	5.00	-5.00	-0.06	-0.01	5.00	0.00	-0.02	5.00	-0.06	4.19	0.11	0.14	5.00	-0.15	5.00	0.03	-0.12
309Y	-3.10	5.00	-5.00	-0.11	-0.32	5.00	0.08	-0.04	5.00	-0.06	3.95	0.04	0.14	5.00	-0.24	5.00	0.13	-0.10
346K	-0.77	5.00	-5.00	0.11	0.30	5.00	-0.08	0.11	5.00	-0.34	3.98	0.11	-1.01	5.00	0.05	5.00	-0.38	-0.07
346I	-2.27	5.00	-5.00	-0.06	-0.01	5.00	0.00	-0.02	5.00	-0.06	4.00	0.11	0.14	5.00	-0.15	5.00	0.03	-0.12
346H	-1.99	5.00	-5.00	0.17	-0.01	5.00	-0.14	-0.15	5.00	-0.14	1.02	0.11	0.06	5.00	0.06	5.00	0.11	-0.12
346L	-1.75	5.00	-5.00	-0.06	-0.01	5.00	0.00	-0.02	5.00	-0.06	4.02	0.11	0.14	5.00	-0.15	5.00	0.03	-0.12
417K	-3.92	5.00	-5.00	-0.06	-0.01	5.00	0.00	-0.02	5.00	-0.06	3.92	0.11	0.14	5.00	-0.15	5.00	0.03	-0.12
302Y	-2.63	5.00	-5.00	0.17	-0.11	5.00	0.03	-0.10	5.00	-0.06	3.98	0.30	-1.08	5.00	0.00	5.00	-0.25	-0.35
302W	-2.45	5.00	-5.00	0.06	-0.11	5.00	0.06	-0.12	5.00	-0.06	4.05	0.34	-1.04	5.00	0.13	5.00	0.02	-0.43
302V	-2.84	5.00	-5.00	-0.62	-1.68	5.00	0.53	-0.40	5.00	-0.06	3.99	0.40	0.80	5.00	-0.91	5.00	0.46	-0.63
302T	-3.54	5.00	-5.00	-0.06	-0.01	5.00	0.00	-0.02	5.00	-0.06	1.33	0.11	0.14	5.00	-0.15	5.00	0.03	-0.12
302S	-3.73	5.00	-5.00	-0.06	-0.01	5.00	0.00	-0.02	5.00	-0.06	1.17	0.11	0.14	5.00	-0.15	5.00	0.03	-0.12
302R	-2.04	5.00	-5.00	-0.11	-0.01	5.00	-0.17	0.21	5.00	-0.06	3.89	-0.06	0.14	5.00	-0.31	5.00	0.21	-0.15
302Q	-2.60	5.00	-5.00	-0.06	-0.01	5.00	0.00	-0.02	5.00	-0.06	3.99	0.11	0.14	5.00	-0.15	5.00	0.03	-0.12
302P	-2.48	5.00	-5.00	-0.11	-0.01	5.00	-0.17	0.21	5.00	-0.06	4.00	-0.06	0.14	5.00	-0.31	5.00	0.21	-0.15
302N	-3.21	5.00	-5.00	-0.11	0.41	5.00	0.14	-0.31	5.00	-0.06	3.97	0.44	-1.06	5.00	-0.07	5.00	-0.04	-0.12
302M	-1.36	5.00	-5.00	-0.06	-0.01	5.00	0.00	-0.02	5.00	-0.06	3.95	0.11	0.14	5.00	-0.15	5.00	0.03	-0.12
302L	-2.91	5.00	-5.00	-0.06	-0.01	5.00	0.00	-0.02	5.00	-0.06	3.88	0.11	0.14	5.00	-0.15	5.00	0.03	-0.12
302K	-3.48	5.00	-5.00	-0.06	-0.01	5.00	0.00	-0.02	5.00	-0.06	3.89	0.11	0.14	5.00	-0.15	5.00	0.03	-0.12
302I	-2.00	5.00	-5.00	-0.06	-0.01	5.00	0.00	-0.02	5.00	-0.06	3.89	0.11	0.14	5.00	-0.15	5.00	0.03	-0.12
302H	-2.17	5.00	-5.00	-0.06	-0.01	5.00	0.00	-0.02	5.00	-0.06	3.95	0.11	0.14	5.00	-0.15	5.00	0.03	-0.12
302G	-3.56	5.00	-5.00	0.17	-0.32	5.00	-0.17	0.19	5.00	-0.06	3.94	0.11	-1.06	5.00	-0.07	5.00	-0.21	-0.30
302F	-1.47	5.00	-5.00	0.00	0.72	5.00	0.16	-0.12	5.00	-0.06	4.00	0.01	0.02	5.00	-0.06	5.00	0.15	-0.35
302E	-2.91	5.00	-5.00	0.11	-0.11	5.00	-0.04	0.23	5.00	-0.06	3.95	0.21	-0.96	5.00	-0.08	5.00	-0.00	-0.17
302D	-3.41	5.00	-5.00	-0.28	0.30	5.00	0.19	-0.21	5.00	-0.06	3.87	-0.22	0.08	5.00	-0.17	5.00	-0.18	-0.02
302C	-3.20	5.00	-5.00	0.17	-0.11	5.00	0.03	-0.10	5.00	-0.06	4.00	0.30	-1.08	5.00	0.00	5.00	-0.25	-0.35
417T	-3.92	5.00	-5.00	-0.39	-0.01	5.00	-0.06	0.00	5.00	0.02	3.93	0.11	1.35	5.00	-0.15	5.00	-0.09	0.01
417V	-3.90	5.00	-5.00	-0.06	-0.01	5.00	0.00	-0.02	5.00	-0.06	3.93	0.11	0.14	5.00	-0.15	5.00	0.03	-0.12
417P	-3.87	5.00	-5.00	-0.06	-0.01	5.00	0.00	-0.02	5.00	-0.06	3.94	0.11	0.14	5.00	-0.15	5.00	0.03	-0.12
417Q	-3.90	5.00	-5.00	0.00	1.55	5.00	-0.15	-0.06	5.00	0.06	3.78	0.11	0.18	5.00	0.18	5.00	0.18	-0.25
417R	-3.80	5.00	-5.00	-0.11	-0.11	5.00	-0.11	-0.04	5.00	-0.14	3.99	0.11	0.15	5.00	-0.45	5.00	0.29	-0.30
346V	-2.92	5.00	-5.00	-0.06	-0.01	5.00	0.00	-0.02	5.00	-0.06	3.99	0.11	0.14	5.00	-0.15	5.00	0.03	-0.12
417Y	-3.84	5.00	-5.00	0.00	-0.01	5.00	-0.11	-0.04	5.00	-0.02	3.98	0.11	0.21	5.00	-0.04	5.00	-0.03	0.03
417D	-3.86	5.00	-5.00	0.00	-0.84	5.00	-0.03	0.02	5.00	0.30	3.99	0.11	0.10	5.00	-0.57	5.00	-0.12	-0.12
417E	-3.94	5.00	-5.00	-0.11	0.93	5.00	0.00	-0.04	5.00	-0.10	3.87	0.11	0.16	5.00	0.07	5.00	0.20	-0.15
417F	-3.81	5.00	-5.00	-0.11	0.93	5.00	-0.15	-0.15	5.00	-0.22	3.96	0.11	0.14	5.00	-0.01	5.00	-0.16	-0.20
346T	-2.84	5.00	-5.00	-0.06	-0.32	5.00	-0.57	0.13	5.00	0.18	4.06	0.11	0.12	5.00	-0.44	5.00	-0.31	0.19
417A	-3.92	5.00	-5.00	-0.11	0.93	5.00	0.00	-0.04	5.00	-0.10	3.88	0.11	0.16	5.00	0.07	5.00	0.20	-0.15
417C	-3.90	5.00	-5.00	0.06	0.30	5.00	0.00	-0.58	5.00	-0.46	3.93	0.11	0.23	5.00	0.52	5.00	0.40	-0.69
417L	-3.79	5.00	-5.00	-0.06	-0.32	5.00	-0.14	0.02	5.00	-0.18	3.96	0.11	0.09	5.00	-0.57	5.00	0.15	-0.17
346S	-3.50	5.00	-5.00	0.06	-0.32	5.00	-0.15	-0.02	5.00	-0.58	3.90	0.11	1.01	5.00	-0.22	5.00	0.52	-0.20
417N	-3.90	5.00	-5.00	-0.06	-0.01	5.00	0.00	-0.02	5.00	-0.06	3.92	0.11	0.14	5.00	-0.15	5.00	0.03	-0.12
417H	-3.89	5.00	-5.00	-0.06	-0.01	5.00	0.00	-0.02	5.00	-0.06	3.92	0.11	0.14	5.00	-0.15	5.00	0.03	-0.12
417I	-3.87	5.00	-5.00	0.00	-0.11	5.00	0.40	-0.08	5.00	-0.22	3.94	0.11	0.12	5.00	-0.11	5.00	0.13	-0.15
346R	-0.64	5.00	-5.00	0.11	0.20	5.00	0.11	0.13	5.00	0.06	4.00	0.11	-0.98	5.00	0.24	5.00	-0.52	-0.02
346Q	-1.53	5.00	-5.00	-0.06	-0.01	5.00	0.00	-0.02	5.00	-0.06	2.86	0.11	0.14	5.00	-0.15	5.00	0.03	-0.12
346P	-3.60	5.00	-5.00	-0.06	-0.01	5.00	0.00	-0.02	5.00	-0.06	3.96	0.11	0.14	5.00	-0.15	5.00	0.03	-0.12
346Y	-0.56	5.00	-5.00	-0.06	-0.01	5.00	0.19	0.04	5.00	0.34	2.58	0.11	-1.04	5.00	0.28	5.00	-0.60	-0.04
417S	-3.87	5.00	-5.00	-0.06	-0.01	5.00	0.00	-0.02	5.00	-0.06	3.92	0.11	0.14	5.00	-0.15	5.00	0.03	-0.12
346F	0.35	5.00	-5.00	-0.06	-0.01	5.00	0.00	-0.02	5.00	-0.06	3.98	0.11	0.14	5.00	-0.15	5.00	0.03	-0.12
346E	-2.60	5.00	-5.00	-0.06	-0.01	5.00	0.00	-0.02	5.00	-0.06	1.94	0.11	0.14	5.00	-0.15	5.00	0.03	-0.12
346D	-2.99	5.00	-5.00	0.11	0.30	5.00	-0.08	0.11	5.00	-0.34	2.14	0.11	-1.01	5.00	0.05	5.00	-0.38	-0.07
346C	-2.72	5.00	-5.00	0.06	-0.22	5.00	-0.12	-0.04	5.00	-0.46	3.95	0.11	0.89	5.00	-0.02	5.00	0.44	-0.10
401Y	-2.49	5.00	-5.00	-0.28	-2.51	5.00	-0.99	0.40	5.00	1.13	2.40	0.11	-0.22	5.00	-1.06	5.00	1.12	1.59
346A	-3.60	5.00	-5.00	-0.06	-0.01	5.00	0.00	-0.02	5.00	-0.06	3.90	0.11	0.14	5.00	-0.15	5.00	0.03	-0.12
401S	-3.44	5.00	-5.00	0.00	-0.22	5.00	-0.04	-0.02	5.00	-0.10	3.95	0.11	0.14	5.00	-0.32	5.00	-0.00	-0.10
401R	-3.11	5.00	-5.00	-0.06	-0.01	5.00	0.00	-0.02	5.00	-0.06	-0.41	0.11	0.14	5.00	-0.15	5.00	0.03	-0.12
401Q	-3.51	5.00	-5.00	0.00	1.24	5.00	-0.20	0.00	5.00	-0.06	3.88	0.11	0.06	5.00	0.08	5.00	-0.12	-0.07
401P	-3.76	5.00	-5.00	-0.06	-0.01	5.00	0.00	-0.02	5.00	-0.06	3.89	0.11	0.14	5.00	-0.15	5.00	0.03	-0.12
401W	-1.39	5.00	-5.00	-0.11	-0.11	5.00	0.27	0.04	5.00	-0.18	3.94	0.11	0.24	5.00	-0.22	5.00	-0.09	-0.10
401T	-3.58	5.00	-5.00	-0.06	-0.01	5.00	0.00	-0.02	5.00	-0.06	3.95	0.11	0.14	5.00	-0.15	5.00	0.03	-0.12
401K	-3.29	5.00	-5.00	-0.06	-0.01	5.00	0.00	-0.02	5.00	-0.06	4.07	0.11	0.14	5.00	-0.15	5.00	0.03	-0.12
401I	-2.70	5.00	-5.00	-0.11	-0.22	5.00	0.08	0.06	5.00	-0.46	3.87	0.11	0.31	5.00	-0.03	5.00	0.27	0.01
401H	-3.41	5.00	-5.00	-0.11	-0.22	5.00	0.08	0.06	5.00	-0.46	3.90	0.11	0.31	5.00	-0.03	5.00	0.27	0.01
401N	-3.58	5.00	-5.00	-0.11	-0.43	5.00	0.16	-0.06	5.00	0.06	3.90	0.11	0.14	5.00	0.04	5.00	-0.05	0.06
401M	-3.34	5.00	-5.00	-0.06	-0.01	5.00	0.00	-0.02	5.00	-0.06	3.89	0.11	0.14	5.00	-0.15	5.00	0.03	-0.12
401L	-3.13	5.00	-5.00	-0.11	-0.22	5.00	-0.28	0.02	5.00	-0.06	3.93	0.11	0.18	5.00	-0.04	5.00	0.07	-0.15
401C	-3.63	5.00	-5.00	0.17	0.51	5.00	-0.40	0.02	5.00	0.14	3.89	0.11	0.05	5.00	-0.05	5.00	-0.27	-0.33
401A	-3.75	5.00	-5.00	-0.17	1.03	5.00	-0.09	0.00	5.00	0.10	3.88	0.11	0.10	5.00	-0.04	5.00	0.20	-0.10
401G	-3.52	5.00	-5.00	-0.06	-0.01	5.00	0.00	-0.02	5.00	-0.06	3.95	0.11	0.14	5.00	-0.15	5.00	0.03	-0.12
401F	-2.42	5.00	-5.00	0.06	1.03	5.00	-0.25	0.00	5.00	-0.10	3.87	0.11	0.06	5.00	-0.08	5.00	-0.16	-0.04
401E	-3.19	5.00	-5.00	0.00	1.24	5.00	-0.20	0.00	5.00	-0.06	3.89	0.11	0.06	5.00	0.08	5.00	-0.12	-0.07
401D	-3.56	5.00	-5.00	-0.06	-0.01	5.00	0.00	-0.02	5.00	-0.06	3.93	0.11	0.14	5.00	-0.15	5.00	0.03	-0.12
305N	-3.68	5.00	-5.00	0.45	1.86	5.00	-0.03	-0.02	5.00	-0.06	3.90	-0.03	-0.76	5.00	0.63	5.00	-0.20	-0.02
305L	-3.55	5.00	-5.00	0.17	0.93	5.00	-0.54	-0.56	5.00	-0.06	4.03	-0.29	0.12	5.00	-0.06	5.00	-0.87	0.03
305M	-3.52	5.00	-5.00	-0.06	-0.01	5.00	0.00	-0.02	5.00	-0.06	3.98	0.11	0.14	5.00	-0.15	5.00	0.03	-0.12
305K	-3.54	5.00	-5.00	-0.06	-0.01	5.00	0.00	-0.02	5.00	-0.06	3.99	0.11	0.14	5.00	-0.15	5.00	0.03	-0.12
305H	-3.47	5.00	-5.00	-0.06	-0.01	5.00	0.00	-0.02	5.00	-0.06	3.95	0.11	0.14	5.00	-0.15	5.00	0.03	-0.12
305I	-3.09	5.00	-5.00	-0.39	-0.11	5.00	-0.20	-0.12	5.00	-0.06	3.93	0.04	1.06	5.00	-0.32	5.00	-0.23	-0.22
305G	-3.76	5.00	-5.00	-0.06	-0.01	5.00	0.00	-0.02	5.00	-0.06	3.98	0.11	0.14	5.00	-0.15	5.00	0.03	-0.12
305D	-3.46	5.00	-5.00	-0.06	-0.01	5.00	0.00	-0.02	5.00	-0.06	4.01	0.11	0.14	5.00	-0.15	5.00	0.03	-0.12
305E	-3.47	5.00	-5.00	0.00	0.72	5.00	0.09	0.15	5.00	-0.06	3.97	0.27	-0.88	5.00	0.47	5.00	-0.48	-0.17
305C	-3.46	5.00	-5.00	-0.06	-0.01	5.00	0.00	-0.02	5.00	-0.06	3.95	0.11	0.14	5.00	-0.15	5.00	0.03	-0.12
305A	-3.58	5.00	-5.00	-0.06	-0.01	5.00	0.00	-0.02	5.00	-0.06	3.99	0.11	0.14	5.00	-0.15	5.00	0.03	-0.12
305Y	-3.35	5.00	-5.00	-0.06	-0.11	5.00	0.19	-0.04	5.00	-0.06	3.99	0.40	0.32	5.00	0.05	5.00	0.05	-0.17
305V	-3.06	5.00	-5.00	0.00	0.41	5.00	0.16	-0.27	5.00	-0.06	4.00	0.04	0.13	5.00	-0.08	5.00	0.13	-0.02
305W	-1.55	5.00	-5.00	-0.06	-0.01	5.00	0.00	-0.02	5.00	-0.06	3.93	0.11	0.14	5.00	-0.15	5.00	0.03	-0.12
305T	-3.14	5.00	-5.00	-0.06	-0.01	5.00	0.00	-0.02	5.00	-0.06	3.99	0.11	0.14	5.00	-0.15	5.00	0.03	-0.12
305R	-3.44	5.00	-5.00	-0.11	-0.01	5.00	0.06	-0.21	5.00	-0.06	3.90	-0.32	-0.53	5.00	-0.08	5.00	1.58	0.19
305S	-3.54	5.00	-5.00	-0.06	0.09	5.00	0.03	0.11	5.00	-0.06	3.97	0.24	-0.68	5.00	0.20	5.00	-0.20	0.01
305P	-3.56	5.00	-5.00	-0.06	-0.01	5.00	0.00	-0.02	5.00	-0.06	3.99	0.11	0.14	5.00	-0.15	5.00	0.03	-0.12
305Q	-3.53	5.00	-5.00	-0.06	-0.01	5.00	0.00	-0.02	5.00	-0.06	3.99	0.11	0.14	5.00	-0.15	5.00	0.03	-0.12
306C	-3.58	5.00	-5.00	-0.06	-0.01	5.00	0.00	-0.02	5.00	-0.06	3.93	0.11	0.14	5.00	-0.15	5.00	0.03	-0.12
306A	-3.62	5.00	-5.00	-0.06	-0.01	5.00	0.00	-0.02	5.00	-0.06	3.95	0.11	0.14	5.00	-0.15	5.00	0.03	-0.12
306G	-3.57	5.00	-5.00	-0.06	-0.01	5.00	0.00	-0.02	5.00	-0.06	3.94	0.11	0.14	5.00	-0.15	5.00	0.03	-0.12
306F	-3.37	5.00	-5.00	-0.06	-0.01	5.00	0.00	-0.02	5.00	-0.06	3.93	0.11	0.14	5.00	-0.15	5.00	0.03	-0.12
306E	-3.54	5.00	-5.00	-0.06	-0.01	5.00	0.00	-0.02	5.00	-0.06	3.94	0.11	0.14	5.00	-0.15	5.00	0.03	-0.12
306D	-3.50	5.00	-5.00	-0.06	-0.01	5.00	0.00	-0.02	5.00	-0.06	3.93	0.11	0.14	5.00	-0.15	5.00	0.03	-0.12
306K	-3.66	5.00	-5.00	-0.06	-0.01	5.00	0.00	-0.02	5.00	-0.06	3.88	0.11	0.14	5.00	-0.15	5.00	0.03	-0.12
306I	-3.41	5.00	-5.00	-0.06	0.30	5.00	0.11	0.11	5.00	-0.06	3.95	-0.03	0.26	5.00	-0.22	5.00	-0.14	-0.17
306H	-3.51	5.00	-5.00	-0.06	-0.01	5.00	0.00	-0.02	5.00	-0.06	3.87	0.11	0.14	5.00	-0.15	5.00	0.03	-0.12
306N	-3.47	5.00	-5.00	-0.06	-0.01	5.00	0.00	-0.02	5.00	-0.06	3.94	0.11	0.14	5.00	-0.15	5.00	0.03	-0.12
306M	-3.54	5.00	-5.00	-0.06	-0.01	5.00	0.00	-0.02	5.00	-0.06	3.88	0.11	0.14	5.00	-0.15	5.00	0.03	-0.12
306L	-3.61	5.00	-5.00	-0.06	-0.01	5.00	0.00	-0.02	5.00	-0.06	3.87	0.11	0.14	5.00	-0.15	5.00	0.03	-0.12
306S	-3.68	5.00	-5.00	-0.06	-0.01	5.00	0.00	-0.02	5.00	-0.06	3.87	0.11	0.14	5.00	-0.15	5.00	0.03	-0.12
306R	-3.48	5.00	-5.00	-0.06	-0.01	5.00	0.00	-0.02	5.00	-0.06	3.95	0.11	0.14	5.00	-0.15	5.00	0.03	-0.12
306Q	-3.57	5.00	-5.00	-0.06	-0.01	5.00	0.00	-0.02	5.00	-0.06	3.95	0.11	0.14	5.00	-0.15	5.00	0.03	-0.12
306P	-3.48	5.00	-5.00	-0.06	-0.01	5.00	0.00	-0.02	5.00	-0.06	3.93	0.11	0.14	5.00	-0.15	5.00	0.03	-0.12
306W	-3.46	5.00	-5.00	-0.06	-0.01	5.00	0.00	-0.02	5.00	-0.06	3.94	0.11	0.14	5.00	-0.15	5.00	0.03	-0.12
306V	-3.48	5.00	-5.00	-0.06	-0.01	5.00	0.00	-0.02	5.00	-0.06	3.95	0.11	0.14	5.00	-0.15	5.00	0.03	-0.12
306T	-3.57	5.00	-5.00	-0.06	-0.01	5.00	0.00	-0.02	5.00	-0.06	3.94	0.11	0.14	5.00	-0.15	5.00	0.03	-0.12
