384A	-4.96	5.00	-5.00	0.14	-0.06	5.00	0.05	-0.15	5.00	-0.06	4.37	0.11	-0.08	5.00	0.37	5.00	-0.21	0.18
384C	-4.97	5.00	-5.00	0.13	-0.00	5.00	-0.02	-0.13	5.00	-0.06	4.37	0.06	-0.11	5.00	0.08	5.00	-0.10	0.03
384E	-5.00	5.00	-5.00	0.13	-0.00	5.00	-0.02	-0.13	5.00	-0.06	4.36	0.06	-0.11	5.00	0.08	5.00	-0.10	0.03
384D	-5.00	5.00	-5.00	0.13	-0.00	5.00	-0.02	-0.13	5.00	-0.06	4.52	0.06	-0.11	5.00	0.08	5.00	-0.10	0.03
384G	-4.92	5.00	-5.00	0.13	-0.00	5.00	-0.02	-0.13	5.00	-0.06	4.38	0.06	-0.11	5.00	0.08	5.00	-0.10	0.03
384I	-4.79	5.00	-5.00	0.13	-0.00	5.00	-0.02	-0.13	5.00	-0.06	4.50	0.06	-0.11	5.00	0.08	5.00	-0.10	0.03
384H	-4.91	5.00	-5.00	0.13	-0.00	5.00	-0.02	-0.13	5.00	-0.06	4.43	0.06	-0.11	5.00	0.08	5.00	-0.10	0.03
384K	-4.47	5.00	-5.00	0.13	-0.00	5.00	-0.02	-0.13	5.00	-0.06	4.62	0.06	-0.11	5.00	0.08	5.00	-0.10	0.03
384M	-4.58	5.00	-5.00	0.13	-0.00	5.00	-0.02	-0.13	5.00	-0.06	4.39	0.06	-0.11	5.00	0.08	5.00	-0.10	0.03
384L	-4.88	5.00	-5.00	0.13	-0.00	5.00	-0.02	-0.13	5.00	-0.06	4.41	0.06	-0.11	5.00	0.08	5.00	-0.10	0.03
384N	-5.00	5.00	-5.00	0.13	-0.00	5.00	-0.02	-0.13	5.00	-0.06	4.37	0.06	-0.11	5.00	0.08	5.00	-0.10	0.03
384Q	-4.66	5.00	-5.00	0.13	-0.00	5.00	-0.02	-0.13	5.00	-0.06	4.38	0.06	-0.11	5.00	0.08	5.00	-0.10	0.03
384P	-4.95	5.00	-5.00	0.13	-0.00	5.00	-0.02	-0.13	5.00	-0.06	4.37	0.06	-0.11	5.00	0.08	5.00	-0.10	0.03
384S	-5.00	5.00	-5.00	0.15	-0.00	5.00	0.05	-0.05	5.00	-0.06	4.39	0.11	-0.27	5.00	0.62	5.00	-0.05	0.03
384R	-4.38	5.00	-5.00	0.13	-0.00	5.00	-0.02	-0.13	5.00	-0.06	4.53	0.06	-0.11	5.00	0.08	5.00	-0.10	0.03
384T	-5.00	5.00	-5.00	0.14	-0.00	5.00	-0.02	-0.15	5.00	-0.06	4.39	0.03	-0.09	5.00	0.71	5.00	-0.07	0.04
384W	-4.02	5.00	-5.00	0.13	-0.00	5.00	-0.02	-0.13	5.00	-0.06	4.67	0.06	-0.11	5.00	0.08	5.00	-0.10	0.03
384V	-5.00	5.00	-5.00	0.13	-0.00	5.00	-0.02	-0.13	5.00	-0.06	4.38	0.06	-0.11	5.00	0.08	5.00	-0.10	0.03
384Y	-4.91	5.00	-5.00	0.13	-0.00	5.00	-0.02	-0.13	5.00	-0.06	4.63	0.06	-0.11	5.00	0.08	5.00	-0.10	0.03
348Y	-3.01	5.00	-5.00	2.05	-0.12	5.00	-0.67	-0.10	5.00	-1.03	4.04	0.06	2.00	5.00	0.95	5.00	0.35	0.20
348Q	-3.13	5.00	-5.00	0.05	-0.29	5.00	0.06	-0.22	5.00	-0.23	4.30	0.06	-0.07	5.00	0.04	5.00	0.10	-0.02
348P	-2.79	5.00	-5.00	0.03	0.11	5.00	-0.07	-0.21	5.00	-0.01	4.23	0.06	-0.09	5.00	-0.45	5.00	0.16	-0.04
348S	-3.71	5.00	-5.00	0.13	-0.00	5.00	-0.02	-0.13	5.00	-0.06	2.46	0.06	-0.11	5.00	0.08	5.00	-0.10	0.03
348R	-1.68	5.00	-5.00	0.13	-0.00	5.00	-0.02	-0.13	5.00	-0.06	3.92	0.06	-0.11	5.00	0.08	5.00	-0.10	0.03
348T	-2.84	5.00	-5.00	0.13	-0.00	5.00	-0.02	-0.13	5.00	-0.06	4.00	0.06	-0.11	5.00	0.08	5.00	-0.10	0.03
348W	-3.29	5.00	-5.00	0.13	-0.00	5.00	-0.02	-0.13	5.00	-0.06	4.41	0.06	-0.11	5.00	0.08	5.00	-0.10	0.03
348V	-3.10	5.00	-5.00	0.13	-0.00	5.00	-0.02	-0.13	5.00	-0.06	4.30	0.06	-0.11	5.00	0.08	5.00	-0.10	0.03
348I	-2.99	5.00	-5.00	0.13	-0.00	5.00	-0.02	-0.13	5.00	-0.06	4.37	0.06	-0.11	5.00	0.08	5.00	-0.10	0.03
348H	-3.73	5.00	-5.00	0.13	-0.00	5.00	-0.02	-0.13	5.00	-0.06	3.78	0.06	-0.11	5.00	0.08	5.00	-0.10	0.03
348K	-1.91	5.00	-5.00	0.07	-0.17	5.00	-0.35	-0.06	5.00	0.09	3.74	0.06	-0.09	5.00	0.85	5.00	-0.14	-0.01
348M	-3.06	5.00	-5.00	0.13	-0.00	5.00	-0.02	-0.13	5.00	-0.06	3.92	0.06	-0.11	5.00	0.08	5.00	-0.10	0.03
348L	-3.37	5.00	-5.00	0.13	-0.00	5.00	-0.02	-0.13	5.00	-0.06	4.33	0.06	-0.11	5.00	0.08	5.00	-0.10	0.03
348N	-4.18	5.00	-5.00	0.20	-0.06	5.00	-0.08	-0.13	5.00	-0.06	4.31	0.06	-0.11	5.00	0.69	5.00	-0.16	0.00
348A	-3.80	5.00	-5.00	0.13	-0.00	5.00	-0.02	-0.13	5.00	-0.06	4.07	0.06	-0.11	5.00	0.08	5.00	-0.10	0.03
348C	-3.80	5.00	-5.00	0.13	-0.00	5.00	-0.02	-0.13	5.00	-0.06	4.34	0.06	-0.11	5.00	0.08	5.00	-0.10	0.03
348E	-4.40	5.00	-5.00	0.13	-0.00	5.00	-0.02	-0.13	5.00	-0.06	4.73	0.06	-0.11	5.00	0.08	5.00	-0.10	0.03
348D	-3.27	5.00	-5.00	0.13	-0.00	5.00	-0.02	-0.13	5.00	-0.06	4.00	0.06	-0.11	5.00	0.08	5.00	-0.10	0.03
348F	-2.94	5.00	-5.00	0.13	-0.00	5.00	-0.02	-0.13	5.00	-0.06	3.89	0.06	-0.11	5.00	0.08	5.00	-0.10	0.03
417G	-5.00	5.00	-5.00	0.13	-0.00	5.00	-0.02	-0.13	5.00	-0.06	4.65	0.06	-0.11	5.00	0.08	5.00	-0.10	0.03
346W	-0.58	5.00	-5.00	0.13	-0.00	5.00	-0.02	-0.13	5.00	-0.06	5.00	0.06	-0.11	5.00	0.08	5.00	-0.10	0.03
309C	-4.27	5.00	-5.00	0.10	-0.06	5.00	0.01	-0.13	5.00	-0.06	4.91	0.19	-0.02	5.00	-0.14	5.00	0.03	0.03
309A	-4.72	5.00	-5.00	0.15	-0.06	5.00	-0.11	-0.16	5.00	-0.06	4.66	-0.02	-0.06	5.00	0.57	5.00	-0.05	-0.02
309F	-4.04	5.00	-5.00	0.21	-0.00	5.00	-0.02	0.12	5.00	-0.06	4.86	-0.38	0.01	5.00	0.47	5.00	-0.01	0.08
309G	-4.43	5.00	-5.00	0.13	-0.00	5.00	-0.02	-0.13	5.00	-0.06	4.85	0.06	-0.11	5.00	0.08	5.00	-0.10	0.03
309D	-4.72	5.00	-5.00	0.18	-0.00	5.00	0.14	-0.17	5.00	-0.06	4.34	0.06	-0.36	5.00	-0.00	5.00	-0.11	0.01
309E	-4.60	5.00	-5.00	0.13	-0.00	5.00	0.04	-0.12	5.00	-0.06	4.78	-0.02	-0.19	5.00	-0.10	5.00	-0.01	-0.11
309K	-4.56	5.00	-5.00	0.13	-0.00	5.00	-0.02	-0.13	5.00	-0.06	2.71	0.06	-0.11	5.00	0.08	5.00	-0.10	0.03
309H	-4.52	5.00	-5.00	0.13	-0.00	5.00	-0.02	-0.13	5.00	-0.06	1.90	0.06	-0.11	5.00	0.08	5.00	-0.10	0.03
309I	-4.53	5.00	-5.00	0.13	-0.00	5.00	-0.02	-0.13	5.00	-0.06	4.77	0.06	-0.11	5.00	0.08	5.00	-0.10	0.03
309N	-4.71	5.00	-5.00	0.10	0.06	5.00	-0.06	-0.08	5.00	-0.06	3.35	-0.02	-0.11	5.00	-0.10	5.00	0.08	0.06
309L	-4.48	5.00	-5.00	0.13	-0.00	5.00	-0.02	-0.13	5.00	-0.06	4.18	0.06	-0.11	5.00	0.08	5.00	-0.10	0.03
309R	-4.33	5.00	-5.00	0.13	-0.00	5.00	-0.02	-0.13	5.00	-0.06	3.95	0.06	-0.11	5.00	0.08	5.00	-0.10	0.03
309S	-4.73	5.00	-5.00	0.13	-0.00	5.00	-0.02	-0.13	5.00	-0.06	4.49	0.06	-0.11	5.00	0.08	5.00	-0.10	0.03
309P	-4.46	5.00	-5.00	0.34	0.11	5.00	-0.16	-0.26	5.00	-0.06	4.94	0.01	-0.38	5.00	1.31	5.00	-0.06	0.08
309Q	-4.65	5.00	-5.00	0.13	-0.00	5.00	-0.02	-0.13	5.00	-0.06	0.89	0.06	-0.11	5.00	0.08	5.00	-0.10	0.03
309V	-4.03	5.00	-5.00	-0.02	-0.06	5.00	0.05	-0.13	5.00	-0.06	4.89	0.15	-0.52	5.00	-0.27	5.00	-0.31	0.09
309W	-3.79	5.00	-5.00	0.13	-0.00	5.00	-0.02	-0.13	5.00	-0.06	4.77	0.06	-0.11	5.00	0.08	5.00	-0.10	0.03
309T	-4.70	5.00	-5.00	0.24	0.06	5.00	-0.07	-0.11	5.00	-0.06	4.65	0.05	0.04	5.00	0.60	5.00	-0.26	-0.01
417M	-4.81	5.00	-5.00	0.13	-0.00	5.00	-0.02	-0.13	5.00	-0.06	4.83	0.06	-0.11	5.00	0.08	5.00	-0.10	0.03
346N	-3.72	5.00	-5.00	1.20	-0.17	5.00	-0.31	-0.13	5.00	0.26	3.84	0.06	0.25	5.00	0.47	5.00	-0.23	0.02
346M	-2.48	5.00	-5.00	0.13	-0.00	5.00	-0.02	-0.13	5.00	-0.06	4.24	0.06	-0.11	5.00	0.08	5.00	-0.10	0.03
309Y	-3.73	5.00	-5.00	0.60	0.11	5.00	-0.06	-0.47	5.00	-0.06	4.90	0.27	-0.12	5.00	-0.38	5.00	-0.12	-0.03
346K	-1.78	5.00	-5.00	0.13	-0.00	5.00	-0.02	-0.13	5.00	-0.06	4.50	0.06	-0.11	5.00	0.08	5.00	-0.10	0.03
346I	-3.67	5.00	-5.00	0.13	-0.00	5.00	-0.02	-0.13	5.00	-0.06	4.33	0.06	-0.11	5.00	0.08	5.00	-0.10	0.03
346H	-2.50	5.00	-5.00	0.07	0.06	5.00	0.02	-0.13	5.00	-0.11	0.77	0.06	-0.11	5.00	-0.36	5.00	0.00	0.05
346L	-4.39	5.00	-5.00	0.13	-0.00	5.00	-0.02	-0.13	5.00	-0.06	3.74	0.06	-0.11	5.00	0.08	5.00	-0.10	0.03
417K	-4.90	5.00	-5.00	0.28	-0.12	5.00	-0.06	0.03	5.00	-0.04	4.82	0.06	-0.20	5.00	0.52	5.00	0.06	0.03
302Y	-2.36	5.00	-5.00	0.13	-0.00	5.00	-0.02	-0.13	5.00	-0.06	4.73	0.06	-0.11	5.00	0.08	5.00	-0.10	0.03
302W	-3.26	5.00	-5.00	0.13	-0.00	5.00	-0.02	-0.13	5.00	-0.06	4.84	0.06	-0.11	5.00	0.08	5.00	-0.10	0.03
302V	-3.91	5.00	-5.00	0.13	-0.00	5.00	-0.02	-0.13	5.00	-0.06	4.24	0.06	-0.11	5.00	0.08	5.00	-0.10	0.03
302T	-4.36	5.00	-5.00	4.81	-0.00	5.00	0.12	-0.47	5.00	-0.06	4.47	-0.23	-2.40	5.00	-0.90	5.00	0.21	-0.03
302S	-4.26	5.00	-5.00	0.13	-0.00	5.00	-0.02	-0.13	5.00	-0.06	4.30	0.06	-0.11	5.00	0.08	5.00	-0.10	0.03
302R	-3.65	5.00	-5.00	0.13	0.06	5.00	-0.04	-0.07	5.00	-0.06	4.70	0.06	-0.09	5.00	0.12	5.00	-0.04	0.08
302Q	-4.82	5.00	-5.00	1.40	-2.01	5.00	1.73	-1.35	5.00	-0.06	5.00	2.75	-1.30	5.00	-2.73	5.00	-0.50	-1.12
302P	-4.52	5.00	-5.00	0.15	0.17	5.00	-0.17	-0.07	5.00	-0.06	4.08	0.03	0.15	5.00	0.40	5.00	-0.03	0.01
302N	-4.26	5.00	-5.00	0.07	0.11	5.00	-0.00	-0.02	5.00	-0.06	2.01	-0.03	-0.16	5.00	0.03	5.00	-0.19	0.07
302M	-4.32	5.00	-5.00	0.13	-0.00	5.00	-0.02	-0.13	5.00	-0.06	4.78	0.06	-0.11	5.00	0.08	5.00	-0.10	0.03
302L	-4.20	5.00	-5.00	0.26	-0.29	5.00	0.16	-0.08	5.00	-0.06	4.65	-0.02	-0.27	5.00	0.25	5.00	-0.13	-0.11
302K	-4.15	5.00	-5.00	0.13	-0.00	5.00	-0.02	-0.13	5.00	-0.06	4.65	0.06	-0.11	5.00	0.08	5.00	-0.10	0.03
302I	-3.59	5.00	-5.00	0.13	-0.00	5.00	-0.02	-0.13	5.00	-0.06	4.07	0.06	-0.11	5.00	0.08	5.00	-0.10	0.03
302H	-4.58	5.00	-5.00	0.13	-0.00	5.00	-0.02	-0.13	5.00	-0.06	4.38	0.06	-0.11	5.00	0.08	5.00	-0.10	0.03
302G	-5.00	5.00	-5.00	0.11	-0.00	5.00	-0.02	-0.15	5.00	-0.06	4.37	-0.02	-0.16	5.00	0.39	5.00	-0.30	0.04
302F	-2.34	5.00	-5.00	0.13	-0.00	5.00	-0.02	-0.13	5.00	-0.06	4.37	0.06	-0.11	5.00	0.08	5.00	-0.10	0.03
302E	-4.27	5.00	-5.00	0.08	0.11	5.00	-0.10	0.08	5.00	-0.06	4.46	0.07	-0.12	5.00	0.56	5.00	-0.30	-0.03
302D	-4.91	5.00	-5.00	0.11	-0.00	5.00	0.07	-0.02	5.00	-0.06	2.03	0.07	-0.13	5.00	-0.03	5.00	-0.20	-0.01
302C	-3.30	5.00	-5.00	0.59	-0.00	5.00	0.42	0.02	5.00	-0.06	4.08	0.05	-0.02	5.00	1.83	5.00	-0.40	-0.24
417T	-4.92	5.00	-5.00	0.13	-0.00	5.00	-0.02	-0.13	5.00	-0.06	4.67	0.06	-0.11	5.00	0.08	5.00	-0.10	0.03
417V	-4.77	5.00	-5.00	0.13	-0.00	5.00	-0.02	-0.13	5.00	-0.06	4.67	0.06	-0.11	5.00	0.08	5.00	-0.10	0.03
417P	-4.89	5.00	-5.00	0.13	-0.00	5.00	-0.02	-0.13	5.00	-0.06	4.68	0.06	-0.11	5.00	0.08	5.00	-0.10	0.03
417Q	-4.59	5.00	-5.00	-0.30	-0.40	5.00	-0.03	-0.10	5.00	0.03	4.66	0.06	0.54	5.00	-0.26	5.00	0.12	0.04
417R	-4.72	5.00	-5.00	0.13	-0.00	5.00	-0.02	-0.13	5.00	-0.06	3.92	0.06	-0.11	5.00	0.08	5.00	-0.10	0.03
346V	-3.63	5.00	-5.00	0.13	-0.00	5.00	-0.02	-0.13	5.00	-0.06	3.98	0.06	-0.11	5.00	0.08	5.00	-0.10	0.03
417Y	-3.73	5.00	-5.00	0.11	-0.12	5.00	-0.07	-0.12	5.00	-0.42	4.67	0.06	-0.35	5.00	1.84	5.00	0.23	-0.01
417D	-4.85	5.00	-5.00	-0.15	-0.12	5.00	0.03	-0.03	5.00	-0.13	4.55	0.06	-0.12	5.00	0.56	5.00	0.03	0.12
417E	-4.77	5.00	-5.00	0.20	-0.00	5.00	-0.09	0.00	5.00	-0.08	4.69	0.06	-0.01	5.00	0.07	5.00	-0.38	-0.01
417F	-4.36	5.00	-5.00	-0.46	-0.06	5.00	0.21	-0.01	5.00	-0.16	4.67	0.06	0.61	5.00	0.02	5.00	-0.38	-0.02
346T	-3.91	5.00	-5.00	0.13	-0.00	5.00	-0.02	-0.13	5.00	-0.06	4.15	0.06	-0.11	5.00	0.08	5.00	-0.10	0.03
417A	-5.00	5.00	-5.00	0.13	-0.00	5.00	-0.02	-0.13	5.00	-0.06	4.63	0.06	-0.11	5.00	0.08	5.00	-0.10	0.03
417C	-5.00	5.00	-5.00	0.11	0.06	5.00	-0.12	-0.18	5.00	-0.13	4.64	0.06	-0.10	5.00	0.39	5.00	-0.13	0.01
417L	-3.95	5.00	-5.00	0.13	-0.00	5.00	-0.02	-0.13	5.00	-0.06	4.69	0.06	-0.11	5.00	0.08	5.00	-0.10	0.03
346S	-4.65	5.00	-5.00	0.13	-0.00	5.00	-0.02	-0.13	5.00	-0.06	4.13	0.06	-0.11	5.00	0.08	5.00	-0.10	0.03
417N	-5.00	5.00	-5.00	0.13	-0.00	5.00	-0.02	-0.13	5.00	-0.06	4.65	0.06	-0.11	5.00	0.08	5.00	-0.10	0.03
417H	-4.81	5.00	-5.00	0.13	-0.00	5.00	-0.02	-0.13	5.00	-0.06	4.69	0.06	-0.11	5.00	0.08	5.00	-0.10	0.03
417I	-4.56	5.00	-5.00	0.13	-0.00	5.00	-0.02	-0.13	5.00	-0.06	4.68	0.06	-0.11	5.00	0.08	5.00	-0.10	0.03
346R	-2.26	5.00	-5.00	0.13	-0.00	5.00	-0.02	-0.13	5.00	-0.06	3.22	0.06	-0.11	5.00	0.08	5.00	-0.10	0.03
346Q	-3.32	5.00	-5.00	0.13	-0.00	5.00	0.19	-0.26	5.00	-0.23	2.22	0.06	-0.12	5.00	0.28	5.00	-0.09	-0.03
346P	-4.67	5.00	-5.00	0.07	0.06	5.00	-0.10	-0.12	5.00	0.06	4.03	0.06	-0.12	5.00	-0.14	5.00	0.06	0.03
346Y	-3.09	5.00	-5.00	0.23	-0.00	5.00	0.05	-0.16	5.00	-0.11	-0.00	0.06	-0.08	5.00	0.38	5.00	-0.01	0.04
417S	-5.00	5.00	-5.00	0.13	-0.00	5.00	-0.02	-0.13	5.00	-0.06	4.66	0.06	-0.11	5.00	0.08	5.00	-0.10	0.03
346F	-3.18	5.00	-5.00	0.14	-0.06	5.00	0.05	-0.12	5.00	0.01	4.23	0.06	-0.09	5.00	0.36	5.00	-0.22	0.04
346E	-3.62	5.00	-5.00	0.37	-0.00	5.00	-0.45	-0.25	5.00	-0.11	2.78	0.06	0.05	5.00	0.30	5.00	0.18	-0.03
346D	-3.92	5.00	-5.00	0.13	-0.00	5.00	-0.02	-0.13	5.00	-0.06	2.33	0.06	-0.11	5.00	0.08	5.00	-0.10	0.03
346C	-4.27	5.00	-5.00	0.10	0.11	5.00	-0.25	-0.08	5.00	-0.06	4.30	0.06	-0.12	5.00	-0.89	5.00	0.16	0.08
401Y	-2.77	5.00	-5.00	0.08	-0.06	5.00	-0.08	-0.15	5.00	0.04	2.51	0.06	-0.12	5.00	0.30	5.00	-0.11	0.03
346A	-4.66	5.00	-5.00	0.13	-0.00	5.00	-0.02	-0.13	5.00	-0.06	4.26	0.06	-0.11	5.00	0.08	5.00	-0.10	0.03
401S	-4.86	5.00	-5.00	0.13	-0.00	5.00	-0.02	-0.13	5.00	-0.06	4.55	0.06	-0.11	5.00	0.08	5.00	-0.10	0.03
401R	-4.33	5.00	-5.00	0.13	-0.00	5.00	-0.02	-0.13	5.00	-0.06	1.90	0.06	-0.11	5.00	0.08	5.00	-0.10	0.03
401Q	-4.27	5.00	-5.00	0.13	0.17	5.00	-0.15	-0.15	5.00	0.13	4.59	0.06	0.02	5.00	0.13	5.00	-0.17	0.00
401P	-4.32	5.00	-5.00	0.13	-0.00	5.00	-0.02	-0.13	5.00	-0.06	4.58	0.06	-0.11	5.00	0.08	5.00	-0.10	0.03
401W	-1.89	5.00	-5.00	0.18	0.11	5.00	-0.22	-0.12	5.00	0.03	4.87	0.06	0.04	5.00	0.22	5.00	-0.12	0.06
401T	-4.47	5.00	-5.00	0.14	0.06	5.00	0.01	-0.16	5.00	-0.03	4.61	0.06	-0.13	5.00	-0.12	5.00	-0.08	0.02
401K	-4.02	5.00	-5.00	0.14	0.06	5.00	0.01	-0.16	5.00	-0.03	4.99	0.06	-0.13	5.00	-0.12	5.00	-0.08	0.02
401I	-4.31	5.00	-5.00	0.05	0.11	5.00	-0.18	-0.17	5.00	0.16	3.94	0.06	-0.11	5.00	-0.07	5.00	-0.25	-0.02
401H	-3.54	5.00	-5.00	1.06	-0.06	5.00	-0.05	-0.13	5.00	-0.48	4.58	0.06	0.00	5.00	-0.06	5.00	0.04	-0.07
401N	-4.30	5.00	-5.00	0.08	0.17	5.00	0.21	0.00	5.00	0.08	4.59	0.06	0.50	5.00	-0.17	5.00	-0.17	0.10
401M	-4.54	5.00	-5.00	0.18	0.11	5.00	-0.04	-0.15	5.00	0.03	4.54	0.06	0.00	5.00	0.23	5.00	-0.11	0.06
401L	-4.14	5.00	-5.00	0.18	0.11	5.00	-0.04	-0.15	5.00	0.03	3.96	0.06	0.00	5.00	0.23	5.00	-0.11	0.06
401C	-4.68	5.00	-5.00	0.13	-0.00	5.00	-0.02	-0.13	5.00	-0.06	4.57	0.06	-0.11	5.00	0.08	5.00	-0.10	0.03
401A	-5.00	5.00	-5.00	0.89	-0.40	5.00	-0.02	-0.07	5.00	0.01	4.65	0.06	-0.49	5.00	0.60	5.00	0.01	0.07
401G	-4.96	5.00	-5.00	1.15	-0.81	5.00	-0.08	-0.10	5.00	0.01	4.57	0.06	-0.66	5.00	0.53	5.00	-0.04	0.04
401F	-3.56	5.00	-5.00	0.13	-0.00	5.00	-0.02	-0.13	5.00	-0.06	4.56	0.06	-0.11	5.00	0.08	5.00	-0.10	0.03
401E	-4.29	5.00	-5.00	0.34	-0.06	5.00	0.36	-0.16	5.00	-0.14	3.89	0.06	-0.25	5.00	1.32	5.00	-0.30	0.05
401D	-4.58	5.00	-5.00	0.05	0.11	5.00	-0.18	-0.17	5.00	0.16	4.61	0.06	-0.11	5.00	-0.07	5.00	-0.25	-0.02
305N	-4.63	5.00	-5.00	0.13	-0.00	5.00	-0.02	-0.13	5.00	-0.06	4.28	0.06	-0.11	5.00	0.08	5.00	-0.10	0.03
305L	-4.63	5.00	-5.00	0.14	-0.06	5.00	-0.06	-0.13	5.00	-0.06	4.39	0.05	-0.08	5.00	-0.05	5.00	-0.00	0.06
305M	-4.42	5.00	-5.00	0.13	-0.00	5.00	-0.02	-0.13	5.00	-0.06	4.30	0.06	-0.11	5.00	0.08	5.00	-0.10	0.03
305K	-4.67	5.00	-5.00	0.15	-0.06	5.00	-0.16	-0.15	5.00	-0.06	4.34	0.17	-0.14	5.00	-0.07	5.00	0.10	0.11
305H	-4.54	5.00	-5.00	0.27	0.11	5.00	-0.09	-0.16	5.00	-0.06	4.41	0.25	-0.02	5.00	-0.52	5.00	0.18	0.05
305I	-4.01	5.00	-5.00	0.13	-0.00	5.00	-0.02	-0.13	5.00	-0.06	4.27	0.06	-0.11	5.00	0.08	5.00	-0.10	0.03
305G	-3.81	5.00	-5.00	-5.00	5.00	5.00	1.70	-0.35	5.00	-0.06	4.80	1.07	0.48	5.00	5.00	5.00	-4.36	-0.49
305D	-4.84	5.00	-5.00	0.01	-0.12	5.00	0.16	-0.25	5.00	-0.06	4.18	0.06	-0.14	5.00	0.10	5.00	-0.20	0.03
305E	-5.00	5.00	-5.00	0.13	-0.00	5.00	-0.02	-0.13	5.00	-0.06	4.48	0.06	-0.11	5.00	0.08	5.00	-0.10	0.03
305C	-4.72	5.00	-5.00	0.13	-0.00	5.00	-0.02	-0.13	5.00	-0.06	4.26	0.06	-0.11	5.00	0.08	5.00	-0.10	0.03
305A	-4.22	5.00	-5.00	0.13	-0.00	5.00	-0.02	-0.13	5.00	-0.06	4.15	0.06	-0.11	5.00	0.08	5.00	-0.10	0.03
305Y	-4.63	5.00	-5.00	0.20	0.06	5.00	-0.04	-0.30	5.00	-0.06	4.41	0.13	-0.11	5.00	-0.10	5.00	0.05	0.08
305V	-4.08	5.00	-5.00	0.13	-0.00	5.00	-0.02	-0.13	5.00	-0.06	4.24	0.06	-0.11	5.00	0.08	5.00	-0.10	0.03
305W	-3.29	5.00	-5.00	0.13	-0.00	5.00	-0.02	-0.13	5.00	-0.06	4.33	0.06	-0.11	5.00	0.08	5.00	-0.10	0.03
305T	-4.58	5.00	-5.00	0.13	-0.00	5.00	-0.02	-0.13	5.00	-0.06	4.53	0.06	-0.11	5.00	0.08	5.00	-0.10	0.03
305R	-3.24	5.00	-5.00	-0.55	-0.35	5.00	-0.03	-0.45	5.00	-0.06	4.33	0.23	0.33	5.00	0.51	5.00	-0.24	-0.01
305S	-4.72	5.00	-5.00	0.13	-0.00	5.00	-0.02	-0.13	5.00	-0.06	4.28	0.06	-0.11	5.00	0.08	5.00	-0.10	0.03
305P	-4.30	5.00	-5.00	0.05	0.06	5.00	-0.06	-0.30	5.00	-0.06	4.14	0.09	-0.09	5.00	0.25	5.00	-0.18	0.06
305Q	-4.81	5.00	-5.00	0.13	-0.00	5.00	-0.02	-0.13	5.00	-0.06	4.31	0.06	-0.11	5.00	0.08	5.00	-0.10	0.03
306C	-5.00	5.00	-5.00	-1.38	0.34	5.00	0.12	-0.30	5.00	-0.06	4.37	0.15	0.40	5.00	0.52	5.00	-0.02	0.01
306A	-5.00	5.00	-5.00	-2.07	0.74	5.00	-0.23	-0.10	5.00	-0.06	4.83	0.10	1.02	5.00	-0.17	5.00	0.17	-0.04
306G	-5.00	5.00	-5.00	0.13	-0.00	5.00	-0.02	-0.13	5.00	-0.06	4.90	0.06	-0.11	5.00	0.08	5.00	-0.10	0.03
306F	-4.42	5.00	-5.00	-0.19	0.40	5.00	-0.11	-0.27	5.00	-0.06	4.26	0.07	-0.03	5.00	-0.03	5.00	-0.05	0.02
306E	-5.00	5.00	-5.00	0.13	-0.06	5.00	-0.04	-0.16	5.00	-0.06	4.24	0.17	-0.01	5.00	-0.08	5.00	-0.18	-0.02
306D	-5.00	5.00	-5.00	-0.19	0.51	5.00	0.04	-0.16	5.00	-0.06	4.08	0.05	-0.06	5.00	-0.03	5.00	-0.21	0.01
306K	-4.82	5.00	-5.00	-0.19	0.51	5.00	-0.04	-0.47	5.00	-0.06	4.21	0.05	-0.01	5.00	0.04	5.00	-0.06	0.03
306I	-5.00	5.00	-5.00	-0.18	0.40	5.00	-0.14	-0.37	5.00	-0.06	4.86	-0.01	-0.07	5.00	-0.16	5.00	-0.13	0.01
306H	-4.91	5.00	-5.00	-0.19	0.51	5.00	0.04	-0.16	5.00	-0.06	4.40	0.05	-0.06	5.00	-0.03	5.00	-0.21	0.01
306N	-5.00	5.00	-5.00	-0.19	0.51	5.00	0.04	-0.16	5.00	-0.06	4.25	0.05	-0.06	5.00	-0.03	5.00	-0.21	0.01
306M	-5.00	5.00	-5.00	0.63	0.69	5.00	0.28	-0.59	5.00	-0.06	4.68	0.19	-1.75	5.00	-0.40	5.00	2.28	-0.11
306L	-5.00	5.00	-5.00	-0.18	0.40	5.00	-0.14	-0.37	5.00	-0.06	4.09	-0.01	-0.07	5.00	-0.16	5.00	-0.13	0.01
306S	-5.00	5.00	-5.00	-0.19	0.51	5.00	0.04	-0.16	5.00	-0.06	4.33	0.05	-0.06	5.00	-0.03	5.00	-0.21	0.01
306R	-5.00	5.00	-5.00	-0.19	0.40	5.00	-0.11	-0.27	5.00	-0.06	4.29	0.07	-0.03	5.00	-0.03	5.00	-0.05	0.02
306Q	-5.00	5.00	-5.00	-0.19	0.51	5.00	0.04	-0.16	5.00	-0.06	4.19	0.05	-0.06	5.00	-0.03	5.00	-0.21	0.01
306P	-5.00	5.00	-5.00	-0.19	0.51	5.00	0.04	-0.16	5.00	-0.06	4.30	0.05	-0.06	5.00	-0.03	5.00	-0.21	0.01
306W	-4.26	5.00	-5.00	0.83	0.40	5.00	0.24	-0.31	5.00	-0.06	4.63	0.19	-0.66	5.00	-0.03	5.00	-0.31	-0.07
306V	-5.00	5.00	-5.00	-0.32	0.46	5.00	-0.10	-0.37	5.00	-0.06	4.86	0.07	-0.01	5.00	-0.03	5.00	-0.10	0.10
306T	-5.00	5.00	-5.00	-0.23	0.57	5.00	-0.04	-0.20	5.00	-0.06	4.37	0.01	0.03	5.00	-0.30	5.00	-0.05	0.13
