384A	-2.73	5.00	-5.00	-0.08	0.07	5.00	0.26	0.15	5.00	-0.10	2.09	0.05	2.64	5.00	0.04	5.00	0.25	-0.21
384C	-2.76	5.00	-5.00	-0.05	0.11	5.00	0.13	0.07	5.00	-0.10	2.12	-0.20	0.04	5.00	0.27	5.00	-0.07	-0.40
384E	-2.94	5.00	-5.00	-0.05	0.11	5.00	0.11	0.15	5.00	-0.10	2.12	0.05	0.14	5.00	0.09	5.00	0.02	-0.11
384D	-2.83	5.00	-5.00	-0.05	0.11	5.00	0.11	0.15	5.00	-0.10	2.12	0.05	0.14	5.00	0.09	5.00	0.02	-0.11
384G	-2.73	5.00	-5.00	-0.05	0.11	5.00	0.11	0.15	5.00	-0.10	2.09	0.05	0.14	5.00	0.09	5.00	0.02	-0.11
384I	-2.76	5.00	-5.00	-0.05	0.07	5.00	0.22	-0.06	5.00	-0.10	2.10	0.49	0.26	5.00	0.50	5.00	-0.09	-0.11
384H	-2.77	5.00	-5.00	-0.02	0.23	5.00	0.04	0.19	5.00	-0.10	2.12	-0.14	0.23	5.00	0.47	5.00	-0.35	-0.30
384K	-2.59	5.00	-5.00	-0.05	0.11	5.00	0.11	0.15	5.00	-0.10	2.09	0.05	0.14	5.00	0.09	5.00	0.02	-0.11
384M	-2.79	5.00	-5.00	-0.05	0.11	5.00	0.11	0.15	5.00	-0.10	2.12	0.05	0.14	5.00	0.09	5.00	0.02	-0.11
384L	-2.56	5.00	-5.00	-0.05	0.11	5.00	0.11	0.15	5.00	-0.10	2.13	0.05	0.14	5.00	0.09	5.00	0.02	-0.11
384N	-2.81	5.00	-5.00	-0.05	0.11	5.00	0.11	0.15	5.00	-0.10	2.12	0.05	0.14	5.00	0.09	5.00	0.02	-0.11
384Q	-2.77	5.00	-5.00	0.15	-0.12	5.00	0.00	0.32	5.00	-0.10	2.09	-0.01	1.43	5.00	-0.02	5.00	-0.02	-0.16
384P	-2.83	5.00	-5.00	-0.05	0.11	5.00	0.11	0.15	5.00	-0.10	2.09	0.05	0.14	5.00	0.09	5.00	0.02	-0.11
384S	-2.76	5.00	-5.00	-0.05	0.11	5.00	0.11	0.15	5.00	-0.10	2.09	0.05	0.14	5.00	0.09	5.00	0.02	-0.11
384R	-2.67	5.00	-5.00	-0.05	0.11	5.00	0.11	0.15	5.00	-0.10	2.10	0.05	0.14	5.00	0.09	5.00	0.02	-0.11
384T	-2.74	5.00	-5.00	-0.05	0.11	5.00	0.11	0.15	5.00	-0.10	2.12	0.05	0.14	5.00	0.09	5.00	0.02	-0.11
384W	-2.74	5.00	-5.00	-0.08	0.11	5.00	-0.15	0.03	5.00	-0.10	2.14	0.18	0.19	5.00	0.27	5.00	-0.12	-0.26
384V	-2.72	5.00	-5.00	0.10	-1.17	5.00	0.28	0.03	5.00	-0.10	2.03	-0.14	1.31	5.00	-1.30	5.00	0.88	-0.59
384Y	-2.49	5.00	-5.00	-0.17	0.61	5.00	0.19	-0.02	5.00	-0.10	1.12	0.18	-1.74	5.00	1.73	5.00	0.49	1.37
348Y	-0.36	5.00	-5.00	-0.05	0.11	5.00	0.11	0.15	5.00	-0.10	0.85	0.05	0.14	5.00	0.09	5.00	0.02	-0.11
348Q	-1.45	5.00	-5.00	0.24	1.08	5.00	-1.19	2.87	5.00	-1.72	2.09	0.05	-1.53	5.00	-0.53	5.00	0.49	-0.16
348P	-1.75	5.00	-5.00	-0.05	0.11	5.00	0.11	0.15	5.00	-0.10	2.14	0.05	0.14	5.00	0.09	5.00	0.02	-0.11
348S	-2.43	5.00	-5.00	-0.05	0.11	5.00	0.11	0.15	5.00	-0.10	2.14	0.05	0.14	5.00	0.09	5.00	0.02	-0.11
348R	-1.20	5.00	-5.00	-0.05	0.11	5.00	0.11	0.15	5.00	-0.10	2.12	0.05	0.14	5.00	0.09	5.00	0.02	-0.11
348T	-2.11	5.00	-5.00	-0.05	0.11	5.00	0.11	0.15	5.00	-0.10	2.12	0.05	0.14	5.00	0.09	5.00	0.02	-0.11
348W	-0.90	5.00	-5.00	-0.05	0.11	5.00	0.11	0.15	5.00	-0.10	2.15	0.05	0.14	5.00	0.09	5.00	0.02	-0.11
348V	-1.69	5.00	-5.00	-0.05	0.11	5.00	0.11	0.15	5.00	-0.10	2.14	0.05	0.14	5.00	0.09	5.00	0.02	-0.11
348I	-1.42	5.00	-5.00	-0.05	0.11	5.00	0.11	0.15	5.00	-0.10	2.14	0.05	0.14	5.00	0.09	5.00	0.02	-0.11
348H	-1.71	5.00	-5.00	-0.05	0.11	5.00	0.11	0.15	5.00	-0.10	2.14	0.05	0.14	5.00	0.09	5.00	0.02	-0.11
348K	-1.85	5.00	-5.00	-0.05	0.11	5.00	0.11	0.15	5.00	-0.10	2.27	0.05	0.14	5.00	0.09	5.00	0.02	-0.11
348M	-1.01	5.00	-5.00	-0.05	0.11	5.00	0.11	0.15	5.00	-0.10	2.19	0.05	0.14	5.00	0.09	5.00	0.02	-0.11
348L	-1.35	5.00	-5.00	-0.05	0.11	5.00	0.11	0.15	5.00	-0.10	2.16	0.05	0.14	5.00	0.09	5.00	0.02	-0.11
348N	-1.85	5.00	-5.00	-0.05	0.11	5.00	0.11	0.15	5.00	-0.10	1.73	0.05	0.14	5.00	0.09	5.00	0.02	-0.11
348A	-2.22	5.00	-5.00	-0.05	0.11	5.00	0.11	0.15	5.00	-0.10	2.13	0.05	0.14	5.00	0.09	5.00	0.02	-0.11
348C	-2.05	5.00	-5.00	-0.05	0.11	5.00	0.11	0.15	5.00	-0.10	2.13	0.05	0.14	5.00	0.09	5.00	0.02	-0.11
348E	-1.31	5.00	-5.00	-0.05	0.11	5.00	0.11	0.15	5.00	-0.10	2.17	0.05	0.14	5.00	0.09	5.00	0.02	-0.11
348D	-2.18	5.00	-5.00	-0.05	0.11	5.00	0.11	0.15	5.00	-0.10	2.12	0.05	0.14	5.00	0.09	5.00	0.02	-0.11
348F	-2.09	5.00	-5.00	-0.05	0.11	5.00	0.11	0.15	5.00	-0.10	2.14	0.05	0.14	5.00	0.09	5.00	0.02	-0.11
417G	-3.10	5.00	-5.00	-0.05	0.11	5.00	0.11	0.15	5.00	-0.10	2.14	0.05	0.14	5.00	0.09	5.00	0.02	-0.11
346W	-1.41	5.00	-5.00	-0.05	0.11	5.00	0.11	0.15	5.00	-0.10	2.31	0.05	0.14	5.00	0.09	5.00	0.02	-0.11
309C	-2.77	5.00	-5.00	-0.05	0.23	5.00	0.07	0.15	5.00	-0.10	2.13	-0.26	0.04	5.00	0.24	5.00	-0.42	0.08
309A	-2.83	5.00	-5.00	-0.05	0.11	5.00	0.11	0.15	5.00	-0.10	2.13	0.05	0.14	5.00	0.09	5.00	0.02	-0.11
309F	-2.64	5.00	-5.00	-0.05	0.11	5.00	0.11	0.15	5.00	-0.10	2.13	0.05	0.14	5.00	0.09	5.00	0.02	-0.11
309G	-2.78	5.00	-5.00	-0.05	0.11	5.00	0.11	0.15	5.00	-0.10	2.13	0.05	0.14	5.00	0.09	5.00	0.02	-0.11
309D	-2.79	5.00	-5.00	-0.23	0.19	5.00	-0.17	0.28	5.00	-0.10	2.14	-0.51	0.52	5.00	-0.55	5.00	0.18	0.13
309E	-2.76	5.00	-5.00	-0.05	0.11	5.00	0.11	0.15	5.00	-0.10	2.13	0.05	0.14	5.00	0.09	5.00	0.02	-0.11
309K	-2.82	5.00	-5.00	0.01	0.19	5.00	0.30	0.11	5.00	-0.10	2.14	-0.14	0.31	5.00	0.57	5.00	-0.13	0.08
309H	-2.71	5.00	-5.00	-0.05	0.11	5.00	0.11	0.15	5.00	-0.10	2.13	0.05	0.14	5.00	0.09	5.00	0.02	-0.11
309I	-2.85	5.00	-5.00	-0.05	0.11	5.00	0.11	0.15	5.00	-0.10	2.12	0.05	0.14	5.00	0.09	5.00	0.02	-0.11
309N	-2.74	5.00	-5.00	-0.08	0.23	5.00	0.19	-0.02	5.00	-0.10	2.13	0.18	0.09	5.00	0.23	5.00	-0.52	-0.54
309L	-2.72	5.00	-5.00	-0.05	0.11	5.00	0.11	0.15	5.00	-0.10	2.13	0.05	0.14	5.00	0.09	5.00	0.02	-0.11
309R	-2.76	5.00	-5.00	-0.05	0.11	5.00	0.11	0.15	5.00	-0.10	2.13	0.05	0.14	5.00	0.09	5.00	0.02	-0.11
309S	-2.87	5.00	-5.00	-0.05	0.11	5.00	0.11	0.15	5.00	-0.10	2.14	0.05	0.14	5.00	0.09	5.00	0.02	-0.11
309P	-2.78	5.00	-5.00	-0.05	0.11	5.00	0.11	0.15	5.00	-0.10	2.13	0.05	0.14	5.00	0.09	5.00	0.02	-0.11
309Q	-2.81	5.00	-5.00	-0.05	0.11	5.00	0.11	0.15	5.00	-0.10	2.13	0.05	0.14	5.00	0.09	5.00	0.02	-0.11
309V	-2.76	5.00	-5.00	-0.05	0.11	5.00	0.11	0.15	5.00	-0.10	2.13	0.05	0.14	5.00	0.09	5.00	0.02	-0.11
309W	-2.73	5.00	-5.00	-0.05	0.11	5.00	0.11	0.15	5.00	-0.10	2.13	0.05	0.14	5.00	0.09	5.00	0.02	-0.11
309T	-2.82	5.00	-5.00	-0.14	0.03	5.00	0.32	0.07	5.00	-0.10	2.14	-0.57	0.14	5.00	0.01	5.00	0.39	-0.02
417M	-3.03	5.00	-5.00	-0.05	0.11	5.00	0.11	0.15	5.00	-0.10	2.14	0.05	0.14	5.00	0.09	5.00	0.02	-0.11
346N	-2.19	5.00	-5.00	-0.05	0.11	5.00	0.11	0.15	5.00	-0.10	0.68	0.05	0.14	5.00	0.09	5.00	0.02	-0.11
346M	-0.89	5.00	-5.00	-0.05	0.11	5.00	0.11	0.15	5.00	-0.10	2.20	0.05	0.14	5.00	0.09	5.00	0.02	-0.11
309Y	-2.69	5.00	-5.00	-0.05	0.07	5.00	-0.02	0.57	5.00	-0.10	2.14	0.24	0.14	5.00	0.03	5.00	-0.32	0.56
346K	0.66	5.00	-5.00	-0.05	0.11	5.00	0.11	0.15	5.00	-0.10	1.91	0.05	0.14	5.00	0.09	5.00	0.02	-0.11
346I	-1.80	5.00	-5.00	-0.05	0.11	5.00	0.11	0.15	5.00	-0.10	2.10	0.05	0.14	5.00	0.09	5.00	0.02	-0.11
346H	-1.52	5.00	-5.00	-0.05	0.11	5.00	0.11	0.15	5.00	-0.10	0.55	0.05	0.14	5.00	0.09	5.00	0.02	-0.11
346L	-1.35	5.00	-5.00	-0.05	0.11	5.00	0.11	0.15	5.00	-0.10	2.09	0.05	0.14	5.00	0.09	5.00	0.02	-0.11
417K	-3.06	5.00	-5.00	-0.02	0.11	5.00	-0.08	0.74	5.00	0.14	2.15	0.05	0.31	5.00	0.75	5.00	-0.09	-0.73
302Y	-2.07	5.00	-5.00	-0.05	0.11	5.00	0.11	0.15	5.00	-0.10	2.13	0.05	0.14	5.00	0.09	5.00	0.02	-0.11
302W	-2.07	5.00	-5.00	-0.05	0.11	5.00	0.11	0.15	5.00	-0.10	2.09	0.05	0.14	5.00	0.09	5.00	0.02	-0.11
302V	-2.31	5.00	-5.00	-0.05	0.11	5.00	0.11	0.15	5.00	-0.10	2.16	0.05	0.14	5.00	0.09	5.00	0.02	-0.11
302T	-2.45	5.00	-5.00	-0.05	0.11	5.00	0.11	0.15	5.00	-0.10	2.15	0.05	0.14	5.00	0.09	5.00	0.02	-0.11
302S	-2.67	5.00	-5.00	0.27	-1.21	5.00	-0.72	-2.44	5.00	-0.10	2.11	0.05	1.86	5.00	-1.98	5.00	2.99	0.27
302R	-1.30	5.00	-5.00	-0.05	0.11	5.00	0.11	0.15	5.00	-0.10	2.16	0.05	0.14	5.00	0.09	5.00	0.02	-0.11
302Q	-1.83	5.00	-5.00	-0.05	0.15	5.00	0.30	-0.48	5.00	-0.10	2.16	0.18	0.21	5.00	0.00	5.00	0.27	0.18
302P	-2.42	5.00	-5.00	-0.05	0.11	5.00	0.11	0.15	5.00	-0.10	2.18	0.05	0.14	5.00	0.09	5.00	0.02	-0.11
302N	-2.53	5.00	-5.00	-0.05	0.11	5.00	0.11	0.15	5.00	-0.10	2.13	0.05	0.14	5.00	0.09	5.00	0.02	-0.11
302M	-1.45	5.00	-5.00	-0.05	0.11	5.00	0.11	0.15	5.00	-0.10	2.15	0.05	0.14	5.00	0.09	5.00	0.02	-0.11
302L	-1.90	5.00	-5.00	-0.05	0.11	5.00	0.11	0.15	5.00	-0.10	2.14	0.05	0.14	5.00	0.09	5.00	0.02	-0.11
302K	-0.65	5.00	-5.00	-0.05	0.11	5.00	0.11	0.15	5.00	-0.10	0.73	0.05	0.14	5.00	0.09	5.00	0.02	-0.11
302I	-1.45	5.00	-5.00	-0.05	0.11	5.00	0.11	0.15	5.00	-0.10	2.12	0.05	0.14	5.00	0.09	5.00	0.02	-0.11
302H	-2.46	5.00	-5.00	-0.05	0.11	5.00	0.11	0.15	5.00	-0.10	2.14	0.05	0.14	5.00	0.09	5.00	0.02	-0.11
302G	-2.80	5.00	-5.00	0.56	-1.68	5.00	0.26	-0.31	5.00	-0.10	2.22	-0.45	3.69	5.00	-4.46	5.00	0.79	-0.11
302F	-2.17	5.00	-5.00	-0.05	0.11	5.00	0.11	0.15	5.00	-0.10	2.12	0.05	0.14	5.00	0.09	5.00	0.02	-0.11
302E	-2.44	5.00	-5.00	-0.05	0.11	5.00	0.11	0.15	5.00	-0.10	2.14	0.05	0.14	5.00	0.09	5.00	0.02	-0.11
302D	-2.77	5.00	-5.00	-0.05	0.11	5.00	0.11	0.15	5.00	-0.10	2.14	0.05	0.14	5.00	0.09	5.00	0.02	-0.11
302C	-2.52	5.00	-5.00	-0.05	0.11	5.00	0.11	0.15	5.00	-0.10	2.13	0.05	0.14	5.00	0.09	5.00	0.02	-0.11
417T	-3.22	5.00	-5.00	-0.05	0.11	5.00	0.11	0.15	5.00	-0.10	2.13	0.05	0.14	5.00	0.09	5.00	0.02	-0.11
417V	-3.26	5.00	-5.00	-0.05	0.11	5.00	0.11	0.15	5.00	-0.10	2.14	0.05	0.14	5.00	0.09	5.00	0.02	-0.11
417P	-3.11	5.00	-5.00	-0.05	0.11	5.00	0.11	0.15	5.00	-0.10	2.14	0.05	0.14	5.00	0.09	5.00	0.02	-0.11
417Q	-3.13	5.00	-5.00	-0.05	0.11	5.00	0.11	0.15	5.00	-0.10	2.14	0.05	0.14	5.00	0.09	5.00	0.02	-0.11
417R	-3.12	5.00	-5.00	-0.08	-0.01	5.00	0.19	-0.18	5.00	-0.48	2.14	0.05	0.21	5.00	0.60	5.00	0.52	-0.11
346V	-1.80	5.00	-5.00	-0.05	0.11	5.00	0.11	0.15	5.00	-0.10	2.14	0.05	0.14	5.00	0.09	5.00	0.02	-0.11
417Y	-3.00	5.00	-5.00	-0.05	0.11	5.00	0.11	0.15	5.00	-0.10	2.15	0.05	0.14	5.00	0.09	5.00	0.02	-0.11
417D	-3.21	5.00	-5.00	-0.05	0.11	5.00	0.11	0.15	5.00	-0.10	2.14	0.05	0.14	5.00	0.09	5.00	0.02	-0.11
417E	-3.12	5.00	-5.00	-0.05	0.11	5.00	0.11	0.15	5.00	-0.10	2.14	0.05	0.14	5.00	0.09	5.00	0.02	-0.11
417F	-3.10	5.00	-5.00	-0.05	0.11	5.00	0.11	0.15	5.00	-0.10	2.14	0.05	0.14	5.00	0.09	5.00	0.02	-0.11
346T	-1.85	5.00	-5.00	-0.02	-1.29	5.00	-0.04	0.78	5.00	-0.19	2.06	0.05	-3.94	5.00	-1.60	5.00	-2.07	-0.11
417A	-3.14	5.00	-5.00	-0.05	0.11	5.00	0.11	0.15	5.00	-0.10	2.13	0.05	0.14	5.00	0.09	5.00	0.02	-0.11
417C	-3.15	5.00	-5.00	-0.05	0.11	5.00	0.11	0.15	5.00	-0.10	2.14	0.05	0.14	5.00	0.09	5.00	0.02	-0.11
417L	-2.99	5.00	-5.00	-0.05	0.11	5.00	0.11	0.15	5.00	-0.10	2.13	0.05	0.14	5.00	0.09	5.00	0.02	-0.11
346S	-2.67	5.00	-5.00	-0.05	0.11	5.00	0.11	0.15	5.00	-0.10	2.13	0.05	0.14	5.00	0.09	5.00	0.02	-0.11
417N	-3.13	5.00	-5.00	-0.05	0.11	5.00	0.11	0.15	5.00	-0.10	2.14	0.05	0.14	5.00	0.09	5.00	0.02	-0.11
417H	-3.05	5.00	-5.00	-0.05	0.11	5.00	0.11	0.15	5.00	-0.10	2.14	0.05	0.14	5.00	0.09	5.00	0.02	-0.11
417I	-3.04	5.00	-5.00	-0.02	0.23	5.00	0.19	-0.43	5.00	-0.96	2.15	0.05	0.16	5.00	0.33	5.00	-0.90	0.08
346R	0.96	5.00	-5.00	-0.05	0.11	5.00	0.11	0.15	5.00	-0.10	1.52	0.05	0.14	5.00	0.09	5.00	0.02	-0.11
346Q	-1.03	5.00	-5.00	-0.05	0.11	5.00	0.11	0.15	5.00	-0.10	1.14	0.05	0.14	5.00	0.09	5.00	0.02	-0.11
346P	-2.73	5.00	-5.00	-0.05	0.11	5.00	0.11	0.15	5.00	-0.10	2.14	0.05	0.14	5.00	0.09	5.00	0.02	-0.11
346Y	0.10	5.00	-5.00	-0.14	0.11	5.00	0.17	0.19	5.00	-0.00	1.65	0.05	0.02	5.00	0.39	5.00	-0.61	0.13
417S	-3.10	5.00	-5.00	-0.05	0.11	5.00	0.11	0.15	5.00	-0.10	2.14	0.05	0.14	5.00	0.09	5.00	0.02	-0.11
346F	-0.05	5.00	-5.00	-0.05	0.11	5.00	0.11	0.15	5.00	-0.10	2.31	0.05	0.14	5.00	0.09	5.00	0.02	-0.11
346E	-1.96	5.00	-5.00	-0.05	0.11	5.00	0.11	0.15	5.00	-0.10	1.29	0.05	0.14	5.00	0.09	5.00	0.02	-0.11
346D	-2.33	5.00	-5.00	-0.05	0.11	5.00	0.11	0.15	5.00	-0.10	1.11	0.05	0.14	5.00	0.09	5.00	0.02	-0.11
346C	-2.43	5.00	-5.00	-0.05	0.11	5.00	0.11	0.15	5.00	-0.10	2.13	0.05	0.14	5.00	0.09	5.00	0.02	-0.11
401Y	-1.72	5.00	-5.00	-0.05	0.11	5.00	0.11	0.15	5.00	-0.10	1.28	0.05	0.14	5.00	0.09	5.00	0.02	-0.11
346A	-2.43	5.00	-5.00	-0.05	0.11	5.00	0.11	0.15	5.00	-0.10	2.14	0.05	0.14	5.00	0.09	5.00	0.02	-0.11
401S	-2.64	5.00	-5.00	-0.20	-0.82	5.00	-0.04	-5.00	5.00	2.95	2.12	0.05	3.95	5.00	0.72	5.00	1.79	-5.00
401R	-2.24	5.00	-5.00	-0.05	0.11	5.00	0.11	0.15	5.00	-0.10	0.94	0.05	0.14	5.00	0.09	5.00	0.02	-0.11
401Q	-2.37	5.00	-5.00	-0.05	0.11	5.00	0.11	0.15	5.00	-0.10	2.14	0.05	0.14	5.00	0.09	5.00	0.02	-0.11
401P	-2.94	5.00	-5.00	-0.02	0.15	5.00	-0.13	0.15	5.00	-0.05	2.13	0.05	0.35	5.00	0.37	5.00	0.10	0.32
401W	-0.80	5.00	-5.00	-0.05	0.11	5.00	0.11	0.15	5.00	-0.10	2.25	0.05	0.14	5.00	0.09	5.00	0.02	-0.11
401T	-2.80	5.00	-5.00	-0.05	0.11	5.00	0.11	0.15	5.00	-0.10	2.13	0.05	0.14	5.00	0.09	5.00	0.02	-0.11
401K	-2.68	5.00	-5.00	-0.05	0.11	5.00	0.11	0.15	5.00	-0.10	2.19	0.05	0.14	5.00	0.09	5.00	0.02	-0.11
401I	-2.27	5.00	-5.00	-0.05	0.11	5.00	0.11	0.15	5.00	-0.10	2.14	0.05	0.14	5.00	0.09	5.00	0.02	-0.11
401H	-2.61	5.00	-5.00	-0.05	0.11	5.00	0.11	0.15	5.00	-0.10	2.14	0.05	0.14	5.00	0.09	5.00	0.02	-0.11
401N	-2.63	5.00	-5.00	-0.05	0.11	5.00	0.11	0.15	5.00	-0.10	2.13	0.05	0.14	5.00	0.09	5.00	0.02	-0.11
401M	-2.55	5.00	-5.00	-0.05	0.11	5.00	0.11	0.15	5.00	-0.10	2.14	0.05	0.14	5.00	0.09	5.00	0.02	-0.11
401L	-1.98	5.00	-5.00	-0.05	0.11	5.00	0.11	0.15	5.00	-0.10	2.14	0.05	0.14	5.00	0.09	5.00	0.02	-0.11
401C	-2.89	5.00	-5.00	-0.05	0.11	5.00	0.11	0.15	5.00	-0.10	2.14	0.05	0.14	5.00	0.09	5.00	0.02	-0.11
401A	-3.11	5.00	-5.00	-0.02	0.11	5.00	0.17	0.24	5.00	0.23	2.13	0.05	0.69	5.00	0.40	5.00	0.14	-0.49
401G	-2.82	5.00	-5.00	-0.05	0.11	5.00	0.11	0.15	5.00	-0.10	2.13	0.05	0.14	5.00	0.09	5.00	0.02	-0.11
401F	-1.95	5.00	-5.00	-0.05	0.11	5.00	0.11	0.15	5.00	-0.10	2.16	0.05	0.14	5.00	0.09	5.00	0.02	-0.11
401E	-2.63	5.00	-5.00	-0.05	0.11	5.00	0.11	0.15	5.00	-0.10	2.12	0.05	0.14	5.00	0.09	5.00	0.02	-0.11
401D	-2.88	5.00	-5.00	-0.05	0.11	5.00	0.11	0.15	5.00	-0.10	2.14	0.05	0.14	5.00	0.09	5.00	0.02	-0.11
305N	-2.81	5.00	-5.00	-0.05	0.11	5.00	0.11	0.15	5.00	-0.10	2.12	0.05	0.14	5.00	0.09	5.00	0.02	-0.11
305L	-2.59	5.00	-5.00	-0.05	0.11	5.00	0.11	0.15	5.00	-0.10	2.13	0.05	0.14	5.00	0.09	5.00	0.02	-0.11
305M	-2.56	5.00	-5.00	-0.05	0.11	5.00	0.11	0.15	5.00	-0.10	2.12	0.05	0.14	5.00	0.09	5.00	0.02	-0.11
305K	-2.81	5.00	-5.00	-0.05	0.11	5.00	0.11	0.15	5.00	-0.10	2.12	0.05	0.14	5.00	0.09	5.00	0.02	-0.11
305H	-2.71	5.00	-5.00	-0.02	-0.01	5.00	-0.15	-0.35	5.00	-0.10	2.14	-0.01	0.26	5.00	0.32	5.00	0.26	-0.11
305I	-2.25	5.00	-5.00	-0.05	0.11	5.00	0.11	0.15	5.00	-0.10	2.13	0.05	0.14	5.00	0.09	5.00	0.02	-0.11
305G	-2.70	5.00	-5.00	-0.05	0.11	5.00	0.11	0.15	5.00	-0.10	2.14	0.05	0.14	5.00	0.09	5.00	0.02	-0.11
305D	-2.76	5.00	-5.00	-0.05	0.11	5.00	0.11	0.15	5.00	-0.10	2.13	0.05	0.14	5.00	0.09	5.00	0.02	-0.11
305E	-2.72	5.00	-5.00	-0.05	0.11	5.00	0.11	0.15	5.00	-0.10	2.13	0.05	0.14	5.00	0.09	5.00	0.02	-0.11
305C	-2.73	5.00	-5.00	-0.05	0.11	5.00	0.11	0.15	5.00	-0.10	2.13	0.05	0.14	5.00	0.09	5.00	0.02	-0.11
305A	-2.74	5.00	-5.00	-0.08	0.07	5.00	-0.06	-0.18	5.00	-0.10	2.12	0.05	0.07	5.00	-0.16	5.00	-0.03	-0.02
305Y	-2.60	5.00	-5.00	-0.05	0.11	5.00	0.11	0.15	5.00	-0.10	2.13	0.05	0.14	5.00	0.09	5.00	0.02	-0.11
305V	-2.24	5.00	-5.00	-0.11	0.15	5.00	0.13	0.19	5.00	-0.10	2.15	0.36	0.04	5.00	-0.65	5.00	0.10	-0.49
305W	-1.32	5.00	-5.00	0.71	0.23	5.00	-0.02	-0.27	5.00	-0.10	2.13	1.86	-3.29	5.00	1.82	5.00	0.26	0.08
305T	-2.29	5.00	-5.00	-0.02	0.30	5.00	0.22	-0.06	5.00	-0.10	2.15	-0.38	0.19	5.00	0.27	5.00	-0.75	-0.11
305R	-2.70	5.00	-5.00	-0.02	0.15	5.00	-0.02	0.24	5.00	-0.10	2.12	-0.01	0.07	5.00	0.13	5.00	0.23	0.18
305S	-2.74	5.00	-5.00	-0.05	0.11	5.00	0.11	0.15	5.00	-0.10	2.12	0.05	0.14	5.00	0.09	5.00	0.02	-0.11
305P	-2.77	5.00	-5.00	-0.05	0.11	5.00	0.11	0.15	5.00	-0.10	2.12	0.05	0.14	5.00	0.09	5.00	0.02	-0.11
305Q	-2.92	5.00	-5.00	-0.05	0.11	5.00	0.11	0.15	5.00	-0.10	2.13	0.05	0.14	5.00	0.09	5.00	0.02	-0.11
306C	-2.87	5.00	-5.00	-0.05	0.11	5.00	0.11	0.15	5.00	-0.10	2.14	0.05	0.14	5.00	0.09	5.00	0.02	-0.11
306A	-2.78	5.00	-5.00	-0.05	0.11	5.00	0.11	0.15	5.00	-0.10	2.14	0.05	0.14	5.00	0.09	5.00	0.02	-0.11
306G	-2.73	5.00	-5.00	-0.05	0.11	5.00	0.11	0.15	5.00	-0.10	2.14	0.05	0.14	5.00	0.09	5.00	0.02	-0.11
306F	-2.64	5.00	-5.00	-0.17	0.07	5.00	-0.04	0.65	5.00	-0.10	2.13	-0.20	0.04	5.00	-0.21	5.00	-0.06	0.03
306E	-2.78	5.00	-5.00	-0.14	0.19	5.00	-0.19	0.36	5.00	-0.10	2.12	0.36	0.02	5.00	-0.28	5.00	-0.21	-0.45
306D	-2.69	5.00	-5.00	-0.05	0.11	5.00	0.11	0.15	5.00	-0.10	2.12	0.05	0.14	5.00	0.09	5.00	0.02	-0.11
306K	-2.61	5.00	-5.00	-0.05	0.11	5.00	0.11	0.15	5.00	-0.10	2.13	0.05	0.14	5.00	0.09	5.00	0.02	-0.11
306I	-2.62	5.00	-5.00	-0.05	0.11	5.00	0.11	0.15	5.00	-0.10	2.14	0.05	0.14	5.00	0.09	5.00	0.02	-0.11
306H	-2.69	5.00	-5.00	-0.17	0.07	5.00	-0.04	0.65	5.00	-0.10	2.13	-0.20	0.04	5.00	-0.21	5.00	-0.06	0.03
306N	-2.66	5.00	-5.00	-0.17	0.07	5.00	-0.04	0.65	5.00	-0.10	2.12	-0.20	0.04	5.00	-0.21	5.00	-0.06	0.03
306M	-2.74	5.00	-5.00	-0.05	0.11	5.00	0.11	0.15	5.00	-0.10	2.15	0.05	0.14	5.00	0.09	5.00	0.02	-0.11
306L	-2.46	5.00	-5.00	-0.05	0.11	5.00	0.11	0.15	5.00	-0.10	2.13	0.05	0.14	5.00	0.09	5.00	0.02	-0.11
306S	-2.81	5.00	-5.00	-0.05	0.11	5.00	0.11	0.15	5.00	-0.10	2.13	0.05	0.14	5.00	0.09	5.00	0.02	-0.11
306R	-2.72	5.00	-5.00	-0.05	0.11	5.00	0.11	0.15	5.00	-0.10	2.14	0.05	0.14	5.00	0.09	5.00	0.02	-0.11
306Q	-2.75	5.00	-5.00	-0.05	0.11	5.00	0.11	0.15	5.00	-0.10	2.13	0.05	0.14	5.00	0.09	5.00	0.02	-0.11
306P	-3.47	5.00	-5.00	-0.75	0.07	5.00	-0.15	0.78	5.00	-0.10	1.38	0.43	2.67	5.00	-4.02	5.00	-5.00	-2.26
306W	-2.62	5.00	-5.00	-0.05	0.11	5.00	0.11	0.15	5.00	-0.10	2.14	0.05	0.14	5.00	0.09	5.00	0.02	-0.11
306V	-2.66	5.00	-5.00	-0.05	0.11	5.00	0.11	0.15	5.00	-0.10	2.13	0.05	0.14	5.00	0.09	5.00	0.02	-0.11
306T	-2.60	5.00	-5.00	-0.05	0.11	5.00	0.11	0.15	5.00	-0.10	2.14	0.05	0.14	5.00	0.09	5.00	0.02	-0.11
