384A	-2.84	5.00	-5.00	0.12	-0.16	5.00	-0.34	-0.25	5.00	-0.28	2.70	0.05	0.10	5.00	0.08	5.00	-0.15	0.27
384C	-2.88	5.00	-5.00	0.12	-0.16	5.00	-0.34	-0.25	5.00	-0.28	2.70	0.05	0.10	5.00	0.08	5.00	-0.15	0.27
384E	-2.84	5.00	-5.00	0.12	-0.16	5.00	-0.34	-0.25	5.00	-0.28	2.71	0.05	0.10	5.00	0.08	5.00	-0.15	0.27
384D	-2.85	5.00	-5.00	0.12	-0.25	5.00	-0.31	-0.21	5.00	-0.28	2.72	0.07	0.09	5.00	0.12	5.00	-0.19	0.28
384G	-2.69	5.00	-5.00	0.12	-0.16	5.00	-0.34	-0.25	5.00	-0.28	2.65	0.05	0.10	5.00	0.08	5.00	-0.15	0.27
384I	-2.73	5.00	-5.00	0.15	-0.25	5.00	-0.36	-0.26	5.00	-0.28	2.65	0.02	0.11	5.00	0.04	5.00	-0.10	0.33
384H	-2.87	5.00	-5.00	0.11	-0.06	5.00	-0.34	-0.26	5.00	-0.28	2.72	0.05	0.10	5.00	0.11	5.00	-0.16	0.24
384K	-2.76	5.00	-5.00	0.12	-0.16	5.00	-0.34	-0.25	5.00	-0.28	2.70	0.05	0.10	5.00	0.08	5.00	-0.15	0.27
384M	-2.67	5.00	-5.00	0.12	-0.16	5.00	-0.34	-0.25	5.00	-0.28	2.72	0.05	0.10	5.00	0.08	5.00	-0.15	0.27
384L	-2.84	5.00	-5.00	0.12	-0.16	5.00	-0.34	-0.25	5.00	-0.28	2.72	0.05	0.10	5.00	0.08	5.00	-0.15	0.27
384N	-2.87	5.00	-5.00	0.14	-0.25	5.00	-0.31	-0.22	5.00	-0.28	2.71	0.02	0.16	5.00	0.13	5.00	-0.15	0.31
384Q	-2.86	5.00	-5.00	0.12	-0.16	5.00	-0.34	-0.25	5.00	-0.28	2.72	0.05	0.10	5.00	0.08	5.00	-0.15	0.27
384P	-2.66	5.00	-5.00	0.12	-0.16	5.00	-0.34	-0.25	5.00	-0.28	2.64	0.05	0.10	5.00	0.08	5.00	-0.15	0.27
384S	-2.71	5.00	-5.00	0.07	-0.16	5.00	-0.54	-0.17	5.00	-0.28	2.73	-0.02	0.25	5.00	-0.32	5.00	-0.17	0.41
384R	-2.66	5.00	-5.00	0.12	-0.16	5.00	-0.34	-0.25	5.00	-0.28	2.72	0.05	0.10	5.00	0.08	5.00	-0.15	0.27
384T	-2.86	5.00	-5.00	0.12	-0.16	5.00	-0.34	-0.25	5.00	-0.28	2.71	0.05	0.10	5.00	0.08	5.00	-0.15	0.27
384W	-2.46	5.00	-5.00	0.12	-0.16	5.00	-0.34	-0.25	5.00	-0.28	2.73	0.05	0.10	5.00	0.08	5.00	-0.15	0.27
384V	-2.71	5.00	-5.00	0.12	-0.16	5.00	-0.34	-0.25	5.00	-0.28	2.64	0.05	0.10	5.00	0.08	5.00	-0.15	0.27
384Y	-2.72	5.00	-5.00	0.12	-0.16	5.00	-0.34	-0.25	5.00	-0.28	0.75	0.05	0.10	5.00	0.08	5.00	-0.15	0.27
348Y	-1.25	5.00	-5.00	0.12	-0.16	5.00	-0.34	-0.25	5.00	-0.28	2.67	0.05	0.10	5.00	0.08	5.00	-0.15	0.27
348Q	-2.29	5.00	-5.00	0.12	-0.16	5.00	-0.34	-0.25	5.00	-0.28	2.68	0.05	0.10	5.00	0.08	5.00	-0.15	0.27
348P	-2.07	5.00	-5.00	0.12	-0.16	5.00	-0.34	-0.25	5.00	-0.28	2.69	0.05	0.10	5.00	0.08	5.00	-0.15	0.27
348S	-2.35	5.00	-5.00	0.09	-0.52	5.00	-0.28	-0.23	5.00	0.08	2.68	0.05	-0.59	5.00	0.16	5.00	-0.27	0.26
348R	-2.17	5.00	-5.00	0.12	-0.16	5.00	-0.34	-0.25	5.00	-0.28	2.79	0.05	0.10	5.00	0.08	5.00	-0.15	0.27
348T	-2.27	5.00	-5.00	0.12	-0.16	5.00	-0.34	-0.25	5.00	-0.28	1.48	0.05	0.10	5.00	0.08	5.00	-0.15	0.27
348W	-1.70	5.00	-5.00	0.12	-0.16	5.00	-0.34	-0.25	5.00	-0.28	2.76	0.05	0.10	5.00	0.08	5.00	-0.15	0.27
348V	-2.20	5.00	-5.00	0.12	-0.16	5.00	-0.34	-0.25	5.00	-0.28	2.69	0.05	0.10	5.00	0.08	5.00	-0.15	0.27
348I	-1.98	5.00	-5.00	0.12	-0.16	5.00	-0.34	-0.25	5.00	-0.28	2.70	0.05	0.10	5.00	0.08	5.00	-0.15	0.27
348H	-1.14	5.00	-5.00	0.12	-0.16	5.00	-0.34	-0.25	5.00	-0.28	2.67	0.05	0.10	5.00	0.08	5.00	-0.15	0.27
348K	-2.54	5.00	-5.00	0.12	-0.16	5.00	-0.34	-0.25	5.00	-0.28	2.16	0.05	0.10	5.00	0.08	5.00	-0.15	0.27
348M	-2.23	5.00	-5.00	0.12	-0.16	5.00	-0.34	-0.25	5.00	-0.28	2.69	0.05	0.10	5.00	0.08	5.00	-0.15	0.27
348L	-2.57	5.00	-5.00	0.12	-0.16	5.00	-0.34	-0.25	5.00	-0.28	2.60	0.05	0.10	5.00	0.08	5.00	-0.15	0.27
348N	-1.71	5.00	-5.00	0.12	-0.16	5.00	-0.34	-0.25	5.00	-0.28	2.69	0.05	0.10	5.00	0.08	5.00	-0.15	0.27
348A	-2.59	5.00	-5.00	0.12	-0.16	5.00	-0.34	-0.25	5.00	-0.28	2.73	0.05	0.10	5.00	0.08	5.00	-0.15	0.27
348C	-2.29	5.00	-5.00	0.12	-0.16	5.00	-0.34	-0.25	5.00	-0.28	2.69	0.05	0.10	5.00	0.08	5.00	-0.15	0.27
348E	-2.39	5.00	-5.00	-0.01	0.03	5.00	-0.30	-0.32	5.00	-0.36	2.73	0.05	0.23	5.00	0.23	5.00	-0.11	0.30
348D	-1.73	5.00	-5.00	0.61	-0.79	5.00	-0.27	-0.23	5.00	-0.31	2.68	0.05	0.28	5.00	0.05	5.00	-0.21	0.25
348F	-1.26	5.00	-5.00	0.12	-0.16	5.00	-0.34	-0.25	5.00	-0.28	2.70	0.05	0.10	5.00	0.08	5.00	-0.15	0.27
417G	-3.10	5.00	-5.00	0.00	0.30	5.00	-0.33	-0.28	5.00	-0.31	2.66	0.05	0.25	5.00	-0.10	5.00	-0.13	0.30
346W	-2.00	5.00	-5.00	0.12	-0.16	5.00	-0.34	-0.25	5.00	-0.28	1.50	0.05	0.10	5.00	0.08	5.00	-0.15	0.27
309C	-3.17	5.00	-5.00	0.17	0.30	5.00	-0.14	-0.49	5.00	-0.28	2.58	-0.18	0.47	5.00	0.52	5.00	-0.33	0.08
309A	-2.79	5.00	-5.00	0.12	-0.16	5.00	-0.34	-0.25	5.00	-0.28	2.69	0.05	0.10	5.00	0.08	5.00	-0.15	0.27
309F	-2.90	5.00	-5.00	0.12	-0.16	5.00	-0.34	-0.25	5.00	-0.28	2.67	0.05	0.10	5.00	0.08	5.00	-0.15	0.27
309G	-2.77	5.00	-5.00	0.99	-0.16	5.00	-0.28	-0.31	5.00	-0.28	2.31	-0.14	0.82	5.00	0.18	5.00	-0.16	0.28
309D	-2.75	5.00	-5.00	0.20	-0.16	5.00	-0.55	-0.47	5.00	-0.28	2.64	-0.66	0.18	5.00	0.73	5.00	-1.00	0.17
309E	-2.84	5.00	-5.00	1.04	-0.16	5.00	-0.27	-0.29	5.00	-0.28	2.65	-0.12	1.70	5.00	-0.15	5.00	-0.32	0.29
309K	-2.71	5.00	-5.00	0.12	-0.16	5.00	-0.34	-0.25	5.00	-0.28	2.68	0.05	0.10	5.00	0.08	5.00	-0.15	0.27
309H	-2.61	5.00	-5.00	0.75	-0.25	5.00	-0.46	-0.36	5.00	-0.28	2.29	-0.62	0.33	5.00	0.96	5.00	-0.95	0.19
309I	-2.64	5.00	-5.00	0.12	-0.16	5.00	-0.34	-0.25	5.00	-0.28	2.68	0.05	0.10	5.00	0.08	5.00	-0.15	0.27
309N	-2.78	5.00	-5.00	0.12	-0.16	5.00	-0.34	-0.25	5.00	-0.28	2.67	0.05	0.10	5.00	0.08	5.00	-0.15	0.27
309L	-2.71	5.00	-5.00	0.12	-0.16	5.00	-0.34	-0.25	5.00	-0.28	2.68	0.05	0.10	5.00	0.08	5.00	-0.15	0.27
309R	-2.65	5.00	-5.00	0.12	-0.16	5.00	-0.34	-0.25	5.00	-0.28	2.69	0.05	0.10	5.00	0.08	5.00	-0.15	0.27
309S	-2.79	5.00	-5.00	0.12	-0.16	5.00	-0.34	-0.25	5.00	-0.28	2.69	0.05	0.10	5.00	0.08	5.00	-0.15	0.27
309P	-2.72	5.00	-5.00	0.20	-0.16	5.00	-0.55	-0.47	5.00	-0.28	2.65	-0.66	0.18	5.00	0.73	5.00	-1.00	0.17
309Q	-2.77	5.00	-5.00	0.12	-0.16	5.00	-0.34	-0.25	5.00	-0.28	2.68	0.05	0.10	5.00	0.08	5.00	-0.15	0.27
309V	-3.07	5.00	-5.00	0.80	-0.06	5.00	-0.29	-0.38	5.00	-0.28	2.66	0.43	1.51	5.00	-0.46	5.00	-0.20	0.29
309W	-2.73	5.00	-5.00	0.40	0.03	5.00	-0.42	-0.29	5.00	-0.28	2.64	0.04	1.54	5.00	-0.41	5.00	-0.10	0.31
309T	-2.92	5.00	-5.00	0.97	-0.52	5.00	-0.22	-0.45	5.00	-0.28	2.67	0.09	1.55	5.00	-0.20	5.00	-0.32	0.29
417M	-3.12	5.00	-5.00	0.12	-0.16	5.00	-0.34	-0.25	5.00	-0.28	2.72	0.05	0.10	5.00	0.08	5.00	-0.15	0.27
346N	-2.35	5.00	-5.00	-2.14	2.85	5.00	-0.13	0.32	5.00	-0.63	0.98	0.05	1.94	5.00	-1.60	5.00	0.54	0.49
346M	-1.17	5.00	-5.00	-2.10	3.03	5.00	0.35	0.05	5.00	-0.89	3.04	0.05	1.41	5.00	-1.34	5.00	0.42	0.46
309Y	-2.71	5.00	-5.00	0.12	-0.16	5.00	-0.34	-0.25	5.00	-0.28	2.68	0.05	0.10	5.00	0.08	5.00	-0.15	0.27
346K	-1.17	5.00	-5.00	-0.18	4.94	5.00	-0.25	0.06	5.00	-0.62	1.01	0.05	2.44	5.00	0.00	5.00	0.15	0.50
346I	-2.38	5.00	-5.00	3.23	2.94	5.00	-0.63	-0.12	5.00	-0.38	2.61	0.05	2.13	5.00	0.10	5.00	-0.48	0.29
346H	-1.27	5.00	-5.00	0.15	-0.06	5.00	-0.38	-0.22	5.00	-0.33	2.71	0.05	0.16	5.00	0.20	5.00	-0.06	0.27
346L	-1.92	5.00	-5.00	0.14	0.03	5.00	-0.25	-0.21	5.00	-0.36	2.73	0.05	0.26	5.00	0.01	5.00	-0.06	0.26
417K	-2.72	5.00	-5.00	-1.04	-2.98	5.00	-0.22	-0.27	5.00	-0.38	2.71	0.05	-0.87	5.00	-0.69	5.00	0.22	0.20
302Y	-2.09	5.00	-5.00	0.57	5.00	5.00	3.26	3.33	5.00	-0.28	2.33	5.00	5.00	5.00	-1.77	5.00	1.75	-3.92
302W	-0.98	5.00	-5.00	0.04	0.48	5.00	-0.37	-0.20	5.00	-0.28	2.33	-0.02	-0.35	5.00	0.52	5.00	-0.20	0.21
302V	-2.18	5.00	-5.00	4.83	-1.88	5.00	0.33	-0.04	5.00	-0.28	2.72	-0.48	1.39	5.00	-1.16	5.00	1.42	-0.39
302T	-2.68	5.00	-5.00	0.12	-0.16	5.00	-0.34	-0.25	5.00	-0.28	0.83	0.05	0.10	5.00	0.08	5.00	-0.15	0.27
302S	-2.72	5.00	-5.00	0.12	-0.16	5.00	-0.37	-0.38	5.00	-0.28	0.83	-0.14	0.11	5.00	0.20	5.00	-0.21	0.31
302R	-2.44	5.00	-5.00	0.11	-0.34	5.00	-0.29	-0.20	5.00	-0.28	2.92	0.07	0.56	5.00	-0.88	5.00	-0.21	0.39
302Q	-2.60	5.00	-5.00	0.12	-0.16	5.00	-0.34	-0.25	5.00	-0.28	2.61	0.05	0.10	5.00	0.08	5.00	-0.15	0.27
302P	-2.25	5.00	-5.00	0.12	-0.16	5.00	-0.34	-0.25	5.00	-0.28	2.69	0.05	0.10	5.00	0.08	5.00	-0.15	0.27
302N	-2.66	5.00	-5.00	0.12	-0.16	5.00	-0.34	-0.25	5.00	-0.28	2.65	0.05	0.10	5.00	0.08	5.00	-0.15	0.27
302M	-2.48	5.00	-5.00	0.12	-0.16	5.00	-0.34	-0.25	5.00	-0.28	2.66	0.05	0.10	5.00	0.08	5.00	-0.15	0.27
302L	-2.08	5.00	-5.00	0.12	-0.16	5.00	-0.34	-0.25	5.00	-0.28	2.61	0.05	0.10	5.00	0.08	5.00	-0.15	0.27
302K	-2.39	5.00	-5.00	-0.14	-0.34	5.00	-0.37	-0.28	5.00	-0.28	2.71	-0.02	0.09	5.00	-0.10	5.00	-0.07	0.25
302I	-2.10	5.00	-5.00	0.51	-0.43	5.00	-0.49	-0.19	5.00	-0.28	2.60	0.07	0.02	5.00	0.19	5.00	-0.10	0.33
302H	-2.33	5.00	-5.00	0.04	-0.70	5.00	-0.46	-0.30	5.00	-0.28	2.64	0.18	-0.16	5.00	0.03	5.00	-0.23	0.36
302G	-2.83	5.00	-5.00	0.12	-0.16	5.00	-0.34	-0.25	5.00	-0.28	2.64	0.05	0.10	5.00	0.08	5.00	-0.15	0.27
302F	-1.87	5.00	-5.00	0.21	0.21	5.00	-0.30	-0.26	5.00	-0.28	2.64	0.11	0.13	5.00	-0.00	5.00	-0.09	0.23
302E	-2.61	5.00	-5.00	0.09	-1.07	5.00	-0.31	-0.16	5.00	-0.28	2.54	0.41	-0.17	5.00	-0.01	5.00	-0.58	0.30
302D	-2.46	5.00	-5.00	0.12	-0.16	5.00	-0.34	-0.25	5.00	-0.28	1.82	0.05	0.10	5.00	0.08	5.00	-0.15	0.27
302C	-2.98	5.00	-5.00	1.16	-1.70	5.00	-1.34	-0.27	5.00	-0.28	2.62	1.60	2.03	5.00	-1.31	5.00	-0.93	1.27
417T	-3.16	5.00	-5.00	0.12	-0.16	5.00	-0.34	-0.25	5.00	-0.28	2.65	0.05	0.10	5.00	0.08	5.00	-0.15	0.27
417V	-3.32	5.00	-5.00	0.12	-0.16	5.00	-0.34	-0.25	5.00	-0.28	2.65	0.05	0.10	5.00	0.08	5.00	-0.15	0.27
417P	-3.21	5.00	-5.00	-1.87	1.85	5.00	-0.20	-0.45	5.00	-0.30	3.10	0.05	0.19	5.00	-1.94	5.00	1.28	0.44
417Q	-3.32	5.00	-5.00	0.12	-0.16	5.00	-0.34	-0.25	5.00	-0.28	2.68	0.05	0.10	5.00	0.08	5.00	-0.15	0.27
417R	-2.91	5.00	-5.00	0.12	-0.16	5.00	-0.34	-0.25	5.00	-0.28	2.65	0.05	0.10	5.00	0.08	5.00	-0.15	0.27
346V	-2.29	5.00	-5.00	-2.12	2.85	5.00	-0.40	0.30	5.00	-1.11	3.02	0.05	1.33	5.00	-1.54	5.00	0.67	0.47
417Y	-2.84	5.00	-5.00	-1.62	1.57	5.00	-0.20	-0.33	5.00	-0.36	3.11	0.05	-0.15	5.00	-1.79	5.00	1.07	0.27
417D	-3.29	5.00	-5.00	0.12	-0.16	5.00	-0.34	-0.25	5.00	-0.28	2.70	0.05	0.10	5.00	0.08	5.00	-0.15	0.27
417E	-3.03	5.00	-5.00	0.12	-0.16	5.00	-0.34	-0.25	5.00	-0.28	2.67	0.05	0.10	5.00	0.08	5.00	-0.15	0.27
417F	-2.80	5.00	-5.00	-0.60	4.48	5.00	-0.32	-0.50	5.00	-0.01	2.95	0.05	3.16	5.00	-0.88	5.00	0.05	0.30
346T	-1.88	5.00	-5.00	-1.91	3.12	5.00	-0.35	0.13	5.00	-1.02	3.05	0.05	2.83	5.00	-1.23	5.00	1.59	0.58
417A	-3.17	5.00	-5.00	0.12	-0.16	5.00	-0.34	-0.25	5.00	-0.28	2.65	0.05	0.10	5.00	0.08	5.00	-0.15	0.27
417C	-3.18	5.00	-5.00	-0.16	0.03	5.00	-0.33	-0.20	5.00	-0.38	2.64	0.05	-0.23	5.00	-0.13	5.00	-0.02	0.25
417L	-3.11	5.00	-5.00	0.12	-0.16	5.00	-0.34	-0.25	5.00	-0.28	2.65	0.05	0.10	5.00	0.08	5.00	-0.15	0.27
346S	-2.54	5.00	-5.00	0.12	-0.16	5.00	-0.34	-0.25	5.00	-0.28	2.64	0.05	0.10	5.00	0.08	5.00	-0.15	0.27
417N	-3.41	5.00	-5.00	0.12	-0.16	5.00	-0.34	-0.25	5.00	-0.28	2.67	0.05	0.10	5.00	0.08	5.00	-0.15	0.27
417H	-3.43	5.00	-5.00	-0.60	5.00	5.00	-0.40	-0.41	5.00	-0.01	2.99	0.05	2.23	5.00	-1.20	5.00	0.92	0.34
417I	-3.17	5.00	-5.00	0.12	-0.16	5.00	-0.34	-0.25	5.00	-0.28	2.71	0.05	0.10	5.00	0.08	5.00	-0.15	0.27
346R	-1.28	5.00	-5.00	-2.20	3.12	5.00	-0.27	0.10	5.00	-0.94	1.30	0.05	1.09	5.00	-1.59	5.00	0.41	0.40
346Q	-1.74	5.00	-5.00	-1.75	2.03	5.00	-0.34	0.27	5.00	-0.80	3.04	0.05	1.90	5.00	-1.45	5.00	0.38	0.54
346P	-2.10	5.00	-5.00	-2.14	2.94	5.00	-0.14	0.23	5.00	-0.99	2.99	0.05	1.39	5.00	-1.45	5.00	0.45	0.49
346Y	-1.12	5.00	-5.00	-1.79	3.03	5.00	-0.08	0.07	5.00	-1.04	1.86	0.05	-0.94	5.00	-1.09	5.00	-0.65	0.43
417S	-3.20	5.00	-5.00	0.12	-0.16	5.00	-0.34	-0.25	5.00	-0.28	2.69	0.05	0.10	5.00	0.08	5.00	-0.15	0.27
346F	-1.79	5.00	-5.00	-0.12	5.00	5.00	-0.17	0.11	5.00	-0.67	3.06	0.05	0.93	5.00	-0.21	5.00	-1.05	0.39
346E	-2.05	5.00	-5.00	0.53	0.21	5.00	2.69	0.98	5.00	-3.96	1.21	0.05	0.65	5.00	0.98	5.00	0.41	-0.73
346D	-2.45	5.00	-5.00	-2.15	2.76	5.00	0.32	0.25	5.00	-0.62	1.63	0.05	1.44	5.00	-1.75	5.00	0.50	0.46
346C	-1.99	5.00	-5.00	-2.09	3.03	5.00	-0.19	0.13	5.00	-1.01	2.98	0.05	1.70	5.00	-1.52	5.00	0.53	0.44
401Y	-2.00	5.00	-5.00	0.12	-0.16	5.00	-0.34	-0.25	5.00	-0.28	1.18	0.05	0.10	5.00	0.08	5.00	-0.15	0.27
346A	-2.27	5.00	-5.00	-2.10	3.12	5.00	-0.15	0.27	5.00	-0.89	2.99	0.05	2.00	5.00	-1.23	5.00	0.39	0.51
401S	-2.61	5.00	-5.00	0.12	-0.16	5.00	-0.34	-0.25	5.00	-0.28	2.67	0.05	0.10	5.00	0.08	5.00	-0.15	0.27
401R	-2.24	5.00	-5.00	0.12	-0.16	5.00	-0.34	-0.25	5.00	-0.28	0.75	0.05	0.10	5.00	0.08	5.00	-0.15	0.27
401Q	-2.18	5.00	-5.00	0.56	-0.52	5.00	-0.37	-0.24	5.00	-0.30	2.70	0.05	0.41	5.00	0.13	5.00	-0.26	0.25
401P	-2.72	5.00	-5.00	0.12	-0.16	5.00	-0.34	-0.25	5.00	-0.28	2.65	0.05	0.10	5.00	0.08	5.00	-0.15	0.27
401W	-1.41	5.00	-5.00	-0.12	-0.52	5.00	-0.41	-0.25	5.00	-0.30	2.73	0.05	0.04	5.00	0.07	5.00	-0.17	0.25
401T	-2.64	5.00	-5.00	-0.08	0.21	5.00	-0.48	-0.28	5.00	-0.31	2.74	0.05	-0.29	5.00	0.19	5.00	-0.12	0.33
401K	-2.54	5.00	-5.00	-0.07	0.30	5.00	-0.30	-0.26	5.00	-0.63	2.69	0.05	-0.30	5.00	0.12	5.00	-0.04	0.21
401I	-2.33	5.00	-5.00	0.12	-0.16	5.00	-0.34	-0.25	5.00	-0.28	2.68	0.05	0.10	5.00	0.08	5.00	-0.15	0.27
401H	-2.38	5.00	-5.00	0.12	-0.16	5.00	-0.34	-0.25	5.00	-0.28	2.69	0.05	0.10	5.00	0.08	5.00	-0.15	0.27
401N	-2.37	5.00	-5.00	0.39	-0.25	5.00	-0.34	-0.36	5.00	0.09	2.68	0.05	-2.43	5.00	0.50	5.00	-0.26	0.29
401M	-2.50	5.00	-5.00	1.13	-0.79	5.00	-0.16	-0.32	5.00	-0.77	2.62	0.05	0.51	5.00	-0.05	5.00	0.00	0.32
401L	-2.70	5.00	-5.00	0.12	-0.16	5.00	-0.34	-0.25	5.00	-0.28	2.67	0.05	0.10	5.00	0.08	5.00	-0.15	0.27
401C	-2.60	5.00	-5.00	0.20	-0.43	5.00	-0.27	-0.18	5.00	-0.30	2.59	0.05	0.55	5.00	0.02	5.00	-0.07	0.38
401A	-2.66	5.00	-5.00	0.03	0.03	5.00	-0.38	-0.27	5.00	-0.23	2.68	0.05	-0.11	5.00	0.13	5.00	-0.13	0.28
401G	-2.59	5.00	-5.00	0.12	-0.16	5.00	-0.34	-0.25	5.00	-0.28	2.67	0.05	0.10	5.00	0.08	5.00	-0.15	0.27
401F	-2.16	5.00	-5.00	0.13	-0.06	5.00	-0.41	-0.21	5.00	-0.18	2.66	0.05	0.56	5.00	0.18	5.00	-0.13	0.31
401E	-2.74	5.00	-5.00	0.12	-0.16	5.00	-0.34	-0.25	5.00	-0.28	2.68	0.05	0.10	5.00	0.08	5.00	-0.15	0.27
401D	-2.61	5.00	-5.00	0.12	-0.16	5.00	-0.34	-0.25	5.00	-0.28	2.67	0.05	0.10	5.00	0.08	5.00	-0.15	0.27
305N	-2.79	5.00	-5.00	0.12	-0.16	5.00	-0.34	-0.25	5.00	-0.28	2.70	0.05	0.10	5.00	0.08	5.00	-0.15	0.27
305L	-2.71	5.00	-5.00	0.61	0.85	5.00	0.02	0.12	5.00	-0.28	3.02	0.22	-1.04	5.00	0.46	5.00	-2.87	0.42
305M	-2.82	5.00	-5.00	0.12	-0.16	5.00	-0.34	-0.25	5.00	-0.28	2.67	0.05	0.10	5.00	0.08	5.00	-0.15	0.27
305K	-2.43	5.00	-5.00	0.80	-5.00	5.00	-0.11	-0.54	5.00	-0.28	2.50	-0.05	1.49	5.00	0.27	5.00	-0.33	0.29
305H	-2.41	5.00	-5.00	0.79	-5.00	5.00	-0.04	-0.17	5.00	-0.28	2.41	0.48	0.70	5.00	0.74	5.00	-0.90	0.33
305I	-2.65	5.00	-5.00	-0.01	-0.52	5.00	-0.29	0.20	5.00	-0.28	2.65	0.00	-0.06	5.00	0.15	5.00	-0.40	0.18
305G	-3.32	5.00	-5.00	0.12	-0.16	5.00	-0.34	-0.25	5.00	-0.28	2.69	0.05	0.10	5.00	0.08	5.00	-0.15	0.27
305D	-3.00	5.00	-5.00	0.12	-0.16	5.00	-0.34	-0.25	5.00	-0.28	2.72	0.05	0.10	5.00	0.08	5.00	-0.15	0.27
305E	-2.90	5.00	-5.00	0.12	-0.16	5.00	-0.34	-0.25	5.00	-0.28	2.72	0.05	0.10	5.00	0.08	5.00	-0.15	0.27
305C	-2.76	5.00	-5.00	3.52	-3.07	5.00	-0.66	-1.05	5.00	-0.28	2.39	-0.39	0.68	5.00	1.40	5.00	-1.13	1.03
305A	-2.82	5.00	-5.00	0.12	-0.16	5.00	-0.34	-0.25	5.00	-0.28	2.66	0.05	0.10	5.00	0.08	5.00	-0.15	0.27
305Y	-2.55	5.00	-5.00	0.12	-0.16	5.00	-0.34	-0.25	5.00	-0.28	2.67	0.05	0.10	5.00	0.08	5.00	-0.15	0.27
305V	-2.78	5.00	-5.00	0.08	-0.25	5.00	-0.30	-0.33	5.00	-0.28	2.73	0.04	0.02	5.00	0.12	5.00	-0.12	0.25
305W	-1.90	5.00	-5.00	0.12	-0.16	5.00	-0.34	-0.25	5.00	-0.28	2.82	0.05	0.10	5.00	0.08	5.00	-0.15	0.27
305T	-2.75	5.00	-5.00	-0.21	-0.61	5.00	-0.17	-0.13	5.00	-0.28	2.72	-0.07	-0.24	5.00	0.30	5.00	-0.21	0.23
305R	-2.81	5.00	-5.00	0.12	-0.16	5.00	-0.34	-0.25	5.00	-0.28	2.71	0.05	0.10	5.00	0.08	5.00	-0.15	0.27
305S	-2.91	5.00	-5.00	0.47	-3.61	5.00	-0.17	-0.39	5.00	-0.28	2.81	0.68	-2.74	5.00	-0.14	5.00	-0.95	0.17
305P	-3.05	5.00	-5.00	0.12	-0.16	5.00	-0.34	-0.25	5.00	-0.28	2.70	0.05	0.10	5.00	0.08	5.00	-0.15	0.27
305Q	-3.07	5.00	-5.00	0.12	-0.16	5.00	-0.34	-0.25	5.00	-0.28	2.69	0.05	0.10	5.00	0.08	5.00	-0.15	0.27
306C	-2.63	5.00	-5.00	0.12	-0.16	5.00	-0.34	-0.25	5.00	-0.28	2.65	0.05	0.10	5.00	0.08	5.00	-0.15	0.27
306A	-2.76	5.00	-5.00	0.22	-0.25	5.00	-0.35	-0.24	5.00	-0.28	2.63	-0.03	0.06	5.00	-0.01	5.00	-0.03	0.36
306G	-3.06	5.00	-5.00	0.11	1.30	5.00	-0.02	-0.45	5.00	-0.28	2.61	0.18	0.02	5.00	0.24	5.00	-0.01	0.18
306F	-2.62	5.00	-5.00	0.12	-0.16	5.00	-0.30	-0.26	5.00	-0.28	2.69	0.16	0.09	5.00	0.03	5.00	-0.13	0.25
306E	-2.91	5.00	-5.00	0.12	-0.16	5.00	-0.34	-0.25	5.00	-0.28	2.65	0.05	0.10	5.00	0.08	5.00	-0.15	0.27
306D	-2.68	5.00	-5.00	0.12	-0.16	5.00	-0.34	-0.25	5.00	-0.28	2.63	0.05	0.10	5.00	0.08	5.00	-0.15	0.27
306K	-2.82	5.00	-5.00	0.12	-0.16	5.00	-0.34	-0.25	5.00	-0.28	2.65	0.05	0.10	5.00	0.08	5.00	-0.15	0.27
306I	-2.43	5.00	-5.00	0.72	-0.61	5.00	-0.63	-0.43	5.00	-0.28	2.51	-0.02	0.10	5.00	0.85	5.00	-0.41	0.34
306H	-2.26	5.00	-5.00	2.32	0.94	5.00	-0.09	0.10	5.00	-0.28	2.30	0.16	0.62	5.00	1.14	5.00	-2.40	0.25
306N	-2.86	5.00	-5.00	0.12	-0.16	5.00	-0.34	-0.25	5.00	-0.28	2.66	0.05	0.10	5.00	0.08	5.00	-0.15	0.27
306M	-2.54	5.00	-5.00	0.30	-0.79	5.00	-0.30	-0.07	5.00	-0.28	2.32	0.09	-0.16	5.00	1.20	5.00	-1.10	0.28
306L	-2.67	5.00	-5.00	0.12	-0.16	5.00	-0.34	-0.25	5.00	-0.28	2.67	0.05	0.10	5.00	0.08	5.00	-0.15	0.27
306S	-2.83	5.00	-5.00	0.12	-0.16	5.00	-0.34	-0.25	5.00	-0.28	2.67	0.05	0.10	5.00	0.08	5.00	-0.15	0.27
306R	-2.78	5.00	-5.00	0.12	-0.25	5.00	-0.38	-0.41	5.00	-0.28	2.66	0.09	0.10	5.00	0.03	5.00	-0.12	0.28
306Q	-2.91	5.00	-5.00	0.12	-0.16	5.00	-0.34	-0.25	5.00	-0.28	2.65	0.05	0.10	5.00	0.08	5.00	-0.15	0.27
306P	-2.44	5.00	-5.00	0.23	3.67	5.00	-0.57	-0.32	5.00	-0.28	2.51	-0.14	1.85	5.00	0.17	5.00	-1.84	0.11
306W	-2.54	5.00	-5.00	0.12	-0.16	5.00	-0.34	-0.25	5.00	-0.28	2.65	0.05	0.10	5.00	0.08	5.00	-0.15	0.27
306V	-2.61	5.00	-5.00	0.12	-0.16	5.00	-0.34	-0.25	5.00	-0.28	2.64	0.05	0.10	5.00	0.08	5.00	-0.15	0.27
306T	-2.84	5.00	-5.00	0.12	-0.16	5.00	-0.34	-0.25	5.00	-0.28	2.67	0.05	0.10	5.00	0.08	5.00	-0.15	0.27
