384A	-3.24	5.00	-5.00	0.14	0.17	5.00	0.05	-0.02	5.00	-0.07	2.83	-0.23	0.22	5.00	0.08	5.00	0.03	-0.12
384C	-3.41	5.00	-5.00	-0.26	-0.38	5.00	0.08	-0.09	5.00	-0.07	2.82	-0.29	0.48	5.00	-0.06	5.00	-0.07	-0.17
384E	-3.72	5.00	-5.00	0.14	0.17	5.00	0.05	-0.02	5.00	-0.07	2.89	-0.23	0.22	5.00	0.08	5.00	0.03	-0.12
384D	-3.20	5.00	-5.00	0.14	0.17	5.00	0.05	-0.02	5.00	-0.07	2.86	-0.23	0.22	5.00	0.08	5.00	0.03	-0.12
384G	-3.08	5.00	-5.00	0.07	0.63	5.00	0.03	-0.06	5.00	-0.07	2.84	-0.54	0.14	5.00	-0.05	5.00	0.07	-0.04
384I	-3.97	5.00	-5.00	0.14	0.17	5.00	0.05	-0.02	5.00	-0.07	2.91	-0.23	0.22	5.00	0.08	5.00	0.03	-0.12
384H	-3.18	5.00	-5.00	0.07	0.63	5.00	0.03	-0.06	5.00	-0.07	2.83	-0.54	0.14	5.00	-0.05	5.00	0.07	-0.04
384K	-2.93	5.00	-5.00	0.14	0.17	5.00	0.05	-0.02	5.00	-0.07	2.85	-0.23	0.22	5.00	0.08	5.00	0.03	-0.12
384M	-2.94	5.00	-5.00	0.07	0.63	5.00	0.03	-0.06	5.00	-0.07	2.85	-0.54	0.14	5.00	-0.05	5.00	0.07	-0.04
384L	-3.18	5.00	-5.00	5.00	-0.66	5.00	-0.17	0.97	5.00	-0.07	2.90	-3.39	-3.49	5.00	0.39	5.00	0.33	1.53
384N	-3.21	5.00	-5.00	0.07	-0.29	5.00	0.04	-0.02	5.00	-0.07	2.85	-0.60	0.23	5.00	0.12	5.00	-0.05	-0.10
384Q	-3.40	5.00	-5.00	0.14	0.17	5.00	0.05	-0.02	5.00	-0.07	2.83	-0.23	0.22	5.00	0.08	5.00	0.03	-0.12
384P	-3.16	5.00	-5.00	0.14	0.17	5.00	0.05	-0.02	5.00	-0.07	2.83	-0.23	0.22	5.00	0.08	5.00	0.03	-0.12
384S	-3.12	5.00	-5.00	0.07	0.63	5.00	0.03	-0.06	5.00	-0.07	2.84	-0.54	0.14	5.00	-0.05	5.00	0.07	-0.04
384R	-3.45	5.00	-5.00	0.14	0.54	5.00	0.10	-0.52	5.00	-0.07	2.80	-0.48	-0.14	5.00	0.75	5.00	-0.18	-0.03
384T	-3.30	5.00	-5.00	0.14	0.17	5.00	0.05	-0.02	5.00	-0.07	2.84	-0.23	0.22	5.00	0.08	5.00	0.03	-0.12
384W	-2.99	5.00	-5.00	0.07	0.63	5.00	0.03	-0.06	5.00	-0.07	2.90	-0.54	0.14	5.00	-0.05	5.00	0.07	-0.04
384V	-3.27	5.00	-5.00	0.07	0.63	5.00	0.03	-0.06	5.00	-0.07	2.83	-0.54	0.14	5.00	-0.05	5.00	0.07	-0.04
384Y	-3.06	5.00	-5.00	1.61	-0.10	5.00	0.16	0.30	5.00	-0.07	1.16	-1.35	2.58	5.00	0.59	5.00	0.17	0.56
348Y	-2.03	5.00	-5.00	0.14	0.17	5.00	0.05	-0.02	5.00	-0.07	2.31	-0.23	0.22	5.00	0.08	5.00	0.03	-0.12
348Q	-3.89	5.00	-5.00	5.00	1.19	5.00	1.92	-1.58	5.00	3.43	2.91	-0.23	2.52	5.00	-1.64	5.00	4.35	-0.99
348P	-2.87	5.00	-5.00	0.14	0.17	5.00	0.05	-0.02	5.00	-0.07	2.90	-0.23	0.22	5.00	0.08	5.00	0.03	-0.12
348S	-2.90	5.00	-5.00	0.07	0.17	5.00	0.02	-0.06	5.00	-0.07	2.87	-0.23	0.21	5.00	0.31	5.00	-0.08	-0.12
348R	-2.27	5.00	-5.00	0.14	0.17	5.00	0.05	-0.02	5.00	-0.07	3.39	-0.23	0.22	5.00	0.08	5.00	0.03	-0.12
348T	-2.70	5.00	-5.00	0.14	0.17	5.00	0.05	-0.02	5.00	-0.07	2.88	-0.23	0.22	5.00	0.08	5.00	0.03	-0.12
348W	-2.49	5.00	-5.00	0.14	0.17	5.00	0.05	-0.02	5.00	-0.07	1.84	-0.23	0.22	5.00	0.08	5.00	0.03	-0.12
348V	-2.73	5.00	-5.00	0.14	0.17	5.00	0.05	-0.02	5.00	-0.07	2.93	-0.23	0.22	5.00	0.08	5.00	0.03	-0.12
348I	-2.32	5.00	-5.00	0.14	0.17	5.00	0.05	-0.02	5.00	-0.07	2.89	-0.23	0.22	5.00	0.08	5.00	0.03	-0.12
348H	-2.72	5.00	-5.00	5.00	0.91	5.00	0.00	-0.55	5.00	-0.56	2.33	-0.23	2.85	5.00	-1.00	5.00	2.71	-0.20
348K	-2.27	5.00	-5.00	0.14	0.17	5.00	0.05	-0.02	5.00	-0.07	3.35	-0.23	0.22	5.00	0.08	5.00	0.03	-0.12
348M	-3.03	5.00	-5.00	0.07	0.36	5.00	-0.01	0.44	5.00	-0.10	2.88	-0.23	0.23	5.00	0.07	5.00	-0.07	-0.10
348L	-2.85	5.00	-5.00	0.14	0.17	5.00	0.05	-0.02	5.00	-0.07	2.98	-0.23	0.22	5.00	0.08	5.00	0.03	-0.12
348N	-3.52	5.00	-5.00	0.14	0.17	5.00	0.05	-0.02	5.00	-0.07	1.47	-0.23	0.22	5.00	0.08	5.00	0.03	-0.12
348A	-2.64	5.00	-5.00	0.14	0.17	5.00	0.05	-0.02	5.00	-0.07	2.87	-0.23	0.22	5.00	0.08	5.00	0.03	-0.12
348C	-3.35	5.00	-5.00	0.14	0.17	5.00	0.05	-0.02	5.00	-0.07	2.87	-0.23	0.22	5.00	0.08	5.00	0.03	-0.12
348E	-3.15	5.00	-5.00	0.14	0.17	5.00	0.05	-0.02	5.00	-0.07	2.88	-0.23	0.22	5.00	0.08	5.00	0.03	-0.12
348D	-2.97	5.00	-5.00	0.01	0.36	5.00	-0.04	0.51	5.00	0.05	2.90	-0.23	0.22	5.00	0.55	5.00	-0.13	-0.06
348F	-1.79	5.00	-5.00	0.14	0.17	5.00	0.05	-0.02	5.00	-0.07	2.93	-0.23	0.22	5.00	0.08	5.00	0.03	-0.12
417G	-3.27	5.00	-5.00	0.14	0.17	5.00	0.05	-0.02	5.00	-0.07	2.87	-0.23	0.22	5.00	0.08	5.00	0.03	-0.12
346W	-1.82	5.00	-5.00	0.14	0.17	5.00	0.05	-0.02	5.00	-0.07	3.05	-0.23	0.22	5.00	0.08	5.00	0.03	-0.12
309C	-3.43	5.00	-5.00	0.07	0.36	5.00	0.07	0.01	5.00	-0.07	2.87	-0.35	0.42	5.00	-0.01	5.00	0.10	-0.10
309A	-3.50	5.00	-5.00	0.14	0.36	5.00	0.07	-0.02	5.00	-0.07	2.86	-0.66	0.44	5.00	0.24	5.00	0.07	-0.08
309F	-3.31	5.00	-5.00	0.14	0.36	5.00	0.07	-0.02	5.00	-0.07	2.86	-0.66	0.44	5.00	0.24	5.00	0.07	-0.08
309G	-3.13	5.00	-5.00	0.01	-0.01	5.00	0.09	0.33	5.00	-0.07	2.85	-0.23	0.17	5.00	-0.13	5.00	-0.12	-0.15
309D	-3.19	5.00	-5.00	0.14	0.17	5.00	0.05	-0.02	5.00	-0.07	2.85	-0.23	0.22	5.00	0.08	5.00	0.03	-0.12
309E	-3.30	5.00	-5.00	0.74	1.00	5.00	0.06	-0.09	5.00	-0.07	2.83	-0.60	0.61	5.00	0.35	5.00	-0.05	-0.12
309K	-3.40	5.00	-5.00	0.07	0.36	5.00	0.07	0.01	5.00	-0.07	2.84	-0.35	0.42	5.00	-0.01	5.00	0.10	-0.10
309H	-3.24	5.00	-5.00	0.14	0.17	5.00	0.05	-0.02	5.00	-0.07	2.85	-0.23	0.22	5.00	0.08	5.00	0.03	-0.12
309I	-3.11	5.00	-5.00	0.14	0.17	5.00	0.05	-0.02	5.00	-0.07	2.85	-0.23	0.22	5.00	0.08	5.00	0.03	-0.12
309N	-3.17	5.00	-5.00	0.14	-0.38	5.00	0.02	-0.09	5.00	-0.07	2.85	-0.23	0.25	5.00	-0.06	5.00	0.08	-0.16
309L	-3.70	5.00	-5.00	-2.07	-2.13	5.00	-0.08	0.16	5.00	-0.07	2.89	-4.69	-0.01	5.00	-1.35	5.00	0.18	0.06
309R	-3.09	5.00	-5.00	0.14	0.17	5.00	0.05	-0.02	5.00	-0.07	2.84	-0.23	0.22	5.00	0.08	5.00	0.03	-0.12
309S	-3.50	5.00	-5.00	0.14	0.36	5.00	0.07	-0.02	5.00	-0.07	2.86	-0.66	0.44	5.00	0.24	5.00	0.07	-0.08
309P	-3.20	5.00	-5.00	0.14	0.17	5.00	0.05	-0.02	5.00	-0.07	2.85	-0.23	0.22	5.00	0.08	5.00	0.03	-0.12
309Q	-3.23	5.00	-5.00	0.14	0.17	5.00	0.05	-0.02	5.00	-0.07	2.86	-0.23	0.22	5.00	0.08	5.00	0.03	-0.12
309V	-2.97	5.00	-5.00	0.61	-0.29	5.00	0.03	-0.09	5.00	-0.07	2.89	0.39	0.82	5.00	-0.86	5.00	0.24	-0.13
309W	-3.39	5.00	-5.00	0.14	0.36	5.00	0.07	-0.02	5.00	-0.07	2.85	-0.66	0.44	5.00	0.24	5.00	0.07	-0.08
309T	-3.51	5.00	-5.00	0.14	0.36	5.00	0.07	-0.02	5.00	-0.07	2.86	-0.66	0.44	5.00	0.24	5.00	0.07	-0.08
417M	-3.08	5.00	-5.00	0.14	0.17	5.00	0.05	-0.02	5.00	-0.07	2.85	-0.23	0.22	5.00	0.08	5.00	0.03	-0.12
346N	-2.30	5.00	-5.00	0.14	0.17	5.00	0.05	-0.02	5.00	-0.07	3.04	-0.23	0.22	5.00	0.08	5.00	0.03	-0.12
346M	-1.70	5.00	-5.00	1.28	0.08	5.00	0.05	0.12	5.00	-0.15	3.01	-0.23	0.41	5.00	0.05	5.00	0.06	-0.12
309Y	-3.24	5.00	-5.00	0.14	0.36	5.00	0.07	-0.02	5.00	-0.07	2.85	-0.66	0.44	5.00	0.24	5.00	0.07	-0.08
346K	-0.21	5.00	-5.00	0.14	0.17	5.00	0.05	-0.02	5.00	-0.07	3.13	-0.23	0.22	5.00	0.08	5.00	0.03	-0.12
346I	-1.94	5.00	-5.00	0.14	0.17	5.00	0.05	-0.02	5.00	-0.07	3.02	-0.23	0.22	5.00	0.08	5.00	0.03	-0.12
346H	-1.96	5.00	-5.00	0.14	0.17	5.00	0.05	-0.02	5.00	-0.07	1.12	-0.23	0.22	5.00	0.08	5.00	0.03	-0.12
346L	-2.08	5.00	-5.00	0.14	0.17	5.00	0.05	-0.02	5.00	-0.07	3.04	-0.23	0.22	5.00	0.08	5.00	0.03	-0.12
417K	-3.28	5.00	-5.00	0.14	0.17	5.00	0.05	-0.02	5.00	-0.07	2.87	-0.23	0.22	5.00	0.08	5.00	0.03	-0.12
302Y	-2.13	5.00	-5.00	0.14	0.17	5.00	0.05	-0.02	5.00	-0.07	2.86	-0.23	0.22	5.00	0.08	5.00	0.03	-0.12
302W	-1.36	5.00	-5.00	0.14	0.17	5.00	0.05	-0.02	5.00	-0.07	2.81	-0.23	0.22	5.00	0.08	5.00	0.03	-0.12
302V	-2.80	5.00	-5.00	0.14	0.17	5.00	0.05	-0.02	5.00	-0.07	2.84	-0.23	0.22	5.00	0.08	5.00	0.03	-0.12
302T	-2.78	5.00	-5.00	-0.46	-1.39	5.00	0.41	0.40	5.00	-0.07	2.17	1.38	-1.36	5.00	0.95	5.00	-2.17	-0.88
302S	-3.40	5.00	-5.00	0.01	-0.29	5.00	0.15	0.30	5.00	-0.07	1.22	-0.11	-0.32	5.00	0.00	5.00	0.12	-0.00
302R	-2.34	5.00	-5.00	0.14	0.17	5.00	0.05	-0.02	5.00	-0.07	2.84	-0.23	0.22	5.00	0.08	5.00	0.03	-0.12
302Q	-3.18	5.00	-5.00	0.14	0.17	5.00	0.05	-0.02	5.00	-0.07	2.82	-0.23	0.22	5.00	0.08	5.00	0.03	-0.12
302P	-2.83	5.00	-5.00	0.14	0.17	5.00	0.05	-0.02	5.00	-0.07	2.84	-0.23	0.22	5.00	0.08	5.00	0.03	-0.12
302N	-2.78	5.00	-5.00	0.14	0.17	5.00	0.05	-0.02	5.00	-0.07	2.90	-0.23	0.22	5.00	0.08	5.00	0.03	-0.12
302M	-2.11	5.00	-5.00	0.14	0.17	5.00	0.05	-0.02	5.00	-0.07	2.91	-0.23	0.22	5.00	0.08	5.00	0.03	-0.12
302L	-2.63	5.00	-5.00	0.14	0.17	5.00	0.05	-0.02	5.00	-0.07	2.91	-0.23	0.22	5.00	0.08	5.00	0.03	-0.12
302K	-2.59	5.00	-5.00	0.14	0.17	5.00	0.05	-0.02	5.00	-0.07	2.10	-0.23	0.22	5.00	0.08	5.00	0.03	-0.12
302I	-2.50	5.00	-5.00	0.14	0.17	5.00	0.05	-0.02	5.00	-0.07	2.78	-0.23	0.22	5.00	0.08	5.00	0.03	-0.12
302H	-2.20	5.00	-5.00	0.14	0.17	5.00	0.05	-0.02	5.00	-0.07	2.91	-0.23	0.22	5.00	0.08	5.00	0.03	-0.12
302G	-3.31	5.00	-5.00	0.14	0.17	5.00	0.05	-0.02	5.00	-0.07	2.82	-0.23	0.22	5.00	0.08	5.00	0.03	-0.12
302F	-2.36	5.00	-5.00	0.14	0.17	5.00	0.05	-0.02	5.00	-0.07	2.78	-0.23	0.22	5.00	0.08	5.00	0.03	-0.12
302E	-3.29	5.00	-5.00	0.14	0.17	5.00	0.05	-0.02	5.00	-0.07	2.82	-0.23	0.22	5.00	0.08	5.00	0.03	-0.12
302D	-3.07	5.00	-5.00	0.14	0.17	5.00	0.05	-0.02	5.00	-0.07	2.82	-0.23	0.22	5.00	0.08	5.00	0.03	-0.12
302C	-2.95	5.00	-5.00	0.14	0.17	5.00	0.05	-0.02	5.00	-0.07	2.86	-0.23	0.22	5.00	0.08	5.00	0.03	-0.12
417T	-3.31	5.00	-5.00	0.14	0.17	5.00	0.05	-0.02	5.00	-0.07	2.87	-0.23	0.22	5.00	0.08	5.00	0.03	-0.12
417V	-3.25	5.00	-5.00	0.14	0.17	5.00	0.05	-0.02	5.00	-0.07	2.85	-0.23	0.22	5.00	0.08	5.00	0.03	-0.12
417P	-3.48	5.00	-5.00	0.14	0.17	5.00	0.05	-0.02	5.00	-0.07	2.85	-0.23	0.22	5.00	0.08	5.00	0.03	-0.12
417Q	-3.06	5.00	-5.00	0.14	0.17	5.00	0.05	-0.02	5.00	-0.07	2.86	-0.23	0.22	5.00	0.08	5.00	0.03	-0.12
417R	-3.11	5.00	-5.00	0.14	0.17	5.00	0.05	-0.02	5.00	-0.07	2.87	-0.23	0.22	5.00	0.08	5.00	0.03	-0.12
346V	-2.14	5.00	-5.00	0.14	0.17	5.00	0.05	-0.02	5.00	-0.07	3.04	-0.23	0.22	5.00	0.08	5.00	0.03	-0.12
417Y	-3.50	5.00	-5.00	0.14	0.17	5.00	0.05	-0.02	5.00	-0.07	2.84	-0.23	0.22	5.00	0.08	5.00	0.03	-0.12
417D	-3.30	5.00	-5.00	0.14	0.17	5.00	0.05	-0.02	5.00	-0.07	2.87	-0.23	0.22	5.00	0.08	5.00	0.03	-0.12
417E	-3.10	5.00	-5.00	0.14	0.17	5.00	0.05	-0.02	5.00	-0.07	2.86	-0.23	0.22	5.00	0.08	5.00	0.03	-0.12
417F	-3.72	5.00	-5.00	0.14	0.17	5.00	0.05	-0.02	5.00	-0.07	2.86	-0.23	0.22	5.00	0.08	5.00	0.03	-0.12
346T	-2.22	5.00	-5.00	0.14	0.17	5.00	0.05	-0.02	5.00	-0.07	3.03	-0.23	0.22	5.00	0.08	5.00	0.03	-0.12
417A	-3.31	5.00	-5.00	0.14	0.17	5.00	0.05	-0.02	5.00	-0.07	2.86	-0.23	0.22	5.00	0.08	5.00	0.03	-0.12
417C	-3.36	5.00	-5.00	0.14	0.17	5.00	0.05	-0.02	5.00	-0.07	2.87	-0.23	0.22	5.00	0.08	5.00	0.03	-0.12
417L	-3.20	5.00	-5.00	0.14	0.17	5.00	0.05	-0.02	5.00	-0.07	2.86	-0.23	0.22	5.00	0.08	5.00	0.03	-0.12
346S	-3.13	5.00	-5.00	0.14	0.17	5.00	0.05	-0.02	5.00	-0.07	2.82	-0.23	0.22	5.00	0.08	5.00	0.03	-0.12
417N	-3.14	5.00	-5.00	0.14	0.17	5.00	0.05	-0.02	5.00	-0.07	2.85	-0.23	0.22	5.00	0.08	5.00	0.03	-0.12
417H	-3.00	5.00	-5.00	0.14	0.17	5.00	0.05	-0.02	5.00	-0.07	2.86	-0.23	0.22	5.00	0.08	5.00	0.03	-0.12
417I	-3.42	5.00	-5.00	0.21	0.17	5.00	-0.05	-0.30	5.00	-0.36	2.87	-0.23	0.26	5.00	-0.02	5.00	0.12	0.02
346R	-2.12	5.00	-5.00	0.14	0.17	5.00	0.05	-0.02	5.00	-0.07	3.09	-0.23	0.22	5.00	0.08	5.00	0.03	-0.12
346Q	-1.79	5.00	-5.00	0.14	0.17	5.00	0.05	-0.02	5.00	-0.07	2.03	-0.23	0.22	5.00	0.08	5.00	0.03	-0.12
346P	-3.16	5.00	-5.00	0.14	0.17	5.00	0.05	-0.02	5.00	-0.07	2.86	-0.23	0.22	5.00	0.08	5.00	0.03	-0.12
346Y	-1.10	5.00	-5.00	0.14	0.17	5.00	0.05	-0.02	5.00	-0.07	2.50	-0.23	0.22	5.00	0.08	5.00	0.03	-0.12
417S	-3.30	5.00	-5.00	0.14	0.17	5.00	0.05	-0.02	5.00	-0.07	2.87	-0.23	0.22	5.00	0.08	5.00	0.03	-0.12
346F	-1.45	5.00	-5.00	0.14	0.17	5.00	0.05	-0.02	5.00	-0.07	2.95	-0.23	0.22	5.00	0.08	5.00	0.03	-0.12
346E	-2.43	5.00	-5.00	0.07	0.26	5.00	-0.02	-0.06	5.00	-0.33	1.81	-0.23	0.17	5.00	0.19	5.00	0.10	-0.11
346D	-2.77	5.00	-5.00	0.14	0.17	5.00	0.05	-0.02	5.00	-0.07	2.04	-0.23	0.22	5.00	0.08	5.00	0.03	-0.12
346C	-2.98	5.00	-5.00	0.14	0.17	5.00	0.05	-0.02	5.00	-0.07	2.86	-0.23	0.22	5.00	0.08	5.00	0.03	-0.12
401Y	-2.33	5.00	-5.00	0.14	0.17	5.00	0.05	-0.02	5.00	-0.07	1.69	-0.23	0.22	5.00	0.08	5.00	0.03	-0.12
346A	-2.96	5.00	-5.00	0.14	0.17	5.00	0.05	-0.02	5.00	-0.07	2.83	-0.23	0.22	5.00	0.08	5.00	0.03	-0.12
401S	-2.95	5.00	-5.00	0.14	0.17	5.00	0.05	-0.02	5.00	-0.07	2.85	-0.23	0.22	5.00	0.08	5.00	0.03	-0.12
401R	-3.01	5.00	-5.00	0.14	0.17	5.00	0.05	-0.02	5.00	-0.07	0.09	-0.23	0.22	5.00	0.08	5.00	0.03	-0.12
401Q	-2.91	5.00	-5.00	0.14	0.17	5.00	0.05	-0.02	5.00	-0.07	2.87	-0.23	0.22	5.00	0.08	5.00	0.03	-0.12
401P	-3.42	5.00	-5.00	0.14	0.17	5.00	0.05	-0.02	5.00	-0.07	2.84	-0.23	0.22	5.00	0.08	5.00	0.03	-0.12
401W	-0.92	5.00	-5.00	0.14	0.17	5.00	0.02	0.08	5.00	-0.04	2.95	-0.23	0.22	5.00	0.10	5.00	0.01	-0.13
401T	-3.25	5.00	-5.00	0.14	0.17	5.00	0.05	-0.02	5.00	-0.07	2.87	-0.23	0.22	5.00	0.08	5.00	0.03	-0.12
401K	-2.49	5.00	-5.00	0.14	0.17	5.00	0.05	-0.02	5.00	-0.07	3.22	-0.23	0.22	5.00	0.08	5.00	0.03	-0.12
401I	-2.12	5.00	-5.00	0.14	0.17	5.00	0.05	-0.02	5.00	-0.07	2.85	-0.23	0.22	5.00	0.08	5.00	0.03	-0.12
401H	-3.02	5.00	-5.00	0.41	0.26	5.00	0.02	0.08	5.00	-0.59	2.86	-0.23	0.18	5.00	0.34	5.00	-0.02	-0.13
401N	-3.29	5.00	-5.00	0.14	0.17	5.00	0.05	-0.02	5.00	-0.07	2.88	-0.23	0.22	5.00	0.08	5.00	0.03	-0.12
401M	-3.11	5.00	-5.00	0.14	0.17	5.00	0.05	-0.02	5.00	-0.07	2.87	-0.23	0.22	5.00	0.08	5.00	0.03	-0.12
401L	-2.34	5.00	-5.00	0.14	0.17	5.00	0.05	-0.02	5.00	-0.07	2.87	-0.23	0.22	5.00	0.08	5.00	0.03	-0.12
401C	-3.42	5.00	-5.00	0.94	0.72	5.00	0.31	0.23	5.00	-0.74	2.83	-0.23	0.27	5.00	0.31	5.00	0.06	-0.27
401A	-3.23	5.00	-5.00	-0.60	0.26	5.00	0.16	-0.83	5.00	0.46	2.85	-0.23	0.22	5.00	-0.10	5.00	-0.07	-0.29
401G	-2.83	5.00	-5.00	0.14	0.17	5.00	0.05	-0.02	5.00	-0.07	2.85	-0.23	0.22	5.00	0.08	5.00	0.03	-0.12
401F	-2.22	5.00	-5.00	0.14	0.17	5.00	0.05	-0.02	5.00	-0.07	2.89	-0.23	0.22	5.00	0.08	5.00	0.03	-0.12
401E	-2.72	5.00	-5.00	0.14	0.17	5.00	0.05	-0.02	5.00	-0.07	2.86	-0.23	0.22	5.00	0.08	5.00	0.03	-0.12
401D	-3.13	5.00	-5.00	0.14	0.17	5.00	0.05	-0.02	5.00	-0.07	2.86	-0.23	0.22	5.00	0.08	5.00	0.03	-0.12
305N	-3.43	5.00	-5.00	0.14	0.17	5.00	0.05	-0.02	5.00	-0.07	2.80	-0.23	0.22	5.00	0.08	5.00	0.03	-0.12
305L	-3.36	5.00	-5.00	0.14	0.17	5.00	0.05	-0.02	5.00	-0.07	2.76	-0.23	0.22	5.00	0.08	5.00	0.03	-0.12
305M	-3.13	5.00	-5.00	0.14	0.17	5.00	0.05	-0.02	5.00	-0.07	2.83	-0.23	0.22	5.00	0.08	5.00	0.03	-0.12
305K	-3.60	5.00	-5.00	0.14	0.17	5.00	0.05	-0.02	5.00	-0.07	2.78	-0.23	0.22	5.00	0.08	5.00	0.03	-0.12
305H	-3.50	5.00	-5.00	0.14	0.17	5.00	0.05	-0.02	5.00	-0.07	2.80	-0.23	0.22	5.00	0.08	5.00	0.03	-0.12
305I	-2.84	5.00	-5.00	-0.40	1.09	5.00	0.15	0.61	5.00	-0.07	2.76	-0.73	-3.50	5.00	2.60	5.00	-0.32	-0.10
305G	-3.65	5.00	-5.00	0.14	0.17	5.00	0.05	-0.02	5.00	-0.07	2.76	-0.23	0.22	5.00	0.08	5.00	0.03	-0.12
305D	-3.58	5.00	-5.00	0.14	0.17	5.00	0.05	-0.02	5.00	-0.07	2.76	-0.23	0.22	5.00	0.08	5.00	0.03	-0.12
305E	-3.45	5.00	-5.00	0.14	0.17	5.00	0.05	-0.02	5.00	-0.07	2.78	-0.23	0.22	5.00	0.08	5.00	0.03	-0.12
305C	-3.61	5.00	-5.00	0.14	0.17	5.00	0.05	-0.02	5.00	-0.07	2.80	-0.23	0.22	5.00	0.08	5.00	0.03	-0.12
305A	-3.56	5.00	-5.00	0.14	0.17	5.00	0.05	-0.02	5.00	-0.07	2.76	-0.23	0.22	5.00	0.08	5.00	0.03	-0.12
305Y	-3.06	5.00	-5.00	0.14	0.17	5.00	0.05	-0.02	5.00	-0.07	2.84	-0.23	0.22	5.00	0.08	5.00	0.03	-0.12
305V	-3.12	5.00	-5.00	0.14	0.17	5.00	0.05	-0.02	5.00	-0.07	2.81	-0.23	0.22	5.00	0.08	5.00	0.03	-0.12
305W	-1.75	5.00	-5.00	0.14	0.17	5.00	0.05	-0.02	5.00	-0.07	2.98	-0.23	0.22	5.00	0.08	5.00	0.03	-0.12
305T	-3.11	5.00	-5.00	0.14	0.17	5.00	0.05	-0.02	5.00	-0.07	2.80	-0.23	0.22	5.00	0.08	5.00	0.03	-0.12
305R	-3.45	5.00	-5.00	0.14	0.17	5.00	0.05	-0.02	5.00	-0.07	2.80	-0.23	0.22	5.00	0.08	5.00	0.03	-0.12
305S	-3.59	5.00	-5.00	0.14	0.17	5.00	0.05	-0.02	5.00	-0.07	2.77	-0.23	0.22	5.00	0.08	5.00	0.03	-0.12
305P	-3.81	5.00	-5.00	0.14	0.17	5.00	0.05	-0.02	5.00	-0.07	2.79	-0.23	0.22	5.00	0.08	5.00	0.03	-0.12
305Q	-3.27	5.00	-5.00	0.14	0.17	5.00	0.05	-0.02	5.00	-0.07	2.81	-0.23	0.22	5.00	0.08	5.00	0.03	-0.12
306C	-3.66	5.00	-5.00	-4.88	0.17	5.00	0.12	0.65	5.00	-0.07	2.82	0.64	-1.20	5.00	-0.21	5.00	-2.81	-0.13
306A	-2.55	5.00	-5.00	3.95	-0.01	5.00	0.05	-0.30	5.00	-0.07	2.85	-1.28	1.80	5.00	0.13	5.00	2.90	-0.19
306G	-3.09	5.00	-5.00	0.14	0.17	5.00	0.05	-0.02	5.00	-0.07	2.84	-0.23	0.22	5.00	0.08	5.00	0.03	-0.12
306F	-3.08	5.00	-5.00	0.21	0.36	5.00	0.10	-0.41	5.00	-0.07	2.86	-0.23	0.18	5.00	0.27	5.00	-0.04	-0.15
306E	-3.27	5.00	-5.00	0.14	0.17	5.00	0.05	-0.02	5.00	-0.07	2.81	-0.23	0.22	5.00	0.08	5.00	0.03	-0.12
306D	-3.13	5.00	-5.00	0.14	0.17	5.00	0.05	-0.02	5.00	-0.07	2.85	-0.23	0.22	5.00	0.08	5.00	0.03	-0.12
306K	-3.19	5.00	-5.00	0.14	0.08	5.00	0.15	0.05	5.00	-0.07	2.81	-0.17	0.18	5.00	0.54	5.00	-0.20	-0.29
306I	-3.20	5.00	-5.00	0.14	0.17	5.00	0.05	-0.02	5.00	-0.07	2.81	-0.23	0.22	5.00	0.08	5.00	0.03	-0.12
306H	-3.05	5.00	-5.00	0.14	0.17	5.00	0.05	-0.02	5.00	-0.07	2.85	-0.23	0.22	5.00	0.08	5.00	0.03	-0.12
306N	-3.21	5.00	-5.00	0.14	0.17	5.00	0.05	-0.02	5.00	-0.07	2.81	-0.23	0.22	5.00	0.08	5.00	0.03	-0.12
306M	-2.99	5.00	-5.00	0.14	0.17	5.00	0.05	-0.02	5.00	-0.07	2.83	-0.23	0.22	5.00	0.08	5.00	0.03	-0.12
306L	-2.99	5.00	-5.00	0.14	0.17	5.00	0.05	-0.02	5.00	-0.07	2.83	-0.23	0.22	5.00	0.08	5.00	0.03	-0.12
306S	-3.21	5.00	-5.00	0.14	0.17	5.00	0.05	-0.02	5.00	-0.07	2.82	-0.23	0.22	5.00	0.08	5.00	0.03	-0.12
306R	-2.50	5.00	-5.00	3.48	0.17	5.00	0.00	-0.66	5.00	-0.07	2.12	-2.15	2.60	5.00	2.93	5.00	3.23	-0.06
306Q	-3.11	5.00	-5.00	0.14	0.17	5.00	0.05	-0.02	5.00	-0.07	2.84	-0.23	0.22	5.00	0.08	5.00	0.03	-0.12
306P	-3.04	5.00	-5.00	0.14	0.17	5.00	0.05	-0.02	5.00	-0.07	2.87	-0.23	0.22	5.00	0.08	5.00	0.03	-0.12
306W	-2.39	5.00	-5.00	4.09	-0.93	5.00	0.07	0.83	5.00	-0.07	2.61	0.02	0.72	5.00	-0.61	5.00	2.78	-0.29
306V	-3.21	5.00	-5.00	0.14	0.17	5.00	0.05	-0.02	5.00	-0.07	2.81	-0.23	0.22	5.00	0.08	5.00	0.03	-0.12
306T	-3.25	5.00	-5.00	0.14	0.17	5.00	0.05	-0.02	5.00	-0.07	2.81	-0.23	0.22	5.00	0.08	5.00	0.03	-0.12
