384A	-2.88	5.00	-5.00	0.07	-0.18	5.00	-0.42	-0.19	5.00	0.29	4.76	0.04	0.34	5.00	0.03	5.00	-0.29	-0.02
384C	-3.14	5.00	-5.00	0.07	-0.18	5.00	-0.42	-0.19	5.00	0.29	4.78	0.04	0.34	5.00	0.03	5.00	-0.29	-0.02
384E	-2.95	5.00	-5.00	0.07	-0.18	5.00	-0.42	-0.19	5.00	0.29	4.75	0.04	0.34	5.00	0.03	5.00	-0.29	-0.02
384D	-3.18	5.00	-5.00	0.07	-0.33	5.00	-0.49	-0.18	5.00	0.29	4.80	-0.10	0.32	5.00	-0.05	5.00	-0.21	-0.13
384G	-2.95	5.00	-5.00	0.07	-0.18	5.00	-0.42	-0.19	5.00	0.29	4.75	0.04	0.34	5.00	0.03	5.00	-0.29	-0.02
384I	-2.70	5.00	-5.00	0.07	-0.18	5.00	-0.41	-0.24	5.00	0.29	4.75	0.09	0.36	5.00	-0.00	5.00	-0.24	0.33
384H	-2.98	5.00	-5.00	0.11	-0.18	5.00	-0.40	-0.18	5.00	0.29	4.75	0.21	0.36	5.00	0.10	5.00	-0.27	0.12
384K	-3.14	5.00	-5.00	0.07	-0.18	5.00	-0.42	-0.19	5.00	0.29	4.78	0.04	0.34	5.00	0.03	5.00	-0.29	-0.02
384M	-3.11	5.00	-5.00	0.07	-0.18	5.00	-0.42	-0.19	5.00	0.29	4.80	0.04	0.34	5.00	0.03	5.00	-0.29	-0.02
384L	-2.65	5.00	-5.00	0.07	-0.18	5.00	-0.42	-0.19	5.00	0.29	4.75	0.04	0.34	5.00	0.03	5.00	-0.29	-0.02
384N	-3.11	5.00	-5.00	0.07	-0.18	5.00	-0.42	-0.19	5.00	0.29	4.78	0.04	0.34	5.00	0.03	5.00	-0.29	-0.02
384Q	-3.13	5.00	-5.00	0.07	-0.18	5.00	-0.42	-0.19	5.00	0.29	4.78	0.04	0.34	5.00	0.03	5.00	-0.29	-0.02
384P	-2.90	5.00	-5.00	0.07	-0.18	5.00	-0.42	-0.19	5.00	0.29	4.74	0.04	0.34	5.00	0.03	5.00	-0.29	-0.02
384S	-2.96	5.00	-5.00	0.07	-0.18	5.00	-0.42	-0.19	5.00	0.29	4.76	0.04	0.34	5.00	0.03	5.00	-0.29	-0.02
384R	-3.14	5.00	-5.00	0.07	-0.18	5.00	-0.42	-0.19	5.00	0.29	4.74	0.04	0.34	5.00	0.03	5.00	-0.29	-0.02
384T	-3.15	5.00	-5.00	0.07	-0.18	5.00	-0.42	-0.19	5.00	0.29	4.78	0.04	0.34	5.00	0.03	5.00	-0.29	-0.02
384W	-3.20	5.00	-5.00	0.07	-0.18	5.00	-0.42	-0.19	5.00	0.29	4.83	0.04	0.34	5.00	0.03	5.00	-0.29	-0.02
384V	-3.16	5.00	-5.00	0.07	-0.18	5.00	-0.42	-0.19	5.00	0.29	4.77	0.04	0.34	5.00	0.03	5.00	-0.29	-0.02
384Y	-3.06	5.00	-5.00	0.07	-0.18	5.00	-0.42	-0.19	5.00	0.29	2.13	0.04	0.34	5.00	0.03	5.00	-0.29	-0.02
348Y	-0.94	5.00	-5.00	1.19	-0.78	5.00	-0.68	-0.47	5.00	0.14	4.88	0.04	-3.37	5.00	1.71	5.00	-3.90	-0.19
348Q	-3.34	5.00	-5.00	0.94	5.00	5.00	-0.73	-0.19	5.00	1.05	4.71	0.04	-0.01	5.00	-0.93	5.00	2.57	2.69
348P	-2.38	5.00	-5.00	0.07	-0.18	5.00	-0.42	-0.19	5.00	0.29	4.73	0.04	0.34	5.00	0.03	5.00	-0.29	-0.02
348S	-2.65	5.00	-5.00	0.07	-0.18	5.00	-0.42	-0.19	5.00	0.29	4.79	0.04	0.34	5.00	0.03	5.00	-0.29	-0.02
348R	-4.14	5.00	-5.00	-2.59	5.00	5.00	-1.43	-1.19	5.00	5.00	5.00	0.04	1.20	5.00	-5.00	5.00	1.30	-0.88
348T	-3.04	5.00	-5.00	0.20	0.87	5.00	-0.42	-0.36	5.00	0.30	4.79	0.04	0.28	5.00	0.05	5.00	-4.08	-0.22
348W	-2.84	5.00	-5.00	0.07	0.12	5.00	-0.36	-0.30	5.00	0.26	4.55	0.04	0.32	5.00	-0.20	5.00	-0.20	-0.05
348V	-2.56	5.00	-5.00	0.20	0.57	5.00	-0.46	-0.24	5.00	0.32	4.79	0.04	0.31	5.00	0.12	5.00	-4.04	-0.19
348I	-0.22	5.00	-5.00	1.19	-0.48	5.00	-0.33	-0.32	5.00	0.17	4.92	0.04	-2.55	5.00	1.82	5.00	0.50	-0.34
348H	-1.72	5.00	-5.00	0.07	-0.18	5.00	-0.42	-0.19	5.00	0.29	5.00	0.04	0.34	5.00	0.03	5.00	-0.29	-0.02
348K	-3.05	5.00	-5.00	0.20	0.87	5.00	-0.42	-0.36	5.00	0.30	4.97	0.04	0.28	5.00	0.05	5.00	-4.08	-0.22
348M	-1.79	5.00	-5.00	-0.05	-1.99	5.00	-0.39	-0.16	5.00	0.30	4.83	0.04	1.91	5.00	-1.20	5.00	3.19	-0.08
348L	-2.46	5.00	-5.00	-0.60	-2.59	5.00	-0.10	-0.96	5.00	0.47	4.89	0.04	1.58	5.00	-0.66	5.00	-0.97	-1.40
348N	-2.57	5.00	-5.00	-2.01	2.07	5.00	-0.57	0.05	5.00	0.07	4.76	0.04	1.18	5.00	-0.96	5.00	0.17	0.04
348A	-2.44	5.00	-5.00	0.07	-0.18	5.00	-0.42	-0.19	5.00	0.29	4.72	0.04	0.34	5.00	0.03	5.00	-0.29	-0.02
348C	-2.82	5.00	-5.00	0.07	-0.18	5.00	-0.42	-0.19	5.00	0.29	4.85	0.04	0.34	5.00	0.03	5.00	-0.29	-0.02
348E	-3.33	5.00	-5.00	-1.39	3.27	5.00	-0.26	-0.16	5.00	0.79	4.66	0.04	0.38	5.00	-1.56	5.00	0.63	0.50
348D	-3.13	5.00	-5.00	0.07	-0.18	5.00	-0.42	-0.19	5.00	0.29	4.78	0.04	0.34	5.00	0.03	5.00	-0.29	-0.02
348F	-1.21	5.00	-5.00	0.15	-1.09	5.00	-0.35	-0.22	5.00	0.17	5.00	0.04	0.77	5.00	0.29	5.00	-0.18	-0.11
417G	-3.55	5.00	-5.00	-1.39	0.42	5.00	-0.41	-0.12	5.00	0.14	4.80	0.04	0.26	5.00	-1.08	5.00	-0.66	-0.22
346W	-2.51	5.00	-5.00	0.11	0.57	5.00	-0.26	-0.32	5.00	0.01	2.96	0.04	0.42	5.00	0.26	5.00	0.24	-0.11
309C	-3.15	5.00	-5.00	0.07	-0.18	5.00	-0.42	-0.19	5.00	0.29	4.80	0.04	0.34	5.00	0.03	5.00	-0.29	-0.02
309A	-3.38	5.00	-5.00	-0.64	2.07	5.00	-0.57	-0.76	5.00	0.29	4.86	2.41	0.37	5.00	-1.02	5.00	1.04	-1.35
309F	-2.50	5.00	-5.00	0.07	-0.18	5.00	-0.42	-0.19	5.00	0.29	4.78	0.04	0.34	5.00	0.03	5.00	-0.29	-0.02
309G	-3.27	5.00	-5.00	-0.05	-0.18	5.00	-0.52	0.08	5.00	0.29	4.79	0.09	0.86	5.00	0.05	5.00	-0.27	-0.08
309D	-3.13	5.00	-5.00	0.11	0.27	5.00	-0.39	-0.21	5.00	0.29	4.85	0.02	0.35	5.00	-0.00	5.00	-0.29	-0.13
309E	-3.12	5.00	-5.00	0.07	-0.18	5.00	-0.42	-0.19	5.00	0.29	4.84	0.04	0.34	5.00	0.03	5.00	-0.29	-0.02
309K	-3.13	5.00	-5.00	0.07	-0.48	5.00	-0.40	-0.15	5.00	0.29	4.79	-0.03	0.88	5.00	0.04	5.00	-0.28	0.10
309H	-3.03	5.00	-5.00	0.07	0.12	5.00	-0.47	-0.16	5.00	0.29	4.85	0.04	0.34	5.00	0.03	5.00	-0.29	-0.05
309I	-3.14	5.00	-5.00	0.07	-0.18	5.00	-0.42	-0.19	5.00	0.29	4.79	0.04	0.34	5.00	0.03	5.00	-0.29	-0.02
309N	-3.01	5.00	-5.00	0.07	-0.18	5.00	-0.42	-0.19	5.00	0.29	4.82	0.04	0.34	5.00	0.03	5.00	-0.29	-0.02
309L	-3.02	5.00	-5.00	0.07	-0.18	5.00	-0.38	-0.27	5.00	0.29	4.85	-0.06	0.45	5.00	0.19	5.00	-0.39	-0.11
309R	-2.42	5.00	-5.00	0.07	-0.18	5.00	-0.42	-0.19	5.00	0.29	4.90	0.04	0.34	5.00	0.03	5.00	-0.29	-0.02
309S	-3.54	5.00	-5.00	-1.47	-1.09	5.00	-0.37	-0.35	5.00	0.29	4.78	-1.52	0.38	5.00	-0.75	5.00	-0.69	0.36
309P	-3.26	5.00	-5.00	0.07	-0.18	5.00	-0.42	-0.19	5.00	0.29	4.80	0.04	0.34	5.00	0.03	5.00	-0.29	-0.02
309Q	-3.07	5.00	-5.00	0.07	-0.18	5.00	-0.42	-0.19	5.00	0.29	4.80	0.04	0.34	5.00	0.03	5.00	-0.29	-0.02
309V	-3.20	5.00	-5.00	0.15	-0.33	5.00	-0.49	-0.13	5.00	0.29	4.80	-0.03	0.50	5.00	0.10	5.00	-0.27	0.27
309W	-2.22	5.00	-5.00	0.07	0.27	5.00	-0.31	-0.42	5.00	0.29	4.77	-0.30	0.50	5.00	0.13	5.00	-0.20	0.07
309T	-3.29	5.00	-5.00	0.07	-0.18	5.00	-0.42	-0.19	5.00	0.29	4.81	0.04	0.34	5.00	0.03	5.00	-0.29	-0.02
417M	-3.38	5.00	-5.00	-1.39	0.27	5.00	-0.43	-0.12	5.00	0.21	4.80	0.04	0.22	5.00	-0.97	5.00	-0.62	-0.19
346N	-2.52	5.00	-5.00	0.07	-0.18	5.00	-0.42	-0.19	5.00	0.29	2.74	0.04	0.34	5.00	0.03	5.00	-0.29	-0.02
346M	-1.55	5.00	-5.00	0.07	-0.18	5.00	-0.42	-0.19	5.00	0.29	4.78	0.04	0.34	5.00	0.03	5.00	-0.29	-0.02
309Y	-2.47	5.00	-5.00	0.07	0.42	5.00	-0.41	-0.19	5.00	0.29	4.78	0.18	0.36	5.00	-0.05	5.00	-0.25	-0.08
346K	-0.77	5.00	-5.00	0.07	-0.18	5.00	-0.42	-0.19	5.00	0.29	2.44	0.04	0.34	5.00	0.03	5.00	-0.29	-0.02
346I	-2.76	5.00	-5.00	-0.35	-0.03	5.00	-0.32	-0.27	5.00	0.03	4.78	0.04	-0.57	5.00	0.76	5.00	-2.82	-0.02
346H	-1.89	5.00	-5.00	0.07	-0.18	5.00	-0.42	-0.19	5.00	0.29	4.98	0.04	0.34	5.00	0.03	5.00	-0.29	-0.02
346L	-2.11	5.00	-5.00	0.07	-0.18	5.00	-0.42	-0.19	5.00	0.29	4.94	0.04	0.34	5.00	0.03	5.00	-0.29	-0.02
417K	-3.30	5.00	-5.00	-1.30	0.42	5.00	-0.39	-0.06	5.00	0.26	4.81	0.04	0.14	5.00	-0.93	5.00	-0.65	-0.08
302Y	-2.28	5.00	-5.00	-1.39	-0.03	5.00	-0.43	-0.09	5.00	0.29	4.80	-0.13	0.17	5.00	-0.92	5.00	-0.63	-0.68
302W	-0.65	5.00	-5.00	-1.64	2.67	5.00	-0.46	-0.15	5.00	0.29	4.32	-0.22	0.01	5.00	0.23	5.00	-0.73	-0.34
302V	-2.78	5.00	-5.00	0.07	-0.18	5.00	-0.42	-0.19	5.00	0.29	4.84	0.04	0.34	5.00	0.03	5.00	-0.29	-0.02
302T	-2.93	5.00	-5.00	0.07	-0.18	5.00	-0.42	-0.19	5.00	0.29	2.67	0.04	0.34	5.00	0.03	5.00	-0.29	-0.02
302S	-3.19	5.00	-5.00	1.53	-0.94	5.00	-0.41	-0.29	5.00	0.29	2.08	-0.25	0.46	5.00	1.58	5.00	-0.23	0.01
302R	-2.22	5.00	-5.00	0.32	5.00	5.00	-0.39	-0.29	5.00	0.29	4.64	1.24	0.33	5.00	-0.24	5.00	-3.98	1.88
302Q	-2.60	5.00	-5.00	-0.05	-3.04	5.00	0.54	-3.66	5.00	0.29	5.00	1.38	2.09	5.00	-3.71	5.00	4.73	0.33
302P	-2.84	5.00	-5.00	0.24	-5.00	5.00	-0.45	0.08	5.00	0.29	5.00	-0.44	-0.73	5.00	-1.32	5.00	0.43	-0.74
302N	-3.27	5.00	-5.00	-1.43	5.00	5.00	-0.33	-0.24	5.00	0.29	4.07	1.09	0.29	5.00	0.09	5.00	-1.74	0.62
302M	-1.78	5.00	-5.00	-1.18	5.00	5.00	-0.37	-0.21	5.00	0.29	4.58	0.81	0.17	5.00	-1.05	5.00	-4.27	1.68
302L	-2.66	5.00	-5.00	0.28	5.00	5.00	-0.35	-0.19	5.00	0.29	4.56	1.07	0.42	5.00	-0.10	5.00	-3.97	2.20
302K	-2.19	5.00	-5.00	0.24	5.00	5.00	-0.51	-0.06	5.00	0.29	4.58	1.12	0.42	5.00	0.02	5.00	-3.82	1.88
302I	-1.84	5.00	-5.00	0.07	-0.18	5.00	-0.42	-0.19	5.00	0.29	4.79	0.04	0.34	5.00	0.03	5.00	-0.29	-0.02
302H	-2.40	5.00	-5.00	0.07	-0.18	5.00	-0.42	-0.19	5.00	0.29	4.72	0.04	0.34	5.00	0.03	5.00	-0.29	-0.02
302G	-2.82	5.00	-5.00	-0.51	-5.00	5.00	-0.71	-0.12	5.00	0.29	5.00	1.31	-1.19	5.00	-0.20	5.00	3.28	-0.39
302F	-2.54	5.00	-5.00	0.28	5.00	5.00	-0.43	-0.32	5.00	0.29	4.54	1.00	0.32	5.00	0.03	5.00	-3.76	2.03
302E	-3.00	5.00	-5.00	-1.34	-0.18	5.00	-0.31	-0.26	5.00	0.29	4.72	-0.15	0.17	5.00	-1.10	5.00	-0.63	-0.19
302D	-2.87	5.00	-5.00	-1.47	-0.18	5.00	-0.45	-0.06	5.00	0.29	3.84	-0.20	0.17	5.00	-1.27	5.00	-0.40	-0.16
302C	-3.40	5.00	-5.00	0.24	5.00	5.00	-0.32	-0.49	5.00	0.29	4.58	1.16	0.40	5.00	0.32	5.00	-4.15	2.29
417T	-3.74	5.00	-5.00	0.07	-0.18	5.00	-0.42	-0.19	5.00	0.29	4.86	0.04	0.34	5.00	0.03	5.00	-0.29	-0.02
417V	-3.02	5.00	-5.00	-0.26	-0.18	5.00	-0.38	-0.07	5.00	0.30	4.80	0.04	0.92	5.00	-0.50	5.00	0.03	-0.13
417P	-3.48	5.00	-5.00	-0.01	2.37	5.00	-0.16	-0.04	5.00	0.21	4.77	0.04	0.62	5.00	0.28	5.00	-0.35	-0.31
417Q	-3.68	5.00	-5.00	-1.34	-0.18	5.00	-0.31	-0.12	5.00	0.23	4.85	0.04	0.24	5.00	-1.16	5.00	-0.66	-0.05
417R	-3.10	5.00	-5.00	0.07	-0.18	5.00	-0.42	-0.19	5.00	0.29	4.83	0.04	0.34	5.00	0.03	5.00	-0.29	-0.02
346V	-2.63	5.00	-5.00	0.07	-0.18	5.00	-0.42	-0.19	5.00	0.29	4.84	0.04	0.34	5.00	0.03	5.00	-0.29	-0.02
417Y	-3.13	5.00	-5.00	0.03	-0.63	5.00	-0.45	-0.39	5.00	0.29	4.80	0.04	0.42	5.00	0.28	5.00	-0.31	0.12
417D	-3.63	5.00	-5.00	-1.43	-0.03	5.00	-0.33	-0.03	5.00	0.42	4.79	0.04	0.22	5.00	-1.18	5.00	-0.53	0.07
417E	-3.43	5.00	-5.00	0.03	-0.03	5.00	-0.42	-0.12	5.00	0.30	4.82	0.04	0.33	5.00	-0.18	5.00	-0.23	0.01
417F	-3.34	5.00	-5.00	0.07	-0.18	5.00	-0.42	-0.19	5.00	0.29	4.79	0.04	0.34	5.00	0.03	5.00	-0.29	-0.02
346T	-2.77	5.00	-5.00	0.36	-0.03	5.00	-0.27	-0.29	5.00	0.34	4.83	0.04	0.59	5.00	-0.12	5.00	-0.03	-0.19
417A	-3.64	5.00	-5.00	0.07	-0.18	5.00	-0.42	-0.19	5.00	0.29	4.80	0.04	0.34	5.00	0.03	5.00	-0.29	-0.02
417C	-3.15	5.00	-5.00	-1.26	0.42	5.00	-0.28	-0.03	5.00	0.11	4.86	0.04	0.42	5.00	-1.08	5.00	-0.68	0.18
417L	-3.44	5.00	-5.00	-1.26	0.87	5.00	-0.37	-0.07	5.00	0.20	4.81	0.04	0.22	5.00	-1.03	5.00	-0.77	0.24
346S	-2.61	5.00	-5.00	0.15	-1.99	5.00	-0.53	-0.19	5.00	0.29	4.73	0.04	1.02	5.00	0.04	5.00	2.35	-0.19
417N	-3.74	5.00	-5.00	-1.34	-0.03	5.00	-0.28	-0.10	5.00	0.20	4.80	0.04	0.21	5.00	-0.92	5.00	-0.61	-0.02
417H	-3.54	5.00	-5.00	-1.34	0.12	5.00	-0.41	-0.07	5.00	0.21	4.79	0.04	0.21	5.00	-0.99	5.00	-0.61	-0.02
417I	-3.58	5.00	-5.00	-1.30	-0.18	5.00	-0.39	-0.07	5.00	0.21	4.80	0.04	0.24	5.00	-1.13	5.00	-0.46	0.01
346R	-0.19	5.00	-5.00	0.07	-0.18	5.00	-0.42	-0.19	5.00	0.29	3.51	0.04	0.34	5.00	0.03	5.00	-0.29	-0.02
346Q	-2.07	5.00	-5.00	0.07	-0.18	5.00	-0.42	-0.19	5.00	0.29	3.36	0.04	0.34	5.00	0.03	5.00	-0.29	-0.02
346P	-2.88	5.00	-5.00	0.07	-0.18	5.00	-0.42	-0.19	5.00	0.29	4.79	0.04	0.34	5.00	0.03	5.00	-0.29	-0.02
346Y	-1.73	5.00	-5.00	0.07	-0.18	5.00	-0.42	-0.19	5.00	0.29	4.17	0.04	0.34	5.00	0.03	5.00	-0.29	-0.02
417S	-3.72	5.00	-5.00	-1.30	-2.14	5.00	-0.45	-0.06	5.00	0.30	4.83	0.04	0.82	5.00	-0.94	5.00	-0.16	-0.22
346F	-1.85	5.00	-5.00	0.07	-0.18	5.00	-0.42	-0.19	5.00	0.29	5.00	0.04	0.34	5.00	0.03	5.00	-0.29	-0.02
346E	-2.06	5.00	-5.00	0.07	-0.18	5.00	-0.42	-0.19	5.00	0.29	3.01	0.04	0.34	5.00	0.03	5.00	-0.29	-0.02
346D	-2.75	5.00	-5.00	0.07	-0.18	5.00	-0.42	-0.19	5.00	0.29	3.48	0.04	0.34	5.00	0.03	5.00	-0.29	-0.02
346C	-2.61	5.00	-5.00	0.07	-0.18	5.00	-0.42	-0.19	5.00	0.29	4.78	0.04	0.34	5.00	0.03	5.00	-0.29	-0.02
401Y	-2.62	5.00	-5.00	0.07	-0.18	5.00	-0.42	-0.19	5.00	0.29	4.88	0.04	0.34	5.00	0.03	5.00	-0.29	-0.02
346A	-2.94	5.00	-5.00	0.07	-0.18	5.00	-0.42	-0.19	5.00	0.29	4.77	0.04	0.34	5.00	0.03	5.00	-0.29	-0.02
401S	-2.93	5.00	-5.00	0.03	-5.00	5.00	-0.39	-0.79	5.00	1.13	4.92	0.04	-0.86	5.00	0.16	5.00	-0.39	-2.85
401R	-3.15	5.00	-5.00	0.03	4.92	5.00	-0.47	-0.09	5.00	0.68	0.15	0.04	0.62	5.00	-0.01	5.00	-0.56	0.36
401Q	-2.98	5.00	-5.00	0.07	-0.18	5.00	-0.42	-0.19	5.00	0.29	4.81	0.04	0.34	5.00	0.03	5.00	-0.29	-0.02
401P	-3.67	5.00	-5.00	-1.59	5.00	5.00	-0.59	0.24	5.00	1.34	4.63	0.04	1.93	5.00	-1.32	5.00	-0.69	1.39
401W	-1.85	5.00	-5.00	-1.47	3.42	5.00	-0.54	0.19	5.00	0.79	4.89	0.04	1.56	5.00	-1.20	5.00	-0.16	1.11
401T	-3.26	5.00	-5.00	-1.39	-0.48	5.00	-0.48	-0.13	5.00	0.23	4.78	0.04	1.03	5.00	-0.89	5.00	-0.55	-0.28
401K	-3.67	5.00	-5.00	-1.68	4.32	5.00	-0.49	0.13	5.00	0.76	4.75	0.04	1.41	5.00	-1.22	5.00	-0.20	0.85
401I	-2.73	5.00	-5.00	-1.51	5.00	5.00	-0.59	0.30	5.00	1.18	4.61	0.04	1.84	5.00	-1.24	5.00	-0.43	1.48
401H	-3.38	5.00	-5.00	-1.47	3.42	5.00	-0.54	0.19	5.00	0.79	4.79	0.04	1.56	5.00	-1.20	5.00	-0.16	1.11
401N	-3.57	5.00	-5.00	-1.55	2.67	5.00	-0.41	0.30	5.00	0.95	4.75	0.04	2.31	5.00	-1.37	5.00	-0.06	1.25
401M	-3.32	5.00	-5.00	-1.51	3.27	5.00	-0.56	0.20	5.00	1.04	4.75	0.04	1.59	5.00	-1.27	5.00	-0.20	1.08
401L	-2.92	5.00	-5.00	-0.47	0.12	5.00	-0.41	-0.21	5.00	0.42	4.84	0.04	0.89	5.00	-0.89	5.00	-0.81	0.67
401C	-3.28	5.00	-5.00	-1.18	-0.78	5.00	-0.36	-0.24	5.00	-0.03	4.78	0.04	0.13	5.00	-1.15	5.00	-0.64	-0.11
401A	-3.71	5.00	-5.00	-1.47	5.00	5.00	-0.59	0.24	5.00	1.30	4.61	0.04	1.80	5.00	-0.97	5.00	-0.47	1.16
401G	-2.82	5.00	-5.00	-1.05	0.12	5.00	-0.54	-0.21	5.00	0.39	4.81	0.04	0.08	5.00	-0.71	5.00	-0.67	-0.39
401F	-2.27	5.00	-5.00	0.07	-0.18	5.00	-0.51	-0.19	5.00	0.37	4.83	0.04	0.34	5.00	0.22	5.00	-0.36	-0.05
401E	-2.26	5.00	-5.00	0.28	-0.48	5.00	-0.51	-0.29	5.00	0.34	4.81	0.04	0.19	5.00	0.44	5.00	-0.56	-0.45
401D	-3.41	5.00	-5.00	-1.59	3.27	5.00	-0.61	0.30	5.00	0.97	4.78	0.04	1.61	5.00	-1.33	5.00	-0.25	1.19
305N	-2.98	5.00	-5.00	1.44	0.12	5.00	-0.47	-0.21	5.00	0.29	4.72	-0.06	0.45	5.00	1.08	5.00	-0.23	0.15
305L	-3.56	5.00	-5.00	-1.22	4.62	5.00	-0.41	-0.55	5.00	0.29	4.92	0.23	1.47	5.00	-0.85	5.00	-0.65	-0.13
305M	-3.36	5.00	-5.00	-1.39	3.12	5.00	-0.40	-0.35	5.00	0.29	4.92	0.21	1.71	5.00	-1.19	5.00	-0.19	-0.11
305K	-3.20	5.00	-5.00	0.07	-0.18	5.00	-0.42	-0.19	5.00	0.29	4.79	0.04	0.34	5.00	0.03	5.00	-0.29	-0.02
305H	-3.12	5.00	-5.00	0.07	-0.18	5.00	-0.42	-0.19	5.00	0.29	4.76	0.04	0.34	5.00	0.03	5.00	-0.29	-0.02
305I	-3.19	5.00	-5.00	0.07	-0.18	5.00	-0.42	-0.19	5.00	0.29	4.92	0.04	0.34	5.00	0.03	5.00	-0.29	-0.02
305G	-3.21	5.00	-5.00	1.48	-0.48	5.00	-0.38	-0.19	5.00	0.29	4.76	-0.03	0.46	5.00	1.06	5.00	0.14	0.21
305D	-2.95	5.00	-5.00	1.36	0.27	5.00	-0.48	0.17	5.00	0.29	3.99	-0.37	1.04	5.00	2.17	5.00	-0.56	-0.28
305E	-3.50	5.00	-5.00	0.07	-0.18	5.00	-0.42	-0.19	5.00	0.29	4.89	0.04	0.34	5.00	0.03	5.00	-0.29	-0.02
305C	-3.39	5.00	-5.00	0.24	5.00	5.00	-0.22	-0.26	5.00	0.29	4.87	0.64	0.84	5.00	-0.12	5.00	-0.32	-0.28
305A	-3.16	5.00	-5.00	0.69	1.17	5.00	-0.33	-0.18	5.00	0.29	4.91	0.23	1.98	5.00	0.09	5.00	-3.96	0.27
305Y	-3.05	5.00	-5.00	0.07	-0.18	5.00	-0.42	-0.19	5.00	0.29	4.78	0.04	0.34	5.00	0.03	5.00	-0.29	-0.02
305V	-3.45	5.00	-5.00	-1.26	2.67	5.00	-0.59	-0.78	5.00	0.29	5.00	0.26	1.63	5.00	-2.12	5.00	0.06	-0.25
305W	-2.16	5.00	-5.00	-1.34	3.27	5.00	-0.28	-0.13	5.00	0.29	4.99	0.28	1.48	5.00	-1.03	5.00	-0.55	-0.39
305T	-3.27	5.00	-5.00	0.03	0.27	5.00	-0.43	-0.18	5.00	0.29	4.85	0.04	0.32	5.00	0.06	5.00	-0.32	0.12
305R	-3.67	5.00	-5.00	0.11	5.00	5.00	-0.27	0.05	5.00	0.29	4.74	0.28	0.59	5.00	0.10	5.00	-3.78	-0.19
305S	-3.49	5.00	-5.00	0.07	-0.18	5.00	-0.42	-0.19	5.00	0.29	4.90	0.04	0.34	5.00	0.03	5.00	-0.29	-0.02
305P	-3.50	5.00	-5.00	0.07	-0.18	5.00	-0.42	-0.19	5.00	0.29	4.90	0.04	0.34	5.00	0.03	5.00	-0.29	-0.02
305Q	-3.11	5.00	-5.00	0.07	-0.18	5.00	-0.42	-0.19	5.00	0.29	4.77	0.04	0.34	5.00	0.03	5.00	-0.29	-0.02
306C	-2.58	5.00	-5.00	0.20	-0.33	5.00	-0.47	-0.32	5.00	0.29	4.68	-0.15	-0.22	5.00	0.75	5.00	3.35	2.75
306A	-3.35	5.00	-5.00	-1.84	3.57	5.00	-0.54	-0.41	5.00	0.29	4.73	-0.13	1.71	5.00	-0.99	5.00	0.33	-0.13
306G	-3.23	5.00	-5.00	0.07	-0.18	5.00	-0.42	-0.19	5.00	0.29	4.72	0.04	0.34	5.00	0.03	5.00	-0.29	-0.02
306F	-3.19	5.00	-5.00	-0.18	-0.94	5.00	-0.53	-0.18	5.00	0.29	4.88	-0.20	0.46	5.00	-0.06	5.00	-0.05	0.18
306E	-3.08	5.00	-5.00	-1.34	-0.94	5.00	-0.29	-0.01	5.00	0.29	4.80	-0.08	0.28	5.00	-1.11	5.00	-0.61	0.10
306D	-2.92	5.00	-5.00	0.07	-0.18	5.00	-0.42	-0.19	5.00	0.29	4.90	0.04	0.34	5.00	0.03	5.00	-0.29	-0.02
306K	-3.51	5.00	-5.00	-1.26	-0.03	5.00	-0.48	0.07	5.00	0.29	4.79	0.14	-0.84	5.00	-0.93	5.00	-3.99	-0.08
306I	-2.90	5.00	-5.00	0.44	-0.18	5.00	-0.33	0.01	5.00	0.29	4.74	0.28	-1.20	5.00	1.17	5.00	-4.80	-0.16
306H	-3.17	5.00	-5.00	-1.30	-0.18	5.00	-0.37	-0.18	5.00	0.29	4.94	-0.44	0.21	5.00	-1.36	5.00	-0.53	0.24
306N	-3.09	5.00	-5.00	-1.34	-1.54	5.00	-0.33	-0.64	5.00	0.29	4.90	0.37	0.30	5.00	-1.08	5.00	-0.52	-0.28
306M	-2.67	5.00	-5.00	0.07	-0.18	5.00	-0.42	-0.19	5.00	0.29	4.79	0.04	0.34	5.00	0.03	5.00	-0.29	-0.02
306L	-2.80	5.00	-5.00	-1.22	3.57	5.00	-0.42	-0.75	5.00	0.29	4.85	0.49	-1.09	5.00	-0.76	5.00	-4.12	-0.19
306S	-3.17	5.00	-5.00	0.07	-0.18	5.00	-0.42	-0.19	5.00	0.29	4.70	0.04	0.34	5.00	0.03	5.00	-0.29	-0.02
306R	-2.56	5.00	-5.00	0.07	-0.18	5.00	-0.42	-0.19	5.00	0.29	4.67	0.04	0.34	5.00	0.03	5.00	-0.29	-0.02
306Q	-2.72	5.00	-5.00	0.07	-0.18	5.00	-0.42	-0.19	5.00	0.29	4.70	0.04	0.34	5.00	0.03	5.00	-0.29	-0.02
306P	-3.34	5.00	-5.00	0.20	-0.18	5.00	-0.43	0.13	5.00	0.29	4.79	-0.30	0.37	5.00	0.33	5.00	-0.26	0.04
306W	-3.34	5.00	-5.00	-0.01	0.12	5.00	-0.35	-0.39	5.00	0.29	4.86	0.23	-0.66	5.00	-0.06	5.00	-3.77	-0.11
306V	-3.14	5.00	-5.00	0.07	-0.18	5.00	-0.42	-0.19	5.00	0.29	4.81	0.04	0.34	5.00	0.03	5.00	-0.29	-0.02
306T	-3.28	5.00	-5.00	-1.34	-1.24	5.00	-0.30	-0.38	5.00	0.29	4.86	0.30	0.30	5.00	-0.98	5.00	-0.57	0.07
