384A	-4.06	5.00	-5.00	0.06	0.31	5.00	-0.15	0.03	5.00	-0.06	3.89	0.13	0.20	5.00	0.01	5.00	-0.03	-0.06
384C	-4.06	5.00	-5.00	0.06	0.16	5.00	-0.12	0.04	5.00	-0.06	3.88	-0.06	0.02	5.00	0.01	5.00	-0.14	-0.04
384E	-4.06	5.00	-5.00	0.06	0.16	5.00	-0.12	0.04	5.00	-0.06	3.89	-0.06	0.02	5.00	0.01	5.00	-0.14	-0.04
384D	-4.16	5.00	-5.00	0.06	0.16	5.00	-0.12	0.04	5.00	-0.06	3.85	-0.06	0.02	5.00	0.01	5.00	-0.14	-0.04
384G	-4.01	5.00	-5.00	0.06	0.16	5.00	-0.12	0.04	5.00	-0.06	3.89	-0.06	0.02	5.00	0.01	5.00	-0.14	-0.04
384I	-3.61	5.00	-5.00	0.06	0.16	5.00	-0.12	0.04	5.00	-0.06	3.90	-0.06	0.02	5.00	0.01	5.00	-0.14	-0.04
384H	-4.17	5.00	-5.00	0.06	0.31	5.00	-0.15	0.03	5.00	-0.06	3.85	0.13	0.20	5.00	0.01	5.00	-0.03	-0.06
384K	-3.93	5.00	-5.00	0.06	0.16	5.00	-0.12	0.04	5.00	-0.06	3.87	-0.06	0.02	5.00	0.01	5.00	-0.14	-0.04
384M	-4.13	5.00	-5.00	0.06	0.16	5.00	-0.12	0.04	5.00	-0.06	3.86	-0.06	0.02	5.00	0.01	5.00	-0.14	-0.04
384L	-3.88	5.00	-5.00	0.06	0.16	5.00	-0.12	0.04	5.00	-0.06	3.87	-0.06	0.02	5.00	0.01	5.00	-0.14	-0.04
384N	-4.13	5.00	-5.00	0.06	0.31	5.00	-0.15	0.03	5.00	-0.06	3.89	0.13	0.20	5.00	0.01	5.00	-0.03	-0.06
384Q	-4.20	5.00	-5.00	0.06	0.31	5.00	-0.15	0.03	5.00	-0.06	3.87	0.13	0.20	5.00	0.01	5.00	-0.03	-0.06
384P	-3.95	5.00	-5.00	0.06	0.16	5.00	-0.12	0.04	5.00	-0.06	3.92	-0.06	0.02	5.00	0.01	5.00	-0.14	-0.04
384S	-4.00	5.00	-5.00	0.06	0.16	5.00	-0.12	0.04	5.00	-0.06	3.89	-0.06	0.02	5.00	0.01	5.00	-0.14	-0.04
384R	-3.85	5.00	-5.00	0.06	0.16	5.00	-0.12	0.04	5.00	-0.06	4.07	-0.06	0.02	5.00	0.01	5.00	-0.14	-0.04
384T	-4.05	5.00	-5.00	0.06	0.16	5.00	-0.12	0.04	5.00	-0.06	3.89	-0.06	0.02	5.00	0.01	5.00	-0.14	-0.04
384W	-3.14	5.00	-5.00	0.06	0.16	5.00	-0.12	0.04	5.00	-0.06	3.88	-0.06	0.02	5.00	0.01	5.00	-0.14	-0.04
384V	-4.08	5.00	-5.00	0.06	0.16	5.00	-0.12	0.04	5.00	-0.06	3.88	-0.06	0.02	5.00	0.01	5.00	-0.14	-0.04
384Y	-4.24	5.00	-5.00	0.06	0.31	5.00	-0.15	0.03	5.00	-0.06	3.94	0.13	0.20	5.00	0.01	5.00	-0.03	-0.06
348Y	1.34	5.00	-5.00	5.00	-4.60	5.00	-4.26	-0.00	5.00	-0.22	4.22	-0.06	-0.82	5.00	-5.00	5.00	-3.54	-4.06
348Q	-3.52	5.00	-5.00	0.06	0.16	5.00	-0.12	0.04	5.00	-0.06	3.71	-0.06	0.02	5.00	0.01	5.00	-0.14	-0.04
348P	-3.14	5.00	-5.00	0.06	0.16	5.00	-0.12	0.04	5.00	-0.06	3.96	-0.06	0.02	5.00	0.01	5.00	-0.14	-0.04
348S	-3.13	5.00	-5.00	0.06	0.16	5.00	-0.12	0.04	5.00	-0.06	3.82	-0.06	0.02	5.00	0.01	5.00	-0.14	-0.04
348R	-2.17	5.00	-5.00	0.06	0.16	5.00	-0.12	0.04	5.00	-0.06	3.80	-0.06	0.02	5.00	0.01	5.00	-0.14	-0.04
348T	-3.30	5.00	-5.00	0.06	0.16	5.00	-0.12	0.04	5.00	-0.06	3.96	-0.06	0.02	5.00	0.01	5.00	-0.14	-0.04
348W	-1.73	5.00	-5.00	0.06	0.16	5.00	-0.12	0.04	5.00	-0.06	3.81	-0.06	0.02	5.00	0.01	5.00	-0.14	-0.04
348V	-3.00	5.00	-5.00	0.06	0.16	5.00	-0.12	0.04	5.00	-0.06	3.80	-0.06	0.02	5.00	0.01	5.00	-0.14	-0.04
348I	-2.61	5.00	-5.00	0.06	0.16	5.00	-0.12	0.04	5.00	-0.06	3.86	-0.06	0.02	5.00	0.01	5.00	-0.14	-0.04
348H	-3.03	5.00	-5.00	0.06	0.16	5.00	-0.12	0.04	5.00	-0.06	3.34	-0.06	0.02	5.00	0.01	5.00	-0.14	-0.04
348K	-2.86	5.00	-5.00	0.06	0.16	5.00	-0.12	0.04	5.00	-0.06	3.90	-0.06	0.02	5.00	0.01	5.00	-0.14	-0.04
348M	-2.47	5.00	-5.00	0.06	0.16	5.00	-0.12	0.04	5.00	-0.06	3.35	-0.06	0.02	5.00	0.01	5.00	-0.14	-0.04
348L	-3.20	5.00	-5.00	0.06	0.16	5.00	-0.12	0.04	5.00	-0.06	3.74	-0.06	0.02	5.00	0.01	5.00	-0.14	-0.04
348N	-3.46	5.00	-5.00	0.06	0.16	5.00	-0.12	0.04	5.00	-0.06	3.77	-0.06	0.02	5.00	0.01	5.00	-0.14	-0.04
348A	-3.55	5.00	-5.00	0.06	0.16	5.00	-0.12	0.04	5.00	-0.06	3.97	-0.06	0.02	5.00	0.01	5.00	-0.14	-0.04
348C	-3.50	5.00	-5.00	0.06	0.16	5.00	-0.12	0.04	5.00	-0.06	3.71	-0.06	0.02	5.00	0.01	5.00	-0.14	-0.04
348E	-3.24	5.00	-5.00	0.06	0.16	5.00	-0.12	0.04	5.00	-0.06	3.73	-0.06	0.02	5.00	0.01	5.00	-0.14	-0.04
348D	-3.70	5.00	-5.00	0.06	0.16	5.00	-0.12	0.04	5.00	-0.06	3.71	-0.06	0.02	5.00	0.01	5.00	-0.14	-0.04
348F	-2.10	5.00	-5.00	0.04	0.16	5.00	-0.05	-0.00	5.00	-0.02	3.45	-0.06	0.72	5.00	0.22	5.00	-0.15	-0.07
417G	-4.75	5.00	-5.00	0.06	0.16	5.00	-0.12	0.04	5.00	-0.06	3.78	-0.06	0.02	5.00	0.01	5.00	-0.14	-0.04
346W	-2.37	5.00	-5.00	0.06	0.16	5.00	-0.12	0.04	5.00	-0.06	3.42	-0.06	0.02	5.00	0.01	5.00	-0.14	-0.04
309C	-3.96	5.00	-5.00	0.04	0.16	5.00	-0.17	0.10	5.00	-0.06	3.78	0.09	-0.02	5.00	-0.00	5.00	-0.14	-0.05
309A	-4.09	5.00	-5.00	-0.06	0.16	5.00	-0.17	0.08	5.00	-0.06	3.80	0.20	0.14	5.00	-0.53	5.00	-0.10	-0.01
309F	-3.28	5.00	-5.00	0.06	0.16	5.00	-0.12	0.04	5.00	-0.06	3.85	-0.06	0.02	5.00	0.01	5.00	-0.14	-0.04
309G	-4.46	5.00	-5.00	0.36	0.31	5.00	-0.11	0.11	5.00	-0.06	3.81	-0.28	0.52	5.00	0.36	5.00	-0.05	0.07
309D	-4.06	5.00	-5.00	-0.06	0.16	5.00	-0.17	0.08	5.00	-0.06	3.75	0.20	0.14	5.00	-0.53	5.00	-0.10	-0.01
309E	-4.08	5.00	-5.00	0.06	0.16	5.00	-0.12	0.04	5.00	-0.06	3.75	-0.06	0.02	5.00	0.01	5.00	-0.14	-0.04
309K	-4.00	5.00	-5.00	0.06	0.16	5.00	-0.12	0.04	5.00	-0.06	3.74	-0.06	0.02	5.00	0.01	5.00	-0.14	-0.04
309H	-3.38	5.00	-5.00	0.06	0.01	5.00	-0.06	0.04	5.00	-0.06	3.99	0.02	0.10	5.00	-0.28	5.00	-0.15	-0.05
309I	-4.04	5.00	-5.00	0.06	0.16	5.00	-0.12	0.04	5.00	-0.06	3.78	-0.06	0.02	5.00	0.01	5.00	-0.14	-0.04
309N	-3.92	5.00	-5.00	-0.21	-1.33	5.00	-0.14	-0.23	5.00	-0.06	3.74	0.35	0.02	5.00	0.24	5.00	-0.28	0.05
309L	-3.97	5.00	-5.00	0.06	0.16	5.00	-0.12	0.04	5.00	-0.06	3.89	-0.06	0.02	5.00	0.01	5.00	-0.14	-0.04
309R	-3.12	5.00	-5.00	0.06	0.16	5.00	-0.12	0.04	5.00	-0.06	3.78	-0.06	0.02	5.00	0.01	5.00	-0.14	-0.04
309S	-4.43	5.00	-5.00	0.55	1.35	5.00	-0.09	0.11	5.00	-0.06	3.80	0.20	0.24	5.00	0.03	5.00	0.16	0.03
309P	-4.08	5.00	-5.00	0.06	0.16	5.00	-0.12	0.04	5.00	-0.06	3.81	-0.06	0.02	5.00	0.01	5.00	-0.14	-0.04
309Q	-3.85	5.00	-5.00	-0.44	-1.48	5.00	-0.21	-0.24	5.00	-0.06	3.47	-0.09	-1.27	5.00	0.99	5.00	-0.55	-0.06
309V	-4.08	5.00	-5.00	0.06	0.16	5.00	-0.12	0.04	5.00	-0.06	3.78	-0.06	0.02	5.00	0.01	5.00	-0.14	-0.04
309W	-2.51	5.00	-5.00	0.06	0.16	5.00	-0.12	0.04	5.00	-0.06	3.80	-0.06	0.02	5.00	0.01	5.00	-0.14	-0.04
309T	-4.19	5.00	-5.00	0.06	0.16	5.00	-0.12	0.04	5.00	-0.06	3.79	-0.06	0.02	5.00	0.01	5.00	-0.14	-0.04
417M	-4.48	5.00	-5.00	0.21	1.20	5.00	-0.06	0.06	5.00	0.01	3.91	-0.06	0.10	5.00	-0.16	5.00	-0.08	-0.09
346N	-4.17	5.00	-5.00	0.78	0.46	5.00	-0.20	-0.08	5.00	-0.12	3.81	-0.06	0.32	5.00	0.28	5.00	-0.23	-0.07
346M	-3.05	5.00	-5.00	5.00	-1.62	5.00	0.13	-0.00	5.00	0.12	3.10	-0.06	-1.91	5.00	0.66	5.00	-2.16	-0.12
309Y	-3.25	5.00	-5.00	0.06	0.16	5.00	-0.12	0.04	5.00	-0.06	3.84	-0.06	0.02	5.00	0.01	5.00	-0.14	-0.04
346K	-2.27	5.00	-5.00	-0.00	0.76	5.00	-0.39	0.10	5.00	-0.02	3.80	-0.06	-0.08	5.00	0.31	5.00	-0.27	-0.00
346I	-3.64	5.00	-5.00	0.06	0.16	5.00	-0.12	0.04	5.00	-0.06	3.69	-0.06	0.02	5.00	0.01	5.00	-0.14	-0.04
346H	-2.89	5.00	-5.00	0.06	0.16	5.00	-0.12	0.04	5.00	-0.06	3.70	-0.06	0.02	5.00	0.01	5.00	-0.14	-0.04
346L	-3.16	5.00	-5.00	0.06	0.16	5.00	-0.12	0.04	5.00	-0.06	3.62	-0.06	0.02	5.00	0.01	5.00	-0.14	-0.04
417K	-4.49	5.00	-5.00	0.06	0.16	5.00	-0.12	0.04	5.00	-0.06	3.85	-0.06	0.02	5.00	0.01	5.00	-0.14	-0.04
302Y	-3.20	5.00	-5.00	0.06	0.16	5.00	-0.12	0.04	5.00	-0.06	3.81	-0.06	0.02	5.00	0.01	5.00	-0.14	-0.04
302W	-2.85	5.00	-5.00	0.06	0.16	5.00	-0.12	0.04	5.00	-0.06	4.21	-0.06	0.02	5.00	0.01	5.00	-0.14	-0.04
302V	-3.79	5.00	-5.00	0.06	0.16	5.00	-0.12	0.04	5.00	-0.06	3.62	-0.06	0.02	5.00	0.01	5.00	-0.14	-0.04
302T	-3.77	5.00	-5.00	-0.00	0.16	5.00	-0.27	-0.24	5.00	-0.06	1.92	0.05	-0.76	5.00	1.36	5.00	0.17	0.10
302S	-4.25	5.00	-5.00	0.06	0.16	5.00	-0.12	0.04	5.00	-0.06	2.08	-0.06	0.02	5.00	0.01	5.00	-0.14	-0.04
302R	-3.47	5.00	-5.00	0.06	0.16	5.00	-0.12	0.04	5.00	-0.06	3.86	-0.06	0.02	5.00	0.01	5.00	-0.14	-0.04
302Q	-3.95	5.00	-5.00	5.00	-1.03	5.00	2.13	-1.37	5.00	-0.06	3.35	5.00	5.00	5.00	0.51	5.00	-1.13	-1.57
302P	-4.63	5.00	-5.00	0.06	0.16	5.00	-0.12	0.04	5.00	-0.06	3.81	-0.06	0.02	5.00	0.01	5.00	-0.14	-0.04
302N	-4.03	5.00	-5.00	0.06	0.16	5.00	-0.12	0.04	5.00	-0.06	4.05	-0.06	0.02	5.00	0.01	5.00	-0.14	-0.04
302M	-4.03	5.00	-5.00	0.06	0.16	5.00	-0.12	0.04	5.00	-0.06	4.10	-0.06	0.02	5.00	0.01	5.00	-0.14	-0.04
302L	-3.25	5.00	-5.00	0.06	0.16	5.00	-0.12	0.04	5.00	-0.06	3.81	-0.06	0.02	5.00	0.01	5.00	-0.14	-0.04
302K	-4.06	5.00	-5.00	0.06	0.16	5.00	-0.12	0.04	5.00	-0.06	3.98	-0.06	0.02	5.00	0.01	5.00	-0.14	-0.04
302I	-3.58	5.00	-5.00	0.06	0.16	5.00	-0.12	0.04	5.00	-0.06	3.73	-0.06	0.02	5.00	0.01	5.00	-0.14	-0.04
302H	-3.85	5.00	-5.00	0.06	0.16	5.00	-0.12	0.04	5.00	-0.06	3.99	-0.06	0.02	5.00	0.01	5.00	-0.14	-0.04
302G	-4.56	5.00	-5.00	0.06	0.16	5.00	-0.12	0.04	5.00	-0.06	3.85	-0.06	0.02	5.00	0.01	5.00	-0.14	-0.04
302F	-3.34	5.00	-5.00	0.13	1.20	5.00	0.04	-0.53	5.00	-0.06	3.81	-0.32	0.18	5.00	0.18	5.00	-0.04	0.28
302E	-4.30	5.00	-5.00	0.06	0.16	5.00	-0.12	0.04	5.00	-0.06	4.01	-0.06	0.02	5.00	0.01	5.00	-0.14	-0.04
302D	-4.51	5.00	-5.00	0.06	0.16	5.00	-0.12	0.04	5.00	-0.06	2.56	-0.06	0.02	5.00	0.01	5.00	-0.14	-0.04
302C	-5.00	5.00	-5.00	-1.83	0.01	5.00	-1.15	-0.12	5.00	-0.06	3.46	0.46	5.00	5.00	1.00	5.00	-1.19	1.06
417T	-4.76	5.00	-5.00	0.06	0.16	5.00	-0.12	0.04	5.00	-0.06	3.80	-0.06	0.02	5.00	0.01	5.00	-0.14	-0.04
417V	-4.60	5.00	-5.00	0.06	0.16	5.00	-0.12	0.04	5.00	-0.06	3.77	-0.06	0.02	5.00	0.01	5.00	-0.14	-0.04
417P	-4.85	5.00	-5.00	-0.02	-0.14	5.00	-0.17	-0.05	5.00	-0.00	3.85	-0.06	0.14	5.00	0.70	5.00	-0.25	0.01
417Q	-4.51	5.00	-5.00	0.06	0.16	5.00	-0.12	0.04	5.00	-0.06	3.83	-0.06	0.02	5.00	0.01	5.00	-0.14	-0.04
417R	-4.35	5.00	-5.00	0.06	0.16	5.00	-0.12	0.04	5.00	-0.06	3.75	-0.06	0.02	5.00	0.01	5.00	-0.14	-0.04
346V	-3.61	5.00	-5.00	0.06	0.16	5.00	-0.12	0.04	5.00	-0.06	3.73	-0.06	0.02	5.00	0.01	5.00	-0.14	-0.04
417Y	-4.56	5.00	-5.00	0.06	0.16	5.00	-0.12	0.04	5.00	-0.06	3.96	-0.06	0.02	5.00	0.01	5.00	-0.14	-0.04
417D	-4.89	5.00	-5.00	0.06	0.16	5.00	-0.12	0.04	5.00	-0.06	3.81	-0.06	0.02	5.00	0.01	5.00	-0.14	-0.04
417E	-4.89	5.00	-5.00	0.28	0.91	5.00	-0.15	-0.03	5.00	-0.02	3.78	-0.06	0.06	5.00	0.59	5.00	-0.14	-0.02
417F	-4.62	5.00	-5.00	0.06	0.16	5.00	-0.12	0.04	5.00	-0.06	4.00	-0.06	0.02	5.00	0.01	5.00	-0.14	-0.04
346T	-3.70	5.00	-5.00	0.06	1.80	5.00	-0.42	0.10	5.00	0.06	3.75	-0.06	0.32	5.00	0.36	5.00	-0.37	0.05
417A	-4.95	5.00	-5.00	-0.02	-0.14	5.00	-0.17	-0.05	5.00	-0.00	3.83	-0.06	0.14	5.00	0.70	5.00	-0.25	0.01
417C	-5.00	5.00	-5.00	0.06	0.16	5.00	-0.12	0.04	5.00	-0.06	3.93	-0.06	0.02	5.00	0.01	5.00	-0.14	-0.04
417L	-4.61	5.00	-5.00	0.06	0.16	5.00	-0.12	0.04	5.00	-0.06	3.91	-0.06	0.02	5.00	0.01	5.00	-0.14	-0.04
346S	-3.97	5.00	-5.00	1.26	-0.58	5.00	-0.57	-0.00	5.00	-0.25	4.09	-0.06	-0.40	5.00	-0.92	5.00	-1.45	-0.07
417N	-4.92	5.00	-5.00	-0.02	-0.14	5.00	-0.17	-0.05	5.00	-0.00	3.81	-0.06	0.14	5.00	0.70	5.00	-0.25	0.01
417H	-4.84	5.00	-5.00	0.06	0.16	5.00	-0.12	0.04	5.00	-0.06	3.95	-0.06	0.02	5.00	0.01	5.00	-0.14	-0.04
417I	-4.76	5.00	-5.00	0.06	0.16	5.00	-0.12	0.04	5.00	-0.06	3.85	-0.06	0.02	5.00	0.01	5.00	-0.14	-0.04
346R	-3.08	5.00	-5.00	0.06	0.16	5.00	-0.12	0.04	5.00	-0.06	3.36	-0.06	0.02	5.00	0.01	5.00	-0.14	-0.04
346Q	-3.14	5.00	-5.00	0.06	2.25	5.00	-0.26	0.08	5.00	-0.20	3.87	-0.06	0.28	5.00	-0.01	5.00	0.19	-0.08
346P	-4.05	5.00	-5.00	0.06	0.16	5.00	-0.12	0.04	5.00	-0.06	3.74	-0.06	0.02	5.00	0.01	5.00	-0.14	-0.04
346Y	-3.07	5.00	-5.00	0.06	0.16	5.00	-0.12	0.04	5.00	-0.06	3.18	-0.06	0.02	5.00	0.01	5.00	-0.14	-0.04
417S	-4.76	5.00	-5.00	0.06	0.16	5.00	-0.12	0.04	5.00	-0.06	3.79	-0.06	0.02	5.00	0.01	5.00	-0.14	-0.04
346F	-2.96	5.00	-5.00	0.06	0.16	5.00	-0.12	0.04	5.00	-0.06	3.81	-0.06	0.02	5.00	0.01	5.00	-0.14	-0.04
346E	-3.85	5.00	-5.00	0.82	2.10	5.00	0.01	-0.00	5.00	0.11	3.56	-0.06	-0.22	5.00	0.41	5.00	-0.28	0.06
346D	-4.20	5.00	-5.00	0.06	0.16	5.00	-0.12	0.04	5.00	-0.06	3.70	-0.06	0.02	5.00	0.01	5.00	-0.14	-0.04
346C	-3.56	5.00	-5.00	0.06	0.16	5.00	-0.12	0.04	5.00	-0.06	3.79	-0.06	0.02	5.00	0.01	5.00	-0.14	-0.04
401Y	-3.06	5.00	-5.00	0.06	0.16	5.00	-0.12	0.04	5.00	-0.06	1.85	-0.06	0.02	5.00	0.01	5.00	-0.14	-0.04
346A	-4.29	5.00	-5.00	0.06	0.16	5.00	-0.12	0.04	5.00	-0.06	3.78	-0.06	0.02	5.00	0.01	5.00	-0.14	-0.04
401S	-4.05	5.00	-5.00	0.06	0.16	5.00	-0.12	0.04	5.00	-0.06	3.79	-0.06	0.02	5.00	0.01	5.00	-0.14	-0.04
401R	-3.68	5.00	-5.00	0.06	0.16	5.00	-0.12	0.04	5.00	-0.06	0.81	-0.06	0.02	5.00	0.01	5.00	-0.14	-0.04
401Q	-3.93	5.00	-5.00	0.06	0.16	5.00	-0.12	0.04	5.00	-0.06	3.77	-0.06	0.02	5.00	0.01	5.00	-0.14	-0.04
401P	-4.13	5.00	-5.00	0.06	0.16	5.00	-0.12	0.04	5.00	-0.06	3.77	-0.06	0.02	5.00	0.01	5.00	-0.14	-0.04
401W	-2.19	5.00	-5.00	0.06	0.16	5.00	-0.12	0.04	5.00	-0.06	3.95	-0.06	0.02	5.00	0.01	5.00	-0.14	-0.04
401T	-3.92	5.00	-5.00	0.06	0.16	5.00	-0.12	0.04	5.00	-0.06	3.77	-0.06	0.02	5.00	0.01	5.00	-0.14	-0.04
401K	-3.95	5.00	-5.00	0.06	0.16	5.00	-0.12	0.04	5.00	-0.06	3.78	-0.06	0.02	5.00	0.01	5.00	-0.14	-0.04
401I	-4.01	5.00	-5.00	0.06	0.16	5.00	-0.12	0.04	5.00	-0.06	3.76	-0.06	0.02	5.00	0.01	5.00	-0.14	-0.04
401H	-4.02	5.00	-5.00	0.06	0.16	5.00	-0.12	0.04	5.00	-0.06	3.76	-0.06	0.02	5.00	0.01	5.00	-0.14	-0.04
401N	-3.85	5.00	-5.00	0.06	0.16	5.00	-0.12	0.04	5.00	-0.06	3.77	-0.06	0.02	5.00	0.01	5.00	-0.14	-0.04
401M	-3.95	5.00	-5.00	0.06	0.16	5.00	-0.12	0.04	5.00	-0.06	3.78	-0.06	0.02	5.00	0.01	5.00	-0.14	-0.04
401L	-4.16	5.00	-5.00	0.06	0.16	5.00	-0.12	0.04	5.00	-0.06	3.82	-0.06	0.02	5.00	0.01	5.00	-0.14	-0.04
401C	-4.00	5.00	-5.00	0.06	0.16	5.00	-0.12	0.04	5.00	-0.06	3.78	-0.06	0.02	5.00	0.01	5.00	-0.14	-0.04
401A	-4.07	5.00	-5.00	0.06	0.16	5.00	-0.12	0.04	5.00	-0.06	3.79	-0.06	0.02	5.00	0.01	5.00	-0.14	-0.04
401G	-4.07	5.00	-5.00	0.06	0.16	5.00	-0.12	0.04	5.00	-0.06	3.80	-0.06	0.02	5.00	0.01	5.00	-0.14	-0.04
401F	-3.08	5.00	-5.00	0.06	0.16	5.00	-0.12	0.04	5.00	-0.06	3.73	-0.06	0.02	5.00	0.01	5.00	-0.14	-0.04
401E	-3.79	5.00	-5.00	0.06	0.16	5.00	-0.12	0.04	5.00	-0.06	3.77	-0.06	0.02	5.00	0.01	5.00	-0.14	-0.04
401D	-3.95	5.00	-5.00	0.06	0.16	5.00	-0.12	0.04	5.00	-0.06	3.78	-0.06	0.02	5.00	0.01	5.00	-0.14	-0.04
305N	-4.28	5.00	-5.00	0.06	0.16	5.00	-0.12	0.04	5.00	-0.06	3.74	-0.06	0.02	5.00	0.01	5.00	-0.14	-0.04
305L	-4.29	5.00	-5.00	0.02	0.31	5.00	-0.07	0.10	5.00	-0.06	3.74	0.02	0.14	5.00	0.39	5.00	-0.16	-0.01
305M	-4.15	5.00	-5.00	0.06	0.16	5.00	-0.12	0.04	5.00	-0.06	3.74	-0.06	0.02	5.00	0.01	5.00	-0.14	-0.04
305K	-3.90	5.00	-5.00	0.06	0.16	5.00	-0.12	0.04	5.00	-0.06	3.84	-0.06	0.02	5.00	0.01	5.00	-0.14	-0.04
305H	-4.14	5.00	-5.00	0.06	0.16	5.00	-0.12	0.04	5.00	-0.06	3.90	-0.06	0.02	5.00	0.01	5.00	-0.14	-0.04
305I	-3.63	5.00	-5.00	0.04	0.16	5.00	-0.18	-0.08	5.00	-0.06	3.75	-0.09	0.04	5.00	0.23	5.00	-0.26	-0.03
305G	-4.43	5.00	-5.00	0.07	0.16	5.00	-0.14	0.17	5.00	-0.06	3.72	0.05	-0.00	5.00	0.33	5.00	-0.19	-0.07
305D	-4.47	5.00	-5.00	0.06	0.16	5.00	-0.12	0.04	5.00	-0.06	3.73	-0.06	0.02	5.00	0.01	5.00	-0.14	-0.04
305E	-3.31	5.00	-5.00	0.17	0.01	5.00	-0.17	-0.08	5.00	-0.06	4.13	-0.50	-0.08	5.00	0.37	5.00	-0.24	0.07
305C	-4.25	5.00	-5.00	0.04	0.46	5.00	-0.22	0.16	5.00	-0.06	3.75	0.02	-0.06	5.00	0.13	5.00	-0.12	-0.01
305A	-4.10	5.00	-5.00	0.06	0.16	5.00	-0.12	0.04	5.00	-0.06	3.87	-0.06	0.02	5.00	0.01	5.00	-0.14	-0.04
305Y	-3.82	5.00	-5.00	0.06	0.16	5.00	-0.12	0.11	5.00	-0.06	3.77	0.24	-0.04	5.00	0.02	5.00	-0.13	-0.04
305V	-3.62	5.00	-5.00	0.06	0.16	5.00	-0.12	0.04	5.00	-0.06	3.85	-0.06	0.02	5.00	0.01	5.00	-0.14	-0.04
305W	-2.29	5.00	-5.00	0.06	0.16	5.00	-0.12	0.04	5.00	-0.06	4.10	-0.06	0.02	5.00	0.01	5.00	-0.14	-0.04
305T	-3.90	5.00	-5.00	0.13	0.16	5.00	-0.01	0.08	5.00	-0.06	3.82	-0.02	-0.10	5.00	0.06	5.00	-0.29	-0.04
305R	-4.14	5.00	-5.00	0.06	-0.14	5.00	-0.05	0.10	5.00	-0.06	3.66	0.09	0.18	5.00	-0.27	5.00	-0.24	-0.11
305S	-4.43	5.00	-5.00	0.06	0.16	5.00	-0.12	0.04	5.00	-0.06	3.55	-0.06	0.02	5.00	0.01	5.00	-0.14	-0.04
305P	-4.17	5.00	-5.00	0.02	0.01	5.00	-0.04	0.11	5.00	-0.06	3.87	0.13	-0.06	5.00	-0.06	5.00	-0.24	-0.07
305Q	-3.65	5.00	-5.00	0.06	0.16	5.00	-0.12	0.04	5.00	-0.06	3.66	-0.06	0.02	5.00	0.01	5.00	-0.14	-0.04
306C	-4.12	5.00	-5.00	0.06	0.16	5.00	-0.12	0.04	5.00	-0.06	3.85	-0.06	0.02	5.00	0.01	5.00	-0.14	-0.04
306A	-4.57	5.00	-5.00	0.13	0.16	5.00	-0.07	-0.18	5.00	-0.06	4.08	-0.06	0.04	5.00	0.29	5.00	-0.12	-0.08
306G	-4.55	5.00	-5.00	0.06	0.16	5.00	-0.12	0.04	5.00	-0.06	4.10	-0.06	0.02	5.00	0.01	5.00	-0.14	-0.04
306F	-3.85	5.00	-5.00	0.06	0.16	5.00	-0.12	0.04	5.00	-0.06	3.77	-0.06	0.02	5.00	0.01	5.00	-0.14	-0.04
306E	-4.08	5.00	-5.00	0.06	0.16	5.00	-0.12	0.04	5.00	-0.06	3.77	-0.06	0.02	5.00	0.01	5.00	-0.14	-0.04
306D	-3.87	5.00	-5.00	0.06	0.16	5.00	-0.12	0.04	5.00	-0.06	3.84	-0.06	0.02	5.00	0.01	5.00	-0.14	-0.04
306K	-4.23	5.00	-5.00	0.06	0.16	5.00	-0.12	0.04	5.00	-0.06	3.84	-0.06	0.02	5.00	0.01	5.00	-0.14	-0.04
306I	-3.72	5.00	-5.00	0.06	0.16	5.00	-0.12	0.04	5.00	-0.06	3.77	-0.06	0.02	5.00	0.01	5.00	-0.14	-0.04
306H	-3.82	5.00	-5.00	0.06	0.16	5.00	-0.12	0.04	5.00	-0.06	3.77	-0.06	0.02	5.00	0.01	5.00	-0.14	-0.04
306N	-3.67	5.00	-5.00	0.44	0.61	5.00	-0.01	0.07	5.00	-0.06	3.81	-0.50	0.56	5.00	0.19	5.00	-0.21	-0.10
306M	-3.68	5.00	-5.00	0.06	0.16	5.00	-0.12	0.04	5.00	-0.06	3.77	-0.06	0.02	5.00	0.01	5.00	-0.14	-0.04
306L	-3.60	5.00	-5.00	0.06	0.16	5.00	-0.12	0.04	5.00	-0.06	3.79	-0.06	0.02	5.00	0.01	5.00	-0.14	-0.04
306S	-4.27	5.00	-5.00	0.06	0.16	5.00	-0.12	0.04	5.00	-0.06	3.87	-0.06	0.02	5.00	0.01	5.00	-0.14	-0.04
306R	-3.99	5.00	-5.00	0.06	0.16	5.00	-0.12	0.04	5.00	-0.06	3.94	-0.06	0.02	5.00	0.01	5.00	-0.14	-0.04
306Q	-4.04	5.00	-5.00	0.06	0.16	5.00	-0.12	0.04	5.00	-0.06	3.77	-0.06	0.02	5.00	0.01	5.00	-0.14	-0.04
306P	-3.56	5.00	-5.00	0.06	0.16	5.00	-0.12	0.04	5.00	-0.06	3.89	-0.06	0.02	5.00	0.01	5.00	-0.14	-0.04
306W	-3.65	5.00	-5.00	0.06	0.16	5.00	-0.12	0.04	5.00	-0.06	3.79	-0.06	0.02	5.00	0.01	5.00	-0.14	-0.04
306V	-4.15	5.00	-5.00	0.06	0.16	5.00	-0.12	0.04	5.00	-0.06	3.89	-0.06	0.02	5.00	0.01	5.00	-0.14	-0.04
306T	-4.11	5.00	-5.00	0.06	0.16	5.00	-0.12	0.04	5.00	-0.06	3.81	-0.06	0.02	5.00	0.01	5.00	-0.14	-0.04
