384A	-3.90	5.00	-5.00	-0.13	-0.08	5.00	-0.13	0.06	5.00	-0.16	3.39	-0.63	-0.05	5.00	-0.04	5.00	-0.09	0.17
384C	-4.01	5.00	-5.00	-0.02	-0.08	5.00	0.09	0.15	5.00	-0.16	3.38	-0.13	-0.05	5.00	-0.13	5.00	0.07	0.11
384E	-4.06	5.00	-5.00	-0.04	-0.08	5.00	0.02	0.16	5.00	-0.16	3.38	0.10	-0.10	5.00	-0.12	5.00	0.04	0.15
384D	-4.04	5.00	-5.00	-0.04	-0.08	5.00	-0.03	0.19	5.00	-0.16	3.40	0.10	-0.10	5.00	-0.00	5.00	0.02	0.21
384G	-3.90	5.00	-5.00	-0.05	-0.08	5.00	-0.08	0.17	5.00	-0.16	3.37	0.24	-0.77	5.00	-0.10	5.00	0.05	0.10
384I	-3.48	5.00	-5.00	-0.04	-0.08	5.00	0.07	0.17	5.00	-0.16	3.39	0.47	-0.13	5.00	0.02	5.00	-0.01	-0.01
384H	-4.03	5.00	-5.00	-0.05	-0.08	5.00	-0.08	0.17	5.00	-0.16	3.35	0.24	-0.77	5.00	-0.10	5.00	0.05	0.10
384K	-3.93	5.00	-5.00	-0.05	-1.11	5.00	-0.18	0.08	5.00	-0.16	3.25	-0.36	0.02	5.00	-0.09	5.00	-0.13	0.22
384M	-4.02	5.00	-5.00	-0.04	-0.08	5.00	0.02	0.16	5.00	-0.16	3.38	0.10	-0.10	5.00	-0.12	5.00	0.04	0.15
384L	-3.94	5.00	-5.00	-0.04	-0.08	5.00	-0.03	0.16	5.00	-0.16	3.38	0.19	-0.05	5.00	-0.16	5.00	-0.00	0.18
384N	-4.00	5.00	-5.00	-0.04	-0.08	5.00	0.02	0.16	5.00	-0.16	3.38	0.10	-0.10	5.00	-0.12	5.00	0.04	0.15
384Q	-4.00	5.00	-5.00	-0.04	-0.08	5.00	-0.03	0.16	5.00	-0.16	3.39	0.19	-0.05	5.00	-0.16	5.00	-0.00	0.18
384P	-3.92	5.00	-5.00	-0.04	-0.08	5.00	0.02	0.16	5.00	-0.16	3.38	0.10	-0.10	5.00	-0.12	5.00	0.04	0.15
384S	-4.08	5.00	-5.00	-0.21	-0.59	5.00	-0.28	-0.01	5.00	-0.16	3.22	-0.50	0.23	5.00	-0.25	5.00	0.01	0.17
384R	-4.00	5.00	-5.00	-0.04	-0.08	5.00	0.02	0.16	5.00	-0.16	3.26	0.10	-0.10	5.00	-0.12	5.00	0.04	0.15
384T	-4.01	5.00	-5.00	-0.04	-0.08	5.00	0.02	0.16	5.00	-0.16	3.38	0.10	-0.10	5.00	-0.12	5.00	0.04	0.15
384W	-4.21	5.00	-5.00	-0.01	-0.08	5.00	-0.06	0.16	5.00	-0.16	3.41	0.14	-0.22	5.00	0.03	5.00	0.06	0.11
384V	-3.92	5.00	-5.00	-0.02	-0.08	5.00	-0.01	0.20	5.00	-0.16	3.36	0.60	-0.72	5.00	-0.18	5.00	0.12	0.04
384Y	-4.01	5.00	-5.00	-0.05	-0.08	5.00	-0.08	0.17	5.00	-0.16	3.37	0.24	-0.77	5.00	-0.10	5.00	0.05	0.10
348Y	-2.79	5.00	-5.00	-0.13	0.44	5.00	0.17	0.16	5.00	-0.24	3.38	0.10	-0.07	5.00	-0.40	5.00	0.13	0.21
348Q	-1.69	5.00	-5.00	-0.04	-0.08	5.00	0.02	0.16	5.00	-0.16	3.40	0.10	-0.10	5.00	-0.12	5.00	0.04	0.15
348P	-2.86	5.00	-5.00	-0.04	-0.08	5.00	0.02	0.16	5.00	-0.16	3.44	0.10	-0.10	5.00	-0.12	5.00	0.04	0.15
348S	-3.49	5.00	-5.00	-0.06	0.44	5.00	0.32	0.02	5.00	-0.10	3.37	0.10	-0.17	5.00	-0.10	5.00	-0.04	0.08
348R	-2.32	5.00	-5.00	-0.06	0.44	5.00	-0.11	0.26	5.00	-0.34	3.28	0.10	0.20	5.00	-0.12	5.00	-0.08	0.25
348T	-2.73	5.00	-5.00	-0.04	-0.08	5.00	0.02	0.16	5.00	-0.16	3.41	0.10	-0.10	5.00	-0.12	5.00	0.04	0.15
348W	-2.28	5.00	-5.00	-0.04	-0.08	5.00	0.02	0.16	5.00	-0.16	3.31	0.10	-0.10	5.00	-0.12	5.00	0.04	0.15
348V	-2.52	5.00	-5.00	-0.04	-0.08	5.00	0.02	0.16	5.00	-0.16	3.44	0.10	-0.10	5.00	-0.12	5.00	0.04	0.15
348I	-3.19	5.00	-5.00	-0.04	-0.08	5.00	0.39	0.13	5.00	-0.23	3.48	0.10	-0.00	5.00	-0.16	5.00	0.00	0.12
348H	-1.26	5.00	-5.00	-0.05	-0.08	5.00	0.14	0.05	5.00	-0.16	3.45	0.10	-0.18	5.00	-0.24	5.00	0.10	0.08
348K	-2.48	5.00	-5.00	-0.05	0.44	5.00	0.42	0.08	5.00	-0.15	3.38	0.10	-0.11	5.00	-0.22	5.00	0.03	0.10
348M	-2.15	5.00	-5.00	-0.05	0.44	5.00	0.17	0.09	5.00	-0.20	3.44	0.10	-0.17	5.00	-0.26	5.00	0.02	0.11
348L	-2.08	5.00	-5.00	-0.04	-0.08	5.00	0.02	0.16	5.00	-0.16	3.41	0.10	-0.10	5.00	-0.12	5.00	0.04	0.15
348N	-2.67	5.00	-5.00	-0.04	-0.08	5.00	0.02	0.16	5.00	-0.16	3.44	0.10	-0.10	5.00	-0.12	5.00	0.04	0.15
348A	-3.59	5.00	-5.00	-0.05	0.44	5.00	-0.11	0.08	5.00	-0.18	3.38	0.10	-0.17	5.00	-0.10	5.00	-0.05	0.10
348C	-2.95	5.00	-5.00	-0.06	0.44	5.00	0.07	0.06	5.00	-0.21	3.42	0.10	-0.18	5.00	-0.12	5.00	-0.05	0.13
348E	-2.82	5.00	-5.00	-0.04	-0.08	5.00	0.02	0.16	5.00	-0.16	3.35	0.10	-0.10	5.00	-0.12	5.00	0.04	0.15
348D	-2.81	5.00	-5.00	-0.04	-0.08	5.00	0.02	0.16	5.00	-0.16	3.40	0.10	-0.10	5.00	-0.12	5.00	0.04	0.15
348F	-2.59	5.00	-5.00	-0.04	-0.08	5.00	0.02	0.16	5.00	-0.16	3.47	0.10	-0.10	5.00	-0.12	5.00	0.04	0.15
417G	-5.00	5.00	-5.00	-0.04	-0.08	5.00	0.02	0.16	5.00	-0.16	3.37	0.10	-0.10	5.00	-0.12	5.00	0.04	0.15
346W	-3.17	5.00	-5.00	-0.05	-0.08	5.00	-0.08	0.22	5.00	-0.24	1.60	0.10	-0.09	5.00	-0.29	5.00	0.11	0.19
309C	-4.72	5.00	-5.00	-0.04	-0.08	5.00	0.02	0.16	5.00	-0.16	3.36	0.10	-0.10	5.00	-0.12	5.00	0.04	0.15
309A	-5.00	5.00	-5.00	-0.01	-0.08	5.00	0.07	0.20	5.00	-0.16	3.36	0.14	0.02	5.00	-0.00	5.00	0.08	0.15
309F	-3.41	5.00	-5.00	-0.04	-0.08	5.00	0.02	0.16	5.00	-0.16	3.42	0.10	-0.10	5.00	-0.12	5.00	0.04	0.15
309G	-5.00	5.00	-5.00	0.25	-0.08	5.00	-0.43	1.62	5.00	-0.16	4.09	1.47	0.86	5.00	-1.23	5.00	-0.12	-0.87
309D	-4.95	5.00	-5.00	-0.04	-0.08	5.00	0.02	0.16	5.00	-0.16	3.35	0.10	-0.10	5.00	-0.12	5.00	0.04	0.15
309E	-4.19	5.00	-5.00	-0.04	-0.08	5.00	0.02	0.16	5.00	-0.16	3.31	0.10	-0.10	5.00	-0.12	5.00	0.04	0.15
309K	-4.16	5.00	-5.00	-0.05	0.44	5.00	0.22	0.13	5.00	-0.16	3.34	0.14	-0.17	5.00	-0.12	5.00	0.08	0.15
309H	-4.63	5.00	-5.00	-0.04	0.44	5.00	0.19	0.23	5.00	-0.16	3.35	0.24	0.12	5.00	-0.09	5.00	0.16	0.12
309I	-4.71	5.00	-5.00	-0.03	-1.11	5.00	0.19	0.27	5.00	-0.16	3.35	-0.04	-0.10	5.00	-0.02	5.00	0.04	0.12
309N	-4.83	5.00	-5.00	-0.04	-0.08	5.00	0.02	0.16	5.00	-0.16	3.32	0.10	-0.10	5.00	-0.12	5.00	0.04	0.15
309L	-4.61	5.00	-5.00	-0.04	-0.08	5.00	0.02	0.16	5.00	-0.16	3.38	0.10	-0.10	5.00	-0.12	5.00	0.04	0.15
309R	-3.49	5.00	-5.00	-0.04	-0.08	5.00	0.02	0.16	5.00	-0.16	3.31	0.10	-0.10	5.00	-0.12	5.00	0.04	0.15
309S	-5.00	5.00	-5.00	-0.04	-0.08	5.00	0.02	0.16	5.00	-0.16	3.36	0.10	-0.10	5.00	-0.12	5.00	0.04	0.15
309P	-5.00	5.00	-5.00	-0.11	-0.08	5.00	1.06	0.34	5.00	-0.16	3.30	1.89	-0.65	5.00	-0.18	5.00	0.12	0.11
309Q	-4.20	5.00	-5.00	-0.02	-0.08	5.00	-0.16	0.06	5.00	-0.16	3.31	-0.18	-0.09	5.00	-0.11	5.00	0.09	0.14
309V	-4.79	5.00	-5.00	-0.04	-0.08	5.00	0.02	0.16	5.00	-0.16	3.34	0.10	-0.10	5.00	-0.12	5.00	0.04	0.15
309W	-3.63	5.00	-5.00	-0.06	0.44	5.00	-0.33	0.10	5.00	-0.16	3.35	0.01	0.60	5.00	-0.34	5.00	0.10	0.13
309T	-5.00	5.00	-5.00	-0.04	-0.08	5.00	0.02	0.16	5.00	-0.16	3.33	0.10	-0.10	5.00	-0.12	5.00	0.04	0.15
417M	-4.86	5.00	-5.00	-0.05	-0.59	5.00	-0.11	0.22	5.00	-0.19	3.30	0.10	-0.09	5.00	-0.35	5.00	0.15	0.08
346N	-3.39	5.00	-5.00	-0.06	-0.08	5.00	-1.38	0.27	5.00	-0.05	3.50	0.10	-0.07	5.00	-0.09	5.00	0.03	0.30
346M	-2.64	5.00	-5.00	-0.06	-0.59	5.00	0.69	0.06	5.00	-0.18	3.54	0.10	-0.13	5.00	-0.19	5.00	0.02	0.07
309Y	-2.96	5.00	-5.00	-0.04	-0.08	5.00	0.02	0.16	5.00	-0.16	3.36	0.10	-0.10	5.00	-0.12	5.00	0.04	0.15
346K	-1.79	5.00	-5.00	-0.07	-0.08	5.00	0.64	0.24	5.00	-0.35	0.77	0.10	-0.17	5.00	-0.39	5.00	-0.00	0.06
346I	-3.04	5.00	-5.00	-0.06	-0.59	5.00	0.59	0.09	5.00	-0.15	3.46	0.10	-0.09	5.00	-0.31	5.00	-0.00	0.14
346H	-2.75	5.00	-5.00	-0.37	-1.11	5.00	-2.05	0.05	5.00	-0.01	-0.02	0.10	5.00	5.00	-0.39	5.00	-0.13	-0.09
346L	-2.87	5.00	-5.00	-0.05	-0.59	5.00	-0.01	0.20	5.00	-0.27	3.48	0.10	-0.14	5.00	0.05	5.00	-0.02	0.18
417K	-4.95	5.00	-5.00	-0.04	-0.08	5.00	0.02	0.16	5.00	-0.16	3.32	0.10	-0.10	5.00	-0.12	5.00	0.04	0.15
302Y	-3.18	5.00	-5.00	-0.04	-0.08	5.00	0.02	0.16	5.00	-0.16	3.31	0.10	-0.10	5.00	-0.12	5.00	0.04	0.15
302W	-3.27	5.00	-5.00	-0.04	-0.08	5.00	0.02	0.16	5.00	-0.16	3.34	0.10	-0.10	5.00	-0.12	5.00	0.04	0.15
302V	-3.81	5.00	-5.00	-0.04	-0.08	5.00	0.02	0.16	5.00	-0.16	3.41	0.10	-0.10	5.00	-0.12	5.00	0.04	0.15
302T	-3.99	5.00	-5.00	-0.04	-0.08	5.00	0.02	0.16	5.00	-0.16	3.39	0.10	-0.10	5.00	-0.12	5.00	0.04	0.15
302S	-3.88	5.00	-5.00	-0.15	-1.63	5.00	-0.70	0.36	5.00	-0.16	3.05	0.10	-0.87	5.00	0.41	5.00	0.06	-0.09
302R	-3.09	5.00	-5.00	-0.04	-0.08	5.00	0.02	0.16	5.00	-0.16	3.36	0.10	-0.10	5.00	-0.12	5.00	0.04	0.15
302Q	-3.46	5.00	-5.00	-0.15	-1.63	5.00	-0.70	0.36	5.00	-0.16	3.06	0.10	-0.87	5.00	0.41	5.00	0.06	-0.09
302P	-3.92	5.00	-5.00	-0.04	-0.08	5.00	0.02	0.16	5.00	-0.16	3.35	0.10	-0.10	5.00	-0.12	5.00	0.04	0.15
302N	-4.11	5.00	-5.00	-0.04	-0.08	5.00	0.02	0.16	5.00	-0.16	3.34	0.10	-0.10	5.00	-0.12	5.00	0.04	0.15
302M	-3.73	5.00	-5.00	0.20	0.95	5.00	1.66	0.22	5.00	-0.16	3.64	0.24	0.59	5.00	-0.65	5.00	-0.10	0.28
302L	-3.54	5.00	-5.00	-0.05	-0.08	5.00	-0.58	-0.18	5.00	-0.16	3.35	-0.08	-0.09	5.00	0.29	5.00	-0.07	0.20
302K	-2.87	5.00	-5.00	-0.04	-0.08	5.00	0.02	0.16	5.00	-0.16	3.34	0.10	-0.10	5.00	-0.12	5.00	0.04	0.15
302I	-3.39	5.00	-5.00	-0.05	-1.11	5.00	-0.16	0.24	5.00	-0.16	3.35	-0.27	-0.09	5.00	-0.61	5.00	0.07	0.18
302H	-3.67	5.00	-5.00	-0.04	-0.08	5.00	0.02	0.16	5.00	-0.16	3.33	0.10	-0.10	5.00	-0.12	5.00	0.04	0.15
302G	-3.99	5.00	-5.00	-0.08	-0.59	5.00	-0.70	0.29	5.00	-0.16	3.29	0.10	-0.20	5.00	-0.60	5.00	-0.09	0.13
302F	-3.31	5.00	-5.00	-0.04	-0.08	5.00	-0.31	0.54	5.00	-0.16	3.36	0.60	-0.18	5.00	-0.03	5.00	0.01	0.04
302E	-4.07	5.00	-5.00	-0.02	-1.11	5.00	-0.46	0.41	5.00	-0.16	3.35	0.51	-0.06	5.00	-0.31	5.00	0.10	0.11
302D	-4.33	5.00	-5.00	-0.15	-0.08	5.00	0.02	0.41	5.00	-0.16	3.35	1.06	1.62	5.00	-0.79	5.00	0.05	0.10
302C	-3.83	5.00	-5.00	-0.32	-1.63	5.00	-5.00	-1.25	5.00	-0.16	3.42	-0.13	0.57	5.00	-0.20	5.00	-0.22	1.44
417T	-5.00	5.00	-5.00	-0.03	-0.59	5.00	-0.23	0.19	5.00	-0.18	3.36	0.10	-0.18	5.00	-0.22	5.00	0.09	0.14
417V	-5.00	5.00	-5.00	-0.04	-0.08	5.00	0.02	0.16	5.00	-0.16	3.35	0.10	-0.10	5.00	-0.12	5.00	0.04	0.15
417P	-5.00	5.00	-5.00	-0.04	-0.08	5.00	0.02	0.16	5.00	-0.16	3.39	0.10	-0.10	5.00	-0.12	5.00	0.04	0.15
417Q	-4.77	5.00	-5.00	-0.05	-0.59	5.00	-0.11	0.22	5.00	-0.19	3.31	0.10	-0.09	5.00	-0.35	5.00	0.15	0.08
417R	-4.63	5.00	-5.00	0.00	0.95	5.00	0.22	0.24	5.00	-0.16	3.32	0.10	-0.14	5.00	-0.06	5.00	0.14	0.06
346V	-3.71	5.00	-5.00	-0.04	-0.08	5.00	0.02	0.16	5.00	-0.16	3.31	0.10	-0.10	5.00	-0.12	5.00	0.04	0.15
417Y	-4.48	5.00	-5.00	-0.04	-0.08	5.00	0.02	0.16	5.00	-0.16	3.33	0.10	-0.10	5.00	-0.12	5.00	0.04	0.15
417D	-5.00	5.00	-5.00	-0.10	-4.20	5.00	0.02	0.12	5.00	-0.10	3.35	0.10	-0.20	5.00	-0.24	5.00	0.10	0.21
417E	-4.69	5.00	-5.00	-0.04	-0.08	5.00	0.02	0.16	5.00	-0.16	3.32	0.10	-0.10	5.00	-0.12	5.00	0.04	0.15
417F	-4.63	5.00	-5.00	-0.02	-0.59	5.00	-0.38	0.15	5.00	-0.09	3.35	0.10	-0.10	5.00	0.13	5.00	-0.01	0.03
346T	-3.61	5.00	-5.00	-0.04	-0.08	5.00	0.02	0.16	5.00	-0.16	3.31	0.10	-0.10	5.00	-0.12	5.00	0.04	0.15
417A	-5.00	5.00	-5.00	-0.04	-0.08	5.00	0.02	0.16	5.00	-0.16	3.37	0.10	-0.10	5.00	-0.12	5.00	0.04	0.15
417C	-5.00	5.00	-5.00	-0.05	-0.59	5.00	-0.11	0.22	5.00	-0.19	3.35	0.10	-0.09	5.00	-0.35	5.00	0.15	0.08
417L	-4.78	5.00	-5.00	-0.04	-0.08	5.00	0.02	0.16	5.00	-0.16	3.33	0.10	-0.10	5.00	-0.12	5.00	0.04	0.15
346S	-4.13	5.00	-5.00	-0.01	-0.08	5.00	-1.18	0.41	5.00	-0.24	3.30	0.10	-0.07	5.00	-0.26	5.00	0.04	0.25
417N	-5.00	5.00	-5.00	-0.04	-0.08	5.00	0.02	0.16	5.00	-0.16	3.37	0.10	-0.10	5.00	-0.12	5.00	0.04	0.15
417H	-5.00	5.00	-5.00	-0.04	-0.08	5.00	0.02	0.16	5.00	-0.16	3.35	0.10	-0.10	5.00	-0.12	5.00	0.04	0.15
417I	-4.72	5.00	-5.00	-0.04	-0.08	5.00	0.02	0.16	5.00	-0.16	3.33	0.10	-0.10	5.00	-0.12	5.00	0.04	0.15
346R	-1.86	5.00	-5.00	-0.04	-0.08	5.00	0.02	0.16	5.00	-0.16	3.50	0.10	-0.10	5.00	-0.12	5.00	0.04	0.15
346Q	-3.54	5.00	-5.00	-0.06	-0.59	5.00	0.07	0.09	5.00	-0.20	1.09	0.10	-0.10	5.00	-0.40	5.00	0.05	0.10
346P	-4.01	5.00	-5.00	-0.07	-0.08	5.00	-0.90	0.29	5.00	-0.18	3.39	0.10	-0.06	5.00	-0.40	5.00	0.11	0.30
346Y	-1.48	5.00	-5.00	-0.04	-0.08	5.00	0.02	0.16	5.00	-0.16	2.04	0.10	-0.10	5.00	-0.12	5.00	0.04	0.15
417S	-5.00	5.00	-5.00	-0.04	-0.08	5.00	0.02	0.16	5.00	-0.16	3.37	0.10	-0.10	5.00	-0.12	5.00	0.04	0.15
346F	-1.75	5.00	-5.00	-0.02	0.44	5.00	0.02	0.08	5.00	0.04	3.15	0.10	0.05	5.00	-0.15	5.00	0.10	0.14
346E	-3.72	5.00	-5.00	-0.04	-0.08	5.00	0.02	0.16	5.00	-0.16	1.26	0.10	-0.10	5.00	-0.12	5.00	0.04	0.15
346D	-3.91	5.00	-5.00	-0.04	-0.08	5.00	0.02	0.16	5.00	-0.16	1.21	0.10	-0.10	5.00	-0.12	5.00	0.04	0.15
346C	-4.16	5.00	-5.00	-0.02	0.44	5.00	0.02	0.08	5.00	0.04	3.35	0.10	0.05	5.00	-0.15	5.00	0.10	0.14
401Y	-3.96	5.00	-5.00	-0.04	-0.08	5.00	0.02	0.16	5.00	-0.16	1.28	0.10	-0.10	5.00	-0.12	5.00	0.04	0.15
346A	-4.10	5.00	-5.00	-0.04	-0.08	5.00	0.02	0.16	5.00	-0.16	3.33	0.10	-0.10	5.00	-0.12	5.00	0.04	0.15
401S	-4.56	5.00	-5.00	-0.04	-0.08	5.00	0.02	0.16	5.00	-0.16	3.36	0.10	-0.10	5.00	-0.12	5.00	0.04	0.15
401R	-4.11	5.00	-5.00	-0.04	-0.08	5.00	0.02	0.16	5.00	-0.16	3.35	0.10	-0.10	5.00	-0.12	5.00	0.04	0.15
401Q	-3.82	5.00	-5.00	-0.04	-0.08	5.00	0.02	0.16	5.00	-0.16	3.43	0.10	-0.10	5.00	-0.12	5.00	0.04	0.15
401P	-4.35	5.00	-5.00	-0.04	-0.08	5.00	0.02	0.16	5.00	-0.16	3.34	0.10	-0.10	5.00	-0.12	5.00	0.04	0.15
401W	-2.27	5.00	-5.00	-0.04	-0.08	5.00	0.02	0.16	5.00	-0.16	3.96	0.10	-0.10	5.00	-0.12	5.00	0.04	0.15
401T	-4.22	5.00	-5.00	-0.04	-0.08	5.00	0.02	0.16	5.00	-0.16	3.36	0.10	-0.10	5.00	-0.12	5.00	0.04	0.15
401K	-4.15	5.00	-5.00	-0.04	-0.08	5.00	0.02	0.16	5.00	-0.16	3.36	0.10	-0.10	5.00	-0.12	5.00	0.04	0.15
401I	-3.20	5.00	-5.00	-0.04	-0.08	5.00	0.02	0.16	5.00	-0.16	3.39	0.10	-0.10	5.00	-0.12	5.00	0.04	0.15
401H	-4.16	5.00	-5.00	-0.04	-0.08	5.00	0.02	0.16	5.00	-0.16	3.40	0.10	-0.10	5.00	-0.12	5.00	0.04	0.15
401N	-4.02	5.00	-5.00	-0.04	-0.08	5.00	0.02	0.16	5.00	-0.16	3.35	0.10	-0.10	5.00	-0.12	5.00	0.04	0.15
401M	-3.93	5.00	-5.00	-0.04	-0.08	5.00	0.02	0.16	5.00	-0.16	3.35	0.10	-0.10	5.00	-0.12	5.00	0.04	0.15
401L	-4.01	5.00	-5.00	-0.04	-0.08	5.00	0.02	0.16	5.00	-0.16	3.40	0.10	-0.10	5.00	-0.12	5.00	0.04	0.15
401C	-4.50	5.00	-5.00	-0.04	-0.08	5.00	0.02	0.16	5.00	-0.16	3.35	0.10	-0.10	5.00	-0.12	5.00	0.04	0.15
401A	-4.67	5.00	-5.00	-0.04	-0.08	5.00	0.02	0.16	5.00	-0.16	3.33	0.10	-0.10	5.00	-0.12	5.00	0.04	0.15
401G	-4.57	5.00	-5.00	-0.03	-0.08	5.00	0.02	0.23	5.00	-0.19	3.37	0.10	0.05	5.00	0.10	5.00	0.00	0.27
401F	-3.28	5.00	-5.00	-0.04	-0.08	5.00	0.39	0.12	5.00	-0.24	3.39	0.10	-0.20	5.00	0.35	5.00	0.10	0.22
401E	-3.52	5.00	-5.00	-0.04	-0.08	5.00	0.02	0.16	5.00	-0.16	3.38	0.10	-0.10	5.00	-0.12	5.00	0.04	0.15
401D	-4.12	5.00	-5.00	-0.03	-0.08	5.00	-0.51	0.22	5.00	-0.25	3.41	0.10	-1.19	5.00	-0.39	5.00	-0.03	0.08
305N	-4.45	5.00	-5.00	-0.02	-0.08	5.00	-0.01	0.05	5.00	-0.16	3.33	0.19	-0.06	5.00	-0.02	5.00	0.10	0.13
305L	-4.41	5.00	-5.00	-0.04	-0.08	5.00	0.02	0.16	5.00	-0.16	3.28	0.10	-0.10	5.00	-0.12	5.00	0.04	0.15
305M	-4.25	5.00	-5.00	-0.04	-0.08	5.00	0.02	0.16	5.00	-0.16	3.34	0.10	-0.10	5.00	-0.12	5.00	0.04	0.15
305K	-4.37	5.00	-5.00	-0.04	-0.08	5.00	-0.03	0.40	5.00	-0.16	3.31	0.01	-0.09	5.00	-0.09	5.00	-0.04	0.13
305H	-4.44	5.00	-5.00	-0.04	-0.08	5.00	0.02	0.16	5.00	-0.16	3.32	0.10	-0.10	5.00	-0.12	5.00	0.04	0.15
305I	-4.61	5.00	-5.00	-0.04	-0.08	5.00	0.02	0.16	5.00	-0.16	3.30	0.10	-0.10	5.00	-0.12	5.00	0.04	0.15
305G	-4.46	5.00	-5.00	-0.06	-0.59	5.00	0.09	0.26	5.00	-0.16	3.31	0.56	-0.00	5.00	0.03	5.00	-0.03	0.10
305D	-4.42	5.00	-5.00	-0.07	0.44	5.00	-0.16	0.30	5.00	-0.16	3.28	-0.54	-0.13	5.00	-0.09	5.00	-0.04	0.19
305E	-4.04	5.00	-5.00	0.07	0.44	5.00	-0.26	-0.12	5.00	-0.16	2.85	0.19	0.04	5.00	0.98	5.00	0.25	0.27
305C	-4.41	5.00	-5.00	-0.04	-0.08	5.00	0.02	0.16	5.00	-0.16	3.31	0.10	-0.10	5.00	-0.12	5.00	0.04	0.15
305A	-4.41	5.00	-5.00	-0.04	-0.08	5.00	0.02	0.16	5.00	-0.16	3.32	0.10	-0.10	5.00	-0.12	5.00	0.04	0.15
305Y	-4.12	5.00	-5.00	-0.04	-0.08	5.00	0.02	0.16	5.00	-0.16	3.35	0.10	-0.10	5.00	-0.12	5.00	0.04	0.15
305V	-4.50	5.00	-5.00	-0.04	-0.08	5.00	0.02	0.16	5.00	-0.16	3.33	0.10	-0.10	5.00	-0.12	5.00	0.04	0.15
305W	-3.52	5.00	-5.00	-0.04	-0.08	5.00	0.02	0.16	5.00	-0.16	3.27	0.10	-0.10	5.00	-0.12	5.00	0.04	0.15
305T	-4.39	5.00	-5.00	-0.04	-0.08	5.00	0.02	0.16	5.00	-0.16	3.32	0.10	-0.10	5.00	-0.12	5.00	0.04	0.15
305R	-3.62	5.00	-5.00	-0.04	-0.08	5.00	0.02	0.16	5.00	-0.16	3.22	0.10	-0.10	5.00	-0.12	5.00	0.04	0.15
305S	-4.44	5.00	-5.00	-0.04	-0.08	5.00	0.02	0.16	5.00	-0.16	3.31	0.10	-0.10	5.00	-0.12	5.00	0.04	0.15
305P	-4.42	5.00	-5.00	-0.04	-0.08	5.00	0.02	0.16	5.00	-0.16	3.31	0.10	-0.10	5.00	-0.12	5.00	0.04	0.15
305Q	-4.47	5.00	-5.00	-0.04	-0.08	5.00	0.02	0.16	5.00	-0.16	3.31	0.10	-0.10	5.00	-0.12	5.00	0.04	0.15
306C	-4.77	5.00	-5.00	-0.04	-0.08	5.00	0.02	0.16	5.00	-0.16	3.32	0.10	-0.10	5.00	-0.12	5.00	0.04	0.15
306A	-5.00	5.00	-5.00	-0.04	-0.08	5.00	0.02	0.16	5.00	-0.16	3.32	0.10	-0.10	5.00	-0.12	5.00	0.04	0.15
306G	-4.79	5.00	-5.00	-0.04	-0.08	5.00	0.02	0.16	5.00	-0.16	3.32	0.10	-0.10	5.00	-0.12	5.00	0.04	0.15
306F	-3.86	5.00	-5.00	-0.04	-0.08	5.00	0.02	0.16	5.00	-0.16	3.32	0.10	-0.10	5.00	-0.12	5.00	0.04	0.15
306E	-4.27	5.00	-5.00	-0.04	0.44	5.00	0.27	0.37	5.00	-0.16	3.33	0.10	-0.14	5.00	-0.03	5.00	-0.04	0.12
306D	-3.99	5.00	-5.00	-0.04	-0.08	5.00	0.02	0.16	5.00	-0.16	3.33	0.10	-0.10	5.00	-0.12	5.00	0.04	0.15
306K	-3.97	5.00	-5.00	-0.03	-0.59	5.00	0.17	0.12	5.00	-0.16	3.32	-0.13	-0.09	5.00	-0.11	5.00	0.03	0.14
306I	-4.13	5.00	-5.00	-0.04	-0.08	5.00	0.02	0.16	5.00	-0.16	3.33	0.10	-0.10	5.00	-0.12	5.00	0.04	0.15
306H	-4.02	5.00	-5.00	-0.04	-0.08	5.00	0.02	0.16	5.00	-0.16	3.33	0.10	-0.10	5.00	-0.12	5.00	0.04	0.15
306N	-4.40	5.00	-5.00	-0.04	-0.08	5.00	0.02	0.16	5.00	-0.16	3.33	0.10	-0.10	5.00	-0.12	5.00	0.04	0.15
306M	-4.12	5.00	-5.00	-0.04	-0.08	5.00	0.02	0.16	5.00	-0.16	3.33	0.10	-0.10	5.00	-0.12	5.00	0.04	0.15
306L	-3.58	5.00	-5.00	-0.04	-0.08	5.00	0.02	0.16	5.00	-0.16	3.34	0.10	-0.10	5.00	-0.12	5.00	0.04	0.15
306S	-4.89	5.00	-5.00	-0.04	-0.08	5.00	0.02	0.16	5.00	-0.16	3.33	0.10	-0.10	5.00	-0.12	5.00	0.04	0.15
306R	-4.15	5.00	-5.00	-0.04	-0.08	5.00	0.02	0.16	5.00	-0.16	3.35	0.10	-0.10	5.00	-0.12	5.00	0.04	0.15
306Q	-4.13	5.00	-5.00	-0.04	-0.08	5.00	0.02	0.16	5.00	-0.16	3.34	0.10	-0.10	5.00	-0.12	5.00	0.04	0.15
306P	-4.16	5.00	-5.00	-0.04	-0.08	5.00	0.09	0.27	5.00	-0.16	3.34	0.10	-0.07	5.00	-0.14	5.00	0.03	0.19
306W	-3.99	5.00	-5.00	-0.04	0.44	5.00	0.27	0.37	5.00	-0.16	3.35	0.10	-0.14	5.00	-0.03	5.00	-0.04	0.12
306V	-3.99	5.00	-5.00	-0.04	-0.08	5.00	0.02	0.16	5.00	-0.16	3.34	0.10	-0.10	5.00	-0.12	5.00	0.04	0.15
306T	-4.48	5.00	-5.00	-0.04	-0.08	5.00	0.02	0.16	5.00	-0.16	3.33	0.10	-0.10	5.00	-0.12	5.00	0.04	0.15
