G7	-0.83	1.06	-0.48	-0.05	0.11	0.06	0.11	0.15	0.51	-0.10	0.79	0.05	0.14	-0.52	0.09	-0.21	0.02	-0.11
G6	-1.22	2.15	-2.09	-0.05	0.11	0.51	0.11	0.15	0.58	-0.10	0.78	0.05	0.14	-0.09	0.09	-0.20	0.02	-0.11
G5	-0.79	1.53	-0.54	-0.05	0.11	-0.12	0.11	0.15	0.92	-0.10	0.80	0.05	0.14	-0.79	0.09	-0.93	0.02	-0.11
G4	2.12	-2.21	1.30	-0.05	0.11	-2.12	0.11	0.15	0.04	-0.10	0.82	0.05	0.14	-1.01	0.09	-1.61	0.02	-0.11
G3	1.56	-1.94	0.07	-0.05	0.11	-0.60	0.11	0.15	-0.81	-0.10	0.77	0.05	0.14	-0.42	0.09	-1.24	0.02	-0.11
G2	1.17	-1.60	0.74	-0.05	0.07	0.10	-0.13	0.03	-0.24	0.14	0.76	-0.63	0.07	-0.62	-0.11	-0.72	0.40	-0.30
G1	-0.77	0.74	-0.15	-0.05	0.15	0.01	0.17	-1.27	0.32	0.23	0.80	-1.20	0.23	-0.60	0.48	-0.42	-0.26	0.27
G9	-0.91	0.80	-0.28	-0.05	0.11	0.69	0.11	0.15	0.16	-0.10	0.76	0.05	0.14	-0.37	0.09	-0.90	0.02	-0.11
G8	-1.09	1.47	-0.66	-0.05	0.11	0.82	0.11	0.15	0.67	-0.10	0.76	0.05	0.14	-0.21	0.09	-0.94	0.02	-0.11
N6	-0.91	0.66	1.08	-0.05	0.11	0.91	0.11	0.15	0.44	-0.10	-0.75	0.05	0.14	0.35	0.09	0.11	0.02	-0.11
N7	-0.91	1.16	0.24	-0.05	0.11	-0.01	0.11	0.15	0.83	-0.10	-0.78	0.05	0.14	1.21	0.09	-0.01	0.02	-0.11
B4	1.31	-1.94	2.89	-0.05	0.11	-0.15	0.11	0.15	-0.39	-0.10	-0.80	0.05	0.14	-1.64	0.09	-0.16	0.02	-0.11
B5	-0.52	0.02	-0.32	-0.05	0.11	1.02	0.11	0.15	-1.01	-0.10	-0.75	0.05	0.14	0.52	0.09	0.21	0.02	-0.11
B6	1.21	-0.80	-0.29	-0.05	0.11	-1.52	0.11	0.15	0.77	-0.10	0.80	0.05	0.14	0.08	0.09	1.01	0.02	-0.11
B7	1.76	-0.81	0.25	-0.05	0.11	-0.64	0.11	0.15	1.32	-0.10	0.78	0.05	0.14	-0.55	0.09	-0.06	0.02	-0.11
B1	-0.85	0.36	-0.85	-0.05	0.11	-1.25	0.11	0.15	-0.45	-0.10	0.78	0.05	0.14	0.31	0.09	-0.18	0.02	-0.11
B2	1.51	-0.85	-4.57	-0.05	0.11	0.26	0.11	0.15	-1.27	-0.10	0.83	0.05	0.14	2.32	0.09	0.46	0.02	-0.11
B3	0.23	-0.62	1.65	-0.08	0.07	-0.64	1.05	-0.52	0.13	-0.77	-0.70	2.05	0.16	-0.23	-0.55	1.18	-1.25	-0.49
B8	1.30	-0.91	-1.19	0.21	0.11	-0.68	0.39	0.44	0.12	0.14	0.79	-0.51	0.09	0.07	0.19	1.37	-0.01	0.13
B9	-0.62	-0.06	1.28	-0.05	0.11	1.07	0.11	0.15	0.40	-0.10	0.77	0.05	0.14	-0.37	0.09	-1.40	0.02	-0.11
N5	-0.16	1.70	-0.78	-0.05	0.11	-0.86	0.11	0.15	2.01	-0.10	-0.13	0.05	0.14	1.32	0.09	-0.68	0.02	-0.11
P10	0.14	-0.86	1.01	-0.05	0.11	0.64	0.11	0.15	-1.53	-0.10	-1.93	0.05	0.14	0.27	0.09	-0.06	0.02	-0.11
P11	0.06	-0.59	-0.15	-0.05	0.11	0.28	0.11	0.15	-1.07	-0.10	-0.75	0.05	0.14	0.36	0.09	0.81	0.02	-0.11
P12	-0.17	-0.45	0.30	-0.05	0.11	0.69	0.11	0.15	-0.85	-0.10	-0.74	0.05	0.14	0.28	0.09	0.59	0.02	-0.11
E9	-0.78	0.94	-0.55	-0.05	0.11	0.17	0.11	0.15	0.39	-0.10	0.76	0.05	0.14	-0.28	0.09	-0.54	0.02	-0.11
E8	-0.74	1.00	-0.07	-0.05	0.11	-0.10	0.11	0.15	0.77	-0.10	0.79	0.05	0.14	-0.76	0.09	-0.02	0.02	-0.11
E5	-0.82	0.92	-0.26	-0.05	0.11	-0.26	0.11	0.15	0.46	-0.10	0.80	0.05	0.14	-0.56	0.09	-0.29	0.02	-0.11
E4	-1.00	1.26	-0.70	-0.05	0.11	0.17	0.11	0.15	0.37	-0.10	0.79	0.05	0.14	-0.53	0.09	-0.58	0.02	-0.11
E7	-0.88	1.21	-0.22	-0.05	0.11	0.19	0.11	0.15	0.96	-0.10	0.79	0.05	0.14	-0.19	0.09	-0.59	0.02	-0.11
E6	0.96	0.16	-0.16	-0.05	0.11	-0.17	0.11	0.15	1.43	-0.10	0.76	0.05	0.14	-0.41	0.09	-0.63	0.02	-0.11
E1	-0.73	0.43	0.54	-0.78	-5.00	2.13	-2.17	-2.40	0.27	5.00	0.67	0.30	0.74	-0.17	-4.39	0.12	2.21	2.33
P8	-0.54	-0.11	2.04	-0.05	-0.01	0.80	-0.02	0.44	-0.66	-0.05	-1.93	0.24	0.04	-0.01	0.32	-0.66	-0.38	-0.35
E3	-0.44	-0.26	0.44	-0.05	0.11	0.28	0.11	0.15	-0.47	-0.10	0.76	0.05	0.14	-1.10	0.09	-0.09	0.02	-0.11
E2	0.97	-0.15	-0.08	-0.05	0.11	-0.44	0.11	0.15	1.05	-0.10	0.78	0.05	0.14	-0.17	0.09	-1.39	0.02	-0.11
P2	0.87	-1.17	1.32	-0.05	0.11	0.44	0.11	0.15	-1.15	-0.10	-1.95	0.05	0.14	-0.21	0.09	-0.06	0.02	-0.11
P3	1.34	-1.42	0.89	-0.05	0.11	0.42	0.11	0.15	-1.24	-0.10	-1.96	0.05	0.14	-0.16	0.09	0.27	0.02	-0.11
P1	0.01	0.81	1.58	-3.39	1.58	-5.00	4.28	-5.00	0.49	2.81	0.84	-2.69	-3.01	-4.81	2.14	1.55	-5.00	3.52
P6	-0.19	-0.77	0.78	-0.08	0.11	1.07	0.45	0.49	-1.14	-0.43	-0.74	0.11	0.16	0.18	0.47	0.05	-1.55	0.18
P7	-0.48	-0.54	-1.53	5.00	-5.00	1.65	-5.00	0.53	-1.42	5.00	-2.20	-5.00	-5.00	5.00	-5.00	2.92	-2.28	5.00
P4	1.10	-1.23	1.36	-0.05	0.11	0.28	0.11	0.15	-0.80	-0.10	-1.98	0.05	0.14	-0.02	0.09	0.43	0.02	-0.11
P5	0.03	-0.55	2.06	-0.05	0.11	1.18	0.11	0.15	-0.60	-0.10	-1.96	0.05	0.14	-0.02	0.09	-0.44	0.02	-0.11
H10	0.05	-1.15	0.64	-0.05	0.11	0.71	0.11	0.15	-1.10	-0.10	-0.23	0.05	0.14	1.33	0.09	-2.95	0.02	-0.11
H11	-0.35	0.10	-0.45	-0.05	0.11	0.64	0.11	0.15	-0.16	-0.10	-0.27	0.05	0.14	2.43	0.09	-3.08	0.02	-0.11
H12	0.19	-1.31	1.49	-0.05	0.11	0.26	0.11	0.15	-0.86	-0.10	-0.22	0.05	0.14	0.67	0.09	-3.14	0.02	-0.11
P9	-0.11	-0.70	1.42	-0.05	0.11	0.84	0.11	0.15	-1.35	-0.10	-1.94	0.05	0.14	0.16	0.09	-0.26	0.02	-0.11
F12	0.68	-2.06	-0.59	-0.05	0.11	0.33	0.11	0.15	-2.28	-0.10	0.76	0.05	0.14	-0.16	0.09	-0.94	0.02	-0.11
F10	1.01	-1.51	0.02	-0.05	0.11	0.82	0.22	0.82	-0.76	-0.34	0.76	0.05	0.26	-0.77	1.58	-1.12	0.53	-0.69
F11	1.41	-1.83	0.38	-0.05	0.11	0.12	0.11	0.15	-0.49	-0.10	0.76	0.05	0.14	-0.45	0.09	-0.74	0.02	-0.11
N12	-0.95	0.85	-0.95	-0.05	0.11	0.66	0.11	0.15	-0.47	-0.10	-0.74	0.05	0.14	1.02	0.09	0.84	0.02	-0.11
H8	-1.01	0.82	-0.30	-0.05	0.11	0.48	0.11	0.15	-0.04	-0.10	-0.76	0.05	0.14	0.85	0.09	1.60	0.02	-0.11
H9	-0.96	0.62	-0.33	-0.05	0.11	0.42	0.11	0.15	-0.28	-0.10	-0.75	0.05	0.14	0.89	0.09	1.53	0.02	-0.11
H6	-0.91	0.52	-0.55	-0.05	0.11	0.53	0.11	0.15	-0.60	-0.10	-0.75	0.05	0.14	0.83	0.09	1.23	0.02	-0.11
H7	-1.00	0.79	-0.27	-0.05	0.11	0.44	0.11	0.15	-0.06	-0.10	-0.76	0.05	0.14	0.83	0.09	1.58	0.02	-0.11
H4	-0.98	1.13	-1.41	0.01	0.07	-0.77	-0.21	-0.23	0.34	-0.10	0.78	0.55	0.12	0.56	0.26	0.48	0.17	0.27
H5	-0.93	0.55	-0.49	-0.05	0.11	0.57	0.11	0.15	-0.64	-0.10	-0.75	0.05	0.14	0.63	0.09	1.24	0.02	-0.11
D10	-0.85	0.73	-0.39	-0.05	0.11	-0.10	0.11	0.15	0.10	-0.10	0.80	0.05	0.14	-0.54	0.09	-0.07	0.02	-0.11
D11	-0.96	0.60	-0.63	-0.05	0.11	0.06	0.11	0.15	-0.46	-0.10	0.79	0.05	0.14	-0.52	0.09	-0.57	0.02	-0.11
D12	-0.76	0.44	0.14	-0.05	0.11	0.19	0.11	0.15	0.27	-0.10	0.80	0.05	0.14	-0.08	0.09	-0.96	0.02	-0.11
B12	1.45	-0.82	-0.62	-0.05	0.11	-1.45	0.11	0.15	0.84	-0.10	0.80	0.05	0.14	0.19	0.09	1.17	0.02	-0.11
B10	1.10	-0.84	-0.79	-0.05	0.11	-1.36	0.11	0.15	0.26	-0.10	0.80	0.05	0.14	0.11	0.09	1.23	0.02	-0.11
B11	1.49	-1.08	-0.16	-0.05	0.11	-1.27	0.11	0.15	0.89	-0.10	0.81	0.05	0.14	0.48	0.09	0.44	0.02	-0.11
Q8	-0.20	-0.78	1.06	-0.05	0.11	1.02	0.11	0.15	-1.94	-0.10	-1.94	0.05	0.14	-0.40	0.09	0.62	0.02	-0.11
Q9	0.03	-0.26	0.68	-0.05	0.11	-0.12	0.11	0.15	-0.14	-0.10	-0.73	0.05	0.14	-0.02	0.09	1.16	0.02	-0.11
C9	-1.02	1.27	-0.96	-0.05	0.11	0.10	0.11	0.15	0.24	-0.10	0.79	0.05	0.14	-0.42	0.09	-0.38	0.02	-0.11
C8	-0.80	0.58	-0.89	-0.05	0.11	0.26	0.11	0.15	-0.32	-0.10	0.76	0.05	0.14	-0.18	0.09	-0.33	0.02	-0.11
Q11	0.81	-0.85	0.15	-0.05	0.11	0.17	0.11	0.15	-0.57	-0.10	-0.78	0.05	0.14	0.07	0.09	0.67	0.02	-0.11
Q10	0.87	-1.14	1.27	-0.05	0.11	0.44	0.11	0.15	-1.14	-0.10	-1.96	0.05	0.14	-0.19	0.09	-0.03	0.02	-0.11
Q12	0.78	-1.08	1.28	-0.05	0.11	1.20	0.11	0.15	-0.29	-0.10	-0.81	0.05	0.14	-0.15	0.09	-0.15	0.02	-0.11
C3	3.11	-0.56	-0.41	-0.05	0.11	-0.44	0.11	0.15	3.04	-0.10	0.79	0.05	0.14	-0.28	0.09	1.33	0.02	-0.11
C2	0.97	-0.79	-0.48	-0.05	0.11	-1.25	0.11	0.15	0.34	-0.10	0.80	0.05	0.14	0.07	0.09	0.78	0.02	-0.11
C1	1.30	-0.74	-0.76	-0.05	0.11	-1.38	0.11	0.15	0.68	-0.10	0.80	0.05	0.14	0.12	0.09	1.33	0.02	-0.11
C7	-1.10	1.75	-0.54	-0.05	0.11	0.37	0.11	0.15	1.00	-0.10	0.79	0.05	0.14	-0.43	0.09	-1.29	0.02	-0.11
C6	-1.11	1.51	-0.67	-0.05	0.11	0.39	0.11	0.15	0.59	-0.10	0.79	0.05	0.14	-0.38	0.09	-1.11	0.02	-0.11
C5	-1.02	1.26	-0.96	-0.05	0.11	0.10	0.11	0.15	0.23	-0.10	0.79	0.05	0.14	-0.43	0.09	-0.37	0.02	-0.11
C4	-1.02	1.11	-0.55	-0.05	0.11	0.30	0.11	0.15	0.18	-0.10	0.79	0.05	0.14	-0.47	0.09	-1.16	0.02	-0.11
N10	-1.01	0.93	0.12	-0.08	0.11	0.71	-0.53	-0.10	0.14	0.19	-0.75	0.24	0.14	0.50	0.03	0.77	0.24	0.08
N8	-0.11	0.82	2.46	-0.20	0.61	0.55	-5.00	-5.00	1.45	-4.43	-0.27	5.00	-5.00	-2.05	-3.20	0.37	5.00	-2.26
N9	-0.28	1.00	0.27	-0.05	0.11	-0.93	0.11	0.15	1.42	-0.10	-0.03	0.05	0.14	1.32	0.09	-2.72	0.02	-0.11
N11	-0.31	0.99	-2.77	-0.05	0.11	1.23	0.11	0.15	-1.21	-0.10	-0.80	0.05	0.14	0.09	0.09	2.08	0.02	-0.11
G12	0.03	-0.46	-0.76	-0.05	0.11	0.84	0.11	0.15	-0.68	-0.10	0.75	0.05	0.14	0.06	0.09	-0.45	0.02	-0.11
G11	1.52	-1.06	-0.05	-0.08	0.34	-0.93	-0.10	-0.23	0.65	-0.67	0.80	0.80	0.40	-0.57	0.64	0.76	-0.11	-0.40
G10	-0.86	1.27	-0.45	-0.05	0.11	-0.08	0.11	0.15	0.82	-0.10	0.79	0.05	0.14	-0.45	0.09	-0.33	0.02	-0.11
F1	-0.88	1.01	-0.10	-0.05	0.11	0.08	0.11	0.15	0.77	-0.10	0.79	0.05	0.14	-0.13	0.09	-0.77	0.02	-0.11
F2	1.05	0.13	-0.24	-0.05	0.11	-0.06	0.11	0.15	1.49	-0.10	0.76	0.05	0.14	-0.53	0.09	0.02	0.02	-0.11
F3	-0.81	0.77	-0.46	-0.05	0.11	0.12	0.11	0.15	0.23	-0.10	0.77	0.05	0.14	-0.20	0.09	-0.53	0.02	-0.11
F4	1.16	-0.66	-0.70	-0.05	0.11	-1.36	0.11	0.15	0.65	-0.10	0.80	0.05	0.14	0.16	0.09	1.15	0.02	-0.11
F5	-0.91	0.79	-0.89	-0.05	0.11	0.01	0.11	0.15	-0.33	-0.10	0.79	0.05	0.14	-0.54	0.09	-0.41	0.02	-0.11
F6	-0.89	0.67	-0.50	-0.05	0.11	0.44	0.11	0.15	-0.14	-0.10	0.76	0.05	0.14	-0.36	0.09	-0.68	0.02	-0.11
F7	0.71	0.42	-0.63	-0.05	0.11	-0.39	0.11	0.15	1.24	-0.10	0.78	0.05	0.14	-0.08	0.09	-1.09	0.02	-0.11
F8	-0.83	0.59	-0.30	-0.05	0.11	0.21	0.11	0.15	0.07	-0.10	0.79	0.05	0.14	-0.13	0.09	-0.86	0.02	-0.11
F9	1.22	-0.65	-0.96	-0.05	0.11	-1.16	0.11	0.15	0.54	-0.10	0.80	0.05	0.14	0.10	0.09	1.28	0.02	-0.11
Q1	-0.63	0.87	-0.49	-0.05	0.11	-0.39	0.11	0.15	0.20	-0.10	-0.76	0.05	0.14	1.40	0.09	-0.34	0.02	-0.11
Q3	-0.56	-0.32	0.89	-0.08	0.11	0.62	-0.36	0.40	-0.78	0.42	-0.74	-0.57	0.12	0.13	0.23	0.11	0.32	0.37
Q2	-0.32	-0.27	0.70	-0.05	0.11	0.26	0.11	0.15	-0.60	-0.10	-0.75	0.05	0.14	-0.01	0.09	0.73	0.02	-0.11
Q5	0.87	-1.14	1.27	-0.05	0.11	0.44	0.11	0.15	-1.14	-0.10	-1.96	0.05	0.14	-0.17	0.09	-0.04	0.02	-0.11
Q4	-0.07	-0.53	0.29	-0.23	0.11	0.55	-1.08	0.86	-0.86	-0.29	-0.76	-0.20	0.23	0.22	1.18	0.59	-0.22	-0.78
Q7	0.68	-1.91	0.83	-0.05	0.11	-2.62	0.11	0.15	-2.54	-0.10	-1.64	0.05	0.14	-0.39	0.09	1.06	0.02	-0.11
Q6	0.72	-1.06	-0.06	-0.05	0.11	0.35	0.11	0.15	-0.99	-0.10	-0.78	0.05	0.14	0.22	0.09	1.00	0.02	-0.11
E11	-1.02	1.12	-0.61	-0.05	0.11	0.12	0.11	0.15	0.21	-0.10	0.79	0.05	0.14	-0.49	0.09	-0.70	0.02	-0.11
E10	0.72	-0.54	-0.45	-0.05	0.11	-1.79	0.11	0.15	0.47	-0.10	0.80	0.05	0.14	0.08	0.09	1.12	0.02	-0.11
E12	-0.75	0.88	0.00	-0.05	0.11	-0.06	0.11	0.15	0.64	-0.10	0.79	0.05	0.14	-0.73	0.09	-0.15	0.02	-0.11
C12	-0.86	1.23	-0.58	-0.05	0.11	0.21	0.11	0.15	0.84	-0.10	0.79	0.05	0.14	-0.06	0.09	-0.31	0.02	-0.11
C11	2.43	-0.11	-0.32	-0.05	0.11	-0.37	0.11	0.15	2.79	-0.10	0.78	0.05	0.14	-0.60	0.09	1.06	0.02	-0.11
C10	-0.82	0.96	-0.55	-0.05	0.11	-0.19	0.11	0.15	0.37	-0.10	0.79	0.05	0.14	-0.49	0.09	-0.02	0.02	-0.11
A11	-0.88	0.16	0.58	-0.05	0.11	0.60	0.11	0.15	-1.39	-0.10	-1.96	0.05	0.14	0.44	0.09	0.54	0.02	-0.11
A10	2.12	-2.21	1.30	-0.05	0.11	-2.15	0.11	0.15	0.04	-0.10	0.82	0.05	0.14	-1.00	0.09	-1.61	0.02	-0.11
A12	0.04	0.46	-0.65	-0.05	0.11	0.17	0.11	0.15	0.11	-0.10	-0.78	0.05	0.14	1.05	0.09	-0.20	0.02	-0.11
A1	0.03	-1.24	1.47	-0.05	0.11	0.87	0.11	0.15	-1.93	-0.10	-1.93	0.05	0.14	0.18	0.09	-0.44	0.02	-0.11
A3	-0.89	0.41	-0.60	-0.05	0.11	0.64	0.11	0.15	-0.83	-0.10	-0.75	0.05	0.14	0.73	0.09	1.17	0.02	-0.11
A2	-0.58	0.12	0.89	-0.05	0.11	0.62	0.11	0.15	-0.17	-0.10	-0.74	0.05	0.14	0.12	0.09	0.29	0.02	-0.11
A5	-0.02	-1.03	0.38	-0.05	0.11	0.66	0.11	0.15	-1.48	-0.10	-0.74	0.05	0.14	0.28	0.09	0.39	0.02	-0.11
A4	0.07	0.19	0.87	-0.05	0.11	1.16	0.11	0.15	-0.41	-0.10	-1.95	0.05	0.14	0.15	0.09	-0.75	0.02	-0.11
A7	0.06	-1.85	1.08	-0.05	0.11	-2.24	0.11	0.15	-2.85	-0.10	-1.59	0.05	0.14	0.07	0.09	0.13	0.02	-0.11
A6	-0.58	0.13	0.89	-0.05	0.11	0.64	0.11	0.15	-0.15	-0.10	-0.74	0.05	0.14	0.13	0.09	0.29	0.02	-0.11
A9	-0.57	0.37	2.16	-0.05	0.11	1.63	0.11	0.15	1.33	-0.10	-0.71	0.05	0.14	0.43	0.09	0.02	0.02	-0.11
A8	-0.92	0.67	0.30	-0.05	0.11	0.73	0.11	0.15	-0.86	-0.10	-1.94	0.05	0.14	0.68	0.09	0.22	0.02	-0.11
D8	-0.78	0.85	-0.17	-0.05	0.11	0.08	0.11	0.15	0.47	-0.10	0.79	0.05	0.14	-0.71	0.09	0.01	0.02	-0.11
D9	-0.80	0.71	-0.69	-0.05	0.11	0.24	0.11	0.15	-0.02	-0.10	0.76	0.05	0.14	-0.25	0.09	-0.29	0.02	-0.11
D6	1.02	0.09	-0.34	-0.05	0.11	-0.15	0.11	0.15	1.29	-0.10	0.77	0.05	0.14	-0.44	0.09	-0.49	0.02	-0.11
D7	-0.81	0.78	-0.32	-0.05	0.11	-0.03	0.11	0.15	0.36	-0.10	0.79	0.05	0.14	-0.25	0.09	-0.40	0.02	-0.11
D4	1.03	-0.66	-0.41	-0.05	0.11	-1.72	0.11	0.15	0.73	-0.10	0.80	0.05	0.14	0.11	0.09	1.32	0.02	-0.11
D5	1.09	-0.72	-0.41	-0.05	0.11	-1.22	0.11	0.15	0.70	-0.10	0.79	0.05	0.14	0.07	0.09	1.23	0.02	-0.11
D2	-0.81	0.98	-0.86	-0.05	0.11	0.28	0.11	0.15	0.29	-0.10	0.76	0.05	0.14	-0.15	0.09	-0.27	0.02	-0.11
D3	3.19	-0.62	-0.37	-0.14	0.11	-0.62	0.17	-0.69	3.06	0.14	0.79	-0.01	0.02	-0.27	-0.05	1.30	0.04	0.27
D1	-0.73	1.02	-0.35	-0.05	0.11	-0.03	0.11	0.15	0.67	-0.10	0.79	0.05	0.14	-0.67	0.09	0.21	0.02	-0.11
