G7	-0.95	0.14	1.14	0.13	-0.00	-0.18	-0.02	-0.13	0.98	-0.06	0.52	0.06	-0.11	0.16	0.08	-0.33	-0.10	0.03
G6	-0.99	0.62	1.23	0.13	-0.00	-0.08	-0.02	-0.13	1.46	-0.06	0.31	0.06	-0.11	-0.42	0.08	0.20	-0.10	0.03
G5	-0.47	-0.03	1.28	0.63	-0.00	0.12	0.57	0.51	0.20	-0.11	0.54	0.14	-0.06	-1.43	0.49	-0.96	-0.45	-0.81
G4	-0.11	0.06	-1.05	0.13	-0.00	0.32	-0.02	-0.13	-1.48	-0.06	0.32	0.06	-0.11	0.19	0.08	-1.21	-0.10	0.03
G3	1.89	-1.70	0.08	-1.45	0.57	0.32	-0.63	-0.65	-0.85	-0.28	0.37	0.42	-1.62	-0.94	0.30	0.73	0.98	0.60
G2	1.97	-1.74	0.12	0.13	-0.00	0.48	-0.02	-0.13	-0.81	-0.06	0.30	0.06	-0.11	-0.65	0.08	0.32	-0.10	0.03
G1	0.05	0.40	0.99	0.13	-0.00	0.46	-0.02	-0.13	1.58	-0.06	0.19	0.06	-0.11	-0.76	0.08	0.57	-0.10	0.03
G9	-0.17	-0.69	1.24	0.13	-0.00	0.11	-0.02	-0.13	-0.04	-0.06	0.57	0.06	-0.11	-0.69	0.08	-0.92	-0.10	0.03
G8	-1.15	0.60	1.32	0.13	-0.00	-0.06	-0.02	-0.13	1.35	-0.06	0.43	0.06	-0.11	-0.37	0.08	-0.25	-0.10	0.03
N6	-0.90	0.59	-0.42	0.13	-0.00	-0.57	-0.02	-0.13	0.19	-0.06	-0.35	0.06	-0.11	0.82	0.08	0.95	-0.10	0.03
N7	-0.31	1.24	-0.32	0.13	-0.00	0.00	-0.02	-0.13	1.42	-0.06	-0.77	0.06	-0.11	0.26	0.08	1.62	-0.10	0.03
B4	0.21	0.07	-0.19	0.13	-0.00	-0.19	-0.02	-0.13	-0.12	-0.06	0.07	0.06	-0.11	-0.59	0.08	0.70	-0.10	0.03
B5	-0.46	0.90	-2.00	0.13	-0.00	-0.26	-0.02	-0.13	-0.67	-0.06	0.89	0.06	-0.11	0.86	0.08	0.82	-0.10	0.03
B6	-0.43	0.57	-0.40	1.35	0.46	0.71	0.60	-0.40	-0.13	-1.28	0.37	0.11	2.45	-0.06	-0.35	-1.45	0.24	0.88
B7	0.22	-1.76	0.40	0.13	-0.00	0.18	-0.02	-0.13	-2.63	-0.06	0.45	0.06	-0.11	-2.02	0.08	0.12	-0.10	0.03
B1	-1.42	-0.62	0.58	0.27	-0.12	-0.04	-0.06	-0.06	0.52	-0.06	1.01	0.03	0.00	1.32	0.23	1.92	-0.02	0.04
B2	0.72	1.05	-0.61	0.13	-0.00	-0.28	-0.02	-0.13	2.89	-0.06	0.10	0.06	-0.11	2.16	0.08	1.57	-0.10	0.03
B3	0.88	0.05	-0.13	0.13	-0.00	-0.31	-0.02	-0.13	0.35	-0.06	0.09	0.06	-0.11	-0.69	0.08	0.65	-0.10	0.03
B8	0.20	-2.85	2.60	0.49	-0.29	-0.34	-5.00	-2.20	-1.45	5.00	0.89	0.68	5.00	-2.90	-1.58	-1.85	2.01	5.00
B9	-1.58	0.90	0.66	0.13	-0.00	0.03	-0.02	-0.13	0.25	-0.06	0.12	0.06	-0.11	0.29	0.08	-2.27	-0.10	0.03
N5	0.74	0.14	0.77	0.13	-0.00	-0.60	-0.02	-0.13	1.51	-0.06	-1.47	0.06	-0.11	0.30	0.08	0.37	-0.10	0.03
P10	0.41	-0.33	-0.43	0.13	-0.00	-0.51	-0.02	-0.13	-0.35	-0.06	-0.07	0.06	-0.11	0.28	0.08	0.66	-0.10	0.03
P11	1.33	0.36	-1.52	0.13	-0.00	-0.64	-0.02	-0.13	0.26	-0.06	0.56	0.06	-0.11	0.78	0.08	0.40	-0.10	0.03
P12	0.51	0.23	-1.07	0.13	-0.00	-0.40	-0.02	-0.13	-0.06	-0.06	0.68	0.06	-0.11	0.62	0.08	0.24	-0.10	0.03
E9	-1.24	-0.33	0.66	-2.45	0.17	-0.21	3.05	0.24	-0.67	0.60	-1.37	-1.53	0.85	-0.46	3.12	0.33	0.85	-3.20
E8	-1.83	0.16	2.16	-0.62	0.63	1.71	1.55	4.23	0.79	-0.69	-0.43	-5.00	1.51	-0.65	0.23	-0.26	-0.53	-3.44
E5	0.00	0.65	0.89	0.13	-0.00	0.55	-0.02	-0.13	1.21	-0.06	-1.62	0.06	-0.11	-1.04	0.08	0.94	-0.10	0.03
E4	-0.25	-0.26	1.53	0.67	0.57	0.13	-0.18	-0.12	1.05	-0.06	0.71	-0.48	-0.40	-0.45	-0.49	-0.53	-0.01	-0.18
E7	0.99	-1.24	1.44	0.89	0.11	-0.04	0.31	5.00	-1.67	-2.85	-1.12	1.48	-4.65	-2.11	-5.00	-0.06	-0.20	-5.00
E6	0.36	0.36	-0.21	0.13	-0.00	-0.08	-0.02	-0.13	0.61	-0.06	0.22	0.06	-0.11	0.19	0.08	-0.04	-0.10	0.03
E1	0.33	0.03	0.52	0.13	-0.00	0.53	-0.02	-0.13	0.75	-0.06	0.26	0.06	-0.11	-0.63	0.08	0.33	-0.10	0.03
P8	-0.46	0.50	-0.14	-1.38	-0.52	-0.43	-0.27	0.10	-0.80	0.33	-1.33	0.25	0.81	-0.84	0.44	-0.27	-0.16	0.05
E3	0.72	-0.04	1.40	1.86	-0.17	-0.90	-1.35	-1.83	0.57	-0.13	0.17	-1.29	0.63	-4.57	-5.00	-0.19	5.00	-1.39
E2	0.65	0.61	-1.60	0.13	-0.00	0.11	-0.02	-0.13	-0.30	-0.06	0.35	0.06	-0.11	0.34	0.08	0.38	-0.10	0.03
P2	1.07	-0.18	0.47	1.16	5.00	-1.39	3.64	-0.05	0.55	-0.13	0.65	1.11	-1.94	-0.13	-0.07	-1.62	-1.59	0.69
P3	1.58	-1.03	-0.19	0.13	-0.00	0.15	-0.02	-0.13	-0.17	-0.06	0.19	0.06	-0.11	0.38	0.08	-0.13	-0.10	0.03
P1	1.87	-0.84	-0.06	0.13	-0.00	-0.48	-0.02	-0.13	-0.37	-0.06	0.03	0.06	-0.11	-0.36	0.08	-1.14	-0.10	0.03
P6	1.29	1.03	-1.07	0.13	-0.00	-0.01	-0.02	-0.13	1.73	-0.06	0.92	0.06	-0.11	0.59	0.08	0.54	-0.10	0.03
P7	0.84	0.88	-0.90	0.13	-0.00	0.22	-0.02	-0.13	0.17	-0.06	0.12	0.06	-0.11	-0.52	0.08	-0.71	-0.10	0.03
P4	0.44	0.30	0.11	0.36	-5.00	0.18	-0.02	-0.70	1.20	0.94	-0.45	-0.43	0.49	0.63	-1.49	0.15	1.38	-0.39
P5	-0.09	-0.77	0.44	0.23	-0.00	-0.21	0.18	0.14	0.27	0.20	0.19	-0.06	-0.18	0.39	-0.25	1.67	-0.04	0.33
H10	1.09	-2.02	1.34	0.13	-0.00	-0.33	-0.02	-0.13	-1.32	-0.06	-2.39	0.06	-0.11	-0.34	0.08	-0.87	-0.10	0.03
H11	0.86	-1.53	0.95	0.13	-0.00	-0.06	-0.02	-0.13	-1.05	-0.06	-2.41	0.06	-0.11	0.22	0.08	-1.00	-0.10	0.03
H12	2.16	-1.70	1.77	0.13	-0.00	0.07	-0.02	-0.13	0.74	-0.06	-2.08	0.06	-0.11	-0.37	0.08	-0.17	-0.10	0.03
P9	-0.30	0.19	-0.74	0.13	-0.00	0.04	-0.02	-0.13	-0.85	-0.06	0.00	0.06	-0.11	0.02	0.08	0.15	-0.10	0.03
F12	1.68	-1.63	-0.88	0.13	-0.00	-0.07	-0.02	-0.13	-1.86	-0.06	0.17	0.06	-0.11	0.29	0.08	-0.31	-0.10	0.03
F10	0.94	-1.25	0.39	0.13	-0.00	0.15	-0.02	-0.13	-0.07	-0.06	-0.14	0.06	-0.11	0.07	0.08	1.17	-0.10	0.03
F11	-0.03	-0.38	-0.40	0.13	-0.00	0.61	-0.02	-0.13	-0.21	-0.06	0.09	0.06	-0.11	0.39	0.08	1.65	-0.10	0.03
N12	-2.12	2.08	-2.07	0.03	-0.06	-0.25	-0.14	-0.41	-0.43	0.03	1.01	0.05	0.22	1.61	-0.53	-0.28	-0.20	0.06
H8	-0.79	2.40	-1.09	0.13	-0.00	-0.10	-0.02	-0.13	1.82	-0.06	0.05	0.06	-0.11	0.60	0.08	0.97	-0.10	0.03
H9	-1.58	1.30	-0.93	0.13	-0.00	-0.13	-0.02	-0.13	-0.65	-0.06	0.38	0.06	-0.11	0.33	0.08	-0.89	-0.10	0.03
H6	-1.21	1.33	-1.36	0.13	-0.00	-0.44	-0.02	-0.13	0.45	-0.06	0.89	0.06	-0.11	1.69	0.08	0.37	-0.10	0.03
H7	-1.84	2.73	-1.92	0.13	-0.00	0.21	-0.02	-0.13	0.90	-0.06	0.13	0.06	-0.11	1.23	0.08	1.10	-0.10	0.03
H4	-0.87	-0.62	0.13	0.13	-0.00	-0.10	-0.02	-0.13	0.05	-0.06	0.73	0.06	-0.11	1.30	0.08	1.31	-0.10	0.03
H5	-0.91	1.02	-1.49	0.08	0.06	-0.62	0.04	-0.17	0.07	0.15	0.91	0.01	-0.12	1.61	-0.14	0.59	-0.26	0.15
D10	0.07	0.28	0.53	0.13	-0.00	0.61	-0.02	-0.13	0.87	-0.06	0.25	0.06	-0.11	-0.85	0.08	0.66	-0.10	0.03
D11	0.13	-1.40	0.62	0.13	-0.00	0.02	-0.02	-0.13	-1.14	-0.06	0.25	0.06	-0.11	-0.20	0.08	-0.41	-0.10	0.03
D12	-0.40	1.29	-1.00	0.13	-0.00	-0.17	-0.02	-0.13	0.12	-0.06	0.25	0.06	-0.11	-0.12	0.08	0.03	-0.10	0.03
B12	-1.52	1.54	0.92	0.13	-0.00	0.28	-0.02	-0.13	1.50	-0.06	0.34	0.06	-0.11	-0.24	0.08	-1.42	-0.10	0.03
B10	1.51	-1.64	0.41	0.08	-0.00	-1.20	-0.72	-0.26	-0.63	-0.21	0.35	-0.59	2.96	-1.14	1.64	0.41	0.16	0.09
B11	0.34	-0.80	-0.05	0.13	-0.00	-0.09	-0.02	-0.13	-0.14	-0.06	0.18	0.06	-0.11	1.07	0.08	0.16	-0.10	0.03
Q8	1.18	0.25	0.67	0.61	0.06	-0.48	0.38	-0.08	0.16	1.25	-0.14	-0.23	-0.35	-3.54	2.66	-0.24	-0.19	0.46
Q9	0.15	0.22	-0.74	0.13	-0.00	-0.57	-0.02	-0.13	0.60	-0.06	0.62	0.06	-0.11	0.96	0.08	1.42	-0.10	0.03
C9	-0.63	-0.51	0.87	0.13	-0.00	0.15	-0.02	-0.13	-0.20	-0.06	0.57	0.06	-0.11	-0.10	0.08	-0.72	-0.10	0.03
C8	-0.92	-0.31	0.42	0.13	-0.00	0.40	-0.02	-0.13	-1.34	-0.06	0.72	0.06	-0.11	-1.11	0.08	-1.07	-0.10	0.03
Q11	0.51	0.21	-0.41	0.13	-0.00	-0.45	-0.02	-0.13	0.42	-0.06	0.17	0.06	-0.11	0.89	0.08	-0.78	-0.10	0.03
Q10	0.18	0.90	-0.25	0.13	-0.00	0.17	-0.02	-0.13	0.56	-0.06	0.35	0.06	-0.11	0.08	0.08	-1.76	-0.10	0.03
Q12	0.40	-0.30	0.95	0.13	-0.00	-0.99	-0.02	-0.13	0.56	-0.06	0.63	0.06	-0.11	-0.18	0.08	-1.59	-0.10	0.03
C3	0.69	-0.69	-0.35	0.13	-0.00	-0.11	-0.02	-0.13	-0.64	-0.06	0.14	0.06	-0.11	0.61	0.08	-0.64	-0.10	0.03
C2	0.30	-0.67	-0.07	0.13	-0.00	0.01	-0.02	-0.13	-0.40	-0.06	0.14	0.06	-0.11	0.71	0.08	-0.30	-0.10	0.03
C1	1.56	-1.75	0.40	0.13	-0.00	-0.04	-0.02	-0.13	-1.34	-0.06	-2.59	0.06	-0.11	-0.29	0.08	0.55	-0.10	0.03
C7	-0.61	-0.43	1.48	0.13	-0.00	0.02	-0.02	-0.13	-0.38	-0.06	1.10	0.06	-0.11	-1.17	0.08	-2.51	-0.10	0.03
C6	-0.59	-0.61	0.86	0.13	-0.00	0.17	-0.02	-0.13	-0.92	-0.06	1.01	0.06	-0.11	-0.38	0.08	-2.49	-0.10	0.03
C5	-0.62	-0.52	0.88	0.13	-0.00	0.11	-0.02	-0.13	-0.20	-0.06	0.57	0.06	-0.11	-0.11	0.08	-0.73	-0.10	0.03
C4	-0.01	-1.03	0.75	0.13	-0.00	0.17	-0.02	-0.13	-1.46	-0.06	0.38	0.06	-0.11	-1.35	0.08	-1.09	-0.10	0.03
N10	-1.87	2.38	-1.94	0.13	-0.00	-0.68	-0.02	-0.13	-0.83	-0.06	-2.35	0.06	-0.11	0.89	0.08	0.17	-0.10	0.03
N8	0.27	-1.24	0.90	0.13	-0.00	-0.29	-0.02	-0.13	-0.91	-0.06	-1.00	0.06	-0.11	0.47	0.08	-1.86	-0.10	0.03
N9	0.15	-0.64	0.63	0.13	-0.00	-0.24	-0.02	-0.13	-0.28	-0.06	-0.59	0.06	-0.11	0.16	0.08	-0.75	-0.10	0.03
N11	-0.31	0.05	-1.20	0.13	-0.00	-0.57	-0.02	-0.13	-0.11	-0.06	1.66	0.06	-0.11	1.42	0.08	0.98	-0.10	0.03
G12	-1.27	0.67	-0.33	0.33	-0.00	-0.14	-0.61	-0.08	0.41	-0.13	0.54	0.67	0.16	0.96	0.09	0.75	-0.20	-0.21
G11	-0.28	-0.04	-1.27	0.40	-0.06	-0.06	-0.28	0.02	-1.17	0.69	0.49	0.46	1.97	0.44	1.70	-0.24	-0.31	0.69
G10	-1.07	0.69	1.26	0.13	-0.00	-0.07	-0.02	-0.13	1.49	-0.06	0.44	0.06	-0.11	-0.28	0.08	-0.30	-0.10	0.03
F1	0.77	-0.02	1.10	0.13	-0.00	0.30	-0.02	-0.13	1.08	-0.06	-1.42	0.06	-0.11	-1.14	0.08	0.75	-0.10	0.03
F2	-1.15	1.71	-0.48	0.13	-0.00	-0.41	-0.02	-0.13	0.75	-0.06	0.40	0.06	-0.11	-0.16	0.08	0.05	-0.10	0.03
F3	-0.25	-0.70	0.99	0.13	-0.00	0.38	-0.02	-0.13	-0.46	-0.06	-1.64	0.06	-0.11	-0.61	0.08	0.67	-0.10	0.03
F4	0.68	-0.54	-0.66	0.13	-0.00	0.02	-0.02	-0.13	-0.57	-0.06	0.13	0.06	-0.11	1.00	0.08	-0.53	-0.10	0.03
F5	-0.49	-1.10	0.84	0.13	-0.00	0.14	-0.02	-0.13	-0.87	-0.06	0.60	0.06	-0.11	-0.28	0.08	-0.39	-0.10	0.03
F6	-0.40	-0.70	0.93	0.13	-0.00	0.35	-0.02	-0.13	0.12	-0.06	0.53	0.06	-0.11	-0.52	0.08	1.06	-0.10	0.03
F7	1.09	0.20	0.55	0.13	-0.00	0.23	-0.02	-0.13	1.73	-0.06	0.15	0.06	-0.11	-0.39	0.08	0.56	-0.10	0.03
F8	-0.17	1.76	-1.03	0.13	-0.00	-0.18	-0.02	-0.13	0.72	-0.06	0.22	0.06	-0.11	-0.17	0.08	-0.29	-0.10	0.03
F9	0.67	-0.50	-0.85	0.13	-0.00	0.07	-0.02	-0.13	-0.78	-0.06	0.16	0.06	-0.11	1.00	0.08	-0.58	-0.10	0.03
Q1	0.02	1.29	-2.23	0.13	-0.00	-0.60	-0.02	-0.13	-0.91	-0.06	-0.95	0.06	-0.11	0.65	0.08	0.27	-0.10	0.03
Q3	0.47	0.09	-0.23	-2.40	-0.29	0.07	3.67	5.00	0.74	-5.00	-0.42	-0.77	-1.23	-0.78	2.36	1.68	1.63	-0.35
Q2	0.49	0.30	-0.83	0.13	-0.00	-0.33	-0.02	-0.13	0.79	-0.06	0.75	0.06	-0.11	0.79	0.08	1.39	-0.10	0.03
Q5	0.21	0.09	0.36	1.38	0.23	-0.12	0.81	2.96	0.43	-0.01	0.66	1.20	2.48	-0.64	0.20	-2.15	0.60	-0.53
Q4	0.57	0.04	-0.89	0.13	-0.00	-0.61	-0.02	-0.13	-0.09	-0.06	0.54	0.06	-0.11	0.63	0.08	0.22	-0.10	0.03
Q7	1.48	-0.27	-0.24	0.13	-0.00	-0.01	-0.02	-0.13	1.09	-0.06	-0.05	0.06	-0.11	0.40	0.08	1.40	-0.10	0.03
Q6	1.26	0.78	-0.14	0.13	-0.00	-0.11	-0.02	-0.13	2.35	-0.06	0.16	0.06	-0.11	1.62	0.08	-1.17	-0.10	0.03
E11	-0.66	-0.86	1.38	0.13	-0.00	0.12	-0.02	-0.13	-0.14	-0.06	0.58	0.06	-0.11	-0.24	0.08	-0.73	-0.10	0.03
E10	1.91	-1.68	0.01	-5.00	-0.46	-1.87	-1.77	1.69	-1.42	-0.42	-2.69	5.00	-1.46	-0.47	-0.30	0.41	2.71	0.23
E12	-1.39	-0.03	1.58	0.13	-0.00	-0.28	-0.02	-0.13	-0.10	-0.06	-4.24	0.06	-0.11	-0.40	0.08	1.45	-0.10	0.03
C12	0.43	0.27	0.44	0.13	-0.00	0.41	-0.02	-0.13	1.11	-0.06	0.22	0.06	-0.11	-0.92	0.08	1.16	-0.10	0.03
C11	-0.11	1.25	-0.73	0.57	-0.06	-0.25	0.48	-0.44	1.04	0.11	0.34	0.06	0.01	-0.02	-0.07	1.09	-0.24	0.24
C10	0.00	0.72	0.33	0.13	-0.00	0.58	-0.02	-0.13	1.23	-0.06	0.22	0.06	-0.11	-0.71	0.08	0.67	-0.10	0.03
A11	-0.69	-1.19	0.08	0.13	-0.00	0.03	-0.02	-0.13	-2.06	-0.06	0.17	0.06	-0.11	-0.28	0.08	0.11	-0.10	0.03
A10	-0.54	0.35	-0.79	0.13	-0.00	0.29	-0.02	-0.13	-1.09	-0.06	0.41	0.06	-0.11	0.47	0.08	-1.76	-0.10	0.03
A12	0.50	1.09	-1.72	0.13	-0.00	0.13	-0.02	-0.13	0.54	-0.06	0.90	0.06	-0.11	0.75	0.08	0.64	-0.10	0.03
A1	-0.06	0.42	-0.58	0.13	-0.00	0.55	-0.02	-0.13	0.41	-0.06	-0.03	0.06	-0.11	0.07	0.08	1.86	-0.10	0.03
A3	-1.00	0.51	-1.91	0.13	-0.00	-0.49	-0.02	-0.13	-0.93	-0.06	1.09	0.06	-0.11	1.78	0.08	0.69	-0.10	0.03
A2	0.03	0.73	-0.87	0.13	-0.00	-0.63	-0.02	-0.13	0.02	-0.06	-1.03	0.06	-0.11	0.53	0.08	0.52	-0.10	0.03
A5	0.97	0.33	-0.85	0.13	-0.00	0.05	-0.02	-0.13	0.97	-0.06	0.89	0.06	-0.11	0.54	0.08	1.01	-0.10	0.03
A4	-1.90	0.51	-1.40	0.13	-0.00	0.44	-0.02	-0.13	-2.47	-0.06	0.57	0.06	-0.11	0.17	0.08	-0.78	-0.10	0.03
A7	1.51	-1.47	0.67	0.51	0.06	-0.96	-0.26	-0.06	-0.13	0.32	0.09	0.06	1.25	-0.78	-1.26	0.99	0.09	-0.05
A6	0.21	0.67	-0.81	0.13	-0.00	-0.36	-0.02	-0.13	0.49	-0.06	-1.00	0.06	-0.11	0.36	0.08	1.80	-0.10	0.03
A9	-1.77	0.56	0.94	0.13	-0.00	-0.36	-0.02	-0.13	0.59	-0.06	0.86	0.06	-0.11	0.50	0.08	-1.45	-0.10	0.03
A8	-2.37	1.64	-1.21	0.13	-0.00	-0.59	-0.02	-0.13	-0.99	-0.06	-0.23	0.06	-0.11	0.36	0.08	0.17	-0.10	0.03
D8	-1.75	-0.20	1.53	0.20	0.57	1.52	1.09	2.75	0.37	0.72	1.44	-5.00	-1.94	0.02	1.98	-0.71	-0.22	-2.96
D9	-0.58	-0.58	-0.36	-3.69	-0.17	-0.32	0.66	-0.45	-0.75	2.97	0.49	-0.09	1.17	1.64	-0.92	0.41	-1.55	0.69
D6	-0.07	-0.48	0.18	0.13	-0.00	-0.38	-0.02	-0.13	-0.85	-0.06	0.89	0.06	-0.11	-0.71	0.08	-0.63	-0.10	0.03
D7	-1.10	0.99	-1.52	-4.41	0.23	5.00	-0.56	-3.14	-1.97	3.16	-3.84	0.71	0.04	2.63	-4.91	-1.05	-4.06	4.66
D4	1.50	-1.71	0.34	0.13	-0.00	-0.12	-0.02	-0.13	-1.53	-0.06	-2.67	0.06	-0.11	-0.29	0.08	0.23	-0.10	0.03
D5	1.00	-0.19	-0.74	0.13	-0.00	-0.33	-0.02	-0.13	-0.10	-0.06	0.26	0.06	-0.11	0.09	0.08	0.71	-0.10	0.03
D2	0.60	0.65	-0.03	0.13	-0.00	0.45	-0.02	-0.13	1.05	-0.06	0.25	0.06	-0.11	-0.80	0.08	0.59	-0.10	0.03
D3	0.70	-0.71	-0.34	0.13	-0.00	-0.09	-0.02	-0.13	-0.65	-0.06	0.14	0.06	-0.11	0.62	0.08	-0.66	-0.10	0.03
D1	-1.49	0.12	0.80	0.13	-0.00	0.38	-0.02	-0.13	-0.23	-0.06	0.68	0.06	-0.11	0.12	0.08	-1.66	-0.10	0.03
