G7	-0.72	1.05	1.14	-0.05	-0.08	0.29	-0.93	-0.43	1.41	-0.43	0.36	1.70	0.06	-0.33	0.42	0.02	-0.61	0.56
G6	-1.83	1.79	0.70	-0.04	-0.08	0.34	0.02	0.16	1.17	-0.16	0.28	0.10	-0.10	-0.24	-0.12	-0.76	0.04	0.15
G5	0.22	1.31	-0.18	-0.04	-0.08	0.03	0.02	0.16	1.16	-0.16	0.33	0.10	-0.10	-0.50	-0.12	-0.84	0.04	0.15
G4	1.68	-1.51	1.40	-0.04	-0.08	-0.40	0.02	0.16	0.08	-0.16	0.52	0.10	-0.10	-0.46	-0.12	-0.92	0.04	0.15
G3	0.98	-0.98	-0.81	-0.04	-0.08	-0.21	0.02	0.16	-1.45	-0.16	0.35	0.10	-0.10	-0.87	-0.12	-0.45	0.04	0.15
G2	1.72	-1.62	0.27	-0.04	-0.08	0.17	0.02	0.16	-1.03	-0.16	0.26	0.10	-0.10	-0.76	-0.12	-1.07	0.04	0.15
G1	-0.87	0.38	1.60	-0.04	-0.08	0.15	0.02	0.16	0.82	-0.16	0.35	0.10	-0.10	-0.49	-0.12	-0.52	0.04	0.15
G9	-0.68	0.74	1.09	-0.04	-0.08	0.31	0.02	0.16	1.05	-0.16	0.35	0.10	-0.10	-0.53	-0.12	-0.10	0.04	0.15
G8	-1.83	1.63	2.32	-0.04	-0.08	0.58	0.02	0.16	2.16	-0.16	0.31	0.10	-0.10	-0.67	-0.12	-0.14	0.04	0.15
N6	-1.19	1.02	0.27	-0.04	-0.08	0.67	0.02	0.16	0.94	-0.16	0.29	0.10	-0.10	0.35	-0.12	0.62	0.04	0.15
N7	-1.10	1.55	0.00	-0.04	-0.08	-0.49	0.02	0.16	1.75	-0.16	0.47	0.10	-0.10	0.91	-0.12	1.15	0.04	0.15
B4	1.95	-1.20	0.02	-0.04	-0.08	0.03	0.02	0.16	-0.62	-0.16	0.41	0.10	-0.10	-0.82	-0.12	-1.16	0.04	0.15
B5	-0.86	0.63	-0.93	-0.04	-0.08	0.20	0.02	0.16	-0.15	-0.16	0.34	0.10	-0.10	0.43	-0.12	0.54	0.04	0.15
B6	1.68	-1.48	-0.62	-2.24	0.95	0.08	-1.53	0.79	0.27	-0.33	0.27	-0.96	-1.95	3.58	0.77	0.71	-0.66	-0.32
B7	-0.09	-0.83	-0.22	-0.04	-0.08	0.62	0.39	-0.37	-1.13	-0.10	0.34	0.01	-0.16	-0.14	-0.13	-0.01	0.04	0.34
B1	-0.59	0.59	-0.07	-0.04	-0.08	-0.28	0.02	0.16	0.17	-0.16	0.28	0.10	-0.10	0.32	-0.12	-1.08	0.04	0.15
B2	1.82	-1.41	-3.57	-0.04	-0.08	-0.40	0.02	0.16	-2.77	-0.16	0.35	0.10	-0.10	0.47	-0.12	0.24	0.04	0.15
B3	0.27	-0.50	0.49	-0.04	-0.08	-1.27	0.02	0.16	0.09	-0.16	0.46	0.10	-0.10	-0.19	-0.12	0.60	0.04	0.15
B8	0.77	-0.83	1.65	-0.04	-0.08	1.24	0.02	0.16	0.53	-0.16	0.29	0.10	-0.10	-0.21	-0.12	-1.00	0.04	0.15
B9	0.37	-0.80	2.81	-0.04	-0.08	0.43	0.02	0.16	0.92	-0.16	0.37	0.10	-0.10	-0.51	-0.12	-1.55	0.04	0.15
N5	-0.33	1.35	0.58	-0.04	-0.08	-0.92	0.02	0.16	1.65	-0.16	-1.73	0.10	-0.10	0.79	-0.12	0.01	0.04	0.15
P10	-0.20	-0.39	-0.80	-0.03	0.95	0.05	0.32	0.02	-0.62	0.03	0.46	0.19	0.02	0.79	0.17	0.27	0.08	0.14
P11	-0.03	-0.39	-1.43	-0.04	-0.08	-0.42	0.02	0.16	-1.10	-0.16	0.41	0.10	-0.10	0.49	-0.12	0.67	0.04	0.15
P12	-0.48	0.08	-0.90	-0.04	-0.08	-0.51	0.02	0.16	-1.07	-0.16	-2.64	0.10	-0.10	0.02	-0.12	1.56	0.04	0.15
E9	-0.88	0.57	1.58	-0.01	-0.08	-0.16	0.09	0.41	0.95	-0.27	0.33	0.01	0.01	-0.59	0.10	-0.52	-0.11	-0.08
E8	-1.22	0.87	1.56	-0.04	-0.08	0.46	0.02	0.16	1.22	-0.16	0.30	0.10	-0.10	-0.50	-0.12	-0.06	0.04	0.15
E5	-0.86	0.47	1.07	-0.04	-0.08	0.34	0.02	0.16	0.65	-0.16	0.35	0.10	-0.10	-0.24	-0.12	-0.51	0.04	0.15
E4	-1.58	1.17	0.94	-0.04	-0.08	0.69	0.02	0.16	0.65	-0.16	0.26	0.10	-0.10	-0.68	-0.12	-0.74	0.04	0.15
E7	-0.62	-0.18	0.06	-0.04	-0.08	0.39	0.02	0.16	-0.79	-0.16	0.25	0.10	-0.10	-0.42	-0.12	-0.59	0.04	0.15
E6	-0.37	0.16	-0.37	-0.04	-0.08	0.55	0.02	0.16	-0.34	-0.16	0.32	0.10	-0.10	-0.46	-0.12	0.37	0.04	0.15
E1	-0.28	0.48	-0.20	-0.04	-0.08	0.36	0.02	0.16	0.05	-0.16	0.32	0.10	-0.10	-0.79	-0.12	0.33	0.04	0.15
P8	-0.61	1.08	0.12	-0.04	-0.08	0.08	0.02	0.16	1.19	-0.16	0.45	0.10	-0.10	0.90	-0.12	-0.70	0.04	0.15
E3	1.58	-0.41	-0.40	-0.04	-0.08	0.08	0.02	0.16	0.12	-0.16	0.57	0.10	-0.10	-0.93	-0.12	0.62	0.04	0.15
E2	0.69	-0.85	1.07	-0.04	-0.08	1.12	0.02	0.16	0.07	-0.16	0.34	0.10	-0.10	-0.18	-0.12	-0.87	0.04	0.15
P2	1.32	-1.45	-0.30	-0.60	-0.59	-1.98	1.71	-5.00	-1.06	5.00	0.14	3.54	5.00	0.89	3.73	-1.19	-3.06	-2.91
P3	1.35	-0.74	-0.86	-0.04	-0.08	-0.04	0.02	0.16	-0.17	-0.16	0.39	0.10	-0.10	0.61	-0.12	0.66	0.04	0.15
P1	0.65	-0.63	-1.15	-0.04	-0.08	0.22	0.02	0.16	-1.69	-0.16	-2.80	0.10	-0.10	-0.47	-0.12	0.95	0.04	0.15
P6	0.35	-0.15	-0.88	-0.04	-0.08	-0.99	0.02	0.16	0.15	-0.16	0.48	0.10	-0.10	0.98	-0.12	1.34	0.04	0.15
P7	0.14	-1.04	-1.38	0.50	5.00	-1.34	-0.65	0.10	-1.44	0.01	0.50	2.39	1.33	1.07	0.56	0.02	-0.04	0.00
P4	0.69	-1.42	-1.05	-0.04	-0.08	0.05	0.02	0.16	-1.47	-0.16	0.35	0.10	-0.10	0.75	-0.12	0.48	0.04	0.15
P5	0.38	-0.23	-0.55	-0.04	-0.08	0.53	0.02	0.16	0.89	-0.16	0.36	0.10	-0.10	2.33	-0.12	1.56	0.04	0.15
H10	0.28	-1.02	0.52	-0.04	0.44	0.46	-0.85	0.27	-1.28	-0.21	-1.71	0.24	-0.14	0.78	-0.17	-2.69	0.03	0.25
H11	-0.27	-1.13	2.27	-0.47	-1.63	-0.23	-5.00	-1.10	-1.01	-1.50	-4.29	-0.96	5.00	-3.63	-1.03	-1.16	5.00	-3.23
H12	0.73	-1.57	0.97	-0.04	-0.08	0.08	0.02	0.16	-1.30	-0.16	-1.72	0.10	-0.10	0.54	-0.12	-2.41	0.04	0.15
P9	-0.31	-0.24	0.83	-0.24	5.00	0.08	1.86	0.52	-0.27	0.16	-4.32	0.74	-1.49	-0.89	4.18	0.36	0.15	0.18
F12	0.94	-1.28	-1.31	-0.02	-0.08	0.36	0.39	0.16	-2.02	0.00	0.33	-0.27	-0.00	-0.66	-0.44	0.11	0.05	0.00
F10	1.11	-1.34	-0.33	-0.04	-0.08	0.24	0.02	0.16	-1.58	-0.16	0.25	0.10	-0.10	-0.77	-0.12	-1.22	0.04	0.15
F11	1.33	-1.48	-0.71	-0.04	-0.08	1.17	0.02	0.16	-1.54	-0.16	0.27	0.10	-0.10	-0.23	-0.12	-0.74	0.04	0.15
N12	-0.73	1.29	-0.29	-0.04	-0.08	-0.66	0.02	0.16	1.21	-0.16	0.38	0.10	-0.10	0.06	-0.12	1.51	0.04	0.15
H8	-0.93	1.51	1.21	-0.77	-0.08	0.10	2.13	0.22	1.92	0.51	-2.60	-0.04	-0.95	-0.48	2.93	0.77	0.03	-0.08
H9	-0.67	1.55	-0.07	-0.04	-0.08	-1.06	0.02	0.16	1.92	-0.16	0.42	0.10	-0.10	0.87	-0.12	1.16	0.04	0.15
H6	-0.00	0.65	-0.13	-0.04	-0.08	-1.65	0.02	0.16	0.95	-0.16	0.50	0.10	-0.10	-0.31	-0.12	1.65	0.04	0.15
H7	-0.83	1.60	0.30	-0.04	-0.08	-0.89	0.02	0.16	2.13	-0.16	0.41	0.10	-0.10	0.76	-0.12	1.25	0.04	0.15
H4	-1.27	1.15	-0.87	-0.04	-0.08	0.10	0.02	0.16	-0.17	-0.16	0.26	0.10	-0.10	0.29	-0.12	-0.85	0.04	0.15
H5	-0.03	0.60	-0.14	-0.04	-0.08	-1.77	0.02	0.16	0.88	-0.16	0.51	0.10	-0.10	-0.28	-0.12	1.67	0.04	0.15
D10	-0.64	0.42	1.25	-0.04	-0.08	0.03	0.02	0.16	0.68	-0.16	0.36	0.10	-0.10	-0.73	-0.12	-0.40	0.04	0.15
D11	-0.17	0.20	0.18	-0.04	-0.08	0.69	0.02	0.16	0.00	-0.16	0.36	0.10	-0.10	-0.52	-0.12	-0.58	0.04	0.15
D12	0.55	0.17	-1.28	-0.04	-0.08	0.34	0.02	0.16	-0.48	-0.16	0.34	0.10	-0.10	-0.53	-0.12	0.27	0.04	0.15
B12	0.91	-1.13	0.20	-0.04	-0.08	0.79	0.02	0.16	-0.40	-0.16	0.31	0.10	-0.10	-0.37	-0.12	1.04	0.04	0.15
B10	2.12	-1.36	2.30	5.00	5.00	5.00	0.99	1.07	-0.49	4.73	0.70	-5.00	2.16	-2.58	-5.00	2.76	-4.49	-5.00
B11	2.68	-1.19	-0.13	-0.04	-0.08	-0.44	0.02	0.16	0.41	-0.16	0.67	0.10	-0.10	0.30	-0.12	-0.24	0.04	0.15
Q8	-0.02	0.17	-0.57	-0.04	-0.08	-0.51	0.02	0.16	0.73	-0.16	0.29	0.10	-0.10	1.85	-0.12	0.97	0.04	0.15
Q9	-0.04	0.27	-0.82	-0.04	-0.08	0.17	0.02	0.16	0.16	-0.16	0.34	0.10	-0.10	0.62	-0.12	0.81	0.04	0.15
C9	-1.23	1.07	0.12	-0.04	-0.08	0.58	0.02	0.16	0.26	-0.16	0.31	0.10	-0.10	-0.48	-0.12	-0.68	0.04	0.15
C8	-0.60	0.08	0.37	-0.02	0.44	-0.16	0.39	0.26	-0.30	-0.32	0.35	-0.18	0.17	-0.57	0.35	-0.94	-0.01	0.22
Q11	0.81	-0.90	-1.14	-0.06	-0.08	-0.40	0.52	0.17	-0.89	-0.34	0.36	-0.27	-0.31	0.58	-0.07	0.86	-0.03	0.12
Q10	1.16	-1.39	-1.60	-0.61	0.95	-2.17	-0.33	-5.00	-0.97	5.00	0.18	3.12	3.50	4.83	4.17	-2.09	-3.70	-3.08
Q12	0.68	-0.89	-0.69	-0.04	-0.08	0.43	0.02	0.16	-0.62	-0.16	0.40	0.10	-0.10	0.64	-0.12	0.59	0.04	0.15
C3	1.27	-1.08	-0.70	-0.04	-0.08	-0.02	0.02	0.16	-0.87	-0.16	0.51	0.10	-0.10	0.03	-0.12	-0.24	0.04	0.15
C2	1.55	-1.44	0.10	-0.04	-0.08	0.72	0.02	0.16	-0.33	-0.16	0.31	0.10	-0.10	-0.10	-0.12	1.01	0.04	0.15
C1	2.48	-1.42	-0.50	-0.04	-0.08	-0.23	0.02	0.16	-0.36	-0.16	0.51	0.10	-0.10	-0.06	-0.12	-0.06	0.04	0.15
C7	-1.57	1.49	0.99	-0.04	-0.08	0.69	0.02	0.16	1.00	-0.16	0.28	0.10	-0.10	-0.70	-0.12	-1.00	0.04	0.15
C6	-1.31	1.32	0.16	-0.04	-0.08	0.67	0.02	0.16	0.27	-0.16	0.29	0.10	-0.10	-0.92	-0.12	-0.97	0.04	0.15
C5	-1.22	1.07	0.12	-0.04	-0.08	0.60	0.02	0.16	0.26	-0.16	0.31	0.10	-0.10	-0.47	-0.12	-0.69	0.04	0.15
C4	-0.61	0.96	-0.41	-0.04	-0.08	0.43	0.02	0.16	-0.13	-0.16	0.30	0.10	-0.10	-0.99	-0.12	-0.93	0.04	0.15
N10	-0.73	1.43	0.15	-0.04	-0.08	-1.37	0.02	0.16	1.85	-0.16	0.54	0.10	-0.10	0.66	-0.12	1.13	0.04	0.15
N8	0.06	0.60	-0.39	-0.02	-0.08	-0.02	-0.98	0.31	0.27	-0.35	-1.57	-0.41	-0.05	1.24	0.04	-1.20	-0.03	0.10
N9	0.20	0.10	-0.64	-0.04	-0.08	0.05	0.02	0.16	-0.49	-0.16	-1.59	0.10	-0.10	1.14	-0.12	-1.58	0.04	0.15
N11	0.10	0.65	-1.63	-2.64	-1.63	0.48	-4.19	-3.31	-0.06	1.43	-2.83	-2.61	-1.65	0.96	1.74	1.09	1.23	0.23
G12	-0.11	0.54	0.95	-0.04	-0.08	0.08	0.02	0.16	0.89	-0.16	0.30	0.10	-0.10	-0.86	-0.12	-0.28	0.04	0.15
G11	0.78	-0.41	0.13	-0.04	-0.08	0.08	0.02	0.16	-0.12	-0.16	0.35	0.10	-0.10	-0.97	-0.12	0.28	0.04	0.15
G10	-1.14	1.19	1.01	-0.04	-0.08	0.50	0.02	0.16	1.19	-0.16	0.34	0.10	-0.10	-0.42	-0.12	-0.42	0.04	0.15
F1	0.23	-0.40	-0.35	-0.04	-0.08	0.41	0.02	0.16	-0.93	-0.16	0.26	0.10	-0.10	-0.78	-0.12	-0.53	0.04	0.15
F2	-0.28	-0.00	-0.68	-0.04	-0.08	0.55	0.02	0.16	-0.71	-0.16	0.31	0.10	-0.10	-0.44	-0.12	0.30	0.04	0.15
F3	-0.71	0.27	1.25	-0.04	-0.08	-0.32	0.02	0.16	0.52	-0.16	0.37	0.10	-0.10	-0.53	-0.12	-0.54	0.04	0.15
F4	2.29	-1.57	0.38	0.84	-4.20	-1.08	3.23	0.15	0.08	-0.62	0.35	-4.07	-2.93	-0.63	-3.71	-1.53	5.00	-3.22
F5	-1.06	0.66	-0.54	-0.02	-0.08	0.27	-0.21	0.05	-0.75	-0.18	0.29	0.60	-0.06	-0.91	-0.06	-0.68	0.01	0.15
F6	-0.56	0.54	-0.35	-0.04	-0.08	0.22	0.02	0.16	-0.28	-0.16	0.31	0.10	-0.10	-0.66	-0.12	-0.39	0.04	0.15
F7	-0.19	-0.06	-1.23	-0.05	-0.08	0.39	-0.43	0.23	-1.17	-0.16	0.31	-0.63	-0.10	-0.57	0.13	0.33	-0.11	0.34
F8	0.49	-0.62	-1.07	-0.04	-0.08	0.41	0.02	0.16	-1.57	-0.16	0.25	0.10	-0.10	-0.75	-0.12	-0.69	0.04	0.15
F9	-0.08	-0.67	1.76	-0.04	-0.08	1.85	0.02	0.16	0.31	-0.16	0.28	0.10	-0.10	0.01	-0.12	-1.16	0.04	0.15
Q1	-0.31	1.04	-0.67	-0.04	-0.08	-0.80	0.02	0.16	1.11	-0.16	0.49	0.10	-0.10	0.78	-0.12	1.13	0.04	0.15
Q3	-0.32	0.24	-0.47	-0.04	-0.08	-0.82	0.02	0.16	0.38	-0.16	0.48	0.10	-0.10	0.69	-0.12	1.33	0.04	0.15
Q2	-0.02	0.18	-0.50	-0.04	-0.08	0.20	0.02	0.16	0.21	-0.16	0.34	0.10	-0.10	0.59	-0.12	0.42	0.04	0.15
Q5	0.64	-0.86	-0.49	-0.04	-0.08	-0.21	0.02	0.16	-0.43	-0.16	0.39	0.10	-0.10	0.90	-0.12	0.34	0.04	0.15
Q4	-0.09	-0.20	0.06	-0.75	-0.08	0.03	1.88	0.15	-0.44	0.15	-2.62	-0.27	-0.97	-0.55	2.39	0.62	0.16	0.25
Q7	0.97	-2.27	-1.04	-0.04	-0.08	-1.15	0.02	0.16	-2.33	-0.16	0.43	0.10	-0.10	0.91	-0.12	-0.19	0.04	0.15
Q6	1.08	-1.30	-1.61	-0.04	-0.08	-0.35	0.02	0.16	-1.49	-0.16	0.36	0.10	-0.10	0.63	-0.12	0.77	0.04	0.15
E11	-1.44	1.04	0.52	-0.05	-0.59	0.58	-0.21	0.37	0.26	-0.21	0.26	-0.27	-0.11	-0.73	-0.04	-0.81	0.02	0.11
E10	1.10	-0.71	0.77	-0.04	-0.08	-0.18	0.02	0.16	0.51	-0.16	0.45	0.10	-0.10	0.02	-0.12	-0.15	0.04	0.15
E12	-0.96	0.78	1.21	-0.04	-0.08	0.39	0.02	0.16	0.88	-0.16	0.29	0.10	-0.10	-0.68	-0.12	-0.39	0.04	0.15
C12	-0.72	-0.01	-0.68	-0.04	-0.08	0.43	0.02	0.16	-1.22	-0.16	0.24	0.10	-0.10	-0.38	-0.12	-0.78	0.04	0.15
C11	-0.26	0.22	-0.84	-0.04	-0.08	0.46	0.02	0.16	-0.54	-0.16	0.33	0.10	-0.10	-0.44	-0.12	0.37	0.04	0.15
C10	-1.23	0.58	0.66	-0.04	-0.08	0.31	0.02	0.16	0.11	-0.16	0.34	0.10	-0.10	-0.45	-0.12	-0.71	0.04	0.15
A11	-0.17	0.99	-0.70	-0.04	-0.08	-0.04	0.02	0.16	1.62	-0.16	0.61	0.10	-0.10	1.66	-0.12	1.68	0.04	0.15
A10	1.92	-2.09	0.07	-0.04	-0.08	0.48	0.02	0.16	-1.55	-0.16	0.34	0.10	-0.10	-1.01	-0.12	-0.59	0.04	0.15
A12	-2.41	1.76	0.68	-0.09	-2.66	1.40	1.69	-3.77	-0.51	1.14	-2.34	-5.00	0.65	-1.00	0.18	1.57	-3.86	3.04
A1	-0.10	-0.00	-1.03	0.90	0.95	-5.00	0.47	0.65	0.34	-0.29	-1.72	0.19	-0.11	1.77	2.16	2.27	0.05	0.27
A3	-0.05	0.57	-0.57	-0.01	-0.59	-1.58	0.57	0.23	0.62	-0.20	0.51	-0.22	-0.05	-0.22	-0.07	1.85	0.04	0.30
A2	-0.83	0.58	0.00	-0.04	-0.08	0.55	0.02	0.16	0.57	-0.16	0.30	0.10	-0.10	0.20	-0.12	1.27	0.04	0.15
A5	-0.12	-0.34	-0.94	-0.04	-0.08	-0.51	0.02	0.16	-1.37	-0.16	-2.63	0.10	-0.10	-0.04	-0.12	1.56	0.04	0.15
A4	-0.61	1.22	-1.11	-0.03	-0.59	-0.14	-0.46	0.15	0.58	-0.37	0.45	-0.04	-0.06	1.61	-0.07	-1.38	0.11	-0.03
A7	-0.29	-1.33	-0.75	-0.04	-0.08	-0.51	0.02	0.16	-1.01	-0.16	0.43	0.10	-0.10	2.44	-0.12	0.90	0.04	0.15
A6	-0.83	0.58	-0.00	-0.04	-0.08	0.50	0.02	0.16	0.56	-0.16	0.31	0.10	-0.10	0.20	-0.12	1.28	0.04	0.15
A9	-0.67	0.67	1.10	-0.04	-0.08	-2.08	0.02	0.16	0.85	-0.16	-2.61	0.10	-0.10	0.05	-0.12	1.24	0.04	0.15
A8	0.15	1.64	-0.77	-0.04	-0.08	-0.32	0.02	0.16	1.51	-0.16	0.51	0.10	-0.10	0.95	-0.12	-1.39	0.04	0.15
D8	-0.82	0.68	0.79	-0.04	-0.08	0.29	0.02	0.16	0.49	-0.16	0.30	0.10	-0.10	-0.83	-0.12	-0.39	0.04	0.15
D9	-0.56	0.36	0.83	-0.02	-0.08	-0.56	0.71	0.79	0.38	-0.13	0.37	0.01	-0.11	-0.73	0.13	-0.42	-0.08	-0.10
D6	-0.13	-0.16	-0.82	-0.06	-0.08	0.22	0.17	0.01	-1.00	0.00	0.32	0.33	-0.07	-0.62	-0.42	0.32	-0.00	0.29
D7	-0.37	0.51	-0.75	-0.04	-0.08	0.60	0.02	0.16	-0.33	-0.16	0.34	0.10	-0.10	-0.78	-0.12	0.42	0.04	0.15
D4	0.12	-0.74	2.31	-0.04	-0.08	0.76	0.02	0.16	0.58	-0.16	0.33	0.10	-0.10	-0.25	-0.12	-1.45	0.04	0.15
D5	1.38	-1.18	0.37	-0.04	-0.08	-1.06	0.02	0.16	-0.21	-0.16	0.34	0.10	-0.10	0.07	-0.12	-0.37	0.04	0.15
D2	-1.02	0.69	0.72	-0.04	-0.08	0.01	0.02	0.16	0.42	-0.16	0.34	0.10	-0.10	-0.48	-0.12	-0.61	0.04	0.15
D3	1.29	-1.08	-0.70	-0.04	-0.08	-0.02	0.02	0.16	-0.86	-0.16	0.54	0.10	-0.10	0.02	-0.12	-0.24	0.04	0.15
D1	-1.19	1.11	1.30	-0.04	-0.08	0.39	0.02	0.16	1.27	-0.16	0.33	0.10	-0.10	-0.41	-0.12	-0.43	0.04	0.15
