G7	0.56	0.23	0.95	-0.04	-0.09	0.38	0.03	-0.17	2.12	-0.06	0.29	-0.03	0.28	-0.17	-0.12	0.55	-0.09	-0.23
G6	-1.27	0.71	0.71	-0.04	-0.09	0.34	0.03	-0.17	0.33	-0.06	0.98	-0.03	0.28	-1.51	-0.12	-0.39	-0.09	-0.23
G5	0.57	-0.04	0.79	-0.04	-0.09	0.36	0.03	-0.17	1.50	-0.06	0.32	-0.03	0.28	-0.27	-0.12	0.86	-0.09	-0.23
G4	1.26	-1.58	-0.04	-0.04	-0.09	0.43	0.03	-0.17	-1.97	-0.06	-2.41	-0.03	0.28	0.24	-0.12	-0.55	-0.09	-0.23
G3	1.14	-2.00	0.59	0.01	0.21	0.37	0.16	-0.16	-1.04	0.07	0.20	0.13	0.20	0.06	-0.40	0.90	-0.04	-0.12
G2	0.56	-1.51	0.95	-0.04	-0.09	0.38	0.03	-0.17	-0.16	-0.06	0.17	-0.03	0.28	0.08	-0.12	1.09	-0.09	-0.23
G1	-0.16	-0.53	1.59	5.00	2.58	0.74	-2.15	3.06	0.45	0.03	-0.95	3.68	0.99	-1.17	-0.94	-1.34	-0.59	0.23
G9	-0.14	-0.13	0.97	0.10	-0.24	0.86	-0.36	-0.47	1.48	0.75	1.44	-0.55	-0.49	0.02	-1.00	0.15	0.50	0.45
G8	-1.16	1.21	0.55	-0.04	-0.09	0.25	0.03	-0.17	0.82	-0.06	-2.29	-0.03	0.28	-0.88	-0.12	1.34	-0.09	-0.23
N6	-1.68	1.70	-0.18	5.00	-2.91	-1.33	0.73	-0.03	1.60	-0.40	-0.21	0.26	-0.73	0.36	-0.91	0.10	3.55	-0.19
N7	-0.95	1.44	-0.12	-0.04	-0.09	-1.28	0.03	-0.17	0.93	-0.06	0.19	-0.03	0.28	0.03	-0.12	-0.33	-0.09	-0.23
B4	0.14	-1.18	0.98	-0.04	-0.09	0.39	0.03	-0.17	-0.13	-0.06	0.22	-0.03	0.28	0.29	-0.12	-0.77	-0.09	-0.23
B5	-0.39	1.10	-0.72	-0.04	-0.09	-1.26	0.03	-0.17	0.20	-0.06	0.11	-0.03	0.28	0.45	-0.12	-0.69	-0.09	-0.23
B6	2.68	-0.87	-0.62	-0.04	-0.09	0.36	0.03	-0.17	0.99	-0.06	0.45	-0.03	0.28	1.78	-0.12	-0.29	-0.09	-0.23
B7	2.70	-0.98	-0.07	-0.02	1.25	-1.20	-0.39	-0.68	-0.61	-0.34	-2.71	2.00	-2.91	-0.73	2.63	0.46	0.26	-0.23
B1	-0.85	-0.18	0.52	-0.11	0.06	0.16	-0.08	-0.19	1.21	-0.06	0.89	-0.13	0.24	1.30	-0.15	1.34	-0.03	-0.21
B2	0.75	0.16	-1.65	-0.04	-0.09	0.14	0.03	-0.17	-0.27	-0.06	0.73	-0.03	0.28	1.42	-0.12	0.78	-0.09	-0.23
B3	-0.00	-1.22	0.75	0.66	0.21	0.37	-0.10	-0.19	-0.97	-0.19	0.24	-0.26	-0.54	-0.74	0.34	0.41	-0.04	-0.19
B8	1.52	-1.34	1.01	-1.64	1.39	0.78	-2.09	2.00	-0.39	0.80	-1.56	3.60	1.13	-0.82	0.60	-0.81	-1.52	1.84
B9	0.93	-0.06	-0.39	-0.04	-0.09	0.50	0.03	-0.17	0.18	-0.06	-2.17	-0.03	0.28	1.08	-0.12	-0.36	-0.09	-0.23
N5	-0.56	0.29	-0.16	-0.29	-1.13	-2.28	0.12	-0.28	-0.01	0.07	0.26	-0.31	-2.57	-0.08	1.56	3.02	-0.24	-0.23
P10	0.49	0.30	-1.40	-0.51	0.21	-0.08	-0.56	0.32	-0.76	-0.04	-0.36	-2.63	-0.62	0.26	3.14	0.48	-1.70	-0.27
P11	-0.28	-0.31	-1.05	-0.01	-0.09	-1.29	-0.02	-0.19	-2.12	0.05	0.17	0.11	0.25	0.54	0.07	-0.68	-0.21	-0.27
P12	-0.74	0.07	-0.83	-0.04	-0.09	-1.27	0.03	-0.17	-1.58	-0.06	0.18	-0.03	0.28	0.59	-0.12	-0.75	-0.09	-0.23
E9	0.31	-0.62	1.08	-0.04	-0.09	0.39	0.03	-0.17	0.79	-0.06	0.45	-0.03	0.28	-0.34	-0.12	0.29	-0.09	-0.23
E8	-0.32	-0.01	1.32	0.00	-0.09	0.39	0.29	0.13	1.82	-0.30	0.28	-0.58	0.35	-0.14	-0.10	1.19	-0.25	-0.36
E5	-0.11	-0.04	0.95	-0.04	-0.09	0.37	0.03	-0.17	1.40	-0.06	0.30	-0.03	0.28	-0.09	-0.12	0.93	-0.09	-0.23
E4	0.09	-0.15	1.21	-0.32	-0.09	0.39	0.18	-0.32	1.53	0.03	0.56	0.05	-0.87	-0.39	0.27	0.11	0.18	0.20
E7	-0.70	-0.42	2.14	-0.51	0.50	-0.19	-3.59	-0.77	0.13	1.01	-2.87	0.32	-1.52	-2.21	0.12	1.50	2.09	2.79
E6	1.69	0.13	-0.72	1.92	-0.09	1.19	-1.88	0.61	0.78	1.98	-1.13	0.47	-1.04	1.10	-1.28	0.49	-0.42	-0.55
E1	0.33	-0.93	1.34	-0.04	-0.09	0.38	0.03	-0.17	0.80	-0.06	0.35	-0.03	0.28	-0.41	-0.12	1.17	-0.09	-0.23
P8	-1.38	1.76	-0.86	0.02	-0.98	0.81	0.32	-0.31	1.03	0.03	0.81	0.21	0.42	0.89	-0.40	-1.65	0.02	-0.19
E3	-0.09	0.03	-0.81	-0.04	-0.09	0.38	0.03	-0.17	0.03	-0.06	0.88	-0.03	0.28	1.30	-0.12	0.16	-0.09	-0.23
E2	-0.06	0.06	-0.86	-0.04	-0.09	0.43	0.03	-0.17	-0.00	-0.06	0.87	-0.03	0.28	1.33	-0.12	-0.06	-0.09	-0.23
P2	-1.04	1.18	-1.46	-1.30	0.65	2.39	3.26	5.00	-0.22	-5.00	1.51	-4.55	-3.09	-0.30	-2.79	-1.09	4.53	3.49
P3	-0.24	1.61	-2.24	-0.04	-0.09	3.05	0.03	-0.17	-2.01	-0.06	-0.16	-0.03	0.28	-1.88	-0.12	-2.17	-0.09	-0.23
P1	-0.37	0.06	-0.78	-0.04	-0.09	0.50	0.03	-0.17	-1.06	-0.06	0.84	-0.03	0.28	0.75	-0.12	-3.21	-0.09	-0.23
P6	-0.40	-0.12	-0.52	0.10	-0.09	-1.27	-0.03	-0.13	-1.19	-0.02	-0.00	-0.26	0.20	0.48	0.01	-0.06	-0.20	-0.14
P7	-0.14	1.27	-1.58	-0.04	-0.09	1.47	0.03	-0.17	-0.13	-0.06	-0.25	-0.03	0.28	0.57	-0.12	-1.56	-0.09	-0.23
P4	-0.36	1.82	-1.95	-0.04	-0.09	2.48	0.03	-0.17	-1.15	-0.06	-0.12	-0.03	0.28	-1.23	-0.12	-2.56	-0.09	-0.23
P5	0.12	-0.15	-0.74	-0.04	-0.09	0.29	0.03	-0.17	-1.10	-0.06	-0.27	-0.03	0.28	0.08	-0.12	0.29	-0.09	-0.23
H10	0.11	-0.65	0.29	0.55	1.99	0.49	-0.68	0.20	-0.70	-1.24	-0.21	2.34	3.16	0.25	-2.04	-0.45	-1.08	0.43
H11	0.10	-0.94	0.34	-0.04	-0.09	0.35	0.03	-0.17	-1.98	-0.06	-3.96	-0.03	0.28	-0.22	-0.12	-0.33	-0.09	-0.23
H12	0.19	-0.79	0.33	-0.04	-0.09	0.35	0.03	-0.17	-0.54	-0.06	0.12	-0.03	0.28	-0.13	-0.12	0.22	-0.09	-0.23
P9	-0.59	0.26	-0.29	-0.04	-0.09	0.36	0.03	-0.17	-0.19	-0.06	-0.12	-0.03	0.28	0.10	-0.12	0.91	-0.09	-0.23
F12	0.64	-0.18	-0.90	-0.07	-0.09	0.46	-0.38	-0.13	0.07	-0.04	0.81	0.24	0.25	1.22	-0.19	0.33	0.03	-0.23
F10	0.47	-1.15	0.43	-0.04	-0.09	0.40	0.03	-0.17	-0.40	-0.06	0.25	-0.03	0.28	0.13	-0.12	0.87	-0.09	-0.23
F11	0.77	-1.67	0.72	-0.04	-0.09	0.38	0.03	-0.17	-0.63	-0.06	0.19	-0.03	0.28	0.06	-0.12	0.83	-0.09	-0.23
N12	-1.53	1.93	-1.07	-1.58	-0.09	-1.34	4.54	-1.80	0.12	4.87	0.29	1.08	0.35	0.26	-1.38	0.57	-2.07	1.19
H8	-0.91	2.13	-0.74	-0.12	-0.24	-1.19	-0.23	0.39	0.65	0.07	0.19	-1.23	-4.38	-0.69	1.85	1.73	-2.89	-1.15
H9	-0.66	2.17	-1.54	-0.14	0.06	-4.32	0.03	-3.08	0.11	-0.04	-0.00	-1.13	-3.47	-1.74	4.01	0.63	5.00	0.42
H6	-1.57	1.48	-1.14	-0.11	-0.39	-1.24	0.13	0.09	-0.63	-0.27	0.06	0.08	0.74	0.33	-0.59	0.42	-0.53	-0.06
H7	-1.52	2.21	-1.22	-0.04	-0.09	-1.08	0.03	-0.17	-0.10	-0.06	0.44	-0.03	0.28	-0.58	-0.12	-0.03	-0.09	-0.23
H4	-1.13	0.42	0.26	-0.04	-0.09	0.18	0.03	-0.17	1.42	-0.06	0.73	-0.03	0.28	1.24	-0.12	1.15	-0.09	-0.23
H5	-0.94	1.45	-1.00	-0.04	-0.09	-1.20	0.03	-0.17	0.12	-0.06	-0.20	-0.03	0.28	0.15	-0.12	1.69	-0.09	-0.23
D10	0.13	-0.82	1.18	-0.04	-0.09	0.40	0.03	-0.17	0.55	-0.06	0.58	-0.03	0.28	-0.37	-0.12	0.42	-0.09	-0.23
D11	0.98	-1.30	1.00	-0.04	-0.09	0.23	0.03	-0.17	-1.20	-0.06	-2.10	-0.03	0.28	-1.46	-0.12	0.72	-0.09	-0.23
D12	2.12	-2.25	1.53	-0.04	-0.09	0.17	0.03	-0.17	-1.09	-0.06	-1.99	-0.03	0.28	-1.43	-0.12	0.45	-0.09	-0.23
B12	0.76	0.07	-0.35	-0.04	-0.09	0.35	0.03	-0.17	1.20	-0.06	0.33	-0.03	0.28	1.67	-0.12	-0.79	-0.09	-0.23
B10	0.10	-0.14	-0.68	-0.04	-0.09	0.48	0.03	-0.17	0.11	-0.06	0.86	-0.03	0.28	1.34	-0.12	0.04	-0.09	-0.23
B11	0.29	0.17	-0.27	-0.04	-0.09	0.52	0.03	-0.17	0.98	-0.06	0.82	-0.03	0.28	1.32	-0.12	-1.23	-0.09	-0.23
Q8	0.04	0.11	0.39	-0.04	-0.09	-1.66	0.03	-0.17	-2.17	-0.06	-0.34	-0.03	0.28	-3.22	-0.12	-1.09	-0.09	-0.23
Q9	-1.01	0.34	-0.70	-0.04	-0.09	-1.29	0.03	-0.17	-1.14	-0.06	0.27	-0.03	0.28	0.59	-0.12	-0.55	-0.09	-0.23
C9	-0.92	0.21	1.07	0.14	0.21	0.97	0.58	-0.28	-0.13	-0.73	-1.17	-2.18	-0.15	-1.67	-0.39	0.17	0.44	-0.84
C8	0.31	-1.09	0.64	-0.04	-0.09	0.38	0.03	-0.17	-0.45	-0.06	0.47	-0.03	0.28	-0.34	-0.12	0.58	-0.09	-0.23
Q11	0.28	0.18	-0.57	-0.04	-0.09	-1.24	0.03	-0.17	-0.42	-0.06	0.27	-0.03	0.28	0.51	-0.12	-0.91	-0.09	-0.23
Q10	-0.92	1.29	-1.57	-1.17	-0.98	1.71	3.00	4.66	-0.20	-5.00	0.86	-4.52	-3.53	-0.36	-2.20	0.12	4.51	3.35
Q12	-0.34	1.40	-1.69	0.00	-0.68	2.01	0.22	-0.04	-0.02	-0.19	0.66	-0.16	2.37	-0.48	1.20	-1.33	0.65	-0.35
C3	2.40	-0.93	-0.33	-0.30	-0.09	-1.28	0.09	-0.49	0.13	-0.04	0.22	-0.18	-1.82	0.77	0.44	0.30	0.12	-0.15
C2	-0.57	-0.84	1.69	-0.04	-0.09	0.33	0.03	-0.17	-0.86	-0.06	-2.60	-0.03	0.28	-1.61	-0.12	0.55	-0.09	-0.23
C1	3.11	-0.95	-0.65	-0.04	-0.09	0.36	0.03	-0.17	1.13	-0.06	0.45	-0.03	0.28	1.77	-0.12	-0.11	-0.09	-0.23
C7	-0.68	0.31	1.25	-0.04	-0.09	0.42	0.03	-0.17	1.27	-0.06	0.79	-0.03	0.28	-0.94	-0.12	-0.23	-0.09	-0.23
C6	-0.53	-0.37	1.23	-0.04	-0.09	0.34	0.03	-0.17	0.27	-0.06	0.65	-0.03	0.28	-1.00	-0.12	-0.18	-0.09	-0.23
C5	-0.98	0.54	0.85	-0.04	-0.09	0.24	0.03	-0.17	0.06	-0.06	-2.24	-0.03	0.28	-1.20	-0.12	0.75	-0.09	-0.23
C4	0.45	-0.01	0.24	-0.53	5.00	-0.54	-0.72	2.90	0.43	1.25	-1.85	1.63	-1.52	-1.62	5.00	0.24	-0.57	1.01
N10	-1.44	1.67	-0.54	-0.04	-0.09	-1.25	0.03	-0.17	0.42	-0.06	0.15	-0.03	0.28	0.11	-0.12	-0.30	-0.09	-0.23
N8	0.28	-0.08	0.67	0.47	-0.39	-1.59	0.07	0.09	1.16	-0.45	0.73	-0.05	-2.11	-0.10	0.58	2.59	-0.60	-0.23
N9	0.06	-0.30	0.63	-0.04	-0.09	-1.48	0.03	-0.17	0.43	-0.06	0.91	-0.03	0.28	-0.39	-0.12	1.99	-0.09	-0.23
N11	0.08	0.81	-1.40	-0.04	-0.09	-1.21	0.03	-0.17	-0.73	-0.06	-0.07	-0.03	0.28	0.39	-0.12	0.24	-0.09	-0.23
G12	-0.94	-0.77	0.39	-0.04	-0.09	0.29	0.03	-0.17	-0.52	-0.06	0.49	-0.03	0.28	0.66	-0.12	0.56	-0.09	-0.23
G11	1.60	-1.54	1.07	1.43	-0.24	0.24	0.03	0.13	0.69	0.20	0.03	0.34	-0.41	-0.13	-0.23	1.42	0.52	0.16
G10	-0.54	0.57	0.70	-0.04	-0.09	0.41	0.03	-0.17	1.63	-0.06	0.49	-0.03	0.28	-0.21	-0.12	0.93	-0.09	-0.23
F1	0.36	-0.83	1.11	-0.04	-0.09	0.40	0.03	-0.17	0.44	-0.06	0.55	-0.03	0.28	-0.59	-0.12	0.40	-0.09	-0.23
F2	-0.10	1.20	-0.91	-0.04	-0.09	0.34	0.03	-0.17	1.50	-0.06	0.31	-0.03	0.28	1.57	-0.12	-0.39	-0.09	-0.23
F3	1.13	-1.14	1.36	-3.03	0.65	0.29	-2.74	3.26	-0.37	1.57	-2.31	4.02	0.52	-1.72	2.29	-0.61	-0.94	1.35
F4	0.57	-1.17	1.52	-0.04	-0.09	0.41	0.03	-0.17	0.55	-0.06	0.69	-0.03	0.28	-0.60	-0.12	-0.21	-0.09	-0.23
F5	-0.49	-0.97	0.31	-0.04	-0.09	0.38	0.03	-0.17	-2.14	-0.06	0.84	-0.03	0.28	-1.21	-0.12	-1.36	-0.09	-0.23
F6	0.10	-1.00	1.14	1.39	-0.39	0.36	-2.16	4.69	-0.00	4.47	0.35	-2.26	-2.84	-0.55	-2.52	-0.06	-0.60	5.00
F7	-0.18	0.91	-1.06	-0.04	-0.09	0.45	0.03	-0.17	1.19	-0.06	0.32	-0.03	0.28	1.93	-0.12	0.21	-0.09	-0.23
F8	0.52	-1.14	0.75	-0.04	-0.09	0.40	0.03	-0.17	-0.26	-0.06	0.55	-0.03	0.28	-0.45	-0.12	0.66	-0.09	-0.23
F9	0.00	0.47	-0.68	-0.04	-0.09	0.43	0.03	-0.17	0.93	-0.06	0.89	-0.03	0.28	1.34	-0.12	0.12	-0.09	-0.23
Q1	-0.79	1.02	-0.41	1.03	-0.68	-0.73	-0.33	-0.28	0.54	-0.38	1.00	0.42	1.16	0.50	0.95	-1.11	-1.76	-0.57
Q3	-0.39	0.58	-0.24	-0.04	-0.09	-1.26	0.03	-0.17	0.08	-0.06	0.13	-0.03	0.28	0.43	-0.12	-0.84	-0.09	-0.23
Q2	-0.98	0.23	-0.51	-0.04	-0.09	-1.28	0.03	-0.17	-1.02	-0.06	0.33	-0.03	0.28	0.64	-0.12	-0.88	-0.09	-0.23
Q5	-0.34	0.77	-0.99	-0.04	-0.09	0.66	0.03	-0.17	-0.18	-0.06	0.34	-0.03	0.28	1.10	-0.12	-3.21	-0.09	-0.23
Q4	-0.67	0.31	-0.85	-0.04	-0.09	-1.28	0.03	-0.17	-1.22	-0.06	0.20	-0.03	0.28	0.59	-0.12	-0.76	-0.09	-0.23
Q7	0.77	-1.24	-0.59	-0.04	-0.09	-0.88	0.03	-0.17	-2.75	-0.06	-0.09	-0.03	0.28	-0.13	-0.12	-1.65	-0.09	-0.23
Q6	0.84	-0.29	-1.17	-2.73	-1.28	-0.63	-2.02	-1.62	-1.06	0.54	0.17	0.08	1.07	0.63	1.58	0.20	-0.15	-0.35
E11	-1.01	-0.57	0.81	-0.04	-0.09	0.36	0.03	-0.17	-1.41	-0.06	0.83	-0.03	0.28	-1.60	-0.12	-0.99	-0.09	-0.23
E10	2.25	-0.75	-0.66	-0.04	-0.09	0.35	0.03	-0.17	0.80	-0.06	0.42	-0.03	0.28	1.75	-0.12	-0.14	-0.09	-0.23
E12	-0.06	-0.75	1.70	-0.04	-0.09	0.41	0.03	-0.17	1.09	-0.06	0.55	-0.03	0.28	-0.53	-0.12	0.26	-0.09	-0.23
C12	-0.47	-1.03	1.40	-0.48	-0.09	0.98	-0.27	-0.28	-1.60	-0.51	-1.24	-0.66	0.35	-2.00	-0.58	-0.50	0.38	-0.96
C11	1.10	0.11	-0.86	-0.04	-0.09	0.39	0.03	-0.17	1.00	-0.06	0.41	-0.03	0.28	1.71	-0.12	-0.06	-0.09	-0.23
C10	-0.86	0.18	1.05	-0.04	-0.09	0.25	0.03	-0.17	-0.11	-0.06	-2.17	-0.03	0.28	-1.26	-0.12	0.75	-0.09	-0.23
A11	-1.83	1.28	-1.38	-0.04	-0.09	0.62	0.03	-0.17	-0.56	-0.06	0.63	-0.03	0.28	0.66	-0.12	0.24	-0.09	-0.23
A10	0.71	-0.59	-0.67	-0.04	-0.09	0.47	0.03	-0.17	-0.17	-0.06	0.85	-0.03	0.28	1.30	-0.12	-0.11	-0.09	-0.23
A12	0.02	1.14	-0.71	-0.04	-0.09	-1.26	0.03	-0.17	0.27	-0.06	0.24	-0.03	0.28	0.14	-0.12	-1.28	-0.09	-0.23
A1	-0.66	0.57	-0.84	-0.04	-0.09	0.57	0.03	-0.17	-0.13	-0.06	0.73	-0.03	0.28	0.86	-0.12	-0.97	-0.09	-0.23
A3	-2.25	1.35	-1.17	-1.74	-2.02	-1.31	5.00	0.24	-1.01	2.43	-0.21	0.53	-0.74	-0.47	0.04	1.85	0.31	1.25
A2	-0.37	0.84	-0.12	-0.06	0.36	-1.25	-0.12	-0.25	0.51	-0.04	0.13	-0.18	0.27	0.26	0.20	-1.11	-0.11	-0.18
A5	-0.19	0.20	-0.59	-0.04	-0.09	-1.26	0.03	-0.17	-0.82	-0.06	0.12	-0.03	0.28	0.43	-0.12	-0.77	-0.09	-0.23
A4	-0.49	1.76	-1.09	-0.04	-0.09	0.68	0.03	-0.17	1.28	-0.06	0.64	-0.03	0.28	0.62	-0.12	-0.55	-0.09	-0.23
A7	0.05	-1.16	0.83	-0.04	-0.09	-1.36	0.03	-0.17	-1.80	-0.06	0.29	-0.03	0.28	-1.04	-0.12	-1.66	-0.09	-0.23
A6	-0.48	0.95	-0.24	-0.04	-0.09	-1.25	0.03	-0.17	0.53	-0.06	0.11	-0.03	0.28	0.43	-0.12	-0.93	-0.09	-0.23
A9	-1.10	0.70	0.36	-0.04	-0.09	0.43	0.03	-0.17	1.44	-0.06	0.65	-0.03	0.28	0.74	-0.12	-0.17	-0.09	-0.23
A8	-1.86	1.31	-1.33	-0.04	-0.09	0.59	0.03	-0.17	-0.34	-0.06	0.68	-0.03	0.28	0.73	-0.12	0.55	-0.09	-0.23
D8	0.61	-1.10	1.72	-0.04	1.10	0.35	-0.43	-0.53	0.86	0.41	0.47	0.26	-0.18	-0.84	0.17	0.25	-0.04	0.18
D9	0.26	-0.88	0.80	-0.04	-0.09	0.39	0.03	-0.17	0.03	-0.06	0.41	-0.03	0.28	-0.38	-0.12	0.74	-0.09	-0.23
D6	0.60	0.41	-1.00	-0.14	-0.09	1.13	-0.59	-0.25	0.17	0.63	-1.45	2.37	-0.18	1.27	-1.10	0.14	0.07	0.04
D7	-0.26	-1.32	1.48	-0.04	-0.09	0.20	0.03	-0.17	-1.74	-0.06	-2.14	-0.03	0.28	-1.84	-0.12	0.39	-0.09	-0.23
D4	0.62	-1.26	1.38	-0.04	-0.09	0.40	0.03	-0.17	0.32	-0.06	0.60	-0.03	0.28	-0.59	-0.12	0.12	-0.09	-0.23
D5	2.43	-0.79	-0.68	-0.04	-0.09	0.35	0.03	-0.17	0.87	-0.06	0.42	-0.03	0.28	1.74	-0.12	-0.08	-0.09	-0.23
D2	0.31	-0.58	0.84	-0.04	-0.09	0.39	0.03	-0.17	0.57	-0.06	0.50	-0.03	0.28	-0.32	-0.12	0.55	-0.09	-0.23
D3	2.44	-0.94	-0.33	-0.32	-0.09	-1.26	-0.12	-0.31	0.12	0.17	0.20	-0.13	-1.83	0.73	0.74	0.27	-0.15	-0.22
D1	0.13	-0.53	1.63	-0.04	0.21	0.41	-0.10	-0.61	1.50	-0.23	0.55	-0.18	0.30	-0.60	0.13	0.50	0.14	-0.02
