G7	-1.14	0.34	0.93	0.14	0.17	-0.27	0.05	-0.02	-0.00	-0.07	-0.22	-0.23	0.22	-0.48	0.08	-0.34	0.03	-0.12
G6	-0.99	0.88	1.29	0.14	0.17	-0.17	0.05	-0.02	2.22	-0.07	-0.05	-0.23	0.22	0.75	0.08	-0.10	0.03	-0.12
G5	-0.75	0.93	0.07	0.14	0.17	-0.34	0.05	-0.02	0.81	-0.07	0.08	-0.23	0.22	-0.20	0.08	0.30	0.03	-0.12
G4	2.12	1.20	-0.93	0.14	0.17	3.03	0.05	-0.02	1.34	-0.07	-2.05	-0.23	0.22	-1.76	0.08	2.22	0.03	-0.12
G3	1.49	-1.99	-0.12	0.14	0.17	-0.28	0.05	-0.02	-2.27	-0.07	0.01	-0.23	0.22	-0.24	0.08	-0.45	0.03	-0.12
G2	1.13	-1.76	0.45	0.14	0.17	-0.27	0.05	-0.02	-1.71	-0.07	0.03	-0.23	0.22	-0.25	0.08	-0.67	0.03	-0.12
G1	-0.89	0.24	0.83	0.14	0.17	-0.29	0.05	-0.02	0.36	-0.07	-0.15	-0.23	0.22	0.14	0.08	-0.47	0.03	-0.12
G9	-0.77	0.31	0.54	0.14	0.17	-0.29	0.05	-0.02	0.34	-0.07	-0.15	-0.23	0.22	0.31	0.08	-0.56	0.03	-0.12
G8	-1.26	0.65	1.44	0.14	0.17	-0.25	0.05	-0.02	0.68	-0.07	-0.34	-0.23	0.22	-0.61	0.08	-0.32	0.03	-0.12
N6	-0.48	0.39	0.13	0.14	0.17	-0.30	0.05	-0.02	1.13	-0.07	1.43	-0.23	0.22	0.34	0.08	-0.53	0.03	-0.12
N7	-0.68	-0.06	1.80	0.14	0.17	-0.30	0.05	-0.02	0.64	-0.07	-0.57	-0.23	0.22	0.16	0.08	-0.84	0.03	-0.12
B4	0.62	-2.12	1.63	0.14	0.17	-0.27	0.05	-0.02	-1.31	-0.07	1.28	-0.23	0.22	-0.50	0.08	-1.81	0.03	-0.12
B5	-0.18	0.15	-1.07	0.14	0.17	-0.30	0.05	-0.02	0.09	-0.07	1.40	-0.23	0.22	0.60	0.08	-0.39	0.03	-0.12
B6	0.35	1.57	-0.93	0.14	0.17	2.82	0.05	-0.02	0.79	-0.07	-2.15	-0.23	0.22	-1.36	0.08	1.99	0.03	-0.12
B7	0.68	-0.66	0.40	0.14	0.17	-0.31	0.05	-0.02	-0.12	-0.07	0.06	-0.23	0.22	0.02	0.08	-0.04	0.03	-0.12
B1	-0.27	0.68	-1.58	0.14	0.17	-0.36	0.05	-0.02	-0.10	-0.07	1.27	-0.23	0.22	0.55	0.08	-1.38	0.03	-0.12
B2	-0.11	2.70	-3.21	0.14	0.17	0.43	0.05	-0.02	1.32	-0.07	0.45	-0.23	0.22	0.07	0.08	0.53	0.03	-0.12
B3	0.25	-1.51	1.55	0.14	0.17	-0.15	0.05	-0.02	-1.69	-0.07	-0.30	-0.23	0.22	-1.32	0.08	-0.30	0.03	-0.12
B8	2.65	-1.26	-0.33	0.14	0.17	-0.29	0.05	-0.02	-0.49	-0.07	-0.19	-0.23	0.22	-0.42	0.08	0.88	0.03	-0.12
B9	0.25	1.56	-0.94	0.14	0.17	2.79	0.05	-0.02	0.90	-0.07	-2.12	-0.23	0.22	-1.15	0.08	2.18	0.03	-0.12
N5	-0.10	-0.13	0.63	0.14	0.17	-0.29	0.05	-0.02	1.35	-0.07	1.40	-0.23	0.22	1.21	0.08	-1.71	0.03	-0.12
P10	-0.09	-0.57	-0.13	0.14	0.17	-0.30	0.05	-0.02	-1.13	-0.07	-0.44	-0.23	0.22	0.09	0.08	0.22	0.03	-0.12
P11	-0.12	-0.31	-1.22	0.14	0.17	-0.32	0.05	-0.02	-0.67	-0.07	1.38	-0.23	0.22	0.55	0.08	-0.27	0.03	-0.12
P12	-0.07	-0.65	-0.00	0.14	0.17	-0.08	0.05	-0.02	0.05	-0.07	1.22	-0.23	0.22	0.54	0.08	-0.03	0.03	-0.12
E9	-0.66	0.21	-0.15	0.67	-3.33	-0.34	0.17	-0.94	-0.47	-0.77	0.61	4.23	-0.50	0.12	-0.62	-0.40	-1.57	0.36
E8	-0.85	0.42	1.31	0.14	0.17	-0.35	0.05	-0.02	0.96	-0.07	-0.08	-0.23	0.22	-0.28	0.08	0.05	0.03	-0.12
E5	-0.85	0.33	0.94	0.14	0.17	-0.33	0.05	-0.02	0.42	-0.07	-0.10	-0.23	0.22	-0.25	0.08	-0.20	0.03	-0.12
E4	-0.80	0.63	0.89	0.14	0.17	-0.31	0.05	-0.02	0.79	-0.07	-0.10	-0.23	0.22	-0.21	0.08	-0.44	0.03	-0.12
E7	-0.80	0.37	-0.31	0.14	0.17	-0.30	0.05	-0.02	-0.44	-0.07	0.02	-0.23	0.22	-0.23	0.08	0.16	0.03	-0.12
E6	0.59	-0.09	0.02	0.14	0.17	-0.31	0.05	-0.02	0.49	-0.07	-0.10	-0.23	0.22	0.22	0.08	0.51	0.03	-0.12
E1	-0.81	0.10	0.96	0.14	0.17	-0.34	0.05	-0.02	0.17	-0.07	-0.10	-0.23	0.22	-0.25	0.08	-0.12	0.03	-0.12
P8	-0.18	-0.12	0.64	0.14	0.17	-0.31	0.05	-0.02	0.09	-0.07	-0.46	-0.23	0.22	0.19	0.08	-0.11	0.03	-0.12
E3	0.54	2.16	-1.30	0.14	0.17	2.87	0.05	-0.02	1.30	-0.07	-2.14	-0.23	0.22	-1.51	0.08	1.92	0.03	-0.12
E2	-0.40	-0.57	0.89	0.14	0.17	-0.39	0.05	-0.02	-0.17	-0.07	-0.15	-0.23	0.22	0.25	0.08	0.20	0.03	-0.12
P2	0.06	-0.76	-0.01	0.14	0.17	-0.36	0.05	-0.02	-1.28	-0.07	-0.43	-0.23	0.22	0.15	0.08	-0.18	0.03	-0.12
P3	0.67	-1.14	-0.20	0.14	0.17	-0.33	0.05	-0.02	-1.68	-0.07	-0.47	-0.23	0.22	-0.12	0.08	0.18	0.03	-0.12
P1	0.35	-1.01	-0.28	0.14	0.17	-0.34	0.05	-0.02	-1.91	-0.07	-0.48	-0.23	0.22	-0.09	0.08	-0.27	0.03	-0.12
P6	0.16	-0.28	-0.68	0.14	0.17	-0.36	0.05	-0.02	0.18	-0.07	1.36	-0.23	0.22	0.76	0.08	-0.29	0.03	-0.12
P7	-0.25	1.91	-4.27	-2.80	4.41	-0.55	2.38	3.23	1.68	-3.10	-0.30	5.00	0.06	4.51	-3.02	1.71	-0.43	0.48
P4	0.01	-0.72	-0.05	0.14	0.17	-0.31	0.05	-0.02	-1.26	-0.07	-0.46	-0.23	0.22	0.12	0.08	0.01	0.03	-0.12
P5	0.43	-0.66	0.43	0.14	0.17	-0.31	0.05	-0.02	-0.46	-0.07	-0.47	-0.23	0.22	0.17	0.08	-0.12	0.03	-0.12
H10	0.02	-0.95	0.61	0.14	0.17	-0.33	0.05	-0.02	-1.30	-0.07	-0.34	-0.23	0.22	-0.31	0.08	-0.34	0.03	-0.12
H11	-0.10	-1.84	0.94	0.14	0.17	-0.33	0.05	-0.02	-1.13	-0.07	1.29	-0.23	0.22	1.34	0.08	-2.95	0.03	-0.12
H12	0.09	-1.92	2.19	0.14	0.17	-0.46	0.05	-0.02	-0.92	-0.07	-0.43	-0.23	0.22	1.10	0.08	-2.44	0.03	-0.12
P9	-0.77	-1.17	1.88	0.14	0.17	-0.23	0.05	-0.02	-1.28	-0.07	-0.50	-0.23	0.22	-0.38	0.08	-1.03	0.03	-0.12
F12	2.66	-1.15	-0.56	0.14	0.17	-0.39	0.05	-0.02	-0.60	-0.07	0.29	-0.23	0.22	-0.43	0.08	-0.10	0.03	-0.12
F10	1.07	-1.46	-0.07	0.14	0.17	-0.22	0.05	-0.02	-1.86	-0.07	0.01	-0.23	0.22	-0.30	0.08	-0.77	0.03	-0.12
F11	0.16	-1.17	0.37	0.14	0.17	-0.25	0.05	-0.02	-0.82	-0.07	0.13	-0.23	0.22	0.67	0.08	-0.35	0.03	-0.12
N12	0.09	0.78	-0.82	0.14	0.17	-0.33	0.05	-0.02	1.41	-0.07	1.37	-0.23	0.22	0.78	0.08	-0.65	0.03	-0.12
H8	-0.27	0.68	-0.79	0.14	0.17	-0.28	0.05	-0.02	1.17	-0.07	1.30	-0.23	0.22	0.87	0.08	-0.40	0.03	-0.12
H9	-0.31	0.65	-0.91	0.14	0.17	-0.27	0.05	-0.02	1.00	-0.07	1.30	-0.23	0.22	0.89	0.08	-0.41	0.03	-0.12
H6	-0.21	0.82	-0.75	-0.60	-0.10	-0.46	0.09	-1.01	1.12	0.55	1.39	1.19	-0.01	0.68	-0.37	-0.03	-1.30	0.34
H7	-0.27	0.61	-0.60	0.14	0.17	-0.33	0.05	-0.02	1.18	-0.07	1.31	-0.23	0.22	0.80	0.08	-0.44	0.03	-0.12
H4	-0.84	1.02	-0.38	0.01	-0.57	-0.35	0.06	0.83	1.66	-0.07	1.19	-0.48	0.10	1.08	0.51	-0.74	-0.03	-0.12
H5	-0.64	0.66	-0.32	3.42	0.17	-0.28	-1.55	-0.09	0.83	1.16	1.39	-0.35	-3.94	0.40	0.42	-0.41	0.11	-0.32
D10	-0.88	0.18	0.81	0.14	0.17	-0.33	0.05	-0.02	0.02	-0.07	-0.09	-0.23	0.22	-0.35	0.08	-0.16	0.03	-0.12
D11	-0.52	0.24	-0.28	-0.26	-5.00	-0.33	0.29	-1.58	-0.57	0.78	0.69	4.48	-0.16	0.10	-1.32	-0.51	-1.90	0.69
D12	-0.78	-0.10	-0.78	0.14	0.17	-0.27	0.05	-0.02	-1.54	-0.07	0.01	-0.23	0.22	-0.29	0.08	0.24	0.03	-0.12
B12	0.17	1.80	-1.10	0.14	0.17	2.87	0.05	-0.02	0.88	-0.07	-2.13	-0.23	0.22	-1.43	0.08	2.23	0.03	-0.12
B10	0.20	1.64	-1.00	0.14	0.17	2.81	0.05	-0.02	0.87	-0.07	-2.07	-0.23	0.22	-1.15	0.08	1.84	0.03	-0.12
B11	0.46	1.43	-0.88	0.14	0.17	2.78	0.05	-0.02	0.94	-0.07	-2.09	-0.23	0.22	-1.13	0.08	2.11	0.03	-0.12
Q8	-0.06	-1.01	0.87	0.14	0.17	-0.31	0.05	-0.02	-1.58	-0.07	-0.49	-0.23	0.22	-0.66	0.08	-0.52	0.03	-0.12
Q9	0.22	-0.42	-0.47	0.14	0.17	-0.37	0.05	-0.02	0.02	-0.07	1.38	-0.23	0.22	0.39	0.08	-0.07	0.03	-0.12
C9	-0.80	0.64	0.79	0.14	0.17	-0.31	0.05	-0.02	0.72	-0.07	-0.09	-0.23	0.22	-0.28	0.08	-0.33	0.03	-0.12
C8	-0.61	0.03	0.16	0.14	0.17	-0.34	0.05	-0.02	-0.51	-0.07	-0.08	-0.23	0.22	-0.26	0.08	-0.03	0.03	-0.12
Q11	0.04	-0.49	-1.13	0.14	0.17	-0.34	0.05	-0.02	-0.83	-0.07	1.37	-0.23	0.22	0.46	0.08	-0.33	0.03	-0.12
Q10	0.06	-0.78	0.02	0.14	0.17	-0.32	0.05	-0.02	-1.31	-0.07	-0.47	-0.23	0.22	0.07	0.08	-0.02	0.03	-0.12
Q12	0.03	-0.79	-0.05	0.14	0.17	-0.27	0.05	-0.02	-1.35	-0.07	-0.47	-0.23	0.22	0.08	0.08	0.06	0.03	-0.12
C3	0.12	1.87	-1.19	0.14	0.17	2.85	0.05	-0.02	0.95	-0.07	-2.06	-0.23	0.22	-1.38	0.08	2.29	0.03	-0.12
C2	0.21	1.56	-0.83	0.14	0.17	2.79	0.05	-0.02	1.04	-0.07	-2.09	-0.23	0.22	-1.26	0.08	2.56	0.03	-0.12
C1	5.00	-2.68	3.90	-0.73	-5.00	-3.02	-5.00	5.00	0.79	5.00	-0.84	-0.11	-4.13	-5.00	-5.00	1.91	5.00	5.00
C7	-0.88	1.19	0.41	0.14	0.17	-0.29	0.05	-0.02	1.30	-0.07	-0.09	-0.23	0.22	-0.05	0.08	-0.13	0.03	-0.12
C6	-0.96	0.97	0.49	0.14	0.17	-0.32	0.05	-0.02	0.88	-0.07	-0.11	-0.23	0.22	-0.29	0.08	0.01	0.03	-0.12
C5	-0.80	0.64	0.79	0.14	0.17	-0.31	0.05	-0.02	0.72	-0.07	-0.09	-0.23	0.22	-0.28	0.08	-0.33	0.03	-0.12
C4	-0.97	0.96	0.03	0.14	0.17	-0.31	0.05	-0.02	0.56	-0.07	-0.04	-0.23	0.22	-0.17	0.08	0.03	0.03	-0.12
N10	-0.68	0.48	1.49	-3.27	-0.01	-0.60	1.74	-0.90	1.53	-1.99	-0.51	1.87	-3.86	0.02	0.79	1.11	-0.09	0.08
N8	-0.02	-0.39	0.54	0.14	0.17	-0.30	0.05	-0.02	0.83	-0.07	1.39	-0.23	0.22	0.92	0.08	-1.42	0.03	-0.12
N9	-1.01	0.24	-0.29	0.14	0.17	-0.06	0.05	-0.02	-0.59	-0.07	1.22	-0.23	0.22	-0.34	0.08	-1.35	0.03	-0.12
N11	0.52	0.38	-1.59	0.14	0.17	-0.13	0.05	-0.02	0.14	-0.07	0.08	-0.23	0.22	0.87	0.08	0.33	0.03	-0.12
G12	0.98	-1.23	0.83	0.14	0.17	-0.25	0.05	-0.02	-0.61	-0.07	-0.04	-0.23	0.22	-0.17	0.08	-0.43	0.03	-0.12
G11	1.41	-1.75	0.70	0.14	0.17	-0.31	0.05	-0.02	-1.17	-0.07	0.08	-0.23	0.22	-0.22	0.08	-0.44	0.03	-0.12
G10	-0.70	0.54	0.70	0.14	0.17	-0.28	0.05	-0.02	0.80	-0.07	-0.03	-0.23	0.22	0.13	0.08	-0.57	0.03	-0.12
F1	-0.76	0.34	-0.33	0.14	0.17	-0.32	0.05	-0.02	-0.47	-0.07	0.01	-0.23	0.22	-0.21	0.08	0.18	0.03	-0.12
F2	0.60	-0.15	-0.63	0.14	0.17	-0.15	0.05	-0.02	-0.16	-0.07	0.04	-0.23	0.22	0.22	0.08	0.25	0.03	-0.12
F3	-0.93	-0.13	0.72	0.14	0.17	-0.28	0.05	-0.02	-0.93	-0.07	-0.36	-0.23	0.22	-0.61	0.08	-0.49	0.03	-0.12
F4	0.32	1.44	-0.76	0.14	0.17	2.73	0.05	-0.02	0.88	-0.07	-2.15	-0.23	0.22	-1.35	0.08	2.54	0.03	-0.12
F5	-0.94	0.48	0.60	0.14	0.17	-0.34	0.05	-0.02	0.23	-0.07	-0.10	-0.23	0.22	-0.31	0.08	-0.20	0.03	-0.12
F6	-1.11	-0.21	0.80	0.14	0.17	-0.25	0.05	-0.02	-1.21	-0.07	-0.35	-0.23	0.22	-0.68	0.08	-0.74	0.03	-0.12
F7	0.66	-0.25	-0.64	0.14	0.17	-0.17	0.05	-0.02	-0.24	-0.07	0.04	-0.23	0.22	0.14	0.08	0.52	0.03	-0.12
F8	-0.75	0.23	-0.52	0.14	0.26	-0.31	-0.11	-0.23	-0.78	0.11	-0.01	0.08	0.21	-0.25	0.27	0.28	0.08	-0.17
F9	0.37	1.42	-0.93	0.14	0.17	2.78	0.05	-0.02	0.78	-0.07	-2.11	-0.23	0.22	-1.14	0.08	2.06	0.03	-0.12
Q1	-0.08	0.43	-0.31	0.14	0.17	-0.33	0.05	-0.02	1.31	-0.07	1.38	-0.23	0.22	0.76	0.08	-0.46	0.03	-0.12
Q3	-0.18	-0.27	-1.17	-5.00	-2.87	-1.21	-1.73	-4.69	0.61	-0.50	1.11	-2.83	-5.00	4.96	4.43	-2.09	-3.65	-0.54
Q2	-0.16	-0.14	-0.69	0.14	0.17	-0.34	0.09	-0.27	0.11	0.08	1.39	-0.05	0.18	0.68	0.29	-0.41	0.05	-0.16
Q5	0.08	-0.79	0.01	0.14	0.17	-0.33	0.05	-0.02	-1.32	-0.07	-0.47	-0.23	0.22	0.06	0.08	-0.04	0.03	-0.12
Q4	-0.80	-0.87	0.91	-5.00	1.92	-0.22	2.66	4.61	-0.49	-2.22	-0.65	2.56	-2.81	0.19	1.21	0.71	1.16	-0.07
Q7	1.30	-1.17	-0.64	0.14	0.17	-0.30	0.05	-0.02	-0.72	-0.07	1.30	-0.23	0.22	0.28	0.08	-0.62	0.03	-0.12
Q6	1.31	-1.03	-1.18	0.14	0.17	-0.33	0.05	-0.02	-0.98	-0.07	-0.04	-0.23	0.22	0.87	0.08	0.58	0.03	-0.12
E11	-0.76	0.42	0.79	0.14	0.17	-0.25	0.05	-0.02	1.03	-0.07	0.01	-0.23	0.22	0.68	0.08	-0.76	0.03	-0.12
E10	0.28	1.65	-0.96	0.14	0.17	2.78	0.05	-0.02	1.03	-0.07	-2.13	-0.23	0.22	-1.16	0.08	2.20	0.03	-0.12
E12	-0.66	0.21	0.66	0.67	-2.68	-0.36	0.16	-1.33	0.12	0.63	0.62	2.12	-0.25	-0.07	-0.54	-0.44	-1.73	0.23
C12	-0.80	0.39	-0.43	0.14	0.17	-0.30	0.05	-0.02	-0.48	-0.07	0.01	-0.23	0.22	-0.21	0.08	0.28	0.03	-0.12
C11	0.87	0.05	-0.84	0.14	0.17	-0.21	0.05	-0.02	0.10	-0.07	0.29	-0.23	0.22	-0.02	0.08	0.36	0.03	-0.12
C10	-0.85	0.34	0.81	0.14	0.17	-0.31	0.05	-0.02	0.33	-0.07	-0.09	-0.23	0.22	-0.27	0.08	-0.15	0.03	-0.12
A11	-0.25	-0.19	0.63	0.14	0.17	-0.25	0.05	-0.02	0.04	-0.07	-0.43	-0.23	0.22	0.13	0.08	0.26	0.03	-0.12
A10	1.13	-2.09	0.38	0.14	0.17	-0.33	0.05	-0.02	-2.08	-0.07	0.08	-0.23	0.22	-0.12	0.08	-0.50	0.03	-0.12
A12	0.05	0.39	-0.88	0.14	0.17	-0.34	0.05	-0.02	0.91	-0.07	1.38	-0.23	0.22	0.81	0.08	-0.26	0.03	-0.12
A1	-0.31	-1.36	0.90	0.14	0.17	-0.18	0.05	-0.02	-2.75	-0.07	-2.21	-0.23	0.22	-0.76	0.08	0.84	0.03	-0.12
A3	-0.08	0.40	-0.80	0.14	0.17	-0.32	0.05	-0.02	0.89	-0.07	1.39	-0.23	0.22	0.83	0.08	-0.47	0.03	-0.12
A2	-0.23	0.16	-0.52	0.14	0.17	-0.32	0.05	-0.02	0.58	-0.07	1.39	-0.23	0.22	0.64	0.08	-0.46	0.03	-0.12
A5	0.14	-1.06	-0.15	0.14	0.17	-0.09	0.05	-0.02	-0.59	-0.07	1.21	-0.23	0.22	0.47	0.08	-0.08	0.03	-0.12
A4	-0.57	0.02	0.45	0.14	0.17	-0.39	0.05	-0.02	-0.48	-0.07	-0.46	-0.23	0.22	0.27	0.08	-1.40	0.03	-0.12
A7	0.34	-1.34	-0.16	0.14	0.17	-0.25	0.05	-0.02	-1.28	-0.07	1.32	-0.23	0.22	0.31	0.08	-1.17	0.03	-0.12
A6	-0.25	0.18	-0.51	0.14	0.17	-0.32	0.05	-0.02	0.61	-0.07	1.39	-0.23	0.22	0.65	0.08	-0.47	0.03	-0.12
A9	-0.09	0.12	1.17	0.14	0.17	-0.26	0.05	-0.02	1.16	-0.07	-0.41	-0.23	0.22	0.86	0.08	-1.24	0.03	-0.12
A8	0.52	0.41	0.04	0.14	0.17	-0.36	0.05	-0.02	0.73	-0.07	-0.46	-0.23	0.22	0.35	0.08	-0.57	0.03	-0.12
D8	-0.81	0.31	0.44	0.27	-2.59	-0.36	0.07	-1.33	0.00	2.30	0.63	3.24	-0.59	0.01	-1.19	-0.31	-1.90	1.07
D9	-0.73	0.09	-0.24	0.27	-3.24	-0.33	0.17	-1.65	-0.84	0.46	0.61	3.79	-0.57	-0.07	-0.02	-0.48	-1.59	0.54
D6	0.96	-0.51	-0.03	0.14	0.17	-0.31	0.05	-0.02	-0.41	-0.07	-0.13	-0.23	0.22	-0.55	0.08	0.64	0.03	-0.12
D7	-0.81	0.23	-0.41	0.14	0.17	-0.28	0.05	-0.02	-0.77	-0.07	0.01	-0.23	0.22	-0.29	0.08	0.22	0.03	-0.12
D4	2.08	-1.10	-0.00	0.14	0.17	-0.33	0.05	-0.02	-0.22	-0.07	-0.17	-0.23	0.22	-0.41	0.08	1.27	0.03	-0.12
D5	0.40	1.46	-0.93	0.14	0.17	2.81	0.05	-0.02	0.66	-0.07	-2.18	-0.23	0.22	-1.32	0.08	1.94	0.03	-0.12
D2	-0.62	0.10	0.37	0.14	0.17	-0.28	0.05	-0.02	0.36	-0.07	0.03	-0.23	0.22	0.62	0.08	-0.33	0.03	-0.12
D3	1.62	-1.03	-0.06	0.14	0.17	-0.33	0.05	-0.02	-0.48	-0.07	-0.17	-0.23	0.22	-0.39	0.08	1.19	0.03	-0.12
D1	-0.86	0.40	1.22	0.14	0.17	-0.35	0.05	-0.02	0.85	-0.07	-0.09	-0.23	0.22	-0.30	0.08	0.10	0.03	-0.12
