G7	-0.61	1.33	0.54	-0.06	-0.01	-0.31	0.00	-0.02	0.58	-0.06	-0.28	0.11	0.14	-1.03	-0.15	-0.44	0.03	-0.12
G6	-1.12	2.57	-1.91	1.01	-0.01	0.43	-0.43	-0.19	0.55	0.10	-1.21	1.43	1.54	0.77	-2.14	1.01	0.60	-0.22
G5	-0.89	1.42	-0.11	-0.06	-0.01	-0.44	0.00	-0.02	-0.12	-0.06	-1.08	0.11	0.14	-0.63	-0.15	-0.40	0.03	-0.12
G4	2.56	-1.79	-0.93	-0.06	-0.01	-0.92	0.00	-0.02	-0.45	-0.06	-0.66	0.11	0.14	-0.03	-0.15	1.12	0.03	-0.12
G3	-0.24	-1.07	-0.64	-0.06	-0.01	-0.27	0.00	-0.02	-2.43	-0.06	-1.18	0.11	0.14	-0.39	-0.15	0.57	0.03	-0.12
G2	-0.01	-0.97	0.70	-0.06	-0.01	0.30	0.00	-0.02	-1.11	-0.06	-0.38	0.11	0.14	-0.76	-0.15	0.20	0.03	-0.12
G1	-0.83	0.62	0.75	0.17	-0.22	0.30	-0.23	0.15	-0.06	0.02	-0.35	0.21	0.16	-0.77	0.01	-0.29	0.22	-0.12
G9	-0.60	0.91	0.41	-0.06	-0.01	-0.50	0.00	-0.02	-0.07	-0.06	-0.40	0.11	0.14	-1.00	-0.15	-0.65	0.03	-0.12
G8	-0.82	1.67	1.05	-0.06	-0.01	0.08	0.00	-0.02	1.32	-0.06	-0.48	0.11	0.14	-0.73	-0.15	-0.14	0.03	-0.12
N6	-0.95	1.15	0.44	-0.06	-0.01	-0.82	0.00	-0.02	1.64	-0.06	1.30	0.11	0.14	0.58	-0.15	0.55	0.03	-0.12
N7	-0.71	0.80	0.57	-0.06	-0.01	-0.53	0.00	-0.02	1.45	-0.06	1.31	0.11	0.14	0.49	-0.15	0.23	0.03	-0.12
B4	0.25	-0.89	1.03	-0.06	-0.01	0.08	0.00	-0.02	0.07	-0.06	-0.93	0.11	0.14	0.15	-0.15	1.60	0.03	-0.12
B5	-0.14	0.07	-1.15	-0.06	-0.01	2.24	0.00	-0.02	0.25	-0.06	1.26	0.11	0.14	1.27	-0.15	-0.13	0.03	-0.12
B6	1.94	-0.62	-0.89	-0.06	-0.01	-1.40	0.00	-0.02	0.36	-0.06	-0.76	0.11	0.14	0.02	-0.15	1.29	0.03	-0.12
B7	-0.05	-0.49	-0.19	-0.06	-0.01	-0.79	0.00	-0.02	-1.39	-0.06	-1.11	0.11	0.14	-0.49	-0.15	0.18	0.03	-0.12
B1	-1.17	0.73	-1.07	-0.39	-0.32	-0.89	-0.03	-0.15	-1.07	-0.06	1.28	0.01	1.10	0.19	-0.57	-2.56	0.15	-0.10
B2	0.84	-0.73	-3.76	-0.06	-0.01	-0.15	0.00	-0.02	-2.18	-0.06	1.35	0.11	0.14	1.18	-0.15	-1.94	0.03	-0.12
B3	0.07	-0.97	0.73	-0.06	-0.01	0.24	0.00	-0.02	-0.41	-0.06	-0.94	0.11	0.14	0.23	-0.15	1.41	0.03	-0.12
B8	2.39	-1.51	-1.61	-0.06	-0.01	1.11	0.00	-0.02	-0.62	-0.06	-0.97	0.11	0.14	0.64	-0.15	0.53	0.03	-0.12
B9	1.80	-0.43	-1.48	-0.06	-0.01	-0.66	0.00	-0.02	0.51	-0.06	-0.90	0.11	0.14	0.47	-0.15	2.57	0.03	-0.12
N5	-0.92	1.05	-1.06	-0.06	-0.01	0.79	0.00	-0.02	-0.07	-0.06	1.30	0.11	0.14	0.29	-0.15	-1.26	0.03	-0.12
P10	0.20	-0.92	0.16	-0.06	-0.01	1.21	0.00	-0.02	-0.64	-0.06	-0.85	0.11	0.14	0.43	-0.15	0.77	0.03	-0.12
P11	-0.06	-0.56	-1.09	-0.06	-0.01	1.46	0.00	-0.02	-0.21	-0.06	1.26	0.11	0.14	1.33	-0.15	0.44	0.03	-0.12
P12	-0.13	-0.42	-0.49	-0.06	-0.01	1.82	0.00	-0.02	0.21	-0.06	1.25	0.11	0.14	1.22	-0.15	0.16	0.03	-0.12
E9	-0.53	0.74	0.10	-0.06	-0.01	-0.34	0.00	-0.02	-0.18	-0.06	-0.36	0.11	0.14	-0.80	-0.15	-0.08	0.03	-0.12
E8	-0.82	0.72	1.28	-0.06	-0.01	-0.31	0.00	-0.02	0.22	-0.06	-0.29	0.11	0.14	-0.99	-0.15	-0.62	0.03	-0.12
E5	-0.81	0.75	0.77	-0.06	-0.01	0.11	0.00	-0.02	0.12	-0.06	-0.34	0.11	0.14	-0.72	-0.15	-0.22	0.03	-0.12
E4	-0.95	1.04	0.59	-0.06	-0.01	0.05	0.00	-0.02	-0.04	-0.06	-0.33	0.11	0.14	-0.96	-0.15	-0.69	0.03	-0.12
E7	-0.89	0.94	0.98	0.11	-0.22	-0.21	-0.06	0.29	0.10	-0.66	-0.55	0.50	0.13	-0.99	-0.66	-0.37	0.21	-0.35
E6	0.36	0.23	-0.56	-0.06	-0.01	-0.98	0.00	-0.02	-0.32	-0.06	-1.09	0.11	0.14	-0.45	-0.15	0.84	0.03	-0.12
E1	-0.70	0.21	0.76	-0.06	-0.01	-0.15	0.00	-0.02	-0.62	-0.06	-0.30	0.11	0.14	-0.98	-0.15	-0.63	0.03	-0.12
P8	-0.50	0.32	1.35	0.17	0.09	-0.53	0.30	0.31	1.41	-0.46	1.29	0.24	0.31	0.27	0.03	-0.65	0.02	-0.25
E3	1.98	-1.29	-0.82	-0.06	-0.01	-1.27	0.00	-0.02	-0.43	-0.06	-0.75	0.11	0.14	0.00	-0.15	0.80	0.03	-0.12
E2	1.59	-1.17	-3.34	3.04	2.59	-1.05	0.48	0.15	-0.59	0.94	-0.76	-1.81	-2.32	4.57	0.61	-0.13	-4.49	0.93
P2	-0.37	-0.71	0.61	-0.06	-0.01	-0.11	0.00	-0.02	-0.27	-0.06	1.29	0.11	0.14	0.23	-0.15	-0.68	0.03	-0.12
P3	0.72	-0.16	-0.84	-0.06	-0.01	-0.44	0.00	-0.02	0.22	-0.06	1.30	0.11	0.14	0.48	-0.15	-1.48	0.03	-0.12
P1	0.15	-0.05	-0.46	-0.06	-0.01	-1.66	0.00	-0.02	0.19	-0.06	1.34	0.11	0.14	0.45	-0.15	-1.03	0.03	-0.12
P6	0.01	-0.85	-0.37	-0.06	-0.01	1.78	0.00	-0.02	-0.05	-0.06	1.25	0.11	0.14	1.30	-0.15	0.00	0.03	-0.12
P7	0.14	-0.38	0.45	-0.51	-0.32	-2.01	-0.32	-0.29	0.68	-0.30	1.50	-0.03	0.10	0.68	-0.40	-0.54	0.18	-0.07
P4	-0.42	-0.68	0.47	-0.06	-0.01	0.01	0.00	-0.02	-0.35	-0.06	1.29	0.11	0.14	0.25	-0.15	-0.57	0.03	-0.12
P5	0.44	-0.63	0.75	-0.06	-0.01	1.11	0.00	-0.02	0.48	-0.06	-0.80	0.11	0.14	1.06	-0.15	-0.30	0.03	-0.12
H10	-0.16	-2.19	0.78	-0.06	-0.01	0.75	0.00	-0.02	-2.47	-0.06	1.24	0.11	0.14	-0.14	-0.15	-3.55	0.03	-0.12
H11	1.15	-2.84	3.49	5.00	2.38	1.04	-5.00	5.00	-2.29	2.97	-0.33	-5.00	1.01	-5.00	3.36	1.26	-5.00	5.00
H12	-0.20	-2.71	2.10	-0.06	-0.01	0.30	0.00	-0.02	-2.13	-0.06	1.24	0.11	0.14	-0.24	-0.15	-3.34	0.03	-0.12
P9	-0.10	-0.81	0.79	-0.06	-0.01	1.37	0.00	-0.02	-0.24	-0.06	-0.85	0.11	0.14	0.83	-0.15	0.10	0.03	-0.12
F12	1.88	-0.98	-1.21	0.00	-0.01	-0.56	0.05	-0.33	-0.59	0.46	-1.00	0.21	0.12	-0.33	0.23	1.08	0.05	-0.40
F10	-0.14	-0.63	-0.39	-0.06	-0.01	0.27	0.00	-0.02	-1.60	-0.06	-0.21	0.11	0.14	-0.77	-0.15	0.16	0.03	-0.12
F11	-0.14	-1.10	-0.01	-0.06	-0.01	0.11	0.00	-0.02	-1.82	-0.06	-0.23	0.11	0.14	-0.73	-0.15	0.27	0.03	-0.12
N12	-0.26	1.06	-0.32	-0.06	-0.01	1.82	0.00	-0.02	1.91	-0.06	1.25	0.11	0.14	1.29	-0.15	0.05	0.03	-0.12
H8	-0.59	1.19	-0.08	0.00	-0.01	1.53	0.16	0.31	2.10	-0.22	1.24	0.47	0.19	1.43	0.29	0.19	-0.19	-0.61
H9	-0.33	1.40	-0.83	-0.06	-0.01	0.72	0.00	-0.02	1.71	-0.06	1.26	0.11	0.14	1.05	-0.15	0.05	0.03	-0.12
H6	-0.33	0.64	0.13	-0.06	-0.01	1.72	0.00	-0.02	1.76	-0.06	1.25	0.11	0.14	1.31	-0.15	0.22	0.03	-0.12
H7	-0.54	1.17	-0.08	-0.06	-0.01	1.62	0.00	-0.02	2.04	-0.06	1.24	0.11	0.14	1.41	-0.15	0.21	0.03	-0.12
H4	-1.28	1.18	-1.40	-0.23	-0.84	-1.40	0.03	0.21	-0.63	-0.06	1.34	0.07	0.12	0.49	-0.14	-2.26	0.11	-0.07
H5	-0.33	0.69	0.21	-0.06	-0.01	1.75	0.00	-0.02	1.86	-0.06	1.25	0.11	0.14	1.31	-0.15	0.24	0.03	-0.12
D10	-0.81	0.59	0.64	-0.06	-0.01	0.34	0.00	-0.02	-0.25	-0.06	-0.38	0.11	0.14	-0.85	-0.15	-0.25	0.03	-0.12
D11	-0.81	0.49	0.11	-0.11	-1.78	-0.53	0.22	-0.08	-0.90	0.14	-0.28	-0.32	0.07	-1.00	-0.02	-0.51	-0.56	0.57
D12	-1.07	0.43	0.50	-0.28	-0.22	-0.76	0.98	0.46	-0.76	0.06	-0.70	0.60	0.05	-0.71	0.75	-0.90	0.07	0.39
B12	1.68	-0.65	-0.84	-0.06	-0.01	-1.18	0.00	-0.02	0.08	-0.06	-0.81	0.11	0.14	-0.02	-0.15	1.19	0.03	-0.12
B10	2.36	-1.68	-1.06	-0.06	-0.01	0.79	0.00	-0.02	-0.69	-0.06	-0.95	0.11	0.14	0.15	-0.15	0.60	0.03	-0.12
B11	1.75	-1.04	-0.31	-0.06	-0.01	-1.14	0.00	-0.02	-0.07	-0.06	-0.69	0.11	0.14	-0.08	-0.15	0.41	0.03	-0.12
Q8	-0.14	-0.99	0.15	-0.06	-0.01	0.88	0.00	-0.02	-0.04	-0.06	1.26	0.11	0.14	0.89	-0.15	0.74	0.03	-0.12
Q9	-0.46	-0.23	0.43	-1.29	0.09	-1.05	1.27	0.61	0.62	0.62	1.23	-0.29	0.24	0.39	0.87	0.47	0.21	0.34
C9	-0.94	1.04	0.39	-0.06	-0.01	-0.02	0.00	-0.02	-0.14	-0.06	-0.34	0.11	0.14	-0.94	-0.15	-0.55	0.03	-0.12
C8	-0.40	0.39	-0.46	-0.28	0.09	-0.44	0.34	0.48	-0.89	0.38	-0.40	0.34	0.12	-0.78	-0.28	-0.07	-0.31	-0.35
Q11	-0.27	-0.77	-0.37	-0.06	-0.01	-1.21	0.00	-0.02	-0.75	-0.06	1.32	0.11	0.14	0.21	-0.15	0.43	0.03	-0.12
Q10	-0.37	-0.71	0.61	-0.06	-0.01	-0.15	0.00	-0.02	-0.27	-0.06	1.29	0.11	0.14	0.22	-0.15	-0.67	0.03	-0.12
Q12	-0.37	-0.77	0.65	-0.06	-0.01	0.37	0.00	-0.02	-0.29	-0.06	1.30	0.11	0.14	0.26	-0.15	-0.73	0.03	-0.12
C3	0.95	-0.25	-0.90	0.00	0.09	-0.66	-0.46	0.36	-0.20	0.14	-0.85	-0.26	0.22	-0.11	0.16	1.17	0.07	-0.81
C2	1.94	-0.70	-0.96	-0.06	-0.01	-1.21	0.00	-0.02	0.24	-0.06	-0.77	0.11	0.14	0.06	-0.15	1.26	0.03	-0.12
C1	1.69	-0.39	-0.98	-0.06	-0.01	-1.24	0.00	-0.02	0.40	-0.06	-0.78	0.11	0.14	0.06	-0.15	1.51	0.03	-0.12
C7	-1.39	1.67	0.33	-0.06	-0.01	0.24	0.00	-0.02	0.14	-0.06	-1.12	0.11	0.14	-0.38	-0.15	-0.59	0.03	-0.12
C6	-0.98	1.41	0.31	-0.11	-0.01	0.24	0.05	0.23	0.18	-0.30	-0.32	-0.03	0.15	-0.83	-0.20	-0.81	-0.02	-0.35
C5	-0.94	1.04	0.39	-0.06	-0.01	-0.02	0.00	-0.02	-0.14	-0.06	-0.34	0.11	0.14	-0.95	-0.15	-0.54	0.03	-0.12
C4	-1.31	1.06	-0.08	-0.06	-0.01	0.18	0.00	-0.02	-0.84	-0.06	-1.14	0.11	0.14	-0.42	-0.15	-0.77	0.03	-0.12
N10	-0.47	1.05	1.08	-0.17	-0.11	-1.27	0.11	-0.17	2.36	0.10	1.31	-0.06	0.12	0.50	-0.26	0.42	0.37	-0.63
N8	-0.91	0.71	-0.84	-0.06	-0.01	0.34	0.00	-0.02	-0.42	-0.06	1.30	0.11	0.14	0.21	-0.15	-1.64	0.03	-0.12
N9	-0.29	-0.58	0.22	-0.06	-0.01	1.66	0.00	-0.02	-1.09	-0.06	-0.48	0.11	0.14	0.41	-0.15	-1.88	0.03	-0.12
N11	-0.57	1.02	-1.14	0.06	1.13	1.17	4.64	-0.35	0.19	-1.50	-1.62	0.80	-1.13	0.46	0.41	-0.02	5.00	0.31
G12	0.10	-0.09	0.43	-0.06	-0.01	-0.89	0.00	-0.02	-0.12	-0.06	-0.26	0.11	0.14	-0.69	-0.15	0.34	0.03	-0.12
G11	0.82	-0.54	0.02	0.00	-0.11	-1.24	0.50	-0.50	-0.13	0.22	-0.13	0.04	0.16	-0.80	0.09	0.98	-0.12	0.11
G10	-1.05	1.44	1.17	-0.06	-0.01	-0.53	0.00	-0.02	0.60	-0.06	-0.42	0.11	0.14	-1.01	-0.15	-1.00	0.03	-0.12
F1	-0.95	0.84	0.98	-0.06	-0.01	0.05	0.00	-0.02	-0.04	-0.06	-0.54	0.11	0.14	-1.00	-0.15	-0.47	0.03	-0.12
F2	0.66	0.53	-1.22	-0.06	-0.01	-0.08	0.00	-0.02	0.15	-0.06	-1.15	0.11	0.14	-0.08	-0.15	1.48	0.03	-0.12
F3	-0.51	0.63	0.08	-0.06	-0.01	-0.27	0.00	-0.02	-0.36	-0.06	-0.38	0.11	0.14	-0.87	-0.15	-0.17	0.03	-0.12
F4	1.77	-0.37	-1.50	-0.06	-0.01	-0.79	0.00	-0.02	0.54	-0.06	-0.89	0.11	0.14	0.49	-0.15	2.60	0.03	-0.12
F5	-0.87	0.54	0.16	-0.06	-0.01	0.11	0.00	-0.02	-0.94	-0.06	-0.40	0.11	0.14	-1.00	-0.15	-0.87	0.03	-0.12
F6	-0.77	0.54	0.51	-0.06	-0.01	0.21	0.00	-0.02	-0.40	-0.06	-0.40	0.11	0.14	-0.87	-0.15	-0.31	0.03	-0.12
F7	0.73	0.48	-1.33	-0.06	-0.01	-0.11	0.00	-0.02	0.07	-0.06	-1.14	0.11	0.14	-0.10	-0.15	1.49	0.03	-0.12
F8	-0.82	0.67	0.70	-0.06	-0.01	-0.56	0.00	-0.02	-0.29	-0.06	-0.67	0.11	0.14	-0.80	-0.15	-0.60	0.03	-0.12
F9	1.77	-0.45	-1.03	-0.06	-0.01	-1.14	0.00	-0.02	0.35	-0.06	-0.76	0.11	0.14	0.04	-0.15	1.49	0.03	-0.12
Q1	-0.24	0.64	0.23	-0.06	-0.01	-0.82	0.00	-0.02	1.68	-0.06	1.32	0.11	0.14	0.62	-0.15	1.02	0.03	-0.12
Q3	-0.15	-0.21	-0.08	-0.06	-0.01	2.04	0.00	-0.02	0.58	-0.06	1.25	0.11	0.14	1.20	-0.15	-0.51	0.03	-0.12
Q2	-0.17	0.03	0.20	-0.06	-0.01	-0.98	0.00	-0.02	0.84	-0.06	1.31	0.11	0.14	0.49	-0.15	0.49	0.03	-0.12
Q5	-0.37	-0.71	0.61	-0.06	-0.01	-0.15	0.00	-0.02	-0.27	-0.06	1.29	0.11	0.14	0.23	-0.15	-0.68	0.03	-0.12
Q4	-0.14	-0.33	-0.44	-0.06	-0.01	1.75	0.00	-0.02	0.30	-0.06	1.25	0.11	0.14	1.20	-0.15	0.05	0.03	-0.12
Q7	0.75	-1.92	-0.25	-0.06	-0.01	-0.27	0.00	-0.02	-2.35	-0.06	-1.46	0.11	0.14	-0.01	-0.15	-0.58	0.03	-0.12
Q6	2.05	-2.25	1.20	-2.36	-5.00	2.75	-5.00	-5.00	-1.74	5.00	-2.43	-0.16	-5.00	-2.45	5.00	-1.13	-1.68	0.31
E11	-0.95	0.93	0.59	-0.06	-0.01	0.01	0.00	-0.02	-0.22	-0.06	-0.35	0.11	0.14	-1.00	-0.15	-0.77	0.03	-0.12
E10	1.27	-0.23	-1.01	-2.36	0.41	-0.02	0.39	0.92	0.05	-1.42	-0.82	-0.22	-3.00	-0.00	1.52	1.04	-0.49	-0.81
E12	-0.83	0.61	1.29	-0.06	-0.01	-0.34	0.00	-0.02	0.06	-0.06	-0.30	0.11	0.14	-1.03	-0.15	-0.67	0.03	-0.12
C12	-0.94	0.98	0.76	-0.06	-0.01	0.08	0.00	-0.02	0.02	-0.06	-0.53	0.11	0.14	-1.01	-0.15	-0.24	0.03	-0.12
C11	0.36	0.16	-0.58	-0.06	-0.01	-0.89	0.00	-0.02	-0.41	-0.06	-1.11	0.11	0.14	-0.46	-0.15	0.90	0.03	-0.12
C10	-0.81	0.78	0.62	-0.06	-0.01	0.18	0.00	-0.02	0.04	-0.06	-0.35	0.11	0.14	-0.74	-0.15	-0.11	0.03	-0.12
A11	-0.22	-0.02	0.80	-0.06	-0.01	1.24	0.00	-0.02	0.65	-0.06	-0.86	0.11	0.14	0.97	-0.15	0.18	0.03	-0.12
A10	3.74	-2.01	-1.50	-0.06	-0.01	-0.53	0.00	-0.02	0.21	-0.06	-0.29	0.11	0.14	0.38	-0.15	0.75	0.03	-0.12
A12	-0.09	0.35	0.25	-0.06	-0.01	-1.69	0.00	-0.02	1.33	-0.06	1.33	0.11	0.14	0.42	-0.15	0.82	0.03	-0.12
A1	-0.00	-1.29	0.57	0.56	2.38	1.59	0.78	-0.33	-0.70	-0.86	-0.84	-4.55	-0.30	0.73	0.34	0.51	-0.15	5.00
A3	-0.28	0.72	-0.20	-0.06	-0.01	-1.34	0.00	-0.02	1.30	-0.06	1.33	0.11	0.14	0.61	-0.15	0.55	0.03	-0.12
A2	-0.39	0.31	0.26	-0.17	0.09	-1.37	-0.01	0.11	0.92	0.46	1.32	-0.12	0.13	0.38	0.06	0.37	-0.39	0.29
A5	-0.03	-0.93	-0.70	-0.06	-0.01	1.91	0.00	-0.02	-0.44	-0.06	1.25	0.11	0.14	1.24	-0.15	0.09	0.03	-0.12
A4	0.26	0.40	0.19	-0.06	-0.01	1.14	0.00	-0.02	2.10	-0.06	1.28	0.11	0.14	1.33	-0.15	0.32	0.03	-0.12
A7	0.64	-2.35	1.95	-0.06	-0.01	0.27	0.00	-0.02	-0.16	-0.06	1.27	0.11	0.14	0.41	-0.15	-0.83	0.03	-0.12
A6	-1.19	0.08	0.87	-1.13	4.77	0.43	3.67	-1.07	-0.61	-3.93	-1.73	1.33	-4.88	0.34	1.23	-1.50	4.94	-0.56
A9	-0.79	0.71	2.21	-0.06	-0.01	2.62	0.00	-0.02	3.06	-0.06	1.21	0.11	0.14	1.34	-0.15	0.59	0.03	-0.12
A8	0.18	0.74	0.31	-0.06	-0.01	0.56	0.00	-0.02	2.44	-0.06	1.27	0.11	0.14	1.21	-0.15	0.47	0.03	-0.12
D8	-0.84	0.55	1.16	-0.06	-0.01	-0.21	0.00	-0.02	-0.06	-0.06	-0.31	0.11	0.14	-1.01	-0.15	-0.50	0.03	-0.12
D9	-0.56	0.56	0.06	-0.06	-0.01	-0.31	0.00	-0.02	-0.55	-0.06	-0.44	0.11	0.14	-0.92	-0.15	-0.20	0.03	-0.12
D6	0.65	0.29	-0.75	-0.06	-0.01	-0.95	0.00	-0.02	-0.09	-0.06	-1.04	0.11	0.14	-0.42	-0.15	0.80	0.03	-0.12
D7	-1.03	0.58	1.40	0.00	-0.01	-0.37	0.16	0.04	-0.17	-0.66	-0.79	0.07	0.18	-0.63	-0.30	-1.09	-0.36	-0.17
D4	1.54	-0.46	-0.93	-0.17	-0.11	-1.21	0.16	0.38	0.14	0.34	-0.79	0.87	0.14	-0.03	-0.43	1.40	0.20	-0.40
D5	1.43	-0.41	-0.95	-0.06	-0.01	-1.08	0.00	-0.02	0.13	-0.06	-0.80	0.11	0.14	0.03	-0.15	1.46	0.03	-0.12
D2	-0.54	0.77	-0.03	-0.06	-0.01	-0.34	0.00	-0.02	-0.24	-0.06	-0.37	0.11	0.14	-0.83	-0.15	0.00	0.03	-0.12
D3	0.93	-0.24	-0.90	-0.06	0.09	-0.95	0.09	-0.50	-0.21	-0.02	-0.84	-0.06	0.16	-0.05	-0.07	1.12	0.06	-0.07
D1	-0.83	0.73	1.09	-0.06	-0.01	-0.27	0.00	-0.02	0.12	-0.06	-0.29	0.11	0.14	-0.98	-0.15	-0.47	0.03	-0.12
