G7	-0.87	1.54	0.51	0.24	-0.48	-0.39	-0.81	-0.04	1.72	0.74	0.19	-1.75	0.34	-0.39	0.29	0.67	0.03	-0.63
G6	-0.74	1.63	-0.07	0.07	-0.18	0.31	-0.42	-0.19	1.28	0.29	0.04	0.04	0.34	-0.31	0.03	0.53	-0.29	-0.02
G5	-0.36	1.31	-0.01	0.07	-0.18	-0.75	-0.42	-0.19	1.36	0.29	0.14	0.04	0.34	-0.43	0.03	1.28	-0.29	-0.02
G4	1.28	-0.31	-0.73	0.07	-0.18	-0.82	-0.42	-0.19	-0.28	0.29	0.33	0.04	0.34	-0.48	0.03	-0.13	-0.29	-0.02
G3	0.52	-0.25	-0.87	0.07	-0.18	-0.47	-0.42	-0.19	-1.06	0.29	0.08	0.04	0.34	-0.46	0.03	0.30	-0.29	-0.02
G2	0.52	-0.69	0.45	0.07	-0.18	-0.01	-0.42	-0.19	-0.03	0.29	0.15	0.04	0.34	-0.33	0.03	0.42	-0.29	-0.02
G1	-0.54	0.66	0.63	0.11	-0.03	-0.17	-0.34	-0.49	0.67	0.46	0.13	0.37	0.34	-0.54	0.17	-0.31	-0.39	0.36
G9	-0.68	1.09	0.59	0.07	-0.18	-0.66	-0.42	-0.19	1.21	0.29	0.05	0.04	0.34	-0.46	0.03	0.49	-0.29	-0.02
G8	-0.95	1.70	0.88	0.07	-0.18	0.05	-0.42	-0.19	2.28	0.29	0.09	0.04	0.34	-0.12	0.03	0.13	-0.29	-0.02
N6	-1.23	0.12	1.63	-0.14	5.00	0.60	1.70	0.60	0.65	-0.79	-0.88	0.69	-2.65	0.12	-0.63	1.07	0.38	-0.39
N7	-0.66	0.57	1.35	0.20	-0.94	-1.65	1.35	0.14	1.15	-0.89	-1.13	0.78	-2.57	-0.48	0.66	1.43	-0.01	-1.32
B4	1.50	-1.70	1.22	0.07	-0.18	0.30	-0.42	-0.19	0.24	0.29	2.17	0.04	0.34	-0.72	0.03	-2.15	-0.29	-0.02
B5	-0.50	-0.37	0.40	0.07	-0.18	0.00	-0.42	-0.19	-0.86	0.29	-0.13	0.04	0.34	0.06	0.03	-1.36	-0.29	-0.02
B6	2.38	-1.11	-0.27	0.07	-0.18	-0.92	-0.42	-0.19	0.61	0.29	0.54	0.04	0.34	-0.20	0.03	0.55	-0.29	-0.02
B7	0.44	0.40	-1.40	-3.67	-0.48	0.27	-0.13	-0.82	0.04	-0.13	0.90	0.95	0.15	0.26	0.01	1.42	-0.55	0.53
B1	-0.77	0.73	-1.17	0.07	-0.18	0.44	-0.42	-0.19	-0.06	0.29	2.11	0.04	0.34	1.01	0.03	-1.37	-0.29	-0.02
B2	2.39	-1.75	-3.29	0.07	-0.18	1.78	-0.42	-0.19	-2.52	0.29	2.46	0.04	0.34	1.03	0.03	-1.54	-0.29	-0.02
B3	-0.03	-0.98	0.63	-1.14	0.42	0.94	2.21	-0.18	-0.15	-0.97	0.04	0.92	-0.40	-0.55	0.29	0.19	3.28	5.00
B8	2.13	-0.99	-3.11	2.98	0.27	2.57	-0.39	-0.75	-0.55	0.92	1.05	-1.32	-0.18	3.75	0.42	-1.40	-3.52	-0.31
B9	0.85	0.67	-0.46	0.07	-0.18	-0.41	-0.42	-0.19	1.09	0.29	0.46	0.04	0.34	-0.18	0.03	-0.47	-0.29	-0.02
N5	-0.31	-0.07	0.25	0.07	-0.18	-0.06	-0.42	-0.19	0.78	0.29	2.23	0.04	0.34	0.99	0.03	-1.90	-0.29	-0.02
P10	0.37	-0.11	-0.76	0.07	-0.18	0.01	-0.42	-0.19	-0.57	0.29	-0.57	0.04	0.34	0.52	0.03	-0.36	-0.29	-0.02
P11	-0.36	-0.28	-0.07	-1.64	0.57	0.00	1.12	0.31	-0.87	-0.42	-0.68	-1.59	-1.56	0.07	-1.18	1.38	1.09	1.36
P12	-0.54	-0.82	0.42	0.07	-0.18	0.37	-0.42	-0.19	-1.54	0.29	-0.46	0.04	0.34	0.09	0.03	-1.33	-0.29	-0.02
E9	-0.91	1.02	0.26	0.07	-0.18	-0.34	-0.42	-0.19	0.58	0.29	0.05	0.04	0.34	-0.44	0.03	0.63	-0.29	-0.02
E8	-0.85	1.05	1.24	0.07	-0.18	-0.26	-0.42	-0.19	1.95	0.29	0.12	0.04	0.34	-0.05	0.03	0.18	-0.29	-0.02
E5	-0.80	0.87	0.89	0.07	-0.18	-0.15	-0.42	-0.19	1.01	0.29	0.12	0.04	0.34	-0.45	0.03	-0.28	-0.29	-0.02
E4	-0.86	1.39	0.57	0.07	-0.18	-0.10	-0.42	-0.19	1.38	0.29	0.11	0.04	0.34	-0.33	0.03	-0.25	-0.29	-0.02
E7	-0.78	0.85	0.52	0.07	-0.18	-0.12	-0.42	-0.19	0.87	0.29	0.18	0.04	0.34	-0.28	0.03	0.39	-0.29	-0.02
E6	-0.49	1.06	-0.27	0.07	-0.18	-0.70	-0.42	-0.19	0.61	0.29	0.06	0.04	0.34	-0.32	0.03	1.06	-0.29	-0.02
E1	0.01	0.46	0.32	0.07	-0.18	-0.42	-0.42	-0.19	0.82	0.29	0.15	0.04	0.34	-0.38	0.03	0.40	-0.29	-0.02
P8	-0.66	-0.48	1.78	0.07	-0.18	0.32	-0.42	-0.19	0.02	0.29	-0.42	0.04	0.34	-0.14	0.03	-1.98	-0.29	-0.02
E3	1.33	-0.50	-1.16	0.07	-0.18	-0.45	-0.42	-0.19	-0.88	0.29	-1.51	0.04	0.34	-0.20	0.03	2.02	-0.29	-0.02
E2	-0.14	-0.11	-0.70	0.07	-0.18	-0.85	-0.42	-0.19	-1.31	0.29	0.12	0.04	0.34	-0.55	0.03	0.72	-0.29	-0.02
P2	1.83	-2.02	0.61	1.94	-1.84	1.10	2.35	5.00	-0.18	-5.00	-0.63	0.26	-4.54	-2.32	5.00	1.66	0.19	0.21
P3	1.42	-1.20	-1.00	0.07	-0.18	0.66	-0.42	-0.19	-1.15	0.29	-0.60	0.04	0.34	0.30	0.03	0.81	-0.29	-0.02
P1	1.58	0.25	-1.16	0.07	-1.69	-0.95	-0.43	-0.32	0.43	0.18	-0.68	0.02	0.25	0.20	0.09	0.33	-0.82	0.90
P6	0.08	-0.75	0.83	-0.68	0.12	-0.52	1.43	0.07	0.20	-1.05	-0.12	0.52	-2.63	-0.29	0.61	1.06	1.70	0.36
P7	0.43	-0.28	-0.76	0.07	-0.18	0.17	-0.42	-0.19	-0.85	0.29	-0.45	0.04	0.34	0.29	0.03	-0.26	-0.29	-0.02
P4	0.59	-1.44	0.04	-0.89	-0.63	-0.25	3.30	-0.99	-1.85	-1.79	-4.02	1.07	1.31	-0.09	-0.65	0.78	2.95	-0.91
P5	-0.44	-0.77	1.02	0.07	-0.18	0.18	-0.42	-0.19	-0.71	0.29	-0.43	0.04	0.34	-0.01	0.03	-1.01	-0.29	-0.02
H10	0.35	-2.22	0.44	-1.84	0.57	-5.00	2.18	2.32	-1.04	-3.71	-0.46	-5.00	-2.09	2.10	2.50	-2.23	2.93	-2.67
H11	0.18	-1.81	0.92	0.07	-0.18	0.39	-0.42	-0.19	-1.42	0.29	0.10	0.04	0.34	0.55	0.03	-2.66	-0.29	-0.02
H12	0.79	-1.82	1.30	0.07	-0.18	-0.50	-0.42	-0.19	-1.11	0.29	-2.09	0.04	0.34	0.09	0.03	-1.19	-0.29	-0.02
P9	-0.49	-1.11	1.22	0.07	-0.18	0.37	-0.42	-0.19	-1.27	0.29	-0.45	0.04	0.34	-0.19	0.03	-1.77	-0.29	-0.02
F12	2.16	-0.81	-1.31	0.07	-0.18	-0.65	-0.42	-0.19	-0.75	0.29	0.24	0.04	0.34	-0.49	0.03	-0.01	-0.29	-0.02
F10	0.12	-0.72	-0.32	0.07	-0.18	0.38	-0.42	-0.19	-1.33	0.29	0.11	0.04	0.34	-0.21	0.03	-0.02	-0.29	-0.02
F11	0.42	-0.70	-0.21	0.07	-0.18	0.00	-0.42	-0.19	-1.14	0.29	0.17	0.04	0.34	-0.55	0.03	-0.15	-0.29	-0.02
N12	-0.99	0.74	0.09	-0.60	-0.18	0.53	-0.45	0.11	0.11	0.20	-0.22	-0.01	1.35	0.31	-0.09	-1.02	-0.17	-0.54
H8	-1.06	0.90	0.40	-3.42	0.12	2.42	3.22	1.43	1.46	-1.51	2.35	1.31	-0.18	0.89	-4.02	1.12	-1.13	0.79
H9	-0.59	0.55	1.67	-0.14	0.27	0.31	1.65	0.76	0.89	-0.44	-0.32	0.49	-0.45	-2.94	-0.88	2.24	3.43	0.41
H6	-0.84	-0.01	0.63	0.07	-0.18	0.49	-0.42	-0.19	-0.17	0.29	-0.33	0.04	0.34	0.20	0.03	-0.22	-0.29	-0.02
H7	-0.80	1.47	-0.40	0.07	-0.18	0.28	-0.42	-0.19	1.71	0.29	2.25	0.04	0.34	0.56	0.03	-0.37	-0.29	-0.02
H4	-0.64	1.51	-1.39	0.07	-0.18	0.04	-0.42	-0.19	1.01	0.29	2.17	0.04	0.34	0.73	0.03	0.18	-0.29	-0.02
H5	-1.06	0.24	0.50	-0.26	-0.03	0.60	1.56	1.94	0.06	-0.71	-0.31	0.49	-1.02	-0.08	-0.71	1.19	1.19	-0.68
D10	-0.86	0.77	0.31	0.07	-0.18	-0.18	-0.42	-0.19	0.16	0.29	0.05	0.04	0.34	-0.52	0.03	-0.02	-0.29	-0.02
D11	-0.61	0.54	-0.37	0.07	-0.18	0.12	-0.42	-0.19	-0.57	0.29	0.11	0.04	0.34	-0.44	0.03	-0.04	-0.29	-0.02
D12	0.14	0.24	-0.32	0.07	-0.18	-0.22	-0.42	-0.19	-0.38	0.29	0.13	0.04	0.34	-0.58	0.03	-0.39	-0.29	-0.02
B12	2.17	-1.29	-0.96	5.00	-0.18	-0.48	-0.58	-0.03	-0.02	0.37	-0.17	1.16	0.81	-0.85	2.35	1.16	2.43	1.22
B10	2.30	-1.33	-1.51	0.07	-0.18	-1.02	-0.42	-0.19	-0.68	0.29	1.20	0.04	0.34	0.37	0.03	-0.03	-0.29	-0.02
B11	1.87	-1.31	-0.61	0.07	-0.18	-0.69	-0.42	-0.19	-0.00	0.29	0.22	0.04	0.34	0.90	0.03	-0.02	-0.29	-0.02
Q8	0.13	-0.86	1.69	0.07	-0.18	0.10	-0.42	-0.19	-0.56	0.29	-0.40	0.04	0.34	-1.30	0.03	-1.85	-0.29	-0.02
Q9	-0.15	-0.62	0.75	0.07	-0.18	-0.36	-0.42	-0.19	-0.45	0.29	-0.31	0.04	0.34	-0.05	0.03	-0.57	-0.29	-0.02
C9	-0.91	1.51	0.12	0.07	-0.18	-0.05	-0.42	-0.19	0.92	0.29	0.10	0.04	0.34	-0.44	0.03	-0.20	-0.29	-0.02
C8	-0.60	0.62	-0.69	-0.01	-0.48	-0.41	-0.57	0.28	-0.81	0.29	0.04	-0.08	0.35	-0.52	0.04	0.57	-0.46	-0.28
Q11	0.85	-0.78	-0.81	0.07	-0.18	0.37	-0.42	-0.19	-1.09	0.29	-0.40	0.04	0.34	0.34	0.03	-0.35	-0.29	-0.02
Q10	0.63	-1.40	-0.86	1.82	1.47	0.04	2.63	0.70	-1.79	-1.50	-3.90	1.64	-0.67	2.94	-1.49	-1.11	0.61	-2.50
Q12	1.05	-0.82	-0.47	-3.84	-0.18	0.84	-2.08	-1.39	-1.34	0.30	-3.38	-0.65	2.55	0.75	1.34	-0.77	-2.51	1.34
C3	1.59	-0.85	-1.28	0.07	-0.18	-0.33	-0.42	-0.19	-0.51	0.29	0.97	0.04	0.34	0.37	0.03	0.03	-0.29	-0.02
C2	1.93	-1.13	-0.74	0.07	-0.18	-0.84	-0.42	-0.19	-0.14	0.29	1.04	0.04	0.34	0.43	0.03	-0.99	-0.29	-0.02
C1	-0.58	-0.52	0.54	0.07	-0.18	-0.20	-0.42	-0.19	-0.94	0.29	-0.00	0.04	0.34	-0.55	0.03	0.59	-0.29	-0.02
C7	-0.90	1.65	0.76	0.07	-0.18	0.04	-0.42	-0.19	2.10	0.29	0.08	0.04	0.34	-0.20	0.03	0.26	-0.29	-0.02
C6	-0.96	1.66	-0.02	0.07	-0.18	-0.12	-0.42	-0.19	1.09	0.29	0.04	0.04	0.34	-0.31	0.03	0.29	-0.29	-0.02
C5	-0.91	1.52	0.13	0.07	-0.18	-0.05	-0.42	-0.19	0.95	0.29	0.10	0.04	0.34	-0.44	0.03	-0.20	-0.29	-0.02
C4	-0.60	0.76	-0.10	0.07	-0.18	0.26	-0.42	-0.19	0.16	0.29	0.05	0.04	0.34	-0.34	0.03	0.33	-0.29	-0.02
N10	-1.23	0.79	-0.27	-0.43	-1.39	2.17	1.65	2.11	1.08	-0.42	0.20	0.09	-1.89	3.30	-2.16	-0.80	-1.02	-1.09
N8	-0.48	-0.55	0.31	0.07	-0.18	0.33	-0.42	-0.19	-1.08	0.29	0.15	0.04	0.34	0.61	0.03	-3.02	-0.29	-0.02
N9	-0.02	-0.17	0.71	0.07	-0.18	0.23	-0.42	-0.19	0.31	0.29	0.12	0.04	0.34	0.30	0.03	-2.07	-0.29	-0.02
N11	-0.56	0.09	-0.79	0.07	-0.18	0.26	-0.42	-0.19	-1.18	0.29	-0.64	0.04	0.34	0.15	0.03	1.14	-0.29	-0.02
G12	0.14	-0.75	-0.14	0.07	-0.18	0.12	-0.42	-0.19	-1.04	0.29	0.35	0.04	0.34	-0.21	0.03	0.23	-0.29	-0.02
G11	0.69	-0.52	0.31	-0.30	0.42	0.49	-0.59	-2.85	1.27	-0.32	1.48	-2.02	1.38	-0.03	-0.39	2.11	0.59	4.91
G10	-1.11	1.91	0.71	0.07	-0.18	0.02	-0.42	-0.19	2.26	0.29	0.12	0.04	0.34	-0.14	0.03	0.42	-0.29	-0.02
F1	-0.61	0.78	0.16	0.07	-0.18	-0.21	-0.42	-0.19	0.45	0.29	0.14	0.04	0.34	-0.22	0.03	-0.17	-0.29	-0.02
F2	-0.54	0.84	-0.44	0.07	-0.18	-0.60	-0.42	-0.19	0.13	0.29	0.05	0.04	0.34	-0.26	0.03	1.12	-0.29	-0.02
F3	-0.85	0.73	0.04	0.07	-0.18	-0.33	-0.42	-0.19	0.07	0.29	0.06	0.04	0.34	-0.35	0.03	0.64	-0.29	-0.02
F4	2.09	-0.88	-1.06	3.02	0.12	-0.32	-0.29	-0.39	0.22	0.75	0.53	0.14	0.46	0.04	1.73	-0.34	-0.26	1.13
F5	-0.74	1.11	-0.48	0.07	-0.18	-0.17	-0.42	-0.19	-0.11	0.29	0.06	0.04	0.34	-0.54	0.03	0.17	-0.29	-0.02
F6	-0.77	0.73	-0.22	0.07	-0.18	-0.22	-0.42	-0.19	-0.41	0.29	0.05	0.04	0.34	-0.61	0.03	0.20	-0.29	-0.02
F7	-0.44	0.81	-1.01	0.07	-0.18	-0.58	-0.42	-0.19	-0.47	0.29	0.07	0.04	0.34	-0.29	0.03	1.08	-0.29	-0.02
F8	-0.26	0.87	-0.80	0.07	-0.18	-0.52	-0.42	-0.19	-0.15	0.29	0.15	0.04	0.34	-0.39	0.03	0.47	-0.29	-0.02
F9	0.62	-0.00	0.27	0.07	-0.18	-0.65	-0.42	-0.19	0.62	0.29	0.10	0.04	0.34	-0.33	0.03	-0.15	-0.29	-0.02
Q1	-0.17	0.02	1.92	-0.43	1.17	0.58	-0.17	-1.76	1.79	0.60	-0.42	-0.46	-1.61	-0.50	0.60	0.89	1.02	-0.94
Q3	-0.64	-0.61	1.00	-0.55	0.12	-0.21	1.79	0.51	-0.52	-0.48	-0.22	0.47	-1.99	-0.12	-1.10	0.54	0.95	-0.08
Q2	-0.32	-0.46	0.77	0.07	-0.18	-0.06	-0.42	-0.19	-0.42	0.29	-0.48	0.04	0.34	0.04	0.03	-0.85	-0.29	-0.02
Q5	1.75	-1.53	-0.15	2.19	0.27	0.28	3.11	0.07	-0.80	-2.31	-3.97	1.93	-0.28	-0.08	2.03	0.25	1.96	-2.73
Q4	-0.43	-1.00	0.64	0.07	-0.18	0.00	-0.42	-0.19	-1.48	0.29	-0.20	0.04	0.34	-0.09	0.03	-1.29	-0.29	-0.02
Q7	2.18	-2.90	-0.52	0.07	-0.18	-0.30	-0.42	-0.19	-2.51	0.29	-0.81	0.04	0.34	0.31	0.03	-0.43	-0.29	-0.02
Q6	0.42	-1.21	-3.99	3.02	0.42	0.75	2.04	1.05	-2.06	1.74	-0.66	1.19	-2.43	4.81	0.36	1.05	1.14	-0.37
E11	-0.59	1.25	0.31	0.07	-0.18	-0.26	-0.42	-0.19	1.14	0.29	0.15	0.04	0.34	-0.38	0.03	-0.22	-0.29	-0.02
E10	1.13	-0.23	-1.00	0.07	-0.18	0.86	-0.42	-0.19	0.19	0.29	1.09	0.04	0.34	0.21	0.03	0.12	-0.29	-0.02
E12	-0.63	0.89	1.02	-0.01	-0.48	-0.47	-0.40	0.30	1.67	0.30	0.15	0.14	0.31	-0.10	-0.09	0.11	-0.22	-0.02
C12	-0.94	1.03	0.03	0.07	-0.18	-0.01	-0.42	-0.19	0.22	0.29	0.11	0.04	0.34	-0.35	0.03	-0.21	-0.29	-0.02
C11	-0.56	1.17	-0.57	0.07	-0.18	-0.69	-0.42	-0.19	0.33	0.29	0.05	0.04	0.34	-0.38	0.03	1.14	-0.29	-0.02
C10	-0.85	0.98	0.47	0.07	-0.18	-0.07	-0.42	-0.19	0.59	0.29	0.11	0.04	0.34	-0.56	0.03	-0.23	-0.29	-0.02
A11	-1.00	0.39	1.23	-0.39	3.12	2.15	2.37	1.57	-0.49	-1.45	0.37	0.64	1.25	-3.12	-2.60	0.42	4.16	-0.25
A10	1.29	-0.30	-0.74	0.07	-0.18	-0.85	-0.42	-0.19	-0.28	0.29	0.32	0.04	0.34	-0.47	0.03	-0.13	-0.29	-0.02
A12	-0.74	0.47	1.53	-2.68	0.12	0.59	-0.31	-3.42	1.10	1.50	-0.54	-1.52	-2.81	-0.10	-1.39	1.08	1.43	0.41
A1	0.18	-0.36	-0.04	0.07	-0.18	-0.07	-0.42	-0.19	-1.01	0.29	-0.36	0.04	0.34	-0.21	0.03	-1.69	-0.29	-0.02
A3	-0.90	0.07	0.21	-0.51	0.72	0.42	1.49	1.13	-0.37	-0.89	-0.29	0.61	-0.60	-0.09	-0.75	1.17	1.07	-0.77
A2	-1.10	-0.21	1.26	-0.35	5.00	2.51	1.64	0.90	0.21	-0.24	-0.14	0.88	-2.70	0.47	-1.47	0.51	0.44	0.30
A5	-0.06	-0.31	-1.91	-0.14	0.42	-0.31	1.54	0.19	-0.12	-0.55	-0.16	0.81	-3.29	4.06	-0.02	1.00	-1.23	0.24
A4	-0.58	0.26	1.86	-0.22	-1.24	2.63	-1.56	1.45	1.41	0.20	0.33	-5.00	0.25	0.42	-2.51	-1.23	-0.06	3.90
A7	0.80	-1.56	0.32	-0.97	-0.48	0.16	2.75	5.00	-1.25	-5.00	-0.23	-0.08	-1.46	-1.37	1.21	-0.35	3.56	-2.93
A6	-0.87	-0.21	1.29	-0.60	5.00	-0.20	1.43	0.93	0.02	-0.41	-0.46	0.54	-2.04	-0.14	-0.95	0.56	0.62	0.01
A9	-0.60	-0.36	1.32	0.07	-0.18	0.47	-0.42	-0.19	0.17	0.29	-0.32	0.04	0.34	0.47	0.03	-1.98	-0.29	-0.02
A8	-0.87	0.01	0.70	-0.93	-0.63	0.31	1.18	-0.15	-0.50	-0.41	-0.43	1.33	-1.06	-0.20	-1.40	0.34	0.73	-2.93
D8	-0.95	0.93	0.77	0.07	-0.18	-0.28	-0.42	-0.19	1.03	0.29	0.05	0.04	0.34	-0.29	0.03	0.35	-0.29	-0.02
D9	-0.75	0.78	-0.26	0.07	-0.18	-0.36	-0.42	-0.19	-0.23	0.29	0.05	0.04	0.34	-0.49	0.03	0.49	-0.29	-0.02
D6	-0.46	0.80	-0.75	0.07	-0.18	-0.61	-0.42	-0.19	-0.26	0.29	0.07	0.04	0.34	-0.39	0.03	1.15	-0.29	-0.02
D7	-0.59	0.98	-0.35	0.07	-0.18	-0.50	-0.42	-0.19	0.15	0.29	0.08	0.04	0.34	-0.41	0.03	0.43	-0.29	-0.02
D4	1.88	-0.92	-1.09	0.07	-0.18	-0.45	-0.42	-0.19	0.03	0.29	1.35	0.04	0.34	0.48	0.03	-0.22	-0.29	-0.02
D5	1.70	-0.53	-1.13	0.07	-0.18	0.80	-0.42	-0.19	0.23	0.29	1.13	0.04	0.34	0.29	0.03	0.02	-0.29	-0.02
D2	-1.04	1.08	-0.17	0.07	-0.18	-0.27	-0.42	-0.19	-0.03	0.29	0.05	0.04	0.34	-0.47	0.03	0.31	-0.29	-0.02
D3	1.04	-0.29	-1.04	0.07	-0.18	1.13	-0.42	-0.19	-0.09	0.29	1.05	0.04	0.34	0.15	0.03	0.06	-0.29	-0.02
D1	-1.03	1.19	0.90	0.07	-0.18	-0.18	-0.42	-0.19	1.50	0.29	0.09	0.04	0.34	-0.18	0.03	0.17	-0.29	-0.02
