
Last position-specific scoring matrix computed, weighted observed percentages rounded down, information per position, and relative weight of gapless real matches to pseudocounts
            A   R   N   D   C   Q   E   G   H   I   L   K   M   F   P   S   T   W   Y   V   A   R   N   D   C   Q   E   G   H   I   L   K   M   F   P   S   T   W   Y   V
    1 S     2  -1   0  -1  -1   0   0   0  -1  -3  -3  -1  -2  -3  -1   4   1  -3  -2  -2   17   0   0   0   0   0   0   0   0   0   0   0   0   0   0  83   0   0   0   0  0.48 0.04
    2 A     3  -1  -1  -2   2  -1  -1  -1  -2  -3  -3   1  -2  -3  -2   4   0  -4  -3  -2   35   0   0   0   5   0   0   0   0   0   0  12   0   0   0  49   0   0   0   0  0.53 0.16
    3 P    -2  -3  -4  -4  -3  -3  -2  -4  -3   2   1  -3   6  -2   5  -3  -2  -3   1   0    0   0   0   0   0   0   2   0   0  17   9   0  35   0  28   0   0   0   7   2  0.83 0.26
    4 A     2  -2  -1   0  -3   0   3   0  -1  -3  -3   0  -3  -4  -2   2   3  -4  -3  -2   16   0   1   4   0   2  22   6   1   0   0   4   0   0   0  19  24   0   0   0  0.41 0.20
    5 L    -4  -5  -6  -6  -4  -5  -5  -5  -4  -2   3  -5   0   5  -6  -5  -4   8   3  -3    0   0   0   0   0   0   0   0   0   0  35   0   1  28   0   0   0  24  11   0  1.40 0.41
    6 T    -3  -4  -3  -4  -4  -3  -4  -4  -4  -3  -4  -3  -3  -5  -4   2   7  -5  -4   0    0   0   0   0   0   0   0   0   0   0   0   0   0   0   0  11  84   0   0   5  1.63 0.55
    7 K    -1   0   0   3  -3   1   1  -3  -2  -1  -1   1  -2  -4   4   0  -1  -4  -3  -1    4   3   3  18   0   5  12   0   0   3   7  10   0   0  20   6   2   0   0   6  0.34 0.15
    8 S     1  -3  -2   0  -2  -2  -2  -2  -3   1   0  -2  -1  -2  -2   3   3  -4  -3   1   14   0   0   5   0   0   1   0   0   7  10   0   0   1   1  26  21   0   0  13  0.31 0.21
    9 Q    -2  -2  -3  -3  -5   7   1   1  -2  -5  -3   0  -3  -5  -2  -2  -1  -5  -4  -2    1   0   0   0   0  65   7  13   0   0   2   4   0   0   1   1   3   0   0   2  1.19 0.46
   10 T     0   2  -2  -3  -4   1   0  -3  -3   1   0   5  -2  -4  -3  -1   1  -4  -3  -1    8  11   0   0   0   6   3   0   0  10   8  42   0   0   0   1   8   0   1   2  0.45 0.25
   11 D    -3   3   1   1  -5   6   2  -1  -2  -5  -5   3  -3  -5  -3  -2  -2  -5  -4  -5    0  15   6   6   0  39  14   3   0   0   0  15   0   0   0   1   1   0   0   0  0.86 0.36
   12 R    -3   7  -3  -4  -5  -2  -3  -5  -1  -2  -3   2   0  -5  -4  -2  -1  -5  -4  -1    2  70   0   0   0   0   0   0   1   2   2  11   2   0   0   3   3   0   0   6  1.30 0.45
   13 L    -2  -4  -5  -5  -3  -4  -4  -2  -5   3   5  -2   0  -1  -4  -4  -1  -4  -3   2    2   0   0   0   0   0   0   4   0  18  59   3   0   1   0   0   2   0   0  10  0.75 0.31
   14 E    -1   2   1  -2  -4   2   2   0  -1  -2  -3   3  -1  -4  -3   1   1  -4  -3  -2    2  10   7   0   0   9  15   7   0   3   2  25   1   0   0   9   9   0   0   1  0.35 0.20
   15 V     1  -3  -3  -1  -5   1   6  -3  -1  -2  -3  -1   0  -5  -2  -1   0  -5  -4  -2   11   0   0   2   0   5  58   1   1   2   2   1   3   0   2   4   7   0   0   2  0.84 0.40
   16 L    -3  -3  -5  -5  -4  -4  -2   1  -4   1   5  -3   0  -1  -5  -2  -3  -4   0   0    0   1   0   0   0   0   4  10   0   6  65   1   1   1   0   4   0   0   3   4  0.73 0.35
   17 L    -2   0   3   0  -4  -2  -2   2  -3   0   2  -1   0   0  -4  -2  -2  -3  -1  -1    1   4  19   4   0   1   2  19   0   3  31   5   1   4   0   0   1   0   2   2  0.27 0.21
   18 N     3  -1   0   2  -3   1   1   0  -2  -1  -2   0  -2  -2  -1   1  -1  -4  -3  -1   35   3   3  11   0   6  12   5   0   3   2   3   1   2   2   8   2   0   0   3  0.26 0.19
   19 P     0  -1  -1   0  -3  -1   0  -2   1   0  -1   1   1  -2   3   1   0  -3   0  -1   10   3   0   7   0   1   7   2   5   6   5   8   6   0  18  11   5   0   3   4  0.20 0.12
   20 K     0   1  -1   1  -3   0   2   1  -2  -1   0   2  -1  -2  -1   0   0  -3  -2  -2    7   7   1   8   0   3  17  10   0   3  13  17   0   1   3   5   4   0   1   0  0.15 0.12
   21 D    -3  -3   2   4  -5  -2   4  -3  -3  -3  -2  -3  -3   5  -3  -2  -3  -3  -2  -4    1   1  10  22   0   0  28   2   0   1   3   0   0  30   1   1   0   0   0   0  0.81 0.37
   22 E     0  -2  -1   2   1   2   4  -3  -2  -2   0   0   0  -4  -3   0  -2  -4  -4  -1    8   1   2  12   3  10  37   0   0   2   9   5   2   0   0   5   1   0   0   3  0.44 0.25
   23 I    -1  -2  -1   2  -3  -2  -2  -3  -3   3   1  -2  -1  -2  -2   1   1  -4  -3   1    5   2   2  13   0   1   1   0   0  21  17   1   1   0   1  14  12   0   0  11  0.24 0.19
   24 S     1   0   0   0  -3   1   0  -2  -1  -2  -2   2  -2  -2   0   2   2  -3  -2  -1   15   5   2   4   0   5   5   1   1   2   1  15   1   2   5  15  15   0   1   3  0.20 0.14
   25 L     0  -1  -1   0  -2   2   2  -1  -1  -1   0   0   1   0  -2   0   0  -3  -1  -1   10   2   2   4   1  14  19   3   0   4   9   6   5   4   0   5   5   0   2   4  0.13 0.12
   26 N     0  -2   2   1  -4   1   4  -1  -2  -1  -1  -1  -2  -4  -2   0  -1   0  -3  -1   10   0   9   7   0   5  37   4   0   5   6   3   0   0   1   5   2   1   0   3  0.36 0.22
   27 S    -1   6  -1  -3  -4  -1   0  -3  -1  -3  -2   2  -2  -2  -4  -1   2  -5  -3  -2    3  49   2   0   0   1   6   1   1   1   4  11   1   1   0   2  13   0   0   2  0.74 0.34
   28 G    -2  -3   2   5  -5   0   3  -1  -3  -3  -3  -1  -4  -5   1   0  -1  -5  -4  -2    3   0   8  36   0   4  21   3   0   1   2   3   0   0   8   5   2   0   0   3  0.64 0.29
   29 K    -1   3  -1   0  -4   1   3  -2   0  -4  -2   4  -2  -2  -2   0  -1  -4  -3  -3    5  17   1   3   0   6  20   1   2   0   5  27   0   2   1   6   2   0   0   1  0.43 0.24
   30 P     3  -1  -2   0  -1   0   0  -2  -2  -2   0   0   1   0   1   1   1  -3  -1  -1   32   1   0   5   1   4   5   0   0   1   8   5   4   5   5   9   7   0   2   2  0.17 0.16
   31 F    -2  -2  -4  -5  -4  -3  -3  -5   0   2   0  -2  -2   7  -5  -4   0  -2   2  -1    3   2   0   0   0   1   2   0   3  10   5   3   0  56   0   0   5   0   6   2  1.04 0.40
   32 R    -1   3  -2  -3  -5   6   1  -3  -2  -3  -4   3  -3  -5  -4  -1  -2  -4  -1  -4    5  15   1   0   0  38   9   1   0   1   1  21   0   0   0   4   1   0   2   0  0.84 0.40
   33 E    -1   1  -1   1  -4   2   3  -3  -2  -1  -1   3  -1  -4  -3   0   0  -4  -3  -1    4   8   0   6   0  11  23   0   0   4   5  20   2   0   0   8   5   0   0   4  0.34 0.21
   34 L    -1  -1  -2  -3  -3   0  -1   0  -3   2   3   0   1   0  -2  -2   1  -1  -2   1    4   2   1   1   0   5   3   9   0  13  32   5   3   3   1   1   9   1   1   8  0.18 0.15
   35 E    -1   0   0   0  -5   0   6  -4   2  -4  -4   0   2  -4  -3  -1  -2  -5  -4  -2    4   4   3   4   0   3  56   0   4   0   1   5   6   1   1   4   2   0   0   3  0.84 0.40
   36 S    -1   1  -1  -1  -4   1   1  -1   1  -3  -3   3  -2  -2  -1   1   1   4  -2  -1    3   6   2   2   0   8  11   3   4   0   1  21   0   1   2  14   9   7   0   5  0.30 0.20
   37 E    -2   2  -1   1  -3   3   3  -3  -2  -2  -3   4  -2  -4  -3   0  -1  -4  -2  -3    2  11   1   8   0  12  20   1   1   3   2  26   1   0   0   7   4   0   1   1  0.47 0.26
   38 L    -2  -2  -2  -2  -4  -1  -4  -5  -3   0   5  -1   0  -2  -5  -3  -1  -4  -2  -1    3   3   2   2   0   2   0   0   0   4  71   3   1   0   0   2   3   0   1   1  0.87 0.41
   39 L     0   0  -2  -1  -3   0  -1  -2  -3   1   0   1   0   0  -1   1   0  -3  -1   3    7   5   0   3   0   6   2   2   0   6   8   9   1   4   2  14   3   0   1  25  0.12 0.14
   40 S     1   0   1  -1  -3   1   0  -1   0  -2  -2   1  -2  -3  -3   1   3  -4  -2  -1   10   5   5   3   0   6   5   3   3   2   3  10   0   1   0  12  28   0   1   3  0.26 0.21
   41 R     0   2  -1   0  -4   3   3  -3  -1   0  -1   2  -2  -2  -3   0  -2  -4   0  -1    7  14   1   5   0  14  19   1   0   7   6  12   0   1   0   5   0   0   4   4  0.27 0.20
   42 R    -1   4   2  -1  -3   1  -1   1  -1  -3  -4   0  -3  -4   1   2   0  -5  -4  -3    5  23  13   2   0   8   3  12   1   1   1   2   0   0   8  15   5   0   0   0  0.39 0.25
   43 K    -2   3  -3  -3  -4  -1   0  -4  -1  -1   0   3  -2  -1   0  -2  -2   2   3   1    1  15   0   0   0   2   7   0   1   3  10  24   0   2   5   0   2   3  13  11  0.34 0.25
   44 K     0   3  -1   0  -4   1   2  -4  -3  -5  -4   5  -4  -4  -1  -2  -3   2   2  -4    6  13   2   5   0   5  11   0   0   0   1  42   0   0   3   1   1   3   7   1  0.66 0.36
   45 D     1   1   0   2  -4  -2   0   4   0  -4  -4   1  -3  -5  -2  -2  -1  -5  -4  -2   11   7   4  13   0   1   4  40   2   1   1   8   0   0   2   1   3   0   0   2  0.54 0.29
   46 L    -2  -4  -4  -3  -4  -4  -4  -5  -4   1   3  -4  -1   5  -3  -3   3  -3  -2   2    2   0   0   1   0   0   0   0   0   8  28   0   0  26   1   0  20   0   0  12  0.69 0.37
   47 Q    -1   6   1   0  -5   1   0  -1   0  -3  -3   1  -2  -4  -1  -2  -2  -5  -4  -3    6  44   8   5   0   7   5   4   3   1   2   6   1   0   3   1   2   0   0   1  0.66 0.36
   48 Q     0   1  -1   5  -5   2   1  -2   0  -4  -4   0  -4  -5   0  -2  -1  -5  -3  -2    7   7   1  42   0   9   9   2   2   0   1   6   0   0   4   1   4   0   1   4  0.65 0.35
   49 I    -2  -3  -5  -5  -3  -3  -3  -5  -4   1   2  -3   2   7  -4  -4   0  -2   1   0    2   1   0   0   1   1   1   1   0   9  16   1   6  46   1   1   5   0   2   6  0.90 0.40
   50 Y     0   1  -3  -5  -3   0  -3  -5  -2  -1   1  -2   0   2   0  -3  -2  -1   6  -1    8   8   1   0   0   5   1   0   0   4  15   1   3   8   4   0   2   0  37   3  0.66 0.36
   51 A     0  -1  -2  -1  -5  -2   1  -4  -1  -5  -4  -1  -4  -3   7  -2  -1   1  -4  -4    9   4   2   2   0   1   9   1   2   0   2   3   0   1  55   2   4   2   1   0  1.25 0.51
   52 E     0  -2   1   1  -4   0   4   0   1  -2  -3   0  -1  -4   0   0  -1  -4  -2  -1    9   1   5   8   0   3  35   7   3   3   2   4   2   0   5   5   2   0   1   5  0.33 0.23
   53 E    -1  -1  -1   4  -4   0   3   3   0  -4  -4   1  -4  -4   0   0  -1  -4  -2  -3    5   3   1  24   0   4  19  20   3   1   0   8   0   0   4   4   3   0   1   1  0.46 0.26
   54 R    -2   4  -2  -3  -5   1  -2  -3   1  -3  -1   4   5  -3  -4  -1  -1  -5  -4  -2    3  24   1   1   0   6   1   2   4   1   4  27  17   1   0   3   3   0   0   2  0.67 0.39
   55 E    -1   5  -3  -4  -5   1   0  -1   1  -1  -1   1   1  -3  -1  -1  -1  -4  -4  -1    4  42   0   0   0   5   5   4   3   5   7   7   4   1   3   3   4   0   0   3  0.54 0.33
   56 N    -2  -1   4  -3  -5  -2  -3  -5   8  -6  -6  -2  -5  -5   3  -2  -1  -6  -1  -4    3   4  22   1   0   1   1   0  42   0   0   1   0   0  14   3   3   0   2   1  1.42 0.59
   57 Y    -1   0  -4  -3  -5  -2  -3  -4   2   0  -2  -3  -3   0   5  -2  -2   5   4   0    5   5   0   1   0   1   1   1   5   6   3   1   0   3  33   3   1   9  15   6  0.82 0.41
   58 L    -3   0  -5  -6  -4  -4  -5  -6  -5   3   5  -4   2  -2  -5  -4  -2   0  -1   0    1   6   0   0   0   0   0   0   0  18  58   1   5   1   0   1   1   1   2   4  0.96 0.44
   59 G    -1   1   0  -2   1   2  -1  -1  -1  -2  -2   0  -1   4  -3   0   2  -2   0  -2    5   8   4   1   3   9   3   5   1   2   3   5   2  23   0   7  17   0   2   2  0.25 0.23
   60 K     0   3   1   2  -4   3   2  -1   0  -2  -3   1  -2  -4  -3   0  -1  -2  -2  -1    7  18   5  12   0  14  13   3   2   2   1   8   1   0   0   5   3   0   1   4  0.32 0.22
   61 L    -2  -2  -2  -4  -3  -2  -3  -3   0   4   3  -2   1  -1  -4  -2   2  -4  -2   2    2   2   2   0   0   1   1   1   2  23  26   2   3   2   0   1  16   0   1  13  0.43 0.27
   62 E    -3  -3  -4  -4  -4  -1   2  -3  -4   5   0  -4   3   1  -5  -3  -2   7  -2  -1    1   1   0   0   0   3  18   2   0  32   7   0   7   6   0   1   2  16   0   2  0.82 0.43
   63 R    -2   5   1   3  -6   2   3  -4  -2  -5  -5   1  -2  -4  -4   0  -3  -5  -4  -5    2  31   5  15   0   7  24   1   1   0   1   5   1   0   0   6   1   0   0   0  0.77 0.40
   64 E    -2   2  -1   1  -5   2   5  -3  -2  -4  -4   2  -2  -5  -4  -1   1  -5  -1  -3    3  11   2   8   0   7  37   2   0   1   0  13   1   0   0   4   8   0   2   1  0.61 0.36
   65 I    -2  -5  -6  -6  -4  -5  -5  -6  -6   5   2  -5   1  -2  -5  -4   0  -2  -4   4    3   0   0   0   0   0   0   0   0  38  19   0   4   1   0   1   5   0   0  30  1.00 0.44
   66 T     2   5  -2  -3   1  -1   1  -3  -3  -1  -4  -1  -4  -5  -4   1   0  -5  -3  -1   22  37   1   1   3   1   9   0   0   4   0   2   0   0   0   8   6   0   1   5  0.63 0.39
   67 R    -1   4   0   2  -3   2   4  -2  -1  -5  -4   1  -4  -5  -4  -1  -2  -3  -4  -4    4  21   3  12   0  10  27   2   1   0   1   8   0   0   0   4   2   0   0   0  0.61 0.34
   68 F     1   2  -2  -4  -3  -3  -3  -4  -4   4   0  -1  -1   0  -4  -1   0   1  -3   1   14  11   1   0   0   1   1   0   0  33   8   3   1   5   0   5   5   2   0   8  0.36 0.26
   69 F    -2  -5  -5  -6  -3  -5  -5  -5  -4  -3   2  -5   1   8  -6  -4  -4  -3   3  -3    3   0   0   0   1   0   0   1   0   0  21   0   3  57   0   1   0   0  10   1  1.53 0.57
   70 V     0   0  -1  -2   0  -1  -1  -2  -1   2   2  -1   0  -1  -2  -1   0  -2   0   2    7   5   4   2   2   3   3   2   2  14  25   2   1   2   1   3   6   0   3  14  0.12 0.10
   71 D     0   0   2   2  -2   1   2   2   0  -3  -2   1  -1  -3  -2   1   0  -3  -2  -2    5   5   9  11   1   5  16  14   2   1   3   7   1   1   1  10   4   0   1   2  0.21 0.12
   72 R    -2   0   0  -2  -3  -1   0  -3   0  -1   2   0   7  -1  -3  -2  -2  -2   2  -2    3   5   6   2   0   3   5   2   3   2  16   5  34   1   1   3   2   1   7   1  0.55 0.28
   73 G    -3  -5  -4  -3  -6  -5  -6   7  -6  -7  -7  -5  -6  -7  -6  -4  -5  -6  -6  -7    1   0   0   2   0   0   0  94   0   0   0   0   0   0   0   1   0   0   0   0  2.41 0.81
   74 F    -6  -7  -7  -8  -5  -7  -7  -7  -5  -5  -4  -7  -4   9  -8  -5  -6  -3   5  -5    0   0   0   0   0   0   0   0   0   0   0   0   0  78   0   1   0   0  21   0  2.74 0.90
   75 L    -2   1  -2  -1  -4   3   2  -4  -2   0  -1   0   0  -1  -3   1   2  -4  -3   1    1   8   1   2   0  17  14   0   1   4   7   4   2   2   0   9  16   0   0  13  0.29 0.25
   76 E    -5  -2  -4  -2  -7   2   7  -6  -4  -3  -6  -2  -5  -7  -5  -4  -4  -7  -6   0    0   2   0   0   0   8  79   0   0   2   0   1   0   0   0   0   0   0   0   8  1.86 0.78
   77 I    -2  -3  -5  -6  -4  -5  -4  -6  -4   4  -1  -5   1   1  -5  -1  -3   0   5   4    2   1   0   0   0   0   1   0   0  22   4   0   3   4   0   4   0   1  21  36  0.92 0.45
   78 K    -1   1  -1   4  -5   1   3  -1  -1  -2  -2   2  -2  -3  -4  -1  -1  -2  -3  -2    3   7   1  26   0   4  21   4   1   2   4  14   1   1   0   4   4   1   0   3  0.43 0.27
   79 S     1  -3  -1  -3  -5  -3  -3   5  -4  -5  -5  -4  -4  -2  -4   1   4  -5  -3  -4   10   1   2   1   0   1   1  41   0   0   0   0   0   2   0   9  32   0   1   0  0.95 0.48
   80 P    -3  -5  -2   0  -5  -2  -1  -4  -5  -7  -7  -5  -6  -5   8  -1  -2  -6   2  -6    1   0   2   5   0   1   4   1   0   0   0   0   0   0  70   5   3   0   7   0  1.96 0.74
   81 I    -1  -3  -4  -3  -3  -2   1  -5   1   4   1  -3   1   0  -1  -2   0  -4   0   2    5   0   0   0   0   1  12   0   4  29  12   0   4   4   3   1   7   0   4  15  0.35 0.25
   82 L    -3  -1  -5  -4  -4  -3  -5  -6  -5   3   4  -4   1   2  -5  -5  -2  -4  -3   3    1   3   0   1   0   1   0   0   0  17  39   1   2  10   0   0   1   0   0  24  0.80 0.38
   83 I    -4  -4  -4  -1  -6   1   6  -5  -1   3  -1  -2  -1  -5  -3  -3   1  -6  -5  -1    0   0   0   1   0   5  55   0   1  17   5   1   1   0   1   1   7   0   0   4  1.01 0.52
   84 P    -1  -1  -2  -1  -5  -2  -1  -4  -1  -5  -5  -3  -5  -6   6   4   1  -6  -1  -3    4   3   1   3   0   1   3   0   1   0   1   1   0   0  37  35   7   0   2   1  1.06 0.52
   85 L     1   0  -2   2   0   2   1  -2  -2  -2   0   1  -1   0  -3  -1   1  -4  -2  -1   15   5   0  15   2  10   7   2   0   1  11  11   1   4   0   2  11   0   1   3  0.17 0.18
   86 E     0  -2  -1   4  -4  -1   4  -2   1  -4  -4  -1  -3   1  -2  -1  -2  -1  -1  -2    6   1   2  22   0   1  34   3   3   0   1   3   0   8   2   5   1   1   2   3  0.55 0.33
   87 Y     0  -4  -1  -5  -5  -3  -3  -5   4  -2   1  -4   2   3  -5  -1  -3   4   6  -3    7   1   3   0   0   1   1   0  11   1  16   0   5  10   0   4   0   6  32   1  0.87 0.43
   88 I    -1  -2  -4  -5  -4  -2  -4  -5  -4   1   2  -2   2   3   2  -3   0   2   1   2    4   2   0   0   0   2   0   0   0   7  22   1   6  15  12   0   6   3   5  14  0.40 0.26
   89 E     3   1  -2   3  -5   0   4  -2  -1  -4  -3   1  -4  -5  -4  -2  -2  -6  -5  -3   23   9   1  19   0   3  28   1   1   0   2   9   0   0   0   1   1   0   0   1  0.62 0.37
   90 R     0   4   0  -3  -4  -2  -2  -4  -4  -5  -3   6  -1  -6  -4  -1  -2  -6  -5  -3    7  22   3   1   0   1   1   0   0   0   3  53   2   0   0   4   1   0   0   2  1.09 0.51
   91 M    -1  -3  -3  -3  -4  -3  -2  -3  -2  -2   1   0   7  -1  -3   3   0  -5  -4   0    4   1   0   1   0   1   2   1   1   1  14   5  30   2   1  27   4   0   0   6  0.68 0.42
   92 G    -2  -3   2  -2  -1  -2  -3   5   3  -5  -3  -1  -1   2  -2   0   1  -2  -2  -4    2   1  12   1   1   1   1  41   7   0   1   3   2   8   2   6  10   0   1   0  0.60 0.34
   93 I    -1  -2  -3   1  -4   0   3  -1  -3   4   0  -2  -1  -3   0  -2  -2  -4  -3   0    4   1   1   7   0   4  19   6   0  35   8   2   1   0   4   2   1   0   0   5  0.37 0.27
   94 D    -1  -2   0   3  -5  -1   4  -1  -2  -3  -4  -1  -4  -4   4   0   0  -5  -4  -3    6   1   4  20   0   1  28   4   1   1   1   2   0   0  19   5   7   0   0   2  0.63 0.33
   95 N    -1  -1  -1   1  -3   1   1   0   3   2  -1   1  -2  -3   0  -1  -1  -4  -3  -1    3   2   2   7   0   8  12   9   9  21   4   8   0   0   4   5   4   0   0   2  0.16 0.18
   96 D    -1  -2   1   4  -4  -2   2   0  -1  -2  -1  -1  -1  -2  -1  -1   0   2  -2   1    3   1   6  23   0   0  16   7   1   1   5   3   1   1   3   3   5   3   1  15  0.25 0.20
   97 T    -1  -1   2   2  -3   0   1  -1   7  -4  -4   0  -3  -4  -2   1   0  -5  -2  -3    4   2   9  11   0   4   9   5  30   0   1   6   0   0   1  10   5   0   0   1  0.65 0.34
   98 E    -2  -1  -1  -1  -4   4   2  -1  -1  -2  -3   1  -3  -5   5  -1  -2  -5   0  -4    2   2   2   3   0  23  14   4   1   3   2   7   0   0  27   3   2   0   4   0  0.68 0.36
   99 L     1  -2  -3  -3  -3  -3  -3  -2  -4   1   4  -2   1  -1   0   0  -1  -1  -1   0   14   1   1   1   0   0   1   3   0   5  44   1   4   2   4   7   4   1   2   5  0.36 0.24
  100 S    -3   3  -2  -3  -5  -1   0  -3   1  -4  -3  -1  -2   3  -2   0  -3   4   5  -2    1  21   2   0   0   2   6   2   3   0   1   3   1  14   2   9   0   5  26   2  0.65 0.35
  101 K    -1   0   2   3   0   0   2   0   0  -3  -2   1  -3  -4  -3   1   0   1  -3  -3    5   4   9  16   2   3  15   8   2   0   4  10   0   0   0  13   6   2   0   1  0.26 0.18
  102 Q    -4  -3  -1  -3  -4   4  -2  -5  -4  -4  -1  -3   4   5  -5  -4  -1   8   0  -3    0   1   3   1   0  21   2   0   0   0   6   1  10  29   0   0   5  20   1   1  1.13 0.48
  103 I    -1  -1   1  -1  -1   0   1  -2  -1   1  -1   0   1   0  -3   0   2  -1   0   1    1   3   7   3   1   4  10   3   1   8   2   6   4   5   0   4  18   1   3  16  0.10 0.13
  104 F    -4  -3  -3   5  -5  -4  -2  -5  -2  -3  -1  -3  -4   6   0  -3  -4   0   5  -4    0   1   1  31   0   0   2   0   0   1   4   1   0  31   5   1   0   1  22   0  1.06 0.46
  105 R    -3   3  -2  -2  -5   1   0  -4   2  -1  -3   4  -2  -3  -3  -2  -1   7   3  -4    0  16   0   2   0   6   4   0   5   4   2  28   0   0   1   1   5  15  12   0  0.73 0.36
  106 V    -2  -4  -3  -3  -3  -3  -1   3  -4   2   1  -3   1   0  -4  -1  -1   6  -2   1    2   0   0   1   0   1   4  29   0  12  14   1   4   3   0   4   4  11   0  11  0.43 0.24
  107 D     0  -3   1   5  -5  -2   1   2  -3  -4  -5  -2  -2  -5  -4   2  -1  -6  -5  -5    6   0   6  36   0   1   8  19   0   0   0   1   1   0   0  19   3   0   0   0  0.75 0.36
  108 K    -2   5   0   1  -5  -1   2  -3  -2  -5  -4   3  -3  -5   1  -1  -1  -3  -4  -2    1  39   3   8   0   1  14   1   0   0   0  15   0   0   8   2   4   0   0   3  0.69 0.34
  109 N    -2   2   2   2  -5   1   3  -3   2  -5  -4   3  -2  -5  -3  -1  -2  -5  -3  -4    2  11  11  13   0   4  25   1   6   0   0  23   1   0   0   2   1   0   0   0  0.63 0.31
  110 F    -1   1  -3  -3  -2  -1  -2  -3  -2   2   2   0   2  -1  -3  -2   0  -4  -1   3    3   7   1   0   1   2   2   1   1  14  18   7   5   1   0   2   7   0   1  28  0.27 0.19
  111 C     4  -4  -4  -5   6  -4  -4  -3  -4  -1   1  -4  -2  -4  -4   0   0  -5  -4   1   38   0   0   0  18   0   0   1   0   3  15   0   0   0   0   7   7   0   0  12  0.69 0.36
  112 L    -4  -5  -6  -6  -4  -3  -4  -6  -5   2   6  -4   4  -2  -6  -5  -3  -4  -4  -1    0   0   0   0   0   1   1   0   0   8  76   1  12   0   0   0   1   0   0   1  1.32 0.50
  113 R    -4   8  -4  -5  -7  -1  -3  -6  -4  -5  -6   1  -5  -6  -5  -4  -1  -6  -5  -6    0  87   0   0   0   1   0   0   0   1   0   7   0   0   0   0   3   0   0   0  2.13 0.70
  114 P    -3  -2  -4  -4  -5  -4  -4  -5  -5  -5  -5  -4  -5  -6   7   0   5  -6  -5  -4    1   3   0   0   0   0   0   0   0   0   0   0   0   0  56   7  33   0   0   0  1.76 0.61
  115 M    -4  -3  -3  -3  -6  -1   4  -5   8  -4  -3  -3   6  -4  -5  -4  -4   3  -3  -2    0   0   0   0   0   2  32   0  36   0   1   0  23   0   0   0   0   4   0   2  1.50 0.59
  116 L    -3  -4  -1  -5   0  -4  -4  -5  -1  -1   4  -4   5  -3  -4  -2   4  -4  -4  -1    0   0   3   0   2   0   0   0   1   2  37   0  18   0   0   1  34   0   0   2  0.86 0.42
  117 A     2  -2  -3  -4   1  -3  -4  -4  -4  -4  -2  -3  -3  -5  -4   1   6  -5  -4  -3   19   2   0   0   3   0   0   0   0   0   4   0   0   0   0  10  61   0   0   0  1.14 0.52
  118 P     1  -4  -3  -4   1  -3  -4  -2   0  -3  -4  -3  -3  -5   7  -2  -2  -5  -5   0   12   0   1   0   3   1   0   2   2   1   1   0   1   0  61   3   2   0   0   9  1.47 0.49
  119 N    -1  -3   4  -2   1  -2  -2   0   1  -1  -3  -2  -1  -4  -1   2   3  -4  -3   1    2   0  20   1   3   0   0   9   3   2   1   0   1   0   2  18  23   0   0  13  0.40 0.26
  120 L    -2  -3  -3  -2  -3   2  -2  -4   0  -1   3  -3  -1  -1  -3   0   3  -3   0   1    1   0   0   1   0  10   1   0   3   1  37   0   0   1   0   7  22   0   3  13  0.40 0.26
  121 Y     3  -3  -3  -4   1  -3  -2  -2  -3   2  -1  -3  -1  -1  -3  -1  -1  -3   4   1   36   0   0   0   2   0   3   2   0  16   5   0   1   1   0   2   4   0  17   9  0.44 0.27
  122 N    -3   6   2  -3   1   1  -1  -3   0  -2  -3   1  -3  -2  -4  -2  -1  -4   0  -2    1  55   9   0   3   5   2   2   2   2   1   5   0   2   0   2   3   0   3   2  0.88 0.37
  123 Y    -1  -3  -3  -4  -3  -2  -2  -4   0   1   2  -3   6   0  -4  -1   0   0   4   1    4   1   0   0   0   1   3   0   2   7  17   1  24   1   0   4   7   1  17  11  0.46 0.26
  124 L    -2  -4  -4  -4  -2  -3  -4  -4  -4   2   3  -3   5   1  -4  -1  -2   2  -1   3    2   0   0   0   0   0   0   0   0  10  28   0  17   5   0   6   1   3   1  25  0.54 0.26
  125 R     3   2   0  -2  -3   0   1   0  -1  -1  -2   2  -1  -3  -2   0  -1  -3  -1   0   28  15   4   1   0   2   8   5   1   3   1  13   2   0   0   3   3   0   2   8  0.22 0.17
  126 K     2   1   1   2  -3   2   2  -1   2  -3  -3   1  -3  -2  -2   1  -1  -3  -1  -3   19   5   5  13   0  12  12   2   6   1   0  10   0   1   0   8   1   0   3   1  0.29 0.18
  127 L    -2   2  -1  -3  -3   0  -2  -2   4  -1   2   2  -1   1  -3  -2  -2  -2   1  -2    1  15   3   1   0   3   1   3  13   1  25  17   1   8   1   2   1   0   4   1  0.29 0.19
  128 D     1   0   0   1  -2   1   0   0   0  -1   0   0   0  -1  -1   0   0  -1   1  -1   13   5   5   9   0  10   5   6   2   3  10   7   3   2   2   6   4   0   8   2  0.06 0.06
  129 R    -1   4   2   0  -3   1   1  -1  -1  -3  -2   2  -2   1  -2   0   0  -3  -1  -2    4  24  13   3   0   7   7   4   1   1   3  11   1   6   1   3   7   0   1   1  0.27 0.15
  130 A     0  -1   2   0  -2   0   2  -1   4  -1  -1  -1  -2  -2  -2   2   0  -3  -1  -1    9   1  11   4   1   2  16   3  15   3   7   1   0   1   1  18   3   0   1   4  0.23 0.16
  131 L    -1   0   0  -2  -2  -1  -1  -2  -1   0   2   0   0   0   1  -1   0   3   1   0    3   5   5   2   1   2   4   2   1   4  26   6   1   3   9   2   5   6   7   7  0.12 0.09
  132 P    -1   1  -1   2  -4   1   2  -2  -1  -3  -4   3  -3  -4   4   0  -1  -4  -3  -3    4   7   3  10   0   4  13   2   1   1   1  23   0   0  22   5   2   0   0   2  0.51 0.23
  133 D    -2   1  -1   2  -4  -1   0   0  -2  -3  -1   3  -1  -1   4  -2  -2  -4   0  -3    2   8   1  12   0   2   3   8   1   1   6  27   1   3  19   1   2   0   4   0  0.38 0.22
  134 P    -2  -5  -4  -4  -6  -3  -1  -5  -5  -5  -6  -3  -5  -3   8  -4  -3  -6  -6  -4    2   0   1   0   0   1   4   0   0   0   0   1   0   1  86   0   1   0   0   1  2.53 0.72
  135 I     0  -3  -4  -4   0   1  -3  -4  -1   4   2  -3   1  -1  -4  -3  -2  -4  -3   3    7   1   0   0   2   7   0   0   2  34  21   0   3   2   0   1   0   0   0  19  0.53 0.26
  136 K    -3   6  -3  -4  -6  -1  -2  -5  -3  -6  -5   6  -4  -4  -4  -3  -4  -4  -3  -5    1  42   1   0   0   1   0   0   0   0   0  53   0   1   0   1   0   0   1   0  1.59 0.58
  137 I    -1  -5  -6  -6  -1  -4  -5  -5  -5   3   0  -5   5  -1  -6  -5  -4   9  -2   3    5   0   0   0   1   0   0   0   0  19   5   0  18   2   0   0   0  30   1  20  1.35 0.48
  138 F    -3  -6  -6  -7  -5  -6  -6  -6  -4   1  -2  -6  -1   8  -7  -5  -5   1   2  -1    3   0   0   0   0   0   0   0   0   8   1   0   1  78   0   0   0   1   5   4  2.02 0.63
  139 E     0  -3  -1  -2   2   0   3  -3  -3  -3  -3  -2  -1  -4  -4   5   0  -5  -1  -3    4   0   2   0   4   3  25   0   0   1   2   0   2   0   0  48   3   0   3   1  0.73 0.41
  140 I    -3  -5  -5  -5  -4  -5  -5  -6  -5   6   0  -5   0   1   2  -3  -1  -5  -3   3    0   0   0   0   0   0   0   0   0  56   7   0   2   6   9   1   4   0   0  15  0.99 0.41
  141 G    -2  -1  -3   0   0  -4  -2   6  -5  -6  -6  -4  -5  -6   2  -2  -4  -6  -6  -5    1   4   0   4   3   0   2  72   0   0   0   0   0   0  11   2   0   0   0   0  1.42 0.50
  142 P    -3   5   1  -2  -5   2   0  -4  -3  -5  -4   2  -1  -5   3   0   0  -5  -4  -4    1  35   6   0   0  10   4   0   0   0   0  10   2   0  16   8   7   0   0   1  0.72 0.34
  143 C    -3  -4  -1  -6   9  -4  -6  -5  -2  -1   0  -5  -2   2  -5  -4  -3  -5  -3   4    1   1   3   0  41   0   0   0   1   2   7   0   1   8   0   0   0   0   0  34  1.36 0.49
  144 Y    -5  -6  -6  -7  -3  -6  -6  -6   0  -4  -3  -6  -2   8  -7  -5  -5   7   5  -1    0   0   0   0   1   0   0   0   3   0   0   0   1  57   0   0   0  15  20   4  1.97 0.61
  145 R    -5   8  -4  -5  -7  -3  -4  -6  -4  -1  -6  -1  -5  -6  -6  -4  -5  -6  -5  -6    0  96   0   0   0   0   0   0   0   4   0   0   0   0   0   0   0   0   0   0  2.51 0.79
  146 K    -3   4   3  -3  -5  -2  -1  -4   1  -4  -4   3  -4   0  -3  -3  -3  -2   6  -1    2  21  13   0   0   0   3   0   2   0   0  19   0   2   1   0   0   0  33   4  0.87 0.41
  147 E    -4  -1  -3   2  -7  -1   7  -5  -3  -7  -6   0  -5  -7  -4  -3  -4  -6  -5  -6    0   3   0  10   0   0  83   0   0   0   0   4   0   0   0   0   0   0   0   0  1.88 0.67
  148 S     1   3   1  -1  -4   1   1  -3  -2  -4  -4   2  -3  -4  -3   2   2  -4  -3  -3   10  19   5   2   0   6  10   0   0   0   0  12   0   0   0  20  14   0   0   1  0.44 0.26
  149 D    -1  -1   0   1  -3   2  -1  -3   0   2  -1  -1   1  -2   4  -1  -1  -4  -3   1    2   3   4  10   0  10   2   1   2  18   1   2   6   1  20   3   1   0   0  13  0.31 0.21
  150 G    -3  -3  -1   4  -5   5  -2   3  -3  -5  -5  -2  -4  -6  -4   0   1  -5  -5  -5    0   0   2  29   0  28   0  25   0   0   0   0   0   0   0   8   9   0   0   0  0.91 0.42
  151 K     2   2   0  -2  -3   0   0  -2  -1  -4  -3   2  -2  -1  -1   2  -1   2   3  -3   21  11   3   0   0   4   5   1   1   0   1  16   0   2   3  15   1   3  14   0  0.32 0.23
  152 E    -2   1   0  -2  -4  -1  -2   4  -2  -4  -1   3  -2  -4  -4  -1   3  -5  -3  -3    0   7   3   1   0   2   2  36   1   0   6  18   1   0   0   2  19   0   0   0  0.55 0.30
  153 H    -5   5  -2  -5  -7  -3  -4  -6  10  -7  -6  -2  -5  -5  -6  -4  -5  -6  -2  -7    0  32   1   0   0   0   0   0  65   0   0   1   0   0   0   1   0   0   0   0  2.45 0.75
  154 L    -2  -1  -2  -4  -3  -3  -1  -1  -3  -1   4  -3   1   0  -4   0   1  -4  -1  -1    1   3   2   0   0   0   4   4   0   0  58   0   2   4   0   7   9   0   2   3  0.51 0.30
  155 E    -2   5   1  -3  -5  -2   1  -4   4  -5  -5  -1  -2  -5   4  -1  -2  -1  -4  -2    3  35   7   0   0   0   9   0  10   0   0   1   1   0  25   3   1   1   0   3  0.85 0.38
  156 E    -3  -3  -3  -2  -2   3   7  -2  -1  -6  -6  -2  -2  -6  -4  -2   0  -6  -5  -4    1   0   0   0   1  10  75   3   1   0   0   0   1   0   0   2   5   0   0   1  1.48 0.58
  157 F    -6  -1  -6  -7  -6  -6  -6  -6   4  -4  -2  -6  -3   9  -7  -6  -5  -3   0  -4    0   4   0   0   0   0   0   0  11   0   2   0   0  83   0   0   0   0   0   0  2.34 0.71
  158 T    -3  -3   0  -3  -4  -2  -2  -5   6  -3  -3  -2  -3   3  -5  -2   4   3   5  -3    1   0   4   1   0   1   2   0  21   1   1   2   0  11   0   1  26   5  23   0  0.92 0.42
  159 M    -4  -3  -3  -4  -6   8  -2  -5  -3  -5  -2   0   5  -6  -5  -4  -4  -5  -5  -5    0   0   1   0   0  76   0   0   0   0   3   4  17   0   0   0   0   0   0   0  2.05 0.75
  160 L    -3  -4  -5  -5   0  -4  -5  -5  -4   4   3  -4   0   2  -4  -4  -1   5  -1   2    0   0   0   0   2   0   0   0   0  24  34   0   1  10   0   0   4   7   0  15  0.69 0.29
  161 N    -1  -3   6   1  -5  -2   5  -2  -3  -6  -6  -2  -5  -6  -4  -2  -3  -6  -5  -5    4   0  45   5   0   0  42   2   0   0   0   0   0   0   0   0   0   0   0   0  1.34 0.52
  162 F     1  -4  -3  -4   2  -3  -4   4  -4   0   1  -3   1   0  -4  -2  -3   2  -3   1   10   0   0   0   4   0   0  42   0   5  12   0   5   5   0   1   0   3   0  14  0.55 0.27
  163 C    -2  -4  -2   4   1  -3  -1  -4  -4   3   1  -3  -2  -1  -4  -3  -1  -4  -1   3    2   0   1  31   3   1   2   0   0  22  11   0   0   2   0   0   2   0   3  22  0.55 0.30
  164 Q    -1  -1  -3  -1  -1  -1   1  -4  -3   4   0  -3   1  -2  -4  -2   0  -4   0   3    3   3   0   4   1   3  13   0   0  26   8   0   3   1   0   1   4   0   3  28  0.38 0.24
  165 M     1  -4  -4  -5  -1  -3  -4  -4  -1   3   2  -4   4   2  -4  -3  -2   2   0   2   11   0   0   0   1   0   0   0   2  20  16   0  16  10   0   1   0   3   2  17  0.51 0.26
  166 G     0  -4  -3   3  -5  -3   0   6   3  -6  -6  -4  -5  -6  -3  -2  -4  -5  -5  -5    6   0   0  15   0   0   7  63   6   0   0   0   0   0   1   2   0   0   0   0  1.25 0.46
  167 S    -1  -1  -1   1  -4   0   4  -3  -3  -1  -3   2  -2  -4   0   1   1  -5  -4   0    2   2   2   6   0   1  34   1   0   4   1  14   0   0   4  11   9   0   0   9  0.39 0.25
  168 G     0  -1   2   3  -4  -1   0   3   1  -3  -4   0  -3  -1   1   0  -1  -4  -3  -4   10   2  13  19   0   1   7  21   4   1   0   4   0   3   7   5   2   0   0   0  0.37 0.21
  169 C     1  -2  -1   1   2  -1   0   1  -2   2  -1  -1  -1  -3  -2   1   0  -3  -3   1   15   1   1   8   5   2   7  10   1  14   2   2   1   0   1  11   4   0   0  14  0.13 0.14
  170 T    -1   0   3  -1  -2  -1  -1  -1  -2  -1  -1  -2   0  -3   3   1   2  -4  -2   0    3   5  18   3   1   2   2   4   1   3   4   0   3   1  14   9  18   0   1   8  0.26 0.19
  171 R    -1   0  -2  -2  -4  -1   2  -3   0  -1   2  -1   3   4  -3  -2   0  -2   0  -2    5   5   1   1   0   2  19   2   3   1  19   3  11  18   1   2   5   0   2   1  0.29 0.23
  172 E     4   2  -2   0  -3   1   2   0  -2  -4  -4   0  -3  -5  -2   0   0  -5  -4  -3   38  12   1   3   0   7  17   5   0   0   0   5   0   0   1   5   6   0   0   0  0.49 0.31
  173 N    -3   2   3   5  -6   1   3  -4   0  -5  -5  -2   1  -5  -4  -2  -1  -2  -4  -3    1  11  14  38   0   6  17   0   2   0   0   1   5   0   0   1   3   1   0   1  0.85 0.39
  174 L     2  -5  -6  -6   1  -5  -5  -5  -5   2   5  -4  -1  -1  -5  -4  -3  -5  -4   0   22   0   0   0   2   0   0   0   0   8  60   0   0   2   0   0   1   0   0   4  0.93 0.43
  175 E    -3   1  -1  -2  -2   0   4  -4  -2   1   0   3   3  -4  -4  -3  -2  -5  -4  -1    1   6   2   1   1   2  37   0   0   8  12  17   8   0   0   0   1   0   0   4  0.54 0.33
  176 S     2  -2  -2  -2  -1  -1   1   4  -2  -3  -1  -2  -3  -3  -3   1  -2   2  -2  -1   16   1   1   1   1   2  12  34   1   1   5   2   0   0   0  13   1   3   1   4  0.41 0.25
  177 I    -2  -4  -4  -5   1  -4  -2  -5  -1   4   3  -4   2   0  -4  -3   1  -1   0   2    1   0   0   0   3   0   2   0   2  26  30   0   5   3   0   0  12   1   3  12  0.53 0.28
  178 I     3  -4  -5  -5  -1  -1  -4  -3  -5   3   4  -4   0  -2  -4  -2  -1  -4  -4   0   28   0   0   0   1   3   0   1   0  20  38   0   1   0   0   1   4   0   0   3  0.62 0.35
  179 T     1   1  -2   1   0   0   1  -2   0   1  -2   2  -2  -3  -3   0   0  -4  -1   0   15   9   0   7   2   1   9   2   2  11   2  19   0   0   0   7   4   0   1   6  0.16 0.15
  180 D     0  -2  -1   3  -4   0   4  -2  -2  -1  -1   0  -2  -1  -3   0   1  -1  -2  -1    6   0   1  16   0   3  31   2   1   3   6   4   1   3   0   5  11   1   1   5  0.34 0.24
  181 F    -1  -5  -5  -6   0  -4  -5  -5  -4   2   1  -5   2   6  -5  -3  -2  -3  -1   2    5   0   0   0   2   0   0   0   0  13  12   0   5  43   0   1   2   0   1  16  0.93 0.40
  182 L     0  -4  -5  -4   1  -3  -4  -5  -3  -1   3  -4   6   2  -5  -4  -3  -3   5  -2    9   0   0   1   3   0   0   0   0   3  25   0  24   9   0   0   1   0  23   1  0.90 0.43
  183 N    -1   4   0   1  -3   1   1   0   0  -4  -3   4  -3  -4  -3   0   0  -5  -4  -4    4  23   3   7   0   6   7   7   2   0   2  26   0   1   0   6   6   0   0   0  0.47 0.26
  184 H     2   3  -1  -1  -3   1   1  -1  -1  -3  -2   2  -1  -2  -2   1   0  -4  -1  -2   19  16   2   3   0   4   7   3   1   0   4  16   2   1   0  12   6   0   2   2  0.25 0.19
  185 L     0  -5  -5  -6  -3  -4  -5  -5  -5   2   4  -5   4   4  -5  -4  -2  -3  -2   1    8   0   0   0   0   0   0   0   0  12  41   0  11  18   0   0   2   0   0   7  0.78 0.36
  186 G    -2  -4  -3  -2  -6  -3   0   7  -5  -7  -7  -1  -6  -6  -5  -3  -4  -6  -6  -6    2   1   1   2   0   1   7  82   0   0   0   4   0   0   0   0   1   0   0   0  1.79 0.61
  187 I    -1  -4  -5  -5  -3  -3   0  -5  -4   3   3  -3   1   5  -4  -4  -3  -3   0   0    5   0   0   0   0   0   6   0   0  19  32   1   3  25   1   0   1   0   2   5  0.64 0.31
  188 D    -3   0   1   6  -5  -2   4  -2  -3  -5  -5  -1  -4  -5   1  -2  -1  -6  -5  -2    1   5   6  42   0   0  25   3   0   0   0   2   0   0   8   1   4   0   0   3  0.89 0.39
  189 F    -2  -2  -2  -3  -3  -2   0  -4  -1  -2  -3   0   0   6  -5  -2  -3  -1   7  -3    3   1   2   1   0   1   7   1   1   2   0   7   2  31   0   2   1   0  36   0  1.04 0.44
  190 K    -1   1  -2  -1  -3   0   3  -3  -2   1  -3   2  -2  -2  -2   0   2  -4  -2   1    3   6   1   2   0   3  24   1   1   9   0  14   0   1   1   6  13   0   1  12  0.27 0.21
  191 I    -3   2  -3  -1   4  -2   0  -4  -2   2   1  -1   1   2  -4  -3  -2  -3   2   1    0  13   0   4  10   0   8   0   1  16  14   3   3  11   0   0   1   0   7   9  0.27 0.19
  192 V    -2   3  -2  -2  -2  -1   1  -1  -2   1   1   0  -1   2   0  -2  -1  -3  -1   2    0  18   1   1   1   1  11   6   1   6  12   3   1  11   4   1   2   0   0  20  0.18 0.18
  193 G    -1   2  -2  -2  -1  -1   0   2  -1   0  -1   0  -1  -3   0   1  -1  -1  -3   1    2  17   1   1   1   2   5  21   1   6   7   3   1   1   3  14   3   1   0  11  0.17 0.16
  194 D    -1  -3   1   0   0  -1   2  -3  -1  -3  -2   0  -3  -4   4   2   2  -5  -4  -2    3   0   5   5   2   1  18   1   1   1   4   6   0   0  21  18  12   0   0   2  0.46 0.27
  195 S     0  -2   1   2  -4   0   2   2   2  -2  -4  -1  -2  -4  -2   2   0  -4  -3  -3    6   0   6  14   0   4  13  17   6   4   0   2   1   0   1  20   5   0   0   0  0.34 0.22
  196 C    -3   4  -3  -4   7  -3  -4  -3  -3  -4  -4  -2  -2  -2  -4   3  -1  -3   5  -4    0  21   0   0  22   0   0   2   0   0   0   1   1   1   1  29   3   0  20   0  1.03 0.48
  197 M    -2   1   1   2  -4  -1   2  -3  -1  -1  -1  -1   2   4  -3  -1   0  -3   0   1    2   8   7  11   0   2  14   1   1   2   2   3   7  22   0   3   5   0   2  10  0.24 0.20
  198 V    -2  -3  -5  -5  -4  -4  -4  -4  -5   3   0  -2  -1  -2   4  -4  -2  -5  -2   5    3   1   0   0   0   0   0   1   0  16   8   3   1   1  21   0   1   0   1  43  0.81 0.37
  199 Y    -4  -2  -4  -5   5  -4  -1  -5  -2  -2   0  -4  -1   2  -5  -4  -3   6   8  -4    0   2   1   0  12   0   4   0   0   2   7   0   1   8   0   0   1   9  50   0  1.45 0.53
  200 G    -1  -2   0  -2  -3  -2  -2   4  -1  -3  -3   1  -2  -4  -2   0   3  -4  -3  -2    3   1   4   1   0   1   2  39   2   1   2  11   1   0   1   5  22   0   0   3  0.57 0.28
  201 D    -2   0  -1   3  -2   2   4   1   0  -3  -3   0  -3  -4  -2  -1  -2  -4  -1  -3    1   5   2  17   1   7  36  12   2   1   2   5   0   0   1   2   2   0   2   1  0.51 0.26
  202 T    -1   0  -2  -2  -3  -2   1  -2  -3  -2   0  -1  -2   0   0   1   5  -3  -2  -1    2   5   1   2   0   1  10   3   0   1  10   3   1   4   4   9  39   0   1   4  0.36 0.24
  203 L    -2  -3  -3  -4  -2  -3  -3  -2  -3   2   4  -3   1   0   1  -2  -2  -3  -1   2    1   1   1   1   1   1   1   4   0  12  43   1   3   4   7   2   1   0   2  16  0.45 0.22
  204 D    -3  -1  -1   6  -2  -1   4  -3   0  -4  -3  -1  -2  -3   0  -2  -2  -1  -3  -4    2   3   1  42   1   1  30   2   3   1   2   2   1   1   5   2   1   1   1   1  0.87 0.34
  205 V     0  -2  -2  -1  -2  -1   1  -3  -3   2  -1  -1  -1   1  -2  -1  -1  -3  -2   4    9   1   1   4   1   2  10   1   0  11   2   3   0   6   1   5   3   0   1  40  0.31 0.20
  206 M    -1   2  -1  -2   0  -1   2  -2  -1   0   0   1   3   1  -2  -1  -2   1   0   1    3  11   2   1   2   1  14   2   1   3   8  11  13   8   1   2   1   2   3  11  0.14 0.13
  207 H     0  -1  -1   1  -2   0   1   1   1   0  -1   0  -1   0  -2   0  -1  -2   1   1    9   1   2   7   0   2  10  13   5   5   4   7   0   5   1   9   1   0   4  15  0.07 0.09
  208 G     0  -1   2   1  -3  -1  -2   5  -2  -3  -5   2  -2  -5  -3   1  -2  -5  -3  -4    5   4   9   8   0   2   1  43   0   2   0  12   1   0   1  10   1   0   1   0  0.63 0.31
  209 D    -3  -4  -2   3  -6   0   1   1  -2  -6  -5  -3  -5  -4  -5  -3  -5  10  -2  -6    2   0   2  19   0   5   8  12   1   0   1   1   0   0   0   1   0  46   1   0  1.81 0.62
  210 L    -3  -2  -4  -1  -3  -2  -2  -4  -4   4   2  -1   3  -1  -2  -3  -2  -4  -3   3    0   1   0   4   0   2   2   1   0  31  23   3  10   1   2   1   2   0   0  18  0.56 0.30
  211 E    -5   0  -2   2  -7  -2   7  -5  -4  -7  -7  -3  -6  -7  -5  -4  -5  -7  -6  -6    0   5   1   9   0   0  85   1   0   0   0   0   0   0   0   0   0   0   0   0  2.02 0.75
  212 L    -3  -5  -3  -6  -4  -4  -5  -6  -3   3   5  -5   1  -2  -5  -4  -1  -4  -3   3    1   0   2   0   0   0   0   0   1  18  55   0   2   0   0   0   3   0   0  17  0.92 0.40
  213 S     2   0  -3  -2   0  -2  -2   4  -1  -2   1  -2  -2   0  -3   0  -2  -4  -3  -3   19   5   0   1   2   0   1  37   1   2  16   1   0   4   1   7   0   0   0   0  0.44 0.26
  214 S    -1  -4  -2  -1  -4  -2   0   5  -4  -5  -5  -2  -4  -5  -4   4  -2  -5  -5  -3    4   0   1   2   0   1   5  49   0   0   0   2   0   0   0  31   1   0   0   2  1.00 0.43
  215 A     5  -4  -3  -4   2  -3  -2   3  -4  -4  -4  -2   2  -5  -4   2  -1  -5  -5  -3   46   0   0   0   5   0   1  22   0   0   0   1   5   0   0  18   2   0   0   0  0.83 0.41
  216 V     2  -5  -3  -4  -4  -4  -3   5  -4   2  -3  -4  -2  -4  -4  -1  -3  -5  -3   1   19   0   0   0   0   0   1  49   0  13   1   0   1   0   0   3   0   0   1  13  0.84 0.38
  217 V    -3  -2  -5  -5  -4  -4  -5  -5  -4   4   0  -4   7   1  -5  -4  -1  -2   1   3    1   2   0   0   0   0   0   0   0  26   5   0  32   4   0   0   2   0   5  21  0.94 0.41
  218 G    -1  -4  -4  -2  -4  -4  -4   4  -1  -2  -2  -4  -3   6  -5  -3  -3  -3  -1   1    4   0   0   2   0   0   0  39   1   2   2   0   0  37   0   0   1   0   0  11  0.94 0.39
  219 P    -3   5  -2  -3  -5  -2   0  -4   5  -5  -4  -1  -4  -5   5  -3  -3  -5  -3  -3    2  38   2   0   0   0   5   0  15   0   1   2   0   0  32   0   0   0   0   2  1.21 0.45
  220 I    -4  -2  -2  -1  -5  -3  -1  -5   7  -1  -4  -3  -4  -5   6  -2  -4  -5  -3  -1    0   2   1   3   0   0   3   0  29   5   2   0   0   0  48   2   0   0   0   4  1.51 0.52
  221 P     0  -1   1  -1  -4   0   4  -3  -2  -3  -4   0  -3   1   3  -2  -1  -4  -1  -1    8   3   6   1   0   3  37   1   0   1   0   4   0   6  18   1   3   0   1   6  0.52 0.29
  222 L    -1  -2  -5  -5  -3  -3  -4  -5  -5   1   3  -2   1  -3  -4  -3  -2  -4  -3   5    4   3   0   0   0   1   0   0   0   4  31   2   3   0   0   2   1   0   0  49  0.78 0.36
  223 D    -3  -4  -2   5  -4  -3   0  -4  -1   0   3  -3  -1  -4  -4  -2   3  -5  -4  -1    0   0   0  38   0   0   4   0   1   4  28   0   1   0   0   1  21   0   0   2  0.73 0.37
  224 R     1   3  -1  -1  -4   1   3  -2  -2  -2  -3   3   0  -4  -1   0  -2  -4  -2  -2   13  17   1   2   0   4  27   3   0   2   1  17   3   0   3   4   0   0   1   1  0.42 0.25
  225 E     2   0   2  -1  -4   1  -1  -3  -1  -4  -4   1   2  -5   5  -1  -2  -5  -2  -4   17   5  12   3   0   6   2   0   2   0   0   8   7   0  35   2   1   0   1   0  0.72 0.33
  226 W     1  -4  -4  -5  -4  -4  -4  -1   1  -1   2  -4  -1   2  -5  -1  -3   9   0  -1   14   0   0   0   0   0   0   5   4   2  23   0   1   8   0   6   0  32   3   3  1.02 0.39
  227 G    -2  -3  -1  -1  -5  -3  -1   7  -3  -6  -6   1  -5  -6  -5  -2  -4  -5  -6  -6    2   1   2   3   0   1   4  77   1   0   0   8   0   0   0   1   0   0   0   0  1.50 0.51
  228 I    -4  -5  -6  -5  -4  -5  -6  -6  -5   7   0  -5   0  -1  -5  -5  -3  -4   3   3    0   0   0   0   0   0   0   0   0  63   6   0   1   1   0   0   0   0  10  19  1.27 0.47
  229 D    -2   0   2   4  -4  -1   1  -2   2  -3  -4   2  -2   0  -3   1   1  -4  -2  -3    1   3   8  31   0   0   6   1   6   1   0  12   1   5   0  11  11   0   1   1  0.43 0.24
  230 K    -1   0   0   3   0   0   2  -2   1  -3  -2   2  -3  -3   2   0   0  -1   0  -1    3   3   2  19   3   2  15   2   3   0   4  14   0   0  11   5   5   1   4   5  0.25 0.16
  231 P    -2  -3  -1  -1  -5  -2   1  -4  -4  -5  -2  -3  -4  -5   7   0   1  -6  -5  -4    2   1   2   4   0   1   9   0   0   0   4   1   0   0  60   7   8   0   0   1  1.43 0.48
  232 W    -2  -2  -5  -6  -4  -4  -5  -2  -4  -1  -1  -5  -3  -1  -5  -4  -3   9   2   5    4   3   0   0   0   0   0   3   0   1   5   0   0   1   0   0   0  33   5  43  1.42 0.48
  233 I     1  -3  -3  -4  -1  -3  -3  -4  -3   2   3  -3   0   1  -3   0  -2  -3   0   3   12   0   1   0   1   0   0   0   0  11  29   0   1   7   0   7   0   0   3  27  0.38 0.21
  234 G     5  -4  -3  -4  -4  -4  -4   5  -4  -5  -5  -4  -4  -5  -4  -2  -3  -5  -5  -4   51   0   0   0   0   0   0  47   0   0   0   0   0   0   0   0   0   0   0   0  1.32 0.48
  235 A     1  -4  -4  -5  -4  -4  -4  -1  -4   3  -1  -4  -1   5  -4  -3  -3   9  -1  -1   14   0   0   0   0   0   0   5   0  17   4   0   1  24   0   0   0  29   0   4  1.11 0.38
  236 G     0  -4  -3  -4  -4  -4  -4   7  -4  -5  -5  -4  -5  -5  -4  -3  -4  -5  -5  -2    6   0   0   0   0   0   0  85   0   0   1   0   0   0   0   0   0   0   0   3  1.77 0.51
  237 F    -4  -5  -5  -6  -2  -4  -5  -1  -4   1   3  -5   3   6  -5  -4  -4  -3  -1  -1    0   0   0   0   1   1   0   5   0   8  33   0   6  44   0   1   0   0   0   2  1.01 0.39
  238 G    -1  -5  -3  -4  -5  -4   0   7  -5  -7  -6  -4  -5  -6  -5  -2  -2  -6  -6  -6    3   0   0   0   0   0   6  86   0   0   0   0   0   0   0   2   2   0   0   0  1.86 0.57
  239 L    -3  -4  -5  -5  -3  -3  -4  -5  -4   3   4  -2   0   0   0  -4  -2  -4  -1   2    0   0   0   0   0   1   0   0   0  21  52   3   1   4   4   0   2   0   2  11  0.73 0.31
  240 E    -4  -3  -3   2  -7  -1   7  -4  -3  -6  -5  -2  -5  -6  -4  -1  -4  -6  -5  -6    0   0   0  10   0   0  84   0   0   0   1   0   0   0   0   5   0   0   0   0  1.81 0.61
  241 R    -5   8  -4  -5  -7  -2  -3  -6  -3  -6  -2  -1  -4  -6  -5  -4  -4  -6  -5  -6    0  95   0   0   0   0   0   0   0   0   5   0   0   0   0   0   0   0   0   0  2.34 0.66
  242 L    -3  -4  -5  -6  -3  -4  -5  -6  -5   3   5  -5   0   0  -1  -4  -1  -4  -3   1    0   0   0   0   0   0   0   0   0  14  67   0   0   3   3   0   5   0   0   9  0.95 0.35
  243 L     5  -4  -4  -4  -3  -3  -4  -3  -4   1   2  -3   0  -3  -3  -1   0  -4  -4   1   57   0   0   0   0   0   0   0   0   8  20   0   2   0   0   1   4   0   0   7  0.72 0.34
  244 K    -3  -2  -5  -6  -5  -2  -5  -6  -5  -2   1   0  10  -3  -6  -5  -2  -5  -4  -2    1   2   0   0   0   1   0   0   0   1   8   6  79   0   0   0   1   0   0   1  2.15 0.66
  245 V     1  -4  -4  -5  -2  -4  -4  -4  -2   3   4  -4   2  -2  -4  -3  -1  -4  -3   2   11   0   1   0   1   0   0   0   1  20  44   0   5   0   0   1   2   0   0  15  0.61 0.26
  246 K     0   5  -2  -3  -4  -1  -2  -3  -2  -1  -2   4   1  -3  -4  -2  -2  -4  -1  -1    8  31   1   1   0   1   0   1   0   4   4  36   4   1   0   0   1   0   2   4  0.63 0.30
  247 H    -3  -1   0  -1  -3  -1   2  -4   5  -3   1  -2  -1   1  -4  -2  -2   2   6  -3    1   2   5   3   0   2  14   0  14   0  14   1   1   4   0   3   1   3  33   0  0.65 0.29
  248 D    -2  -2   2   2  -5  -1   1   6  -3  -6  -6   0  -5  -5  -4  -2  -3  -5  -5  -5    1   2   9  10   0   1  11  59   0   0   0   6   0   0   0   1   0   0   0   0  1.04 0.36
  249 F    -1  -2  -3  -2  -3  -1   1  -1  -1   3   2  -2   0   1  -3  -1  -1  -3   0   2    2   2   0   2   0   2  11   5   2  25  21   1   1   5   0   3   2   0   4  12  0.19 0.14
  250 K    -2   0   2   2  -4   1   1  -2  -1  -4  -4   4  -3  -4   0   2   1  -5  -3  -4    1   3   9  14   0   6   8   2   1   0   0  29   0   0   5  14   8   0   1   0  0.46 0.22
  251 N    -1  -4   4   7  -5  -3  -1  -1  -2  -5  -6  -3  -5  -6  -4   0   0  -6  -5  -5    5   0  19  59   0   0   0   3   0   0   0   0   0   0   0   7   7   0   0   0  1.26 0.43
  252 I    -2  -5  -6  -6  -4  -5  -6  -6  -6   7   0  -5   0  -3  -5  -5  -3  -5  -4   4    2   0   0   0   0   0   0   0   0  69   6   0   1   0   0   0   0   0   0  23  1.40 0.45
  253 K    -2   7  -3  -4  -6   1  -2  -2   0  -6  -5   3  -3  -6  -4  -3  -4  -5  -4  -5    2  67   0   0   0   5   0   2   2   0   0  19   0   0   0   1   0   0   0   0  1.47 0.48
  254 R    -1   3   0   1  -3   1   1  -2   0  -2  -1   1   2  -3  -1   1  -1  -3  -1  -2    4  17   3   9   0   8   9   2   1   1   7  11   8   0   1  15   1   0   1   1  0.21 0.13
  255 A     0  -2  -3  -3  -2  -2  -3  -2  -2   1   3  -3   2   3  -3  -2   0   3   1   1    8   1   1   1   0   1   1   2   1   9  34   1   6  12   1   2   5   4   5   7  0.28 0.14
  256 A     0  -3  -2  -3  -2  -2   0   3   1  -3  -3  -2  -3   0  -3   0  -2  -1   6  -3    6   1   1   1   1   1   6  29   3   1   2   1   0   1   1   6   1   0  37   1  0.70 0.25
  257 R    -1   4   0  -2  -3   2   1  -2  -1   0  -2   3   0  -2  -2  -1  -1  -3  -2  -2    3  31   5   1   0   9   6   1   0   9   3  20   2   1   1   2   1   0   1   2  0.40 0.17
  258 S    -1  -2   3  -2  -2  -1  -2  -1  -2  -3  -3  -2  -3  -3  -2   6  -1  -4  -3  -3    1   1  13   1   1   2   1   4   0   1   2   1   0   1   1  68   1   0   1   1  0.94 0.34
  259 E    -3  -2   1   4  -4  -1   1  -3   1   0   2  -2  -2  -1  -3  -2   0  -4  -1  -1    0   1   8  33   0   1   9   0   3   5  24   0   0   2   0   0   7   0   3   2  0.40 0.21
  260 S     0  -3  -1  -2  -2  -3  -3  -2  -3   3  -1  -3  -1   3  -3   2   1  -3  -1   1    7   0   2   1   0   0   0   2   0  25   2   0   0  18   0  22  10   0   0   8  0.32 0.19
  261 Y    -4  -4  -4  -5  -5  -4  -4  -5   0  -4  -3  -4  -1   3  -5  -4  -4   6   9  -4    0   0   0   0   0   0   0   0   1   0   1   0   1   8   0   0   0  12  73   0  2.04 0.49
  262 Y    -3  -3   0  -3  -3   3  -1  -4  -2   0   4  -2   0   0  -4  -2  -2  -3   2  -1    0   0   5   0   0  19   3   0   0   2  54   0   0   3   0   3   2   0   8   1  0.53 0.26
  263 N    -4   1   6   5  -5  -1   0  -2   0  -5  -5  -2  -4  -5  -4  -2  -2  -6  -4  -5    0   7  51  31   0   1   5   2   1   0   0   0   0   0   0   0   0   0   0   0  1.19 0.36
  264 G    -2  -4   1   4  -5  -3   0   5  -3  -5  -5  -3  -5  -5  -4  -1  -3   1  -5  -5    0   0   5  26   0   0   6  58   0   0   0   0   0   0   0   2   0   2   0   0  1.11 0.32
  265 I     0  -3  -3  -4  -2  -2  -3  -4  -4   4   2  -3   0  -2  -4  -2  -1  -4  -1   3    9   1   1   0   0   1   1   0   0  30  24   0   0   0   0   2   2   0   1  27  0.48 0.20
  266 S    -3   7  -1  -3   0  -1  -2  -4  -1  -4  -3   2  -3  -5   1   1  -2  -5  -4  -4    0  64   2   0   2   0   0   0   1   0   1   8   0   0   8  12   2   0   0   0  1.06 0.35
  267 T    -3  -3  -4  -4  -3  -3  -4  -5  -4   2   5  -1   1   0  -4  -3   2  -3  -2  -1    0   0   0   0   0   0   0   0   0  11  63   4   1   4   0   0  17   0   0   0  0.67 0.24
  268 N    -3  -1   7   4  -5  -2  -1  -2   0  -5  -5  -1  -4  -5  -4   0  -2  -6  -4  -5    0   3  64  23   0   0   2   0   1   0   0   3   0   0   0   3   1   0   0   0  1.23 0.30
  269 L    -2  -4  -5  -5  -2  -4  -4  -5  -5   6   3  -4   0  -1  -4  -4  -2  -4  -3   2    0   0   0   0   0   0   0   0   0  61  28   0   0   0   0   0   0   0   0  11  0.84 0.19

                      K         Lambda
Standard Ungapped    0.1407     0.3201
Standard Gapped      0.0473     0.2670
PSI Ungapped         0.1528     0.3108
PSI Gapped           0.0473     0.2670
