MUT	fa_rep:	ref:	fa_atr:	hbond_sc:	fa_sol:	yhh_planarity:	dslf_fa13:	fa_intra_sol_xover4:	omega:	p_aa_pp:	TOT	sugar_bb:	fa_intra_rep:	hbond_lr_bb:	hbond_sr_bb:	hbond_bb_sc:	fa_elec:	cart_bonded:	lk_ball_wtd:	fa_dun:	rama_prepro:
384A	-0.2000	1.2460	0.0000	2.8580	0.0000	0.0010	-0.0260	-0.0030	-0.0010	4.0630	0.0000	0.0000	0.0000	0.0910	0.0050	0.0090	0.6150	0.0000	-0.5610	0.0340	-0.0020
384C	-0.2050	0.9670	0.0000	2.7090	0.0000	0.0000	-0.0200	0.0000	0.0000	3.5460	0.0000	0.0000	0.0000	0.0810	0.0000	0.0000	0.5650	0.0000	-0.5510	0.0000	0.0000
384E	-0.2130	0.2240	0.0000	4.1820	0.0000	0.0000	-0.0290	0.0000	0.0000	3.3080	0.0000	0.0000	0.0000	0.0860	0.0000	0.0000	-0.0880	0.0000	-0.8550	0.0000	0.0000
384D	-0.3550	1.1140	0.0000	3.5270	0.0000	0.0000	-0.0140	0.0000	0.0000	3.4640	0.0000	0.0000	0.0000	0.0630	0.0000	0.0000	-0.1080	0.0000	-0.7650	0.0000	0.0000
384G	-0.1310	1.2290	0.0000	2.9680	0.0000	0.0000	-0.0260	0.0000	0.0000	4.1570	0.0000	0.0000	0.0000	0.0900	0.0000	0.0000	0.5970	0.0000	-0.5700	0.0000	0.0000
384I	0.4570	-0.2820	0.0000	2.5290	0.0000	0.0000	-0.0250	0.0000	0.0000	2.9300	0.0000	0.0000	0.0000	0.0990	0.0000	0.0000	0.7310	0.0000	-0.5790	0.0000	0.0000
384H	-0.3640	-0.5700	0.0000	3.8950	0.0000	0.0010	-0.0160	-0.0030	-0.0010	2.4440	0.0000	0.0000	0.0000	0.0640	0.0050	0.0090	0.1820	0.0000	-0.7870	0.0340	-0.0020
384K	-0.0220	-0.9630	0.0000	5.2840	0.0000	0.0000	-0.0330	0.0000	0.0000	4.5580	0.0000	0.0000	0.0000	0.0730	0.0000	0.0000	1.3410	0.0000	-1.1250	0.0000	0.0000
384M	-0.3030	-0.5140	0.0000	1.9090	0.0000	0.0000	-0.0050	0.0000	0.0000	1.3100	0.0000	0.0000	0.0000	0.0660	0.0000	0.0000	0.7700	0.0000	-0.6150	0.0000	0.0000
384L	0.0570	-0.7100	0.0000	1.6730	0.0000	0.0000	-0.0070	0.0000	0.0000	1.2260	0.0000	0.0000	0.0000	0.0750	0.0000	0.0000	0.7080	0.0000	-0.5700	0.0000	0.0000
384N	-0.3040	0.6900	0.0000	3.4710	0.0000	0.0010	-0.0120	-0.0030	-0.0010	3.8120	0.0000	0.0000	0.0000	0.0860	0.0050	0.0090	0.7350	0.0000	-0.8940	0.0340	-0.0020
384Q	-0.4060	0.3670	0.0000	3.3230	0.0000	0.0010	-0.0150	-0.0030	-0.0010	3.1240	0.0000	0.0000	0.0000	0.0770	0.0050	0.0090	0.6010	0.0000	-0.8630	0.0340	-0.0020
384P	-0.0460	0.8380	0.0000	3.2270	0.0000	0.0000	-0.0140	0.0000	0.0000	4.1060	0.0000	0.0000	0.0000	0.1080	0.0000	0.0000	0.6000	0.0000	-0.6070	0.0000	0.0000
384S	-0.1210	1.0930	0.0000	3.1300	0.0000	0.0000	-0.0310	0.0000	0.0000	4.1060	0.0000	0.0000	0.0000	0.0920	0.0000	0.0000	0.5600	0.0000	-0.6190	0.0000	0.0000
384R	0.1000	-1.5800	0.0000	5.2110	0.0000	0.0000	-0.0080	0.0000	0.0000	3.8200	0.0000	0.0000	0.0000	0.2160	0.0000	0.0000	1.2710	0.0000	-1.3910	0.0000	0.0000
384T	-0.1960	1.0670	0.0000	2.7870	0.0000	0.0000	-0.0200	0.0000	0.0000	3.7600	0.0000	0.0000	0.0000	0.0860	0.0000	0.0000	0.6250	0.0000	-0.5880	0.0000	0.0000
384W	1.1490	-2.4610	0.0000	1.8300	0.0000	0.0000	-0.0240	0.0000	0.0000	-0.4800	0.0000	0.0000	0.0000	0.0820	0.0000	0.0000	-0.4400	0.0000	-0.6170	0.0000	0.0000
384V	-0.2420	1.1350	0.0000	2.6180	0.0000	0.0000	-0.0190	0.0000	0.0000	3.6660	0.0000	0.0000	0.0000	0.0840	0.0000	0.0000	0.6490	0.0000	-0.5580	0.0000	0.0000
384Y	-0.4640	-1.5690	0.0000	3.4060	0.0000	0.0010	-0.0060	-0.0030	-0.0010	1.0840	0.0000	0.0000	0.0000	0.1220	0.0050	0.0090	0.0970	0.0000	-0.5410	0.0340	-0.0020
348Y	7.7190	-4.0670	0.0000	3.2960	0.4060	-0.0320	-0.0370	-0.4230	-0.0030	2.4370	0.0000	0.0000	-0.0100	0.3230	0.0000	-0.0420	-1.6150	-1.4900	-0.1740	-0.9920	-0.4210
348Q	0.5820	-1.0970	0.0000	2.1430	0.0000	0.0000	0.0120	0.0000	0.0000	1.2540	0.0000	0.0000	0.0000	-0.0430	0.0000	0.0000	-0.3170	0.0000	-0.0250	0.0000	0.0000
348P	1.1390	-1.4410	0.0000	0.7600	0.0000	0.0000	-0.0220	0.0000	0.0000	0.7230	0.0000	0.0000	0.0000	0.1360	0.0000	0.0000	0.1590	0.0000	-0.0060	0.0000	0.0000
348S	1.1610	-0.8320	0.0000	1.0670	0.0000	0.0000	-0.0150	0.0000	0.0000	1.2610	0.0000	0.0000	0.0000	0.0410	0.0000	0.0000	-0.1310	0.0000	-0.0290	0.0000	0.0000
348R	2.5640	-1.4410	0.0000	4.0630	0.0000	0.0000	0.0120	0.0000	0.0000	4.7340	0.0000	0.0000	0.0000	0.0240	0.0000	0.0000	-0.1860	0.0000	-0.2990	0.0000	0.0000
348T	0.9120	-1.4480	0.0000	1.7200	0.0000	0.0000	-0.0090	0.0000	0.0000	1.1480	0.0000	0.0000	0.0000	0.1380	0.0000	0.0000	0.0890	0.0000	-0.2520	0.0000	0.0000
348W	3.2100	-1.8930	0.0000	2.1560	0.0000	0.0000	-0.0090	0.0000	0.0000	2.9750	0.0000	0.0000	0.0000	0.0350	0.0000	0.0000	-0.4370	0.0000	-0.0850	0.0000	0.0000
348V	1.3490	-2.3820	0.0000	0.2630	0.0000	0.0000	-0.0000	0.0000	0.0000	-1.1500	0.0000	0.0000	0.0000	0.0250	0.0000	0.0000	-0.2370	0.0000	-0.1660	0.0000	0.0000
348I	1.9280	-2.8860	0.0000	0.6040	0.0000	0.0000	-0.0180	0.0000	0.0000	-0.6790	0.0000	0.0000	0.0000	0.0690	0.0000	0.0000	-0.2290	0.0000	-0.1430	0.0000	0.0000
348H	1.3060	1.4890	0.0000	1.5580	0.0000	0.0000	-0.0410	0.0000	0.0000	3.2920	0.0000	0.0000	0.0000	-0.3040	0.0000	0.0000	0.3040	0.0000	-1.0160	0.0000	0.0000
348K	1.5600	0.4340	0.0000	3.3800	0.0000	0.0000	-0.0200	0.0000	0.0000	5.7450	0.0000	0.0000	0.0000	0.0940	0.0000	0.0000	0.2770	0.0000	0.0220	0.0000	0.0000
348M	2.1330	0.3000	0.0000	-1.9070	0.0000	0.0000	-0.0340	0.0000	0.0000	0.5860	0.0000	0.0000	0.0000	-0.2980	0.0000	0.0000	0.2870	0.0000	0.1060	0.0000	0.0000
348L	1.0590	-1.7040	0.0000	1.0260	0.0000	0.0000	0.0130	0.0000	0.0000	-0.0540	0.0000	0.0000	0.0000	-0.0210	0.0000	0.0000	-0.4130	0.0000	-0.0130	0.0000	0.0000
348N	0.6700	-1.8450	0.0000	2.8460	0.0000	0.0000	0.0140	0.0000	0.0000	1.0160	0.0000	0.0000	0.0000	0.0050	0.0000	0.0000	-0.1310	0.0000	-0.5420	0.0000	0.0000
348A	0.5390	-0.8370	0.0000	0.3190	0.0000	0.0000	-0.0150	0.0000	0.0000	-0.0140	0.0000	0.0000	0.0000	0.1480	0.0000	0.0000	0.1270	0.0000	-0.2900	0.0000	0.0000
348C	0.6090	-1.2670	0.0000	1.4980	0.0000	0.0000	0.0020	0.0000	0.0000	0.4890	0.0000	0.0000	0.0000	-0.0390	0.0000	0.0000	-0.3540	0.0000	0.0430	0.0000	0.0000
348E	1.0010	-0.0410	0.0000	4.1930	0.0000	0.0000	0.0330	0.0000	0.0000	3.8290	0.0000	0.0000	0.0000	-0.0240	0.0000	0.0000	-0.6240	0.0000	-0.7070	0.0000	0.0000
348D	0.3220	0.0680	0.0000	4.2110	0.0000	0.0000	0.0070	0.0000	0.0000	3.1810	0.0000	0.0000	0.0000	-0.0370	0.0000	0.0000	-0.9440	0.0000	-0.4430	0.0000	0.0000
348F	2.6740	0.1270	0.0000	0.3600	-0.0010	0.0000	-0.0140	0.0070	-0.0030	2.9180	0.0000	0.0000	0.0030	-0.2250	0.0000	0.0350	0.1510	0.0560	-0.2470	-0.0020	-0.0030
417G	-1.2160	3.9840	0.0000	0.9860	0.0000	0.0000	-0.0200	0.0000	0.0000	3.4840	0.0000	0.0000	0.0000	0.0080	0.0000	0.0000	-0.0560	0.0000	-0.2010	0.0000	0.0000
346W	2.2790	-1.1370	0.0000	-0.4450	0.0000	0.0000	-0.0560	0.0000	0.0000	0.6360	0.0000	0.0000	0.0000	-0.2510	0.0000	0.0000	0.1120	0.0000	0.1330	0.0000	0.0000
309C	-0.0560	0.6120	0.0000	-0.0550	-0.0010	0.0000	-0.0130	-0.0050	0.0040	0.2980	0.0000	0.0000	0.0000	0.0130	0.0040	-0.0020	-0.2040	-0.0030	0.0040	0.0010	-0.0010
309A	-0.2530	2.1230	0.0000	-0.1390	-0.0060	0.0000	0.0040	-0.0050	0.0030	1.4630	0.0000	0.0000	0.0000	0.0280	0.0070	0.0060	-0.1370	-0.1450	-0.0370	0.0120	0.0030
309F	0.9320	-0.7640	0.0000	-0.2870	0.0000	0.0000	-0.0130	0.0000	0.0000	-0.3350	0.0000	0.0000	0.0000	0.0620	0.0000	0.0000	-0.2040	0.0000	-0.0580	0.0000	0.0000
309G	-0.7870	2.7110	0.0000	-0.0740	0.0160	0.0010	0.0020	0.0010	0.0050	1.9700	0.0000	0.0000	0.0000	0.0300	-0.0060	0.0250	-0.0700	0.0930	-0.0160	0.0260	0.0120
309D	-0.2090	1.8490	0.0000	1.1600	-0.0060	0.0000	0.0130	-0.0050	0.0030	2.2050	0.0000	0.0000	0.0000	-0.0090	0.0070	0.0060	-0.4170	-0.1450	-0.0540	0.0120	0.0030
309E	-0.2310	1.4920	0.0000	0.8200	0.0000	0.0000	0.0070	0.0000	0.0000	2.0060	0.0000	0.0000	0.0000	-0.0100	0.0000	0.0000	-0.1580	0.0000	0.0880	0.0000	0.0000
309K	-0.1210	0.8160	0.0000	1.0040	0.0000	0.0000	-0.0010	0.0000	0.0000	1.6620	0.0000	0.0000	0.0000	-0.0160	0.0000	0.0000	0.0720	0.0000	-0.0950	0.0000	0.0000
309H	0.7920	-0.7380	0.0000	1.0540	0.0000	-0.0010	-0.0130	0.0060	0.0000	0.8010	0.0000	0.0000	0.0000	0.1600	0.0020	0.0040	-0.2390	-0.0790	-0.1430	-0.0030	-0.0010
309I	-0.1700	1.3060	0.0000	0.1700	0.0000	0.0000	-0.0060	0.0000	0.0000	1.1930	0.0000	0.0000	0.0000	0.0090	0.0000	0.0000	-0.1140	0.0000	0.0000	0.0000	0.0000
309N	-0.0010	1.1550	0.0000	1.0650	-0.0140	-0.0100	0.0000	-0.0020	-0.0180	2.1990	0.0000	0.0000	0.0000	-0.0160	0.0110	0.0000	-0.0230	0.0630	0.0160	-0.0390	0.0090
309L	-0.0760	0.7220	0.0000	1.0840	0.0000	0.0000	-0.0050	0.0000	0.0000	1.8640	0.0000	0.0000	0.0000	0.0880	0.0000	0.0000	0.1690	0.0000	-0.1160	0.0000	0.0000
309R	1.1810	0.0680	0.0000	3.0790	0.0000	0.0000	0.0120	0.0000	0.0000	4.6030	0.0000	0.0000	0.0000	0.0100	0.0000	0.0000	0.4670	0.0000	-0.2110	0.0000	0.0000
309S	-0.7430	1.9260	0.0000	0.7120	0.0260	0.0080	0.0010	0.0030	0.0050	1.9700	0.0000	0.0000	0.0000	0.0260	0.0070	0.0110	-0.1370	0.0050	0.0270	0.0890	0.0070
309P	-0.2380	1.0990	0.0000	0.1940	0.0000	0.0000	-0.0120	0.0000	0.0000	0.9360	0.0000	0.0000	0.0000	0.0340	0.0000	0.0000	-0.1050	0.0000	-0.0340	0.0000	0.0000
309Q	0.1000	0.4230	0.0000	0.9710	-0.0260	-0.0110	-0.2080	-0.0090	-0.0190	1.1440	0.0000	0.0000	0.0000	-0.2120	-0.0010	-0.0650	-0.5280	0.2640	0.5880	-0.1180	-0.0020
309V	-0.2300	1.4520	0.0000	-0.1540	0.0000	0.0000	-0.0050	0.0000	0.0000	0.9340	0.0000	0.0000	0.0000	0.0100	0.0000	0.0000	-0.1320	0.0000	-0.0050	0.0000	0.0000
309W	2.0770	-0.9990	0.0000	1.1640	0.0000	0.0000	-0.0240	0.0000	0.0000	2.6300	0.0000	0.0000	0.0000	0.0280	0.0000	0.0000	-0.2650	0.0000	0.6460	0.0000	0.0000
309T	-0.3970	1.3430	0.0000	0.8170	0.0000	0.0000	-0.0040	0.0000	0.0000	1.6070	0.0000	0.0000	0.0000	0.0180	0.0000	0.0000	-0.2100	0.0000	0.0440	0.0000	0.0000
417M	-0.8240	1.2950	0.0000	1.2280	0.0080	0.0070	-0.0010	0.0060	0.0010	1.4400	0.0000	0.0000	0.0050	0.1030	0.0000	0.0040	-0.1160	-0.0460	-0.2420	0.0170	-0.0050
346N	-0.3660	0.4300	0.0000	0.0310	0.0380	0.0020	-0.0460	-0.0080	-0.0080	-0.5550	0.0000	0.0000	-0.0040	0.0320	0.0000	0.0150	-0.1540	0.0740	-0.5620	-0.0260	-0.0030
346M	1.2710	-2.5840	0.0000	-2.1620	0.3450	-0.0120	-0.0650	0.0260	-0.0030	-4.5520	0.0000	0.0000	0.0120	-0.4760	0.0000	-0.0970	-0.0470	0.1740	-0.3350	-0.5900	-0.0080
309Y	0.9850	-0.7450	0.0000	-0.0390	0.0000	0.0000	-0.0130	0.0000	0.0000	-0.1210	0.0000	0.0000	0.0000	0.0520	0.0000	0.0000	-0.2180	0.0000	-0.1400	0.0000	0.0000
346K	2.4260	-4.2210	0.0000	5.2660	-0.0030	0.0040	-0.0030	-0.0280	0.0040	3.4840	0.0000	0.0000	0.0030	0.0260	0.0000	-0.0050	0.1130	0.0820	-0.1480	-0.0370	0.0040
346I	0.4140	-1.3030	0.0000	-2.4010	0.0000	0.0000	-0.0660	0.0000	0.0000	-3.4660	0.0000	0.0000	0.0000	-0.0530	0.0000	0.0000	0.1100	0.0000	-0.1650	0.0000	0.0000
346H	1.5120	-3.1390	0.0000	-0.2850	0.0000	0.0000	0.0470	0.0000	0.0000	-1.9230	0.0000	0.0000	0.0000	-0.0440	0.0000	0.0000	0.2000	0.0000	-0.2120	0.0000	0.0000
346L	1.1140	-2.5640	0.0000	-1.7880	0.0000	0.0000	-0.0720	0.0000	0.0000	-3.8480	0.0000	0.0000	0.0000	-0.1030	0.0000	0.0000	-0.0620	0.0000	-0.3760	0.0000	0.0000
417K	-0.8370	1.1650	0.0000	2.9080	0.0000	0.0000	-0.0100	0.0000	0.0000	2.7810	0.0000	0.0000	0.0000	0.0620	0.0000	0.0000	0.0070	0.0000	-0.5160	0.0000	0.0000
302Y	1.0620	-5.1990	0.0000	2.0680	0.0000	0.0000	-0.0500	0.0000	0.0000	-3.3200	0.0000	0.0000	0.0000	0.0320	0.0000	0.0000	-0.5790	0.0000	-0.6540	0.0000	0.0000
302W	1.5640	-4.0090	0.0000	4.8790	0.0000	0.0000	-0.0000	0.0000	0.0000	2.2660	0.0000	0.0000	0.0000	0.3170	0.0000	0.0000	0.4800	0.0000	-0.9650	0.0000	0.0000
302V	0.1830	-0.2500	0.0000	-3.4340	0.0000	0.0000	-0.0430	0.0000	0.0000	-3.3610	0.0000	0.0000	0.0000	-0.1010	0.0000	0.0000	0.4980	0.0000	-0.2130	0.0000	0.0000
302T	0.2210	-2.1900	0.0000	4.8900	-0.0030	0.0000	-0.2050	-0.0150	-0.0190	0.0360	0.0000	0.0000	0.0000	-1.3240	0.0030	-0.0390	-1.6120	0.3620	-0.1420	0.0910	0.0150
302S	-0.4850	-1.1800	0.0000	4.7670	0.0000	0.0000	0.0250	0.0000	0.0000	0.6750	0.0000	0.0000	0.0000	-1.2070	0.0000	0.0000	-1.0430	0.0000	-0.2020	0.0000	0.0000
302R	0.6650	-3.0440	0.0000	4.3600	0.0000	0.0000	-0.0240	0.0000	0.0000	1.9790	0.0000	0.0000	0.0000	0.0690	0.0000	0.0000	0.8170	0.0000	-0.8640	0.0000	0.0000
302Q	-0.0450	-3.5630	0.0000	2.8620	0.3800	-0.0080	-0.0800	0.2300	-0.0950	-1.2120	0.0000	0.0000	0.0000	-0.2950	0.3440	0.4160	-0.2500	0.1340	-0.7940	-0.2900	-0.1600
302P	-1.0490	1.0040	0.0000	-1.0710	0.0000	0.0000	-0.0550	0.0000	0.0000	-0.8610	0.0000	0.0000	0.0000	0.0320	0.0000	0.0000	0.4860	0.0000	-0.2080	0.0000	0.0000
302N	-0.1660	-1.8330	0.0000	4.6200	0.0000	0.0000	0.0080	0.0000	0.0000	2.1990	0.0000	0.0000	0.0000	0.2040	0.0000	0.0000	0.2440	0.0000	-0.8770	0.0000	0.0000
302M	-0.1580	-3.6860	0.0000	4.4730	0.0000	0.0000	-0.0200	0.0000	0.0000	0.2840	0.0000	0.0000	0.0000	0.2420	0.0000	0.0000	0.3470	0.0000	-0.9150	0.0000	0.0000
302L	0.9760	-4.7700	0.0000	1.6330	0.0000	0.0000	-0.0440	0.0000	0.0000	-3.6040	0.0000	0.0000	0.0000	0.0330	0.0000	0.0000	-0.8100	0.0000	-0.6220	0.0000	0.0000
302K	-0.2030	-2.8030	0.0000	5.7080	0.0000	0.0000	-0.0190	0.0000	0.0000	2.5370	0.0000	0.0000	0.0000	0.1560	0.0000	0.0000	0.9550	0.0000	-1.2540	0.0000	0.0000
302I	0.5030	-0.6490	0.0000	-2.7340	0.0000	0.0000	0.0610	0.0000	0.0000	-3.1370	0.0000	0.0000	0.0000	-0.0280	0.0000	0.0000	0.3680	0.0000	-0.6590	0.0000	0.0000
302H	0.1000	-2.6250	0.0000	4.3010	0.0000	0.0000	-0.0040	0.0000	0.0000	1.2810	0.0000	0.0000	0.0000	0.1590	0.0000	0.0000	0.5830	0.0000	-1.2320	0.0000	0.0000
302G	-0.9370	0.4330	0.0000	2.4300	0.0000	0.0000	0.0100	0.0000	0.0000	1.7060	0.0000	0.0000	0.0000	0.0630	0.0000	0.0000	0.2170	0.0000	-0.5090	0.0000	0.0000
302F	0.8490	-5.0270	0.0000	1.9050	0.0040	0.0070	-0.0560	0.0160	-0.0380	-3.3390	0.0000	0.0000	0.0000	0.0310	-0.0070	0.0080	-0.5110	0.0450	-0.6260	0.0290	0.0330
302E	-0.5540	-1.9470	0.0000	4.8110	0.0000	0.0000	0.0080	0.0000	0.0000	1.4090	0.0000	0.0000	0.0000	0.1760	0.0000	0.0000	-0.1170	0.0000	-0.9690	0.0000	0.0000
302D	-0.8690	0.0300	0.0000	5.6000	0.0000	0.0000	0.0020	0.0000	0.0000	1.7640	0.0000	0.0000	0.0000	-0.8620	0.0000	0.0000	-2.5300	0.0000	0.3940	0.0000	0.0000
302C	-2.4870	1.2130	0.0000	0.0300	-0.0990	-0.0010	-0.2220	-0.1050	-0.0110	-1.4660	0.0000	0.0000	0.0000	-0.2190	0.0140	0.3670	0.0800	0.2660	-0.1030	-0.3050	0.1150
417T	-1.2360	3.2010	0.0000	1.4260	0.0000	0.0000	-0.0210	0.0000	0.0000	2.9260	0.0000	0.0000	0.0000	0.0240	0.0000	0.0000	-0.1580	0.0000	-0.3110	0.0000	0.0000
417V	-0.9970	2.7090	0.0000	0.7490	0.0000	0.0000	-0.0040	0.0000	0.0000	2.1670	0.0000	0.0000	0.0000	0.0040	0.0000	0.0000	-0.1330	0.0000	-0.1630	0.0000	0.0000
417P	-1.3670	3.5810	0.0000	1.8580	-0.0040	-0.0020	-0.0510	-0.0050	-0.0060	3.7590	0.0000	0.0000	0.0040	0.0640	0.0000	0.0060	-0.2260	0.1870	-0.2590	-0.0300	0.0050
417Q	-0.8720	1.4750	0.0000	2.3830	0.0000	0.0000	-0.0170	0.0000	0.0000	2.4050	0.0000	0.0000	0.0000	0.0430	0.0000	0.0000	-0.1980	0.0000	-0.4090	0.0000	0.0000
417R	-0.6350	0.3320	0.0000	3.9550	0.0000	0.0000	0.0030	0.0000	0.0000	2.9550	0.0000	0.0000	0.0000	-0.0090	0.0000	0.0000	0.1030	0.0000	-0.7960	0.0000	0.0000
346V	0.4600	-1.2510	0.0000	-1.6970	0.0000	0.0000	-0.0140	0.0000	0.0000	-2.2620	0.0000	0.0000	0.0000	-0.0240	0.0000	0.0000	0.3380	0.0000	-0.0750	0.0000	0.0000
417Y	-0.9420	0.9550	0.0000	1.5680	0.0000	0.0000	-0.0060	0.0000	0.0000	1.3720	0.0000	0.0000	0.0000	0.1410	0.0000	0.0000	-0.1600	0.0000	-0.1870	0.0000	0.0000
417D	-1.4270	3.4010	0.0000	2.8840	0.0000	0.0000	-0.0220	0.0000	0.0000	3.8890	0.0000	0.0000	0.0000	0.0330	0.0000	0.0000	-0.3370	0.0000	-0.6430	0.0000	0.0000
417E	-1.4180	2.1650	0.0000	3.1500	0.0120	0.0050	-0.0040	-0.0030	-0.0050	3.3590	0.0000	0.0000	0.0030	0.0130	0.0000	0.0020	-0.2970	0.1560	-0.4250	0.0020	0.0020
417F	-1.0220	1.2410	0.0000	1.1590	0.0000	0.0000	-0.0070	0.0000	0.0000	1.3640	0.0000	0.0000	0.0000	0.1710	0.0000	0.0000	-0.0770	0.0000	-0.1040	0.0000	0.0000
346T	0.3210	-0.3730	0.0000	-0.4340	0.0000	0.0110	-0.0350	-0.0310	0.0040	-0.3380	0.0000	0.0000	0.0080	-0.0130	0.0000	0.0150	0.4080	0.0930	-0.2560	-0.0660	0.0090
417A	-1.5160	4.3320	0.0000	1.2340	-0.0040	-0.0020	-0.0550	-0.0050	-0.0060	3.6830	0.0000	0.0000	0.0040	0.0430	0.0000	0.0060	-0.2660	0.1870	-0.2480	-0.0300	0.0050
417C	-1.5850	3.7200	0.0000	1.6180	0.0000	0.0000	-0.0080	0.0000	0.0000	3.5720	0.0000	0.0000	0.0000	0.1190	0.0000	0.0000	-0.1940	0.0000	-0.0990	0.0000	0.0000
417L	-1.0080	2.3970	0.0000	1.1640	0.0000	0.0000	0.0000	0.0000	0.0000	2.3850	0.0000	0.0000	0.0000	0.1030	0.0000	0.0000	-0.2030	0.0000	-0.0710	0.0000	0.0000
346S	-0.0770	-1.5970	0.0000	-1.8830	0.0630	-0.0050	0.2360	-0.0460	-0.0030	-0.3410	0.0000	0.0000	-0.0120	0.2340	0.0000	-0.0210	3.9220	-0.2510	-0.5140	-0.3830	-0.0030
417N	-1.4640	3.6130	0.0000	2.0080	-0.0040	-0.0020	-0.0530	-0.0050	-0.0060	3.4620	0.0000	0.0000	0.0040	0.0320	0.0000	0.0060	-0.3730	0.1870	-0.4590	-0.0300	0.0050
417H	-1.3580	2.2890	0.0000	3.0530	0.0000	0.0000	-0.0100	0.0000	0.0000	3.4760	0.0000	0.0000	0.0000	0.1320	0.0000	0.0000	-0.3560	0.0000	-0.2740	0.0000	0.0000
417I	-1.2310	2.1170	0.0000	0.8830	0.0000	0.0000	-0.0130	0.0000	0.0000	1.4320	0.0000	0.0000	0.0000	0.0600	0.0000	0.0000	-0.0010	0.0000	-0.3840	0.0000	0.0000
346R	1.2340	-2.2110	0.0000	1.8740	0.0000	0.0000	0.0080	0.0000	0.0000	-1.2540	0.0000	0.0000	0.0000	-0.2930	0.0000	0.0000	-0.0460	0.0000	-1.8190	0.0000	0.0000
346Q	1.1390	-2.0360	0.0000	-0.3300	0.0000	0.0140	0.0280	-0.0140	0.0030	-2.1540	0.0000	0.0000	-0.0090	0.0730	0.0000	0.0130	0.1030	-0.0050	-1.2260	0.0970	-0.0040
346P	-0.1870	-1.9950	0.0000	0.6490	0.0000	0.0000	-0.0310	0.0000	0.0000	-1.4430	0.0000	0.0000	0.0000	-0.0180	0.0000	0.0000	0.2140	0.0000	-0.0740	0.0000	0.0000
346Y	1.2440	-2.0920	0.0000	-1.2420	0.0000	0.0000	0.0310	0.0000	0.0000	-3.1100	0.0000	0.0000	0.0000	-0.4200	0.0000	0.0000	-0.1540	0.0000	-0.4770	0.0000	0.0000
417S	-1.2290	3.7020	0.0000	1.2890	0.0000	0.0000	-0.0070	0.0000	0.0000	3.4060	0.0000	0.0000	0.0000	0.0180	0.0000	0.0000	-0.0670	0.0000	-0.3030	0.0000	0.0000
346F	1.4120	-2.8100	0.0000	-1.8100	0.0000	0.0000	-0.0060	0.0000	0.0000	-3.6710	0.0000	0.0000	0.0000	0.0290	0.0000	0.0000	-0.2730	0.0000	-0.2120	0.0000	0.0000
346E	0.0950	-0.5870	0.0000	1.5200	0.0400	0.0130	0.0050	0.0130	-0.0030	-1.7360	0.0000	0.0000	0.0110	-0.1470	0.0000	-0.0120	-1.2430	0.1080	-1.5190	-0.0400	0.0100
346D	-0.4050	1.2480	0.0000	0.5840	0.0000	0.0000	-0.0730	0.0000	0.0000	-0.4450	0.0000	0.0000	0.0000	-0.0470	0.0000	0.0000	-0.9440	0.0000	-0.8080	0.0000	0.0000
346C	0.5230	-2.5100	0.0000	-0.0620	0.0000	0.0000	-0.0080	0.0000	0.0000	-1.6350	0.0000	0.0000	0.0000	0.0160	0.0000	0.0000	0.4750	0.0000	-0.0700	0.0000	0.0000
401Y	1.2610	-5.1010	0.0000	3.8610	0.0000	0.0000	-0.0300	0.0000	0.0000	-1.5650	0.0000	0.0000	0.0000	-1.3720	0.0000	0.0000	0.3390	0.0000	-0.5240	0.0000	0.0000
346A	-0.5370	-0.5990	0.0000	0.4350	0.0000	0.0000	-0.0110	0.0000	0.0000	-0.5260	0.0000	0.0000	0.0000	0.0090	0.0000	0.0000	0.4700	0.0000	-0.2930	0.0000	0.0000
401S	-0.1850	0.5100	0.0000	0.7000	0.0000	0.0000	-0.0020	0.0000	0.0000	0.7070	0.0000	0.0000	0.0000	0.0190	0.0000	0.0000	-0.2120	0.0000	-0.1240	0.0000	0.0000
401R	0.3470	-4.4070	0.0000	7.2100	0.0000	0.0000	-0.0140	0.0000	0.0000	-0.9640	0.0000	0.0000	0.0000	-2.1190	0.0000	0.0000	-2.3820	0.0000	0.4040	0.0000	0.0000
401Q	-0.0100	-1.9210	0.0000	2.3770	0.0000	0.0000	-0.0140	0.0000	0.0000	0.0490	0.0000	0.0000	0.0000	0.0060	0.0000	0.0000	-0.1390	0.0000	-0.2480	0.0000	0.0000
401P	-0.3020	-0.2490	0.0000	0.4900	0.0000	0.0000	-0.0050	0.0000	0.0000	-0.1530	0.0000	0.0000	0.0000	0.0050	0.0000	0.0000	-0.0460	0.0000	-0.0480	0.0000	0.0000
401W	2.5430	-7.2520	0.0000	1.0730	0.0000	0.0000	0.0000	0.0000	0.0000	-3.9530	0.0000	0.0000	0.0000	0.1300	0.0000	0.0000	-0.0190	0.0000	-0.4290	0.0000	0.0000
401T	-0.0020	0.2620	0.0000	0.3840	0.0000	0.0000	0.0000	0.0000	0.0000	0.5610	0.0000	0.0000	0.0000	0.0050	0.0000	0.0000	-0.0510	0.0000	-0.0370	0.0000	0.0000
401K	-0.0460	0.4350	0.0000	0.2770	0.0000	0.0000	-0.0010	0.0000	0.0000	0.6300	0.0000	0.0000	0.0000	0.0100	0.0000	0.0000	-0.0620	0.0000	0.0180	0.0000	0.0000
401I	-0.1340	-0.9080	0.0000	-0.4660	0.0000	0.0000	0.0010	0.0000	0.0000	-1.5490	0.0000	0.0000	0.0000	-0.0070	0.0000	0.0000	0.0170	0.0000	-0.0540	0.0000	0.0000
401H	-0.1520	-2.2540	0.0000	1.8570	0.0000	0.0000	-0.0050	0.0000	0.0000	-0.6440	0.0000	0.0000	0.0000	-0.0040	0.0000	0.0000	0.0070	0.0000	-0.0930	0.0000	0.0000
401N	0.1040	0.3000	0.0000	0.3290	0.0000	0.0000	0.0000	0.0000	0.0000	0.6920	0.0000	0.0000	0.0000	0.0050	0.0000	0.0000	-0.0480	0.0000	-0.0010	0.0000	0.0000
401M	-0.0500	-2.6060	0.0000	-0.0570	0.0000	0.0000	0.0010	0.0000	0.0000	-2.9140	0.0000	0.0000	0.0000	0.0130	0.0000	0.0000	-0.1140	0.0000	-0.1010	0.0000	0.0000
401L	-0.3590	0.3330	0.0000	0.1410	0.0000	0.0000	-0.0040	0.0000	0.0000	-0.0690	0.0000	0.0000	0.0000	0.0390	0.0000	0.0000	-0.1840	0.0000	-0.0350	0.0000	0.0000
401C	-0.1220	0.4170	0.0000	0.2860	0.0000	0.0000	-0.0020	0.0000	0.0000	0.5120	0.0000	0.0000	0.0000	0.0110	0.0000	0.0000	-0.0820	0.0000	0.0030	0.0000	0.0000
401A	-0.2220	0.6520	0.0000	0.1790	0.0000	0.0000	0.0000	0.0000	0.0000	0.5050	0.0000	0.0000	0.0000	0.0170	0.0000	0.0000	-0.1170	0.0000	-0.0050	0.0000	0.0000
401G	-0.2210	0.8290	0.0000	0.3340	0.0000	0.0000	-0.0100	0.0000	0.0000	0.8510	0.0000	0.0000	0.0000	0.0240	0.0000	0.0000	-0.1170	0.0000	0.0120	0.0000	0.0000
401F	1.2360	-2.9920	0.0000	0.7300	0.0000	0.0000	0.0080	0.0000	0.0000	-0.5100	0.0000	0.0000	0.0000	-0.0230	0.0000	0.0000	0.6910	0.0000	-0.1580	0.0000	0.0000
401E	0.1930	0.0290	0.0000	1.3180	0.0000	0.0000	0.0050	0.0000	0.0000	0.9380	0.0000	0.0000	0.0000	0.0030	0.0000	0.0000	-0.4780	0.0000	-0.1320	0.0000	0.0000
401D	-0.0480	-0.2390	0.0000	1.4730	0.0000	0.0000	-0.0060	0.0000	0.0000	0.6330	0.0000	0.0000	0.0000	0.0080	0.0000	0.0000	-0.3290	0.0000	-0.2270	0.0000	0.0000
305N	-0.5300	1.7630	0.0000	1.2360	0.0000	0.0000	-0.0090	0.0000	0.0000	2.5580	0.0000	0.0000	0.0000	-0.0190	0.0000	0.0000	-0.0030	0.0000	0.1190	0.0000	0.0000
305L	-0.5460	0.9020	0.0000	-0.4870	-0.0020	0.0010	0.0300	0.0050	0.0040	0.2200	0.0000	0.0000	0.0000	-0.0160	0.0020	0.0060	0.1060	0.1030	0.1160	-0.0060	0.0030
305M	-0.3430	-0.6980	0.0000	0.1410	0.0000	0.0000	0.0160	0.0000	0.0000	-0.6010	0.0000	0.0000	0.0000	-0.0180	0.0000	0.0000	0.0980	0.0000	0.2030	0.0000	0.0000
305K	0.0230	0.1390	0.0000	1.3520	0.0000	0.0000	-0.0410	0.0000	0.0000	1.0300	0.0000	0.0000	0.0000	0.0500	0.0000	0.0000	0.3070	0.0000	-0.8000	0.0000	0.0000
305H	-0.3200	1.7650	0.0000	-0.5110	0.0000	0.0000	0.0270	0.0000	0.0000	0.8140	0.0000	0.0000	0.0000	0.0980	0.0000	0.0000	-0.0170	0.0000	-0.2270	0.0000	0.0000
305I	0.4310	0.0180	0.0000	-1.0050	-0.0010	0.0000	0.0020	-0.0060	-0.0080	-0.6390	0.0000	0.0000	0.0000	-0.0120	-0.0010	0.0010	-0.0310	0.0600	-0.0530	-0.0350	0.0010
305G	-0.7560	4.0380	0.0000	-0.1420	0.0010	0.0000	0.0060	-0.0020	0.0090	3.2830	0.0000	0.0000	0.0000	-0.0320	0.0030	-0.0010	0.1270	0.0860	-0.0330	-0.0140	-0.0030
305D	-0.8100	2.0770	0.0000	2.0280	0.0000	0.0000	-0.0090	0.0000	0.0000	3.3560	0.0000	0.0000	0.0000	-0.0220	0.0000	0.0000	0.0970	0.0000	-0.0040	0.0000	0.0000
305E	0.8960	-2.0590	0.0000	2.4230	0.0060	-0.0010	0.0010	-0.0050	-0.0080	-0.0850	0.0000	0.0000	0.0000	0.2610	-0.0120	-0.0050	-1.4070	0.0970	-0.2590	-0.0280	0.0120
305C	-0.4910	1.6640	0.0000	0.2040	-0.0010	0.0020	-0.0020	-0.0100	0.0080	1.9770	0.0000	0.0000	0.0000	-0.0120	0.0020	-0.0040	0.5020	0.0330	0.0730	0.0070	0.0030
305A	-0.2640	3.1950	0.0000	-2.1090	0.0000	0.0000	0.0220	0.0000	0.0000	0.9330	0.0000	0.0000	0.0000	0.0720	0.0000	0.0000	0.0280	0.0000	-0.0100	0.0000	0.0000
305Y	0.1530	-0.2310	0.0000	0.1890	0.0000	0.0000	0.0030	0.0000	0.0050	0.0010	0.0000	0.0000	0.0000	0.0020	0.0080	-0.0030	-0.0450	0.0030	-0.0870	0.0050	0.0000
305V	0.4400	1.1540	0.0000	-2.0200	0.0000	0.0000	-0.0030	0.0000	0.0000	-0.4890	0.0000	0.0000	0.0000	0.0580	0.0000	0.0000	-0.0320	0.0000	-0.0830	0.0000	0.0000
305W	2.3880	-3.8300	0.0000	0.1050	0.0000	0.0000	-0.0140	0.0000	0.0000	-1.7640	0.0000	0.0000	0.0000	0.2400	0.0000	0.0000	0.9850	0.0000	-1.6370	0.0000	0.0000
305T	0.0270	1.7550	0.0000	-1.0830	0.0040	0.0000	0.0160	0.0110	0.0030	0.6850	0.0000	0.0000	0.0000	0.0380	0.0010	-0.0060	0.0180	0.0140	-0.0670	-0.0440	0.0000
305R	-0.3200	1.9530	0.0000	0.6890	0.0000	-0.0020	-0.0510	0.0070	0.0040	2.0160	0.0000	0.0000	0.0000	-0.0760	0.0040	0.0080	0.2510	-0.0740	-0.3390	-0.0290	-0.0070
305S	-0.7460	3.7880	0.0000	-0.6570	0.0000	0.0000	-0.0590	0.0000	0.0000	2.0610	0.0000	0.0000	0.0000	-0.1560	0.0000	0.0000	0.2980	0.0000	-0.4070	0.0000	0.0000
305P	-0.3750	2.8950	0.0000	-0.9690	-0.0020	-0.0010	0.0130	0.0080	0.0050	1.6190	0.0000	0.0000	0.0000	0.0780	0.0050	-0.0040	0.0450	-0.0190	-0.0300	-0.0280	-0.0030
305Q	0.4020	-0.2020	0.0000	1.7720	0.0000	0.0000	-0.0630	0.0000	0.0000	0.5720	0.0000	0.0000	0.0000	-0.0780	0.0000	0.0000	-0.4750	0.0000	-0.7850	0.0000	0.0000
306C	-0.2940	1.4150	0.0000	-0.1880	0.0000	0.0000	-0.0120	0.0000	0.0000	0.9740	0.0000	0.0000	0.0000	0.0590	0.0000	0.0000	-0.0110	0.0000	0.0060	0.0000	0.0000
306A	-0.9560	2.3570	0.0000	-0.6940	0.0040	0.0000	-0.0340	0.0050	-0.0150	0.6860	0.0000	0.0000	0.0000	0.2260	0.0000	0.0010	-0.1280	0.0760	-0.1570	0.0060	-0.0040
306G	-0.9230	2.6390	0.0000	-0.2690	0.0000	0.0000	-0.0360	0.0000	0.0000	1.3780	0.0000	0.0000	0.0000	0.2370	0.0000	0.0000	-0.1450	0.0000	-0.1250	0.0000	0.0000
306F	0.0960	0.0400	0.0000	-0.3470	0.0000	0.0000	-0.0040	0.0000	0.0000	-0.1250	0.0000	0.0000	0.0000	0.0010	0.0000	0.0000	0.0300	0.0000	0.0590	0.0000	0.0000
306E	-0.2370	1.5270	0.0000	1.6930	0.0000	0.0000	0.0170	0.0000	0.0000	2.6020	0.0000	0.0000	0.0000	0.0060	0.0000	0.0000	-0.1610	0.0000	-0.2450	0.0000	0.0000
306D	0.0770	1.7530	0.0000	1.3000	0.0000	0.0000	0.0110	0.0000	0.0000	3.1430	0.0000	0.0000	0.0000	0.0550	0.0000	0.0000	-0.0990	0.0000	0.0460	0.0000	0.0000
306K	-0.4610	-0.1000	0.0000	3.4800	0.0000	0.0000	-0.0460	0.0000	0.0000	2.4730	0.0000	0.0000	0.0000	0.0540	0.0000	0.0000	0.0260	0.0000	-0.4830	0.0000	0.0000
306I	0.2940	1.1890	0.0000	-0.2690	0.0000	0.0000	0.0060	0.0000	0.0000	1.3790	0.0000	0.0000	0.0000	0.0040	0.0000	0.0000	0.0660	0.0000	0.0890	0.0000	0.0000
306H	0.1480	0.1310	0.0000	1.2090	0.0000	0.0000	0.0000	0.0000	0.0000	1.1710	0.0000	0.0000	0.0000	0.0000	0.0000	0.0000	-0.0390	0.0000	-0.2790	0.0000	0.0000
306N	0.3650	1.3500	0.0000	0.5770	0.0200	0.0030	0.0060	0.0110	0.0020	2.3440	0.0000	0.0000	0.0000	0.0310	-0.0120	0.0270	0.0730	0.0490	-0.1330	-0.0190	-0.0060
306M	0.3490	0.2370	0.0000	-0.2170	0.0000	0.0000	0.0130	0.0000	0.0000	0.6230	0.0000	0.0000	0.0000	0.0010	0.0000	0.0000	0.1510	0.0000	0.0870	0.0000	0.0000
306L	0.4680	1.1460	0.0000	-0.6480	0.0000	0.0000	0.0100	0.0000	0.0000	1.0800	0.0000	0.0000	0.0000	0.0210	0.0000	0.0000	-0.0780	0.0000	0.1600	0.0000	0.0000
306S	-0.5170	1.9530	0.0000	0.6980	0.0000	0.0000	-0.0110	0.0000	0.0000	2.1710	0.0000	0.0000	0.0000	0.0760	0.0000	0.0000	-0.0330	0.0000	0.0050	0.0000	0.0000
306R	-0.1050	-1.6990	0.0000	4.6660	0.0000	0.0000	-0.0270	0.0000	0.0000	2.8590	0.0000	0.0000	0.0000	0.1230	0.0000	0.0000	0.7500	0.0000	-0.8480	0.0000	0.0000
306Q	-0.1790	1.0210	0.0000	1.1530	0.0000	0.0000	0.0050	0.0000	0.0000	1.7300	0.0000	0.0000	0.0000	0.0020	0.0000	0.0000	0.1050	0.0000	-0.3760	0.0000	0.0000
306P	0.5240	0.9040	0.0000	0.4530	0.0000	0.0000	-0.0510	0.0000	0.0000	1.3860	0.0000	0.0000	0.0000	0.0900	0.0000	0.0000	-0.2710	0.0000	-0.2630	0.0000	0.0000
306W	0.3940	-1.9180	0.0000	0.7510	0.0000	0.0000	-0.0240	0.0000	0.0000	-0.6160	0.0000	0.0000	0.0000	0.0210	0.0000	0.0000	0.3990	0.0000	-0.2410	0.0000	0.0000
306V	-0.3400	1.6030	0.0000	-0.5250	0.0000	0.0000	-0.0140	0.0000	0.0000	0.7950	0.0000	0.0000	0.0000	0.0860	0.0000	0.0000	-0.0270	0.0000	0.0130	0.0000	0.0000
306T	-0.2780	1.7900	0.0000	-0.3810	0.0000	0.0000	-0.0040	0.0000	0.0000	1.1910	0.0000	0.0000	0.0000	0.0290	0.0000	0.0000	0.0310	0.0000	0.0010	0.0000	0.0000
