MUT	fa_rep:	ref:	fa_atr:	hbond_sc:	fa_sol:	yhh_planarity:	dslf_fa13:	fa_intra_sol_xover4:	omega:	p_aa_pp:	TOT	sugar_bb:	fa_intra_rep:	hbond_lr_bb:	hbond_sr_bb:	hbond_bb_sc:	fa_elec:	cart_bonded:	lk_ball_wtd:	fa_dun:	rama_prepro:
G7	5.2410	-75.9320	0.0000	52.3370	0.0000	0.0000	-2.8120	0.0000	0.0000	-44.2630	0.0000	0.0000	0.0000	-2.2660	0.0000	0.0000	-11.9690	0.0000	-8.8630	0.0000	0.0000
G6	4.1450	-74.9830	0.0000	53.4840	0.0000	0.0000	-3.3120	0.0000	0.0000	-43.8450	0.0000	0.0000	0.0000	-2.1550	0.0000	0.0000	-12.3120	0.0000	-8.7110	0.0000	0.0000
G5	4.7950	-75.3070	0.0000	52.5000	0.0000	0.0000	-3.3130	0.0000	0.0000	-44.4180	0.0000	0.0000	0.0000	-2.1890	0.0000	0.0000	-12.1860	0.0000	-8.7180	0.0000	0.0000
G4	6.7310	-74.7820	0.0000	51.8690	0.0000	0.0000	-3.5910	0.0000	0.0000	-44.4000	0.0000	0.0000	0.0000	-3.0040	0.0000	0.0000	-14.5650	0.0000	-7.0580	0.0000	0.0000
G3	7.2130	-78.7110	0.0000	51.0230	0.0000	0.0000	-2.7990	0.0000	0.0000	-45.3520	0.0000	0.0000	0.0000	-2.3640	0.0000	0.0000	-11.3390	0.0000	-8.3750	0.0000	0.0000
G2	6.8840	-77.6050	0.0000	51.7020	0.0330	-0.0010	-2.8290	0.0880	-0.0270	-44.3680	0.0000	0.0000	0.0350	-2.3500	0.0060	-0.0050	-11.6990	-0.1480	-8.3050	-0.1470	-0.0010
G1	5.0630	-77.7560	0.0000	53.4980	0.0000	0.0000	-3.4760	0.0000	0.0000	-46.0390	0.0000	0.0000	0.0000	-2.1630	0.0000	0.0000	-12.5320	0.0000	-8.6710	0.0000	0.0000
G9	5.2820	-76.6150	0.0000	51.9620	0.0000	0.0000	-2.8100	0.0000	0.0000	-45.2260	0.0000	0.0000	0.0000	-2.2630	0.0000	0.0000	-11.9150	0.0000	-8.8660	0.0000	0.0000
G8	5.0300	-75.7040	0.0000	52.4880	0.0000	0.0000	-2.7980	0.0000	0.0000	-43.9950	0.0000	0.0000	0.0000	-2.2670	0.0000	0.0000	-11.8110	0.0000	-8.9330	0.0000	0.0000
N6	4.8530	-79.2040	0.0000	56.3120	0.0000	0.0000	-2.6740	0.0000	0.0000	-44.0140	0.0000	0.0000	0.0000	-2.2920	0.0000	0.0000	-11.2860	0.0000	-9.7240	0.0000	0.0000
N7	4.6550	-78.5860	0.0000	56.3970	0.0000	0.0000	-2.6490	0.0000	0.0000	-43.0850	0.0000	0.0000	0.0000	-2.2810	0.0000	0.0000	-10.9560	0.0000	-9.6660	0.0000	0.0000
B4	4.4560	-78.1790	0.0000	55.6730	0.0430	0.0110	-2.6100	-0.3490	0.2770	-42.6050	0.0000	0.0000	-0.1130	-2.4000	0.0450	0.3380	-11.4640	-0.4560	-9.4150	1.1120	0.4260
B5	4.9440	-79.7760	0.0000	54.3550	0.0000	0.0000	-2.6300	0.0000	0.0000	-45.5830	0.0000	0.0000	0.0000	-2.2560	0.0000	0.0000	-11.2420	0.0000	-8.9780	0.0000	0.0000
B6	7.1610	-75.8300	0.0000	49.0910	0.0180	0.0070	-3.6840	-0.1060	-0.0520	-45.1620	0.0000	0.0000	0.0810	-1.8410	0.0220	0.0290	-12.1230	0.0760	-6.7370	-1.2810	0.0050
B7	4.9020	-76.2980	0.0000	51.0220	0.0660	0.0040	-3.5540	0.0340	0.0120	-46.9530	0.0000	0.0000	0.0100	-2.3150	-0.0110	-0.0050	-12.8820	0.2510	-8.1060	-0.1060	0.0240
B1	4.3720	-77.3180	0.0000	50.9260	0.0000	0.0000	-3.2150	0.0000	0.0000	-48.0130	0.0000	0.0000	0.0000	-2.2120	0.0000	0.0000	-11.9160	0.0000	-8.6500	0.0000	0.0000
B2	8.2000	-75.8110	0.0000	49.4780	-0.0210	0.0010	-3.5970	-0.0150	-0.0130	-44.0840	0.0000	0.0000	-0.0030	-2.3130	-0.0050	-0.0320	-12.4810	0.2300	-7.7520	0.0570	-0.0070
B3	6.0390	-81.7550	0.0000	57.6840	0.0000	0.0000	-2.6290	0.0000	0.0000	-44.4490	0.0000	0.0000	0.0000	-2.2400	0.0000	0.0000	-11.7370	0.0000	-9.8110	0.0000	0.0000
B8	5.1550	-79.4480	0.0000	52.6660	0.0000	0.0000	-2.8230	0.0000	0.0000	-47.9270	0.0000	0.0000	0.0000	-2.2560	0.0000	0.0000	-12.1680	0.0000	-9.0540	0.0000	0.0000
B9	7.2750	-78.6110	0.0000	52.1520	0.0020	0.0000	-3.6320	0.0500	0.0210	-45.7540	0.0000	0.0000	-0.0010	-2.3050	-0.0070	0.0000	-12.6860	0.1750	-8.1180	-0.0650	-0.0030
N5	5.0130	-80.8320	0.0000	55.2550	0.0000	0.0000	-2.7890	0.0000	0.0000	-45.3920	0.0000	0.0000	0.0000	-2.3060	0.0000	0.0000	-10.6040	0.0000	-9.1290	0.0000	0.0000
P10	4.9020	-82.5200	0.0000	57.3820	0.0000	0.0000	-2.7000	0.0000	0.0000	-47.7440	0.0000	0.0000	0.0000	-3.2200	0.0000	0.0000	-12.9200	0.0000	-8.6690	0.0000	0.0000
P11	5.2190	-79.7580	0.0000	54.5350	0.0000	0.0000	-2.6760	0.0000	0.0000	-45.4740	0.0000	0.0000	0.0000	-2.2860	0.0000	0.0000	-11.0060	0.0000	-9.5020	0.0000	0.0000
P12	5.1340	-80.5940	0.0000	54.1150	0.0800	0.0200	-2.6150	-0.0050	-0.0230	-45.1120	0.0000	0.0000	0.0000	-2.3380	0.1220	-0.4110	-10.9810	0.5780	-8.6130	0.4670	-0.0460
E9	4.9910	-77.6250	0.0000	52.5680	0.0000	0.0000	-2.8240	0.0000	0.0000	-46.1110	0.0000	0.0000	0.0000	-2.2590	0.0000	0.0000	-12.0950	0.0000	-8.8670	0.0000	0.0000
E8	5.1680	-76.3360	0.0000	53.0430	-0.0150	0.0000	-3.5340	-0.0460	0.0620	-45.3740	0.0000	0.0000	-0.0300	-2.3330	-0.0060	-0.4790	-12.5600	0.2300	-8.5500	0.0130	0.0000
E5	5.0490	-77.3490	0.0000	53.6450	0.0000	0.0000	-3.4930	0.0000	0.0000	-45.4940	0.0000	0.0000	0.0000	-2.1660	0.0000	0.0000	-12.5300	0.0000	-8.6500	0.0000	0.0000
E4	4.5470	-76.5610	0.0000	52.5480	0.0000	0.0000	-2.8130	0.0000	0.0000	-45.4790	0.0000	0.0000	0.0000	-2.2560	0.0000	0.0000	-11.9710	0.0000	-8.9720	0.0000	0.0000
E7	5.3990	-77.7000	0.0000	51.6540	0.0000	0.0000	-2.8720	0.0000	0.0000	-46.2650	0.0000	0.0000	0.0000	-2.3340	0.0000	0.0000	-11.8960	0.0000	-8.5150	0.0000	0.0000
E6	5.8820	-76.8980	0.0000	50.7650	0.0010	0.0010	-3.6260	0.0140	-0.0190	-46.5060	0.0000	0.0000	-0.0020	-2.3550	-0.0160	0.0160	-12.3770	0.1270	-7.9620	-0.0580	0.0000
E1	4.6710	-78.0060	0.0000	52.4160	0.0000	0.0000	-2.8300	0.0000	0.0000	-46.8790	0.0000	0.0000	0.0000	-2.2580	0.0000	0.0000	-11.9030	0.0000	-8.9690	0.0000	0.0000
P8	4.8640	-80.9620	0.0000	59.0220	0.0000	0.0000	-2.4270	0.0000	0.0000	-46.1910	0.0000	0.0000	0.0000	-4.8460	0.0000	0.0000	-13.2500	0.0000	-8.5930	0.0000	0.0000
E3	4.9340	-79.2740	0.0000	52.7650	0.0000	0.0000	-2.8190	0.0000	0.0000	-48.0440	0.0000	0.0000	0.0000	-2.2440	0.0000	0.0000	-12.2880	0.0000	-9.1160	0.0000	0.0000
E2	4.6160	-72.8910	0.0000	51.2950	0.0000	0.0000	-3.5740	0.0000	0.0000	-45.1560	0.0000	0.0000	0.0000	-2.8770	0.0000	0.0000	-14.4710	0.0000	-7.2550	0.0000	0.0000
P2	5.5950	-83.4380	0.0000	60.6780	-0.1740	0.0040	-2.8520	-0.2870	-0.0730	-45.6510	0.0000	0.0000	-0.0580	-4.0400	-0.1170	-0.8250	-13.2800	-0.0580	-9.0950	3.1760	-0.8080
P3	6.1220	-81.2140	0.0000	57.4010	0.0000	0.0000	-2.8670	0.0000	0.0000	-45.1340	0.0000	0.0000	0.0000	-4.6990	0.0000	0.0000	-11.6680	0.0000	-8.2070	0.0000	0.0000
P1	6.1740	-80.5410	0.0000	55.6890	0.0000	0.0000	-2.5960	0.0000	0.0000	-45.2760	0.0000	0.0000	0.0000	-3.6620	0.0000	0.0000	-11.9500	0.0000	-8.3910	0.0000	0.0000
P6	5.1950	-79.9620	0.0000	55.1890	0.0000	0.0000	-2.6690	0.0000	0.0000	-45.1480	0.0000	0.0000	0.0000	-2.2820	0.0000	0.0000	-10.8130	0.0000	-9.8090	0.0000	0.0000
P7	5.5870	-82.6970	0.0000	57.4860	0.0000	0.0000	-2.3990	0.0000	0.0000	-48.2090	0.0000	0.0000	0.0000	-4.8020	0.0000	0.0000	-13.0640	0.0000	-8.3210	0.0000	0.0000
P4	6.6660	-81.3380	0.0000	57.6540	0.0000	0.0000	-2.8100	0.0000	0.0000	-44.8070	0.0000	0.0000	0.0000	-4.7070	0.0000	0.0000	-12.0190	0.0000	-8.2530	0.0000	0.0000
P5	6.0170	-79.8620	0.0000	56.6080	0.0000	0.0000	-2.6860	0.0000	0.0000	-43.0950	0.0000	0.0000	0.0000	-3.5390	0.0000	0.0000	-11.9430	0.0000	-7.6900	0.0000	0.0000
H10	5.5230	-84.0420	0.0000	57.9440	0.0000	0.0000	-2.5130	0.0000	0.0000	-48.8690	0.0000	0.0000	0.0000	-4.4960	0.0000	0.0000	-12.6020	0.0000	-8.6830	0.0000	0.0000
H11	5.7080	-84.3720	0.0000	58.3560	0.0000	0.0000	-2.5040	0.0000	0.0000	-48.4450	0.0000	0.0000	0.0000	-4.4220	0.0000	0.0000	-12.6360	0.0000	-8.5740	0.0000	0.0000
H12	5.6990	-84.1220	0.0000	58.8330	0.0000	0.0000	-2.5310	0.0000	0.0000	-48.1670	0.0000	0.0000	0.0000	-4.5120	0.0000	0.0000	-12.7480	0.0000	-8.7860	0.0000	0.0000
P9	4.8780	-80.9460	0.0000	57.9680	0.0000	0.0000	-2.7460	0.0000	0.0000	-45.1920	0.0000	0.0000	0.0000	-3.4370	0.0000	0.0000	-12.5470	0.0000	-8.3640	0.0000	0.0000
F12	9.2290	-83.3700	0.0000	52.3530	-0.0270	-0.0070	-3.0470	0.4160	0.2130	-48.6100	0.0000	0.0000	0.2000	-1.7800	0.1360	-0.5180	-11.7920	0.5970	-8.8490	-3.1520	0.7880
F10	6.8130	-77.0700	0.0000	50.9940	0.0000	0.0000	-2.8390	0.0000	0.0000	-44.4620	0.0000	0.0000	0.0000	-2.3640	0.0000	0.0000	-11.7360	0.0000	-8.2590	0.0000	0.0000
F11	6.9980	-81.8650	0.0000	52.0210	0.0000	0.0000	-2.8160	0.0000	0.0000	-48.6300	0.0000	0.0000	0.0000	-2.2690	0.0000	0.0000	-11.5880	0.0000	-9.1100	0.0000	0.0000
N12	5.3930	-77.6170	0.0000	55.1590	0.0010	0.0000	-2.6620	0.0180	-0.0060	-42.6460	0.0000	0.0000	-0.0050	-2.2820	0.0010	0.0030	-10.8580	-0.0800	-9.7290	0.0090	0.0110
H8	5.1760	-77.8250	0.0000	55.6770	0.0000	0.0000	-2.6280	0.0000	0.0000	-42.4220	0.0000	0.0000	0.0000	-2.2730	0.0000	0.0000	-10.9260	0.0000	-9.6260	0.0000	0.0000
H9	4.1620	-78.7190	0.0000	55.8630	0.0000	0.0000	-2.4340	0.0000	0.0000	-46.0310	0.0000	0.0000	0.0000	-3.8070	0.0000	0.0000	-11.9490	0.0000	-9.1460	0.0000	0.0000
H6	4.4760	-79.2460	0.0000	56.1730	0.0000	0.0000	-2.4450	0.0000	0.0000	-45.5200	0.0000	0.0000	0.0000	-3.8150	0.0000	0.0000	-12.1580	0.0000	-8.5030	0.0000	0.0000
H7	4.3190	-78.6030	0.0000	56.2750	0.0000	0.0000	-2.4590	0.0000	0.0000	-45.4510	0.0000	0.0000	0.0000	-3.8110	0.0000	0.0000	-12.0190	0.0000	-9.1510	0.0000	0.0000
H4	4.1780	-75.0620	0.0000	50.9280	0.0000	0.0000	-2.7760	0.0000	0.0000	-44.6860	0.0000	0.0000	0.0000	-2.2980	0.0000	0.0000	-11.1770	0.0000	-8.4770	0.0000	0.0000
H5	4.5370	-79.0410	0.0000	55.5190	0.0000	0.0000	-2.6350	0.0000	0.0000	-44.0060	0.0000	0.0000	0.0000	-2.2240	0.0000	0.0000	-11.4100	0.0000	-8.7520	0.0000	0.0000
D10	5.2330	-78.0430	0.0000	53.3220	-0.0090	-0.0010	-3.5140	-0.0130	-0.0010	-46.3120	0.0000	0.0000	0.0030	-2.1820	-0.0030	-0.0060	-12.4970	0.0520	-8.6210	-0.0390	0.0100
D11	4.9560	-77.6150	0.0000	52.2650	0.0000	0.0000	-3.4210	0.0000	0.0000	-47.2880	0.0000	0.0000	0.0000	-2.1610	0.0000	0.0000	-12.5500	0.0000	-8.7630	0.0000	0.0000
D12	5.6830	-77.3370	0.0000	51.0450	0.0000	0.0000	-3.5760	0.0000	0.0000	-47.2210	0.0000	0.0000	0.0000	-2.2000	0.0000	0.0000	-12.7150	0.0000	-8.1230	0.0000	0.0000
B12	4.8430	-78.2130	0.0000	53.7540	0.0000	0.0000	-2.8210	0.0000	0.0000	-45.9250	0.0000	0.0000	0.0000	-2.2510	0.0000	0.0000	-12.0000	0.0000	-9.2390	0.0000	0.0000
B10	7.0920	-75.7760	0.0000	50.6360	0.0000	0.0000	-3.6100	0.0000	0.0000	-45.2050	0.0000	0.0000	0.0000	-2.8410	0.0000	0.0000	-13.8120	0.0000	-6.8940	0.0000	0.0000
B11	8.9350	-77.1990	0.0000	49.7530	0.0000	0.0000	-3.6210	0.0000	0.0000	-45.1380	0.0000	0.0000	0.0000	-2.6770	0.0000	0.0000	-12.8300	0.0000	-7.4980	0.0000	0.0000
Q8	5.5190	-80.4990	0.0000	57.4730	0.0000	0.0000	-3.1760	0.0000	0.0000	-47.5050	0.0000	0.0000	0.0000	-5.0670	0.0000	0.0000	-13.8280	0.0000	-7.9260	0.0000	0.0000
Q9	5.4980	-79.9440	0.0000	55.3920	0.0000	0.0000	-2.6860	0.0000	0.0000	-44.7500	0.0000	0.0000	0.0000	-2.3050	0.0000	0.0000	-11.0460	0.0000	-9.6590	0.0000	0.0000
C9	4.9530	-76.5080	0.0000	52.6560	0.0000	0.0000	-3.4730	0.0000	0.0000	-45.7640	0.0000	0.0000	0.0000	-2.1680	0.0000	0.0000	-12.5340	0.0000	-8.6890	0.0000	0.0000
C8	5.0490	-77.8610	0.0000	52.2830	0.0000	0.0000	-2.8280	0.0000	0.0000	-46.6020	0.0000	0.0000	0.0000	-2.2580	0.0000	0.0000	-12.1290	0.0000	-8.8600	0.0000	0.0000
Q11	7.3610	-83.0610	0.0000	56.4490	-0.1350	-0.0040	-2.6430	-0.1030	0.0340	-46.3200	0.0000	0.0000	0.0010	-3.0330	0.0010	-1.1850	-12.6510	0.3250	-8.8620	1.1930	-0.0080
Q10	4.7730	-83.0220	0.0000	58.0350	0.0000	0.0000	-2.6960	0.0000	0.0000	-47.4370	0.0000	0.0000	0.0000	-3.1670	0.0000	0.0000	-12.5780	0.0000	-8.7840	0.0000	0.0000
Q12	5.4440	-82.7950	0.0000	57.0290	0.0000	0.0000	-2.6780	0.0000	0.0000	-47.5210	0.0000	0.0000	0.0000	-3.3130	0.0000	0.0000	-12.3080	0.0000	-8.9010	0.0000	0.0000
C3	6.4130	-76.0010	0.0000	50.3290	0.0000	0.0000	-3.6140	0.0000	0.0000	-45.5490	0.0000	0.0000	0.0000	-2.1670	0.0000	0.0000	-12.9210	0.0000	-7.5900	0.0000	0.0000
C2	7.0690	-75.8940	0.0000	50.4350	0.0000	0.0000	-3.6070	0.0000	0.0000	-45.5750	0.0000	0.0000	0.0000	-2.8470	0.0000	0.0000	-13.7370	0.0000	-6.9930	0.0000	0.0000
C1	7.1540	-76.2040	0.0000	49.5170	-0.0340	0.0000	-3.6310	-0.0730	0.0310	-45.4130	0.0000	0.0000	0.0010	-2.3040	-0.0040	0.0360	-12.3030	0.0300	-7.6380	-0.0200	0.0280
C7	4.2840	-75.0580	0.0000	53.7140	0.0000	0.0000	-3.3100	0.0000	0.0000	-43.5630	0.0000	0.0000	0.0000	-2.1850	0.0000	0.0000	-12.5800	0.0000	-8.4270	0.0000	0.0000
C6	4.1370	-75.2590	0.0000	53.4680	0.0000	0.0000	-3.3150	0.0000	0.0000	-43.9980	0.0000	0.0000	0.0000	-2.1760	0.0000	0.0000	-12.1410	0.0000	-8.7120	0.0000	0.0000
C5	4.9190	-76.3480	0.0000	52.7400	0.0000	0.0000	-3.4710	0.0000	0.0000	-45.5270	0.0000	0.0000	0.0000	-2.1680	0.0000	0.0000	-12.5290	0.0000	-8.6690	0.0000	0.0000
C4	4.2930	-76.2890	0.0000	53.1800	0.0000	0.0000	-3.2980	0.0000	0.0000	-45.5110	0.0000	0.0000	0.0000	-2.1590	0.0000	0.0000	-12.4530	0.0000	-8.7830	0.0000	0.0000
N10	4.9550	-78.1300	0.0000	56.6070	0.0000	0.0000	-2.6890	0.0000	0.0000	-42.4240	0.0000	0.0000	0.0000	-2.2870	0.0000	0.0000	-11.2400	0.0000	-9.6400	0.0000	0.0000
N8	4.8120	-80.3110	0.0000	55.2790	0.0000	0.0000	-2.8250	0.0000	0.0000	-45.9610	0.0000	0.0000	0.0000	-2.3300	0.0000	0.0000	-11.6380	0.0000	-8.9500	0.0000	0.0000
N9	5.0010	-80.0550	0.0000	56.0260	0.0000	0.0000	-3.5910	0.0000	0.0000	-47.5620	0.0000	0.0000	0.0000	-2.9380	0.0000	0.0000	-12.6640	0.0000	-9.3410	0.0000	0.0000
N11	5.3840	-78.5260	0.0000	55.1510	0.0000	0.0000	-2.6770	0.0000	0.0000	-43.2350	0.0000	0.0000	0.0000	-2.2790	0.0000	0.0000	-10.8320	0.0000	-9.4570	0.0000	0.0000
G12	6.4020	-80.4450	0.0000	52.7010	0.0000	0.0000	-2.8160	0.0000	0.0000	-47.0090	0.0000	0.0000	0.0000	-2.2580	0.0000	0.0000	-11.4090	0.0000	-9.1830	0.0000	0.0000
G11	6.6360	-76.9530	0.0000	51.5690	0.0190	-0.0010	-3.5980	-0.0260	-0.0090	-45.6700	0.0000	0.0000	-0.0050	-2.3440	-0.0090	-0.0390	-12.8450	-0.0910	-7.9880	0.0000	0.0120
G10	5.4760	-75.5210	0.0000	52.2240	0.0000	0.0000	-2.8050	0.0000	0.0000	-43.7480	0.0000	0.0000	0.0000	-2.2670	0.0000	0.0000	-11.9840	0.0000	-8.8710	0.0000	0.0000
F1	6.3060	-77.2070	0.0000	51.6510	-0.0040	0.0000	-3.6170	-0.0390	-0.0070	-46.3530	0.0000	0.0000	-0.0200	-2.4560	-0.0060	-0.5170	-12.6180	0.1800	-8.1140	0.1160	0.0010
F2	6.4160	-77.8910	0.0000	50.6870	0.0000	0.0000	-2.9390	0.0000	0.0000	-45.0400	0.0000	0.0000	0.0000	-2.3360	0.0000	0.0000	-11.1100	0.0000	-7.8660	0.0000	0.0000
F3	5.3930	-77.5570	0.0000	52.9900	0.0000	0.0000	-3.5470	0.0000	0.0000	-46.1880	0.0000	0.0000	0.0000	-2.1740	0.0000	0.0000	-12.7010	0.0000	-8.5910	0.0000	0.0000
F4	7.3130	-76.2840	0.0000	50.4830	0.0000	0.0000	-3.5980	0.0000	0.0000	-44.5740	0.0000	0.0000	0.0000	-2.0180	0.0000	0.0000	-13.2160	0.0000	-7.2540	0.0000	0.0000
F5	4.6370	-77.1420	0.0000	52.1450	0.0000	0.0000	-2.8090	0.0000	0.0000	-46.3240	0.0000	0.0000	0.0000	-2.2500	0.0000	0.0000	-11.9180	0.0000	-8.9870	0.0000	0.0000
F6	4.7640	-78.1600	0.0000	52.7940	0.0000	0.0000	-2.8130	0.0000	0.0000	-46.4370	0.0000	0.0000	0.0000	-2.2530	0.0000	0.0000	-11.8510	0.0000	-8.9180	0.0000	0.0000
F7	6.3570	-76.7290	0.0000	49.9160	0.0040	0.0000	-3.6220	-0.0100	-0.0190	-46.4950	0.0000	0.0000	-0.0010	-2.3360	-0.0030	-0.0010	-12.4250	0.0190	-7.6210	-0.0380	0.0120
F8	5.7660	-78.0190	0.0000	51.2510	0.0000	0.0000	-2.8840	0.0000	0.0000	-46.5600	0.0000	0.0000	0.0000	-2.3380	0.0000	0.0000	-11.8370	0.0000	-8.4970	0.0000	0.0000
F9	7.6920	-76.6750	0.0000	50.1800	0.0000	0.0000	-3.6140	0.0000	0.0000	-44.7770	0.0000	0.0000	0.0000	-2.0060	0.0000	0.0000	-13.4350	0.0000	-6.9170	0.0000	0.0000
Q1	4.9680	-77.4000	0.0000	54.7780	0.0000	0.0000	-2.6640	0.0000	0.0000	-42.9230	0.0000	0.0000	0.0000	-2.3460	0.0000	0.0000	-10.8650	0.0000	-9.3950	0.0000	0.0000
Q3	4.9320	-80.9280	0.0000	55.9640	0.0000	0.0000	-2.6130	0.0000	0.0000	-45.7210	0.0000	0.0000	0.0000	-2.2140	0.0000	0.0000	-11.2720	0.0000	-9.5920	0.0000	0.0000
Q2	5.1730	-79.3550	0.0000	55.4620	0.0000	0.0000	-2.6850	0.0000	0.0000	-44.4640	0.0000	0.0000	0.0000	-2.2900	0.0000	0.0000	-11.1140	0.0000	-9.6560	0.0000	0.0000
Q5	5.1770	-83.3350	0.0000	60.5990	-0.0800	0.0350	-2.8550	-0.3010	-0.0780	-45.8750	0.0000	0.0000	-0.0510	-4.0700	-0.1180	-0.7750	-13.2940	-0.1350	-9.0410	3.2570	-0.8090
Q4	4.8740	-80.2280	0.0000	54.9560	0.0810	0.0150	-2.6220	-0.0120	-0.0120	-45.2600	0.0000	0.0000	0.0000	-2.3480	0.0010	-0.4350	-11.5110	0.3600	-8.6260	0.2590	-0.0150
Q7	6.5800	-80.4620	0.0000	53.5210	0.0000	0.0000	-2.7630	0.0000	0.0000	-44.9990	0.0000	0.0000	0.0000	-2.3580	0.0000	0.0000	-11.2200	0.0000	-8.2990	0.0000	0.0000
Q6	6.8960	-78.6400	0.0000	52.0560	0.0000	0.0000	-2.7450	0.0000	0.0000	-43.7880	0.0000	0.0000	0.0000	-2.3660	0.0000	0.0000	-10.8700	0.0000	-8.1190	0.0000	0.0000
E11	4.5630	-76.8170	0.0000	52.5340	0.0000	0.0000	-2.8140	0.0000	0.0000	-45.6810	0.0000	0.0000	0.0000	-2.2530	0.0000	0.0000	-11.9000	0.0000	-8.9950	0.0000	0.0000
E10	6.7710	-76.2100	0.0000	49.8020	0.0120	0.0090	-3.6590	-0.0030	-0.0010	-45.6410	0.0000	0.0000	-0.0040	-2.3320	0.0010	0.0550	-12.3170	0.0010	-7.7350	-0.0330	0.0020
E12	3.9910	-77.0130	0.0000	52.7180	0.0710	0.0030	-2.8220	0.0130	-0.0140	-45.7260	0.0000	0.0000	-0.0120	-2.1050	-0.0050	0.5110	-11.8740	-0.0960	-9.1020	0.0040	0.0060
C12	5.5060	-77.8910	0.0000	51.4130	0.0000	0.0000	-2.8760	0.0000	0.0000	-46.5350	0.0000	0.0000	0.0000	-2.3290	0.0000	0.0000	-11.8590	0.0000	-8.4990	0.0000	0.0000
C11	5.3560	-76.4850	0.0000	50.6470	-0.0170	0.0090	-3.6060	0.1190	0.0740	-46.2260	0.0000	0.0000	-0.1610	-2.3110	-0.0690	0.1680	-12.0180	-0.1760	-7.7520	0.0870	-0.0880
C10	5.0780	-77.5350	0.0000	53.2730	0.0000	0.0000	-3.5040	0.0000	0.0000	-45.8700	0.0000	0.0000	0.0000	-2.1660	0.0000	0.0000	-12.4380	0.0000	-8.5760	0.0000	0.0000
A11	4.0540	-80.8800	0.0000	58.0170	0.0000	0.0000	-2.6950	0.0000	0.0000	-46.0730	0.0000	0.0000	0.0000	-3.1760	0.0000	0.0000	-12.6860	0.0000	-8.7050	0.0000	0.0000
A10	5.6090	-74.7650	0.0000	51.7480	0.2020	-0.0040	-3.6160	-0.0940	0.0340	-45.2380	0.0000	0.0000	-0.0250	-2.7280	0.0320	0.1700	-14.2790	-0.0120	-7.5390	0.0070	0.0210
A12	5.1870	-79.9850	0.0000	55.6030	0.0000	0.0000	-2.4640	0.0000	0.0000	-46.5170	0.0000	0.0000	0.0000	-3.8240	0.0000	0.0000	-11.7580	0.0000	-9.2740	0.0000	0.0000
A1	6.0640	-78.5120	0.0000	57.5520	0.0000	0.0000	-1.8000	0.0000	0.0000	-34.4200	0.0000	0.0000	0.0000	-1.8690	0.0000	0.0000	-7.4960	0.0000	-8.3580	0.0000	0.0000
A3	4.3730	-79.4410	0.0000	55.8660	0.0000	0.0000	-2.4640	0.0000	0.0000	-46.0560	0.0000	0.0000	0.0000	-3.8100	0.0000	0.0000	-12.0830	0.0000	-8.4980	0.0000	0.0000
A2	4.4400	-80.0560	0.0000	56.6600	0.0000	0.0000	-2.4580	0.0000	0.0000	-46.7710	0.0000	0.0000	0.0000	-3.8150	0.0000	0.0000	-12.1820	0.0000	-9.3580	0.0000	0.0000
A5	5.2740	-80.1320	0.0000	54.5960	0.0000	0.0000	-2.6730	0.0000	0.0000	-44.7640	0.0000	0.0000	0.0000	-2.2880	0.0000	0.0000	-11.0780	0.0000	-8.4620	0.0000	0.0000
A4	5.1170	-80.1200	0.0000	57.3010	0.0000	-0.0020	-2.4100	-0.0010	0.0010	-46.4570	0.0000	0.0000	0.0080	-4.8500	-0.0030	-0.0050	-12.8360	-0.0370	-8.6360	0.0340	-0.0170
A7	4.8210	-83.3800	0.0000	57.0060	0.0000	0.0000	-2.7090	0.0000	0.0000	-47.3850	0.0000	0.0000	0.0000	-2.1740	0.0000	0.0000	-11.9740	0.0000	-8.9750	0.0000	0.0000
A6	4.7010	-80.4190	0.0000	56.9730	0.0000	0.0000	-2.4660	0.0000	0.0000	-46.5310	0.0000	0.0000	0.0000	-3.8130	0.0000	0.0000	-12.1110	0.0000	-9.3950	0.0000	0.0000
A9	5.9220	-80.4290	0.0000	59.2310	0.0000	0.0000	-2.8190	0.0000	0.0000	-41.2910	0.0000	0.0000	0.0000	-3.8510	0.0000	0.0000	-11.6850	0.0000	-7.6610	0.0000	0.0000
A8	4.1590	-80.9780	0.0000	57.5050	0.0000	0.0000	-2.7000	0.0000	0.0000	-46.6540	0.0000	0.0000	0.0000	-3.1530	0.0000	0.0000	-12.7390	0.0000	-8.7500	0.0000	0.0000
D8	5.0110	-76.7520	0.0000	52.6650	0.0000	0.0000	-3.5780	0.0000	0.0000	-45.9940	0.0000	0.0000	0.0000	-2.1990	0.0000	0.0000	-12.6180	0.0000	-8.5230	0.0000	0.0000
D9	5.1350	-78.1320	0.0000	52.2810	0.0000	0.0000	-2.8130	0.0000	0.0000	-46.6410	0.0000	0.0000	0.0000	-2.2560	0.0000	0.0000	-12.0120	0.0000	-8.8430	0.0000	0.0000
D6	6.0830	-77.3980	0.0000	50.8610	0.0000	0.0000	-3.6350	0.0000	0.0000	-46.7260	0.0000	0.0000	0.0000	-2.3430	0.0000	0.0000	-12.1340	0.0000	-8.1600	0.0000	0.0000
D7	5.8560	-77.5150	0.0000	51.2510	0.0000	0.0000	-3.5940	0.0000	0.0000	-46.9660	0.0000	0.0000	0.0000	-2.2080	0.0000	0.0000	-12.6650	0.0000	-8.0920	0.0000	0.0000
D4	6.7760	-75.9710	0.0000	50.3000	0.0020	0.0010	-3.6210	0.0020	0.0100	-44.9040	0.0000	0.0000	0.0120	-2.0910	-0.0040	0.0060	-13.1510	0.1970	-7.3300	-0.0610	0.0180
D5	7.1300	-76.1880	0.0000	50.4080	0.0000	0.0000	-3.5740	0.0000	0.0000	-44.5090	0.0000	0.0000	0.0000	-2.1480	0.0000	0.0000	-13.1420	0.0000	-6.9950	0.0000	0.0000
D2	5.3420	-77.3860	0.0000	52.9710	0.0000	0.0000	-3.4750	0.0000	0.0000	-46.0630	0.0000	0.0000	0.0000	-2.2270	0.0000	0.0000	-12.5970	0.0000	-8.6930	0.0000	0.0000
D3	6.4820	-75.9580	0.0000	50.3390	0.0000	0.0000	-3.6260	0.0000	0.0000	-45.3800	0.0000	0.0000	0.0000	-2.1680	0.0000	0.0000	-12.9880	0.0000	-7.4610	0.0000	0.0000
D1	5.2960	-76.3350	0.0000	52.6060	-0.0950	0.0040	-3.5380	-0.0540	0.0200	-45.6480	0.0000	0.0000	-0.0300	-2.3770	0.0000	-0.4160	-12.5210	0.0800	-8.3920	0.1010	0.0030
