MUT	fa_rep:	ref:	fa_atr:	hbond_sc:	fa_sol:	yhh_planarity:	dslf_fa13:	fa_intra_sol_xover4:	omega:	p_aa_pp:	TOT	sugar_bb:	fa_intra_rep:	hbond_lr_bb:	hbond_sr_bb:	hbond_bb_sc:	fa_elec:	cart_bonded:	lk_ball_wtd:	fa_dun:	rama_prepro:
G7	-0.6320	1.3400	0.0000	1.9630	0.0000	0.0000	-0.0650	0.0000	0.0000	1.4940	0.0000	0.0000	0.0000	-1.2630	0.0000	0.0000	-0.5380	0.0000	0.6890	0.0000	0.0000
G6	0.0710	0.9930	0.0000	7.2180	-0.0170	0.0540	-0.0900	0.0610	-0.0480	5.5080	0.0000	0.0000	-0.0220	-0.9950	0.1340	0.3870	-4.6010	0.0460	0.3240	1.9410	0.0510
G5	-0.2440	3.1250	0.0000	0.6370	0.0000	0.0000	-0.0890	0.0000	0.0000	3.3050	0.0000	0.0000	0.0000	-0.9930	0.0000	0.0000	-0.1590	0.0000	1.0280	0.0000	0.0000
G4	3.0270	0.9010	0.0000	1.4330	0.0000	0.0000	1.2610	0.0000	0.0000	2.9190	0.0000	0.0000	0.0000	-2.9780	0.0000	0.0000	-2.6670	0.0000	1.9430	0.0000	0.0000
G3	2.4980	-4.8380	0.0000	0.6130	0.0000	0.0000	-0.0990	0.0000	0.0000	-2.4100	0.0000	0.0000	0.0000	-1.0410	0.0000	0.0000	-0.3360	0.0000	0.7920	0.0000	0.0000
G2	2.1170	-4.6200	0.0000	0.9350	0.0000	0.0000	-0.0150	0.0000	0.0000	-3.5580	0.0000	0.0000	0.0000	-1.0470	0.0000	0.0000	-1.2960	0.0000	0.3650	0.0000	0.0000
G1	-0.1610	0.0080	0.0000	1.4410	0.0000	0.0000	-0.0140	0.0000	0.0000	-0.2870	0.0000	0.0000	0.0000	-1.2090	0.0000	0.0000	-0.8270	0.0000	0.4740	0.0000	0.0000
G9	-0.1060	0.9420	0.0000	1.4910	0.0000	0.0000	-0.0920	0.0000	0.0000	2.1150	0.0000	0.0000	0.0000	-1.1820	0.0000	0.0000	0.3360	0.0000	0.7290	0.0000	0.0000
G8	-0.7420	1.9330	0.0000	2.9440	-0.0060	-0.0100	-0.0770	-0.0310	-0.0370	2.5590	0.0000	0.0000	-0.0020	-1.2330	0.1370	0.3380	-0.8380	-0.7630	0.7070	0.1780	0.0600
N6	0.1620	0.3880	0.0000	0.7860	0.0000	0.0000	-0.0100	0.0000	0.0000	1.0210	0.0000	0.0000	0.0000	0.1770	0.0000	0.0000	-0.7430	0.0000	0.2610	0.0000	0.0000
N7	-0.1920	-0.2230	0.0000	3.4040	0.0000	0.0000	-0.0200	0.0000	0.0000	0.5410	0.0000	0.0000	0.0000	-1.5940	0.0000	0.0000	-0.9450	0.0000	0.1120	0.0000	0.0000
B4	1.4490	-5.0880	0.0000	3.1540	0.0000	0.0000	-0.0210	0.0000	0.0000	-2.2440	0.0000	0.0000	0.0000	0.0630	0.0000	0.0000	-1.5820	0.0000	-0.2160	0.0000	0.0000
B5	0.4920	-0.0360	0.0000	-1.2230	0.0000	0.0000	-0.0120	0.0000	0.0000	-0.6770	0.0000	0.0000	0.0000	0.1570	0.0000	0.0000	-0.3880	0.0000	0.3310	0.0000	0.0000
B6	1.2090	3.1760	0.0000	-1.1060	0.0000	0.0000	1.1830	0.0000	0.0000	0.7630	0.0000	0.0000	0.0000	-2.9910	0.0000	0.0000	-2.4410	0.0000	1.7350	0.0000	0.0000
B7	1.5870	-1.8300	0.0000	1.3750	0.0000	0.0000	-0.0170	0.0000	0.0000	-0.2330	0.0000	0.0000	0.0000	-1.0260	0.0000	0.0000	-1.0080	0.0000	0.6860	0.0000	0.0000
B2	0.1810	4.9920	0.0000	-2.7890	0.0000	0.0000	0.2950	0.0000	0.0000	2.4850	0.0000	0.0000	0.0000	-0.7390	0.0000	0.0000	-0.5940	0.0000	1.1430	0.0000	0.0000
B3	0.9850	-3.0790	0.0000	2.9630	0.0000	0.0000	-0.0190	0.0000	0.0000	-1.2090	0.0000	0.0000	0.0000	-1.3310	0.0000	0.0000	-1.4120	0.0000	0.6850	0.0000	0.0000
B8	3.5300	-4.4510	0.0000	1.7550	0.0000	0.0000	0.0050	0.0000	0.0000	-0.8020	0.0000	0.0000	0.0000	-1.2890	0.0000	0.0000	-1.3760	0.0000	1.0280	0.0000	0.0000
B9	0.7710	2.8460	0.0000	0.6050	0.0000	0.0000	1.2040	0.0000	0.0000	1.9980	0.0000	0.0000	0.0000	-2.9970	0.0000	0.0000	-2.1220	0.0000	1.6930	0.0000	0.0000
N5	0.4860	-0.4180	0.0000	1.5850	0.0000	0.0000	-0.0140	0.0000	0.0000	1.7220	0.0000	0.0000	0.0000	0.1560	0.0000	0.0000	0.2520	0.0000	-0.3240	0.0000	0.0000
P10	0.5780	-1.6610	0.0000	-0.3510	0.0000	0.0000	-0.0160	0.0000	0.0000	-3.0710	0.0000	0.0000	0.0000	-1.4580	0.0000	0.0000	-1.0020	0.0000	0.8390	0.0000	0.0000
P11	0.5680	-1.1450	0.0000	-1.4410	0.0000	0.0000	-0.0190	0.0000	0.0000	-1.9560	0.0000	0.0000	0.0000	0.1360	0.0000	0.0000	-0.4470	0.0000	0.3920	0.0000	0.0000
P12	0.6620	-2.2040	0.0000	-0.0010	0.0000	0.0000	0.0790	0.0000	0.0000	-1.4040	0.0000	0.0000	0.0000	-0.0200	0.0000	0.0000	-0.4900	0.0000	0.5700	0.0000	0.0000
E9	-0.2820	-0.3250	0.0000	1.8270	0.0080	-0.0380	-0.0000	0.0170	-0.0260	-0.2970	0.0000	0.0000	-0.0240	-0.5770	0.0720	-0.0540	-0.6570	-0.1500	0.4160	-0.5410	0.0370
E8	-0.9920	1.4750	0.0000	3.6480	-0.0570	-0.0310	-0.0790	-0.0910	-0.0300	1.7000	0.0000	0.0000	0.0570	-0.9410	-0.0570	0.1100	-0.9030	-1.3550	0.7230	0.1040	0.1180
E5	-0.3820	-0.5210	0.0000	3.5790	0.0000	0.0000	0.0040	0.0000	0.0000	0.7850	0.0000	0.0000	0.0000	-1.2090	0.0000	0.0000	-1.1230	0.0000	0.4350	0.0000	0.0000
E4	-0.4410	0.6710	0.0000	3.4330	0.0000	0.0000	0.0110	0.0000	0.0000	1.8150	0.0000	0.0000	0.0000	-1.2100	0.0000	0.0000	-1.0470	0.0000	0.3980	0.0000	0.0000
E7	-0.2370	1.2770	0.0000	0.0640	0.0000	0.0000	-0.0830	0.0000	0.0000	0.6690	0.0000	0.0000	0.0000	-1.0510	0.0000	0.0000	-0.2480	0.0000	0.9460	0.0000	0.0000
E6	1.1190	-1.0950	0.0000	2.1720	0.0000	0.0000	0.0100	0.0000	0.0000	1.2960	0.0000	0.0000	0.0000	-1.2170	0.0000	0.0000	-0.5500	0.0000	0.8580	0.0000	0.0000
E1	-0.4500	-0.5880	0.0000	3.5480	0.0000	0.0000	-0.0040	0.0000	0.0000	0.7790	0.0000	0.0000	0.0000	-1.2050	0.0000	0.0000	-1.0820	0.0000	0.5620	0.0000	0.0000
P8	0.4900	-0.7100	0.0000	0.9280	0.0000	0.0000	-0.0160	0.0000	0.0000	-1.0200	0.0000	0.0000	0.0000	-1.4830	0.0000	0.0000	-0.8890	0.0000	0.6630	0.0000	0.0000
E3	1.5480	5.3240	0.0000	-1.7700	0.0000	0.0000	1.1520	0.0000	0.0000	2.9570	0.0000	0.0000	0.0000	-2.9480	0.0000	0.0000	-2.0690	0.0000	1.7200	0.0000	0.0000
E2	0.5030	-1.1480	0.0000	1.5750	0.0000	0.0000	-0.1090	0.0000	0.0000	0.4410	0.0000	0.0000	0.0000	-1.1780	0.0000	0.0000	-0.0640	0.0000	0.8630	0.0000	0.0000
P2	0.7740	-2.3060	0.0000	0.2190	0.0020	-0.0080	-0.0470	-0.0060	0.0130	-3.2160	0.0000	0.0000	0.0050	-1.4200	-0.0130	0.0130	-0.9680	-0.0220	0.5780	-0.0170	-0.0140
P3	1.3130	-2.6100	0.0000	-0.0480	0.0000	0.0000	-0.0340	0.0000	0.0000	-3.2820	0.0000	0.0000	0.0000	-1.4850	0.0000	0.0000	-1.1850	0.0000	0.7650	0.0000	0.0000
P1	1.0100	-1.8770	0.0000	-0.6590	0.0000	0.0000	-0.0360	0.0000	0.0000	-3.4980	0.0000	0.0000	0.0000	-1.5030	0.0000	0.0000	-1.0260	0.0000	0.5930	0.0000	0.0000
P6	0.8830	-1.0630	0.0000	-0.6010	0.0000	0.0000	-0.0340	0.0000	0.0000	-0.5260	0.0000	0.0000	0.0000	0.1200	0.0000	0.0000	-0.2120	0.0000	0.3820	0.0000	0.0000
P7	0.3260	4.4530	0.0000	-6.3320	-0.0440	0.0460	-0.1150	0.3290	0.0920	2.2710	0.0000	0.0000	-0.1040	-1.3400	0.0950	-0.0120	4.1240	-0.6630	1.5270	-0.1570	0.0460
P4	0.6770	-2.0520	0.0000	-0.1980	0.0000	0.0000	-0.0160	0.0000	0.0000	-3.2920	0.0000	0.0000	0.0000	-1.4820	0.0000	0.0000	-0.9540	0.0000	0.7340	0.0000	0.0000
P5	1.1450	-1.6250	0.0000	0.4780	0.0000	0.0000	-0.0240	0.0000	0.0000	-1.7820	0.0000	0.0000	0.0000	-1.4900	0.0000	0.0000	-0.9190	0.0000	0.6540	0.0000	0.0000
H10	0.7760	-3.0390	0.0000	1.4290	0.0000	0.0000	-0.0120	0.0000	0.0000	-3.1560	0.0000	0.0000	0.0000	-1.3820	0.0000	0.0000	-1.4350	0.0000	0.5090	0.0000	0.0000
H11	0.5570	-4.7000	0.0000	1.9320	0.0000	0.0000	-0.0340	0.0000	0.0000	-2.6100	0.0000	0.0000	0.0000	0.0710	0.0000	0.0000	0.3810	0.0000	-0.8170	0.0000	0.0000
H12	0.6410	-4.4160	0.0000	3.7980	0.0000	0.0000	-0.0780	0.0000	0.0000	-1.8460	0.0000	0.0000	0.0000	-1.4560	0.0000	0.0000	0.2140	0.0000	-0.5480	0.0000	0.0000
P9	-0.2580	-2.8710	0.0000	3.2450	0.0000	0.0000	0.0090	0.0000	0.0000	-2.7100	0.0000	0.0000	0.0000	-1.5110	0.0000	0.0000	-1.4780	0.0000	0.1540	0.0000	0.0000
F12	3.5800	-4.3560	0.0000	1.5660	0.0000	0.0000	-0.0160	0.0000	0.0000	-0.9710	0.0000	0.0000	0.0000	-0.8840	0.0000	0.0000	-1.3610	0.0000	0.5010	0.0000	0.0000
F10	1.9470	-3.5160	0.0000	0.5130	0.0000	0.0000	-0.0020	0.0000	0.0000	-3.1730	0.0000	0.0000	0.0000	-1.0650	0.0000	0.0000	-1.3530	0.0000	0.3060	0.0000	0.0000
F11	2.2710	-4.0110	0.0000	3.0380	0.0350	0.0350	-1.0370	-0.1350	-0.4320	-0.6250	0.0000	0.0000	-0.0270	-0.8960	0.1780	0.5180	-3.4050	-0.2270	1.0480	2.5260	-0.1050
N12	0.7490	1.6750	0.0000	-0.7800	0.0000	0.0000	-0.0260	0.0000	0.0000	1.7850	0.0000	0.0000	0.0000	0.1310	0.0000	0.0000	-0.1800	0.0000	0.2150	0.0000	0.0000
H8	0.4220	1.3170	0.0000	-1.0360	0.0000	0.0000	-0.0250	0.0000	0.0000	0.9800	0.0000	0.0000	0.0000	0.0840	0.0000	0.0000	-0.2140	0.0000	0.4310	0.0000	0.0000
H9	0.3810	1.1680	0.0000	-1.1230	0.0000	0.0000	-0.0230	0.0000	0.0000	0.7350	0.0000	0.0000	0.0000	0.0840	0.0000	0.0000	-0.1760	0.0000	0.4220	0.0000	0.0000
H6	0.5000	1.4530	0.0000	-0.7760	-0.0110	-0.0030	-0.0820	0.0060	-0.0280	0.8120	0.0000	0.0000	0.0210	0.1290	0.0230	-0.0170	-0.4110	-0.0960	0.5190	-0.4500	0.0350
H7	0.3950	1.1500	0.0000	-0.4270	0.0000	0.0000	-0.0440	0.0000	0.0000	1.3800	0.0000	0.0000	0.0000	0.0920	0.0000	0.0000	-0.2190	0.0000	0.4320	0.0000	0.0000
H4	-0.5180	0.6400	0.0000	1.9720	-0.0010	-0.0080	-0.0280	-0.0070	0.0180	2.9690	0.0000	0.0000	0.0000	-0.0610	-0.0100	0.0300	0.4550	0.1120	0.3340	0.0380	0.0020
H5	-0.0690	1.3070	0.0000	-0.0320	0.0490	0.0000	-0.0090	-0.2260	-0.0020	0.6850	0.0000	0.0000	0.0420	0.1420	-0.0020	-0.3100	-0.6300	0.0740	0.3390	0.0280	-0.0150
D10	-0.5310	-0.3910	0.0000	3.3020	0.0000	0.0000	0.0050	0.0000	0.0000	0.5170	0.0000	0.0000	0.0000	-1.1970	0.0000	0.0000	-1.2060	0.0000	0.5350	0.0000	0.0000
D11	-0.0080	1.3620	0.0000	0.2720	-0.0060	-0.0590	-0.0890	0.0330	-0.0440	1.0410	0.0000	0.0000	0.0290	-0.4560	0.0760	-0.0280	0.2530	-0.2980	0.6000	-0.6550	0.0620
D12	0.0850	-0.0440	0.0000	-1.0200	0.0000	0.0000	-0.0610	0.0000	0.0000	-1.8900	0.0000	0.0000	0.0000	-1.0400	0.0000	0.0000	-0.6950	0.0000	0.8850	0.0000	0.0000
B12	0.8090	5.0590	0.0000	-1.0500	0.0000	0.0000	1.1430	0.0000	0.0000	3.4670	0.0000	0.0000	0.0000	-2.9540	0.0000	0.0000	-1.5180	0.0000	1.9780	0.0000	0.0000
B10	1.0530	3.3000	0.0000	-1.3740	0.0000	0.0000	1.1820	0.0000	0.0000	0.5720	0.0000	0.0000	0.0000	-2.9100	0.0000	0.0000	-2.3050	0.0000	1.6260	0.0000	0.0000
B11	1.0590	2.0650	0.0000	0.8240	0.0000	0.0000	1.2030	0.0000	0.0000	1.6410	0.0000	0.0000	0.0000	-2.9780	0.0000	0.0000	-2.1200	0.0000	1.5880	0.0000	0.0000
Q8	0.7620	-3.0520	0.0000	2.1190	0.0000	0.0000	-0.0610	0.0000	0.0000	-2.9280	0.0000	0.0000	0.0000	-1.4790	0.0000	0.0000	-1.6820	0.0000	0.4630	0.0000	0.0000
Q9	0.9080	-1.2870	0.0000	-0.2500	0.0000	0.0000	-0.0400	0.0000	0.0000	-0.6680	0.0000	0.0000	0.0000	0.1390	0.0000	0.0000	-0.6420	0.0000	0.5030	0.0000	0.0000
C9	-0.7450	1.9200	0.0000	2.8670	-0.0580	-0.0460	-0.0730	-0.0910	-0.0530	1.2430	0.0000	0.0000	0.0610	-0.9420	-0.0570	0.1090	-0.8870	-1.5360	0.5300	0.1340	0.1080
C8	-0.2060	-0.0990	0.0000	1.1220	0.0400	0.0130	0.0210	-0.1640	-0.0150	-0.9430	0.0000	0.0000	0.0180	-1.2590	0.1500	0.0670	-0.8060	0.3520	0.8260	-1.0330	0.0320
Q11	0.7960	-1.8150	0.0000	-1.7710	0.0000	0.0000	-0.0240	0.0000	0.0000	-2.9000	0.0000	0.0000	0.0000	0.1130	0.0000	0.0000	-0.6240	0.0000	0.4240	0.0000	0.0000
Q10	0.6550	-1.8670	0.0000	0.1590	0.0000	0.0000	-0.0280	0.0000	0.0000	-2.8800	0.0000	0.0000	0.0000	-1.4830	0.0000	0.0000	-0.9850	0.0000	0.6690	0.0000	0.0000
Q12	0.6600	-1.9650	0.0000	0.3570	0.0000	0.0000	-0.0250	0.0000	0.0000	-2.7700	0.0000	0.0000	0.0000	-1.4880	0.0000	0.0000	-0.9620	0.0000	0.6510	0.0000	0.0000
C3	1.0690	4.6320	0.0000	-1.5910	0.0000	0.0000	1.1420	0.0000	0.0000	2.3550	0.0000	0.0000	0.0000	-2.8750	0.0000	0.0000	-1.9200	0.0000	1.8980	0.0000	0.0000
C2	1.0580	3.4400	0.0000	-0.5410	0.0000	0.0000	1.1790	0.0000	0.0000	1.7180	0.0000	0.0000	0.0000	-2.9290	0.0000	0.0000	-2.4730	0.0000	1.9830	0.0000	0.0000
C1	6.8820	-6.0520	0.0000	9.7180	-0.0420	-0.0890	-0.9450	-1.3580	0.6560	1.1030	0.0000	0.0000	0.3610	-1.7960	-0.0120	-0.3270	-7.9610	-2.3060	1.7330	1.6380	1.0000
C7	-0.5300	1.9910	0.0000	2.7020	0.0000	0.0000	0.0170	0.0000	0.0000	2.6710	0.0000	0.0000	0.0000	-1.2020	0.0000	0.0000	-0.8570	0.0000	0.5500	0.0000	0.0000
C6	-0.5140	0.9160	0.0000	3.0070	0.0000	0.0000	0.0090	0.0000	0.0000	1.5710	0.0000	0.0000	0.0000	-1.2250	0.0000	0.0000	-1.1570	0.0000	0.5360	0.0000	0.0000
C5	-0.1150	1.4670	0.0000	2.0620	0.0000	0.0000	-0.1080	0.0000	0.0000	2.7060	0.0000	0.0000	0.0000	-1.1240	0.0000	0.0000	-0.3490	0.0000	0.8710	0.0000	0.0000
C4	-0.3180	2.2110	0.0000	0.9400	-0.0010	0.0140	-0.2950	-0.0830	0.0290	2.2650	0.0000	0.0000	-0.0330	-1.2360	0.0500	0.2160	-0.6470	0.1890	1.0510	0.1240	0.0550
N10	-0.1060	0.8680	0.0000	2.7850	-0.0510	-0.0020	-0.1320	0.2390	-0.0250	1.8630	0.0000	0.0000	-0.0660	-1.5410	0.0340	-0.3040	-1.0650	0.1530	1.1000	-0.0410	0.0150
N8	0.6890	-1.4560	0.0000	1.4290	0.0000	0.0000	-0.0120	0.0000	0.0000	0.5170	0.0000	0.0000	0.0000	0.1390	0.0000	0.0000	-0.0950	0.0000	-0.1790	0.0000	0.0000
N9	-0.4380	0.0510	0.0000	0.1310	0.0000	0.0000	0.0780	0.0000	0.0000	-1.8850	0.0000	0.0000	0.0000	-0.0110	0.0000	0.0000	-1.5530	0.0000	-0.1440	0.0000	0.0000
N11	1.2520	0.6230	0.0000	-2.0020	0.0000	0.0000	0.0470	0.0000	0.0000	-0.4830	0.0000	0.0000	0.0000	-1.0150	0.0000	0.0000	-0.0940	0.0000	0.7080	0.0000	0.0000
G12	1.6980	-2.0150	0.0000	1.8330	0.0000	0.0000	-0.0520	0.0000	0.0000	0.8550	0.0000	0.0000	0.0000	-1.1030	0.0000	0.0000	-0.1360	0.0000	0.6280	0.0000	0.0000
G11	2.1960	-3.2770	0.0000	1.6260	0.0000	0.0000	-0.0720	0.0000	0.0000	-0.0950	0.0000	0.0000	0.0000	-0.9920	0.0000	0.0000	-0.2000	0.0000	0.6230	0.0000	0.0000
G10	-0.1400	1.7960	0.0000	1.5820	0.0000	0.0000	-0.0680	0.0000	0.0000	2.8170	0.0000	0.0000	0.0000	-1.0930	0.0000	0.0000	0.1700	0.0000	0.5700	0.0000	0.0000
F1	-0.3930	-0.0250	0.0000	1.5470	0.0000	0.0000	0.0060	0.0000	0.0000	-0.3010	0.0000	0.0000	0.0000	-1.1070	0.0000	0.0000	-1.0430	0.0000	0.7120	0.0000	0.0000
F2	1.5090	-0.9240	0.0000	-0.8430	0.0000	0.0000	0.0410	0.0000	0.0000	-1.1620	0.0000	0.0000	0.0000	-1.0390	0.0000	0.0000	-0.7390	0.0000	0.8350	0.0000	0.0000
F3	-0.3900	0.0790	0.0000	1.6610	0.0000	0.0000	-0.0730	0.0000	0.0000	-0.1620	0.0000	0.0000	0.0000	-1.3840	0.0000	0.0000	-0.6760	0.0000	0.6210	0.0000	0.0000
F4	1.1240	3.5360	0.0000	-0.5820	0.0000	0.0000	1.0610	0.0000	0.0000	2.9350	0.0000	0.0000	0.0000	-2.9470	0.0000	0.0000	-1.5250	0.0000	2.2690	0.0000	0.0000
F5	-0.6510	1.0970	0.0000	2.7010	-0.0460	-0.0430	-0.1050	-0.1540	-0.0530	0.4770	0.0000	0.0000	0.0390	-0.9610	-0.0400	0.0840	-1.1220	-1.0610	0.6020	0.0960	0.0950
F6	-0.4380	-0.7710	0.0000	1.9930	0.0000	0.0000	0.0050	0.0000	0.0000	-2.0720	0.0000	0.0000	0.0000	-1.3900	0.0000	0.0000	-1.8070	0.0000	0.3360	0.0000	0.0000
F7	1.6980	-0.3850	0.0000	-0.8150	0.0000	0.0000	-0.0210	0.0000	0.0000	0.3090	0.0000	0.0000	0.0000	-1.0080	0.0000	0.0000	-0.1910	0.0000	1.0280	0.0000	0.0000
F8	-0.3890	-0.2820	0.0000	1.2580	0.0000	0.0010	0.0070	-0.0230	-0.0060	-0.8240	0.0000	0.0000	0.0060	-1.1270	0.0050	-0.0010	-1.0900	0.0410	0.7620	0.0190	-0.0040
F9	0.8570	2.5000	0.0000	0.6890	0.0000	0.0000	1.2000	0.0000	0.0000	1.7860	0.0000	0.0000	0.0000	-2.9970	0.0000	0.0000	-2.1070	0.0000	1.6410	0.0000	0.0000
Q1	0.5810	0.7320	0.0000	-0.0090	0.0000	0.0000	-0.0290	0.0000	0.0000	1.5020	0.0000	0.0000	0.0000	0.1360	0.0000	0.0000	-0.2190	0.0000	0.3080	0.0000	0.0000
Q3	0.5750	-1.3320	0.0000	-1.5060	-0.0860	-0.0330	-0.3620	-0.2520	-0.1320	-0.2630	0.0000	0.0000	-0.0150	-0.1150	-0.0420	-0.6080	4.4950	0.9300	-0.5060	-1.2460	-0.0320
Q2	0.5870	-0.9850	0.0000	-1.0800	0.0000	0.0000	-0.0220	0.0050	-0.0070	-1.3100	0.0000	0.0000	0.0050	0.1220	0.0030	-0.0030	-0.3770	0.0450	0.3910	0.0090	-0.0030
Q5	0.6970	-1.9740	0.0000	0.3410	0.0000	0.0000	-0.0290	0.0000	0.0000	-2.7800	0.0000	0.0000	0.0000	-1.4840	0.0000	0.0000	-0.9800	0.0000	0.6480	0.0000	0.0000
Q4	-0.1390	-2.7190	0.0000	1.4070	-0.1170	0.0190	0.0230	0.3690	0.1310	-2.3300	0.0000	0.0000	-0.0740	-1.6860	0.0450	-0.2260	-0.9380	0.2420	0.9470	0.3840	0.0040
Q7	2.1860	-3.1910	0.0000	-0.7870	0.0000	0.0000	-0.0220	0.0000	0.0000	-2.1680	0.0000	0.0000	0.0000	0.0900	0.0000	0.0000	-0.7870	0.0000	0.3400	0.0000	0.0000
Q6	2.2450	-3.1070	0.0000	-1.8410	0.0000	0.0000	-0.0210	0.0000	0.0000	-3.1500	0.0000	0.0000	0.0000	-1.1460	0.0000	0.0000	-0.1610	0.0000	0.8820	0.0000	0.0000
E11	-0.2270	-0.4100	0.0000	3.4410	0.0000	0.0000	0.0410	0.0000	0.0000	1.8270	0.0000	0.0000	0.0000	-1.1210	0.0000	0.0000	-0.0460	0.0000	0.1510	0.0000	0.0000
E10	0.9010	2.5060	0.0000	0.7530	0.0000	0.0000	1.2030	0.0000	0.0000	1.8240	0.0000	0.0000	0.0000	-3.0190	0.0000	0.0000	-2.1520	0.0000	1.6300	0.0000	0.0000
E12	-0.2830	-0.3190	0.0000	3.0800	0.0080	-0.0310	-0.0100	0.0150	-0.0370	0.6950	0.0000	0.0000	0.0240	-0.5660	0.0380	-0.0350	-0.8850	-0.1330	0.3990	-0.5960	0.0270
C12	-0.2960	-0.4350	0.0000	1.4820	0.0000	0.0000	0.0140	0.0000	0.0000	-0.7470	0.0000	0.0000	0.0000	-1.1110	0.0000	0.0000	-1.0730	0.0000	0.6720	0.0000	0.0000
C11	1.7970	-0.1440	0.0000	-0.5630	0.0000	0.0000	0.0200	0.0000	0.0000	0.1300	0.0000	0.0000	0.0000	-0.8220	0.0000	0.0000	-1.0470	0.0000	0.8860	0.0000	0.0000
C10	-0.3220	-0.7450	0.0000	3.5140	-0.0040	0.0270	0.0240	0.0180	-0.0200	0.7160	0.0000	0.0000	-0.0150	-1.3220	0.0160	-0.0090	-1.0710	0.2340	0.4080	-0.0170	-0.0030
A11	0.2760	-0.3380	0.0000	1.1360	0.0000	0.0000	-0.0070	0.0000	0.0000	-0.5060	0.0000	0.0000	0.0000	-1.4480	0.0000	0.0000	-0.9270	0.0000	0.8010	0.0000	0.0000
A10	1.8590	-6.9260	0.0000	3.6050	0.0000	0.0000	-0.0330	0.0000	0.0000	-2.8830	0.0000	0.0000	0.0000	-1.0880	0.0000	0.0000	-0.7730	0.0000	0.4730	0.0000	0.0000
A12	0.7290	0.5980	0.0000	-0.8750	0.0000	0.0000	-0.0310	0.0000	0.0000	0.8110	0.0000	0.0000	0.0000	0.1340	0.0000	0.0000	-0.1510	0.0000	0.4080	0.0000	0.0000
A1	0.3310	-3.5520	0.0000	1.2440	0.0000	0.0000	0.0340	0.0000	0.0000	-5.8110	0.0000	0.0000	0.0000	-3.0320	0.0000	0.0000	-1.9810	0.0000	1.1460	0.0000	0.0000
A3	0.5670	0.6940	0.0000	-0.8880	0.0000	0.0000	-0.0260	0.0000	0.0000	0.6090	0.0000	0.0000	0.0000	0.1410	0.0000	0.0000	-0.1880	0.0000	0.3080	0.0000	0.0000
A2	0.5150	-0.3160	0.0000	-0.7790	0.0000	0.0000	-0.0140	0.0000	0.0000	-0.5250	0.0000	0.0000	0.0000	0.1300	0.0000	0.0000	-0.4170	0.0000	0.3540	0.0000	0.0000
A5	0.8550	-2.9190	0.0000	0.2310	0.0000	0.0000	0.0690	0.0000	0.0000	-1.8280	0.0000	0.0000	0.0000	-0.0160	0.0000	0.0000	-0.5360	0.0000	0.4860	0.0000	0.0000
A4	0.0450	-0.2460	0.0000	0.6050	0.0000	0.0000	-0.0500	0.0000	0.0000	-1.9230	0.0000	0.0000	0.0000	-1.4780	0.0000	0.0000	-0.8100	0.0000	0.0120	0.0000	0.0000
A7	0.9990	-3.2800	0.0000	0.0820	0.0000	0.0000	0.0010	0.0000	0.0000	-2.6990	0.0000	0.0000	0.0000	0.1020	0.0000	0.0000	-0.6870	0.0000	0.0830	0.0000	0.0000
A6	0.4880	-0.2470	0.0000	-0.7870	0.0000	0.0000	-0.0140	0.0000	0.0000	-0.4800	0.0000	0.0000	0.0000	0.1260	0.0000	0.0000	-0.4030	0.0000	0.3540	0.0000	0.0000
A9	0.6810	0.3990	0.0000	2.4240	0.0000	0.0000	-0.0630	0.0000	0.0000	3.2290	0.0000	0.0000	0.0000	-1.4390	0.0000	0.0000	1.0210	0.0000	0.2070	0.0000	0.0000
A8	1.2790	0.6190	0.0000	0.0080	0.0000	0.0000	-0.0340	0.0000	0.0000	0.1220	0.0000	0.0000	0.0000	-1.4850	0.0000	0.0000	-0.6810	0.0000	0.4160	0.0000	0.0000
D8	-0.1050	0.2680	0.0000	0.9330	0.0020	-0.0300	-0.0470	0.0030	-0.0370	-0.5710	0.0000	0.0000	0.0810	-0.5180	0.0560	-0.0600	-0.8780	-0.2700	0.5950	-0.6540	0.0910
D9	-0.3630	-0.6160	0.0000	1.6930	0.0020	-0.0370	0.0000	0.0170	-0.0460	-0.9210	0.0000	0.0000	0.0180	-0.5790	0.0650	-0.0590	-0.8780	-0.0200	0.3790	-0.5480	0.0500
D6	1.5260	-2.0930	0.0000	2.0950	0.0000	0.0000	0.0060	0.0000	0.0000	-0.2030	0.0000	0.0000	0.0000	-1.2430	0.0000	0.0000	-1.4270	0.0000	0.9300	0.0000	0.0000
D7	-0.1630	0.6920	0.0000	-0.0030	0.0000	0.0000	-0.0980	0.0000	0.0000	0.2000	0.0000	0.0000	0.0000	-1.0370	0.0000	0.0000	-0.3030	0.0000	1.1130	0.0000	0.0000
D4	2.8030	-3.4500	0.0000	2.0510	0.0000	0.0000	0.0010	0.0000	0.0000	0.1140	0.0000	0.0000	0.0000	-1.2740	0.0000	0.0000	-1.2700	0.0000	1.2510	0.0000	0.0000
D5	1.2890	2.8770	0.0000	-1.2930	0.0000	0.0000	1.1800	0.0000	0.0000	0.2030	0.0000	0.0000	0.0000	-3.0090	0.0000	0.0000	-2.5110	0.0000	1.6720	0.0000	0.0000
D2	0.0750	0.3440	0.0000	1.1910	0.0000	0.0000	-0.0980	0.0000	0.0000	2.0640	0.0000	0.0000	0.0000	-1.0140	0.0000	0.0000	0.7340	0.0000	0.8350	0.0000	0.0000
D3	2.3050	-3.2950	0.0000	1.9840	0.0000	0.0000	0.0020	0.0000	0.0000	-0.3260	0.0000	0.0000	0.0000	-1.2650	0.0000	0.0000	-1.2550	0.0000	1.1990	0.0000	0.0000
D1	-0.5250	0.0900	0.0000	4.0390	0.0000	0.0000	-0.0070	0.0000	0.0000	1.9090	0.0000	0.0000	0.0000	-1.2020	0.0000	0.0000	-1.1510	0.0000	0.6640	0.0000	0.0000
