  G7   7.06   8.56   1.49  14.01  -5.45
  G6   8.60  14.10   5.51  17.07  -2.97
  G5   5.95   9.25   3.30   6.26   2.99
  G4  -1.11   1.81   2.92 -11.88  13.69
  G3  -1.80  -4.21  -2.41  -5.13   0.91
  G2   2.57  -0.99  -3.56   2.18  -3.17
  G1   7.16   6.87  -0.29   6.38   0.49
  G9   9.59  11.70   2.12   8.37   3.33
  G8  18.84  21.40   2.56  21.52  -0.12
  N6  10.86  11.88   1.02   4.33   7.54
  N7  12.07  12.61   0.54   9.72   2.88
  B4   3.69   1.45  -2.24   4.12  -2.67
  B5  -2.40  -3.08  -0.68  -2.71  -0.37
  B6   7.51   8.27   0.76   6.29   1.99
  B7   6.90   6.67  -0.23   8.69  -2.02
  B2   9.65  12.14   2.48   2.51   9.63
  B3   5.91   4.70  -1.21   1.31   3.39
  B8  12.30  11.49  -0.80  -1.08  12.57
  B9   6.78   8.78   2.00  -1.04   9.83
  N5   6.02   7.74   1.72   9.72  -1.98
 P10   8.58   5.51  -3.07  -4.29   9.80
 P11   2.05   0.10  -1.96  -3.50   3.59
 P12  13.97  12.57  -1.40   8.54   4.03
  E9   8.22   7.92  -0.30  11.16  -3.24
  E8   5.64   7.34   1.70   7.04   0.29
  E5   5.07   5.86   0.78   8.23  -2.37
  E4   5.14   6.96   1.81  10.61  -3.65
  E7  10.91  11.58   0.67  11.28   0.30
  E6   3.30   4.60   1.30   9.48  -4.88
  E1   0.60   1.38   0.78   3.81  -2.44
  P8   9.85   8.83  -1.02   3.91   4.93
  E3   2.02   4.98   2.96  -9.09  14.07
  E2  16.23  16.67   0.44  -5.76  22.42
  P2  -4.72  -7.94  -3.22  -0.29  -7.65
  P3   2.98  -0.30  -3.28   0.88  -1.18
  P1   1.02  -2.48  -3.50   8.71 -11.19
  P6  -1.85  -2.38  -0.53  -5.30   2.92
  P7   8.48  10.75   2.27  -1.45  12.20
  P4  -0.86  -4.15  -3.29  -4.01  -0.14
  P5  24.17  22.39  -1.78  19.46   2.93
 H10  -5.44  -8.60  -3.16  -4.11  -4.49
 H11  23.70  21.09  -2.61  20.91   0.18
 H12  -1.72  -3.56  -1.85  -0.40  -3.16
  P9   4.15   1.44  -2.71   2.20  -0.77
 F12  -2.84  -3.82  -0.97  -7.34   3.52
 F10  -4.57  -7.74  -3.17  -5.38  -2.36
 F11  -3.94  -4.56  -0.62  -3.73  -0.83
 N12   6.65   8.44   1.78   9.64  -1.21
  H8  25.57  26.55   0.98  26.96  -0.41
  H9  26.83  27.56   0.73  21.19   6.38
  H6  10.83  11.64   0.81   7.30   4.34
  H7  22.83  24.21   1.38  28.27  -4.06
  H4  -3.91  -0.95   2.97  -0.74  -0.21
  H5  12.53  13.22   0.69   8.77   4.45
 D10   5.95   6.47   0.52  11.17  -4.70
 D11  -3.34  -2.30   1.04  -1.64  -0.66
 D12   1.14  -0.75  -1.89  -0.51  -0.23
 B12   9.61  13.07   3.47   4.66   8.41
 B10   1.42   1.99   0.57  -1.86   3.85
 B11  10.00  11.64   1.64   3.33   8.32
  Q8   5.76   2.83  -2.93  12.34  -9.51
  Q9   4.80   4.13  -0.67  -0.01   4.14
  C9   6.48   7.72   1.24   9.18  -1.45
  C8   2.58   1.64  -0.94   6.34  -4.70
 Q11  -2.53  -5.43  -2.90  -2.33  -3.09
 Q10  -4.14  -7.02  -2.88  -6.91  -0.11
 Q12   0.76  -2.01  -2.77  -3.18   1.17
  C3   3.13   5.49   2.35   0.98   4.51
  C2   5.27   6.99   1.72  -2.39   9.38
  C1  14.09  15.19   1.10   9.15   6.04
  C7  11.42  14.10   2.67   9.85   4.24
  C6   8.61  10.18   1.57   8.50   1.68
  C5   9.77  12.47   2.71   2.51   9.96
  C4   2.29   4.56   2.26   4.24   0.32
 N10  14.73  16.59   1.86   8.96   7.63
  N8  10.39  10.91   0.52   5.50   5.41
  N9  12.70  10.82  -1.88  11.48  -0.66
 N11   8.76   8.28  -0.48   6.71   1.57
 G12   7.85   8.70   0.85   7.98   0.73
 G11   0.72   0.63  -0.09   2.70  -2.07
 G10  17.95  20.76   2.82  16.36   4.40
  F1   6.24   5.94  -0.30   6.03  -0.09
  F2   3.25   2.09  -1.16   3.20  -1.11
  F3   3.14   2.98  -0.16   5.93  -2.95
  F4   8.96  11.90   2.94  -2.61  14.51
  F5   4.11   4.59   0.48   6.86  -2.27
  F6   7.68   5.61  -2.07   6.95  -1.34
  F7   0.97   1.27   0.31   1.41  -0.14
  F8   3.63   2.81  -0.82   6.79  -3.99
  F9   2.23   4.02   1.79  -2.75   6.77
  Q1   6.96   8.46   1.50   6.20   2.25
  Q3  -0.04  -0.30  -0.26  -7.52   7.22
  Q2   8.98   7.67  -1.31   0.26   7.42
  Q5  -0.99  -3.77  -2.78  -3.64  -0.13
  Q4   4.37   2.04  -2.33  -0.53   2.57
  Q7  -0.89  -3.06  -2.17  -7.07   4.01
  Q6  -0.96  -4.11  -3.15  -5.98   1.87
 E11   4.29   6.11   1.83   2.29   3.82
 E10   7.46   9.29   1.82   5.50   3.79
 E12   7.91   8.61   0.70   8.37   0.24
 C12   5.12   4.37  -0.75   9.54  -5.17
 C11   7.86   7.99   0.13   7.17   0.82
 C10   3.46   4.18   0.72   6.24  -2.06
 A11   0.75   0.25  -0.51   6.35  -6.10
 A10  10.12   7.24  -2.88 -11.17  18.41
 A12   7.60   8.41   0.81  10.35  -1.95
  A1  -7.60 -13.41  -5.81 -10.57  -2.84
  A3   3.07   3.68   0.61  -0.90   4.59
  A2   9.23   8.70  -0.53   3.25   5.46
  A5  -8.64 -10.47  -1.83 -11.15   0.68
  A4  12.05  10.13  -1.92  14.19  -4.06
  A7  -5.80  -8.50  -2.70  -7.77  -0.73
  A6   9.19   8.71  -0.48   3.25   5.47
  A9  25.44  28.67   3.23  19.27   9.40
  A8   8.98   9.11   0.12   8.58   0.53
  D8  12.10  11.53  -0.57  12.32  -0.79
  D9   7.65   6.73  -0.92   4.08   2.65
  D6   4.02   3.82  -0.20   2.19   1.64
  D7   6.89   7.09   0.20   7.59  -0.49
  D4  12.76  12.87   0.11   0.09  12.78
  D5  11.81  12.01   0.20  -0.32  12.33
  D2   2.58   4.64   2.06   6.16  -1.52
  D3   8.50   8.17  -0.33   1.89   6.28
  D1   2.21   4.12   1.91   7.21  -3.09
