  G7  11.83  14.95   3.12  11.14   3.81
  G6  16.69  20.00   3.31  14.48   5.52
  G5   9.45  11.39   1.94   6.57   4.82
  G4  20.48  21.88   1.40  -7.16  29.04
  G3  -2.13  -3.87  -1.74  -4.24   0.37
  G2  -0.27   0.32   0.59  -3.46   3.78
  G1   8.76  10.62   1.85   8.32   2.29
  G9   9.94  11.97   2.03   9.19   2.78
  G8  21.14  25.32   4.19  19.05   6.28
  N6   9.97  14.28   4.32   8.88   5.40
  N7  13.29  17.64   4.34  11.25   6.39
  B4   8.50  10.69   2.19   4.11   6.58
  B5   5.04   6.87   1.83   2.42   4.45
  B6  21.06  23.54   2.49   7.42  16.13
  B7  11.90  11.70  -0.20   7.58   4.13
  B2  25.37  23.50  -1.86  15.83   7.68
  B3   5.84   6.92   1.09   1.61   5.31
  B8  14.52  15.46   0.94   0.12  15.34
  B9  15.36  18.09   2.73   4.53  13.56
  N5  14.22  15.88   1.66  10.75   5.13
 P10   7.62   8.28   0.66   2.83   5.46
 P11   5.65   6.86   1.21   1.90   4.97
 P12  13.34  15.19   1.85   9.90   5.29
  E9   9.73  11.40   1.66   7.87   3.52
  E8  10.42  12.68   2.26   8.84   3.84
  E5  10.86  12.97   2.11   9.20   3.78
  E4   9.52  11.38   1.85   8.48   2.90
  E7  10.55  12.64   2.09   9.57   3.07
  E6  10.52  12.00   1.48   6.87   5.13
  E1   4.57   5.52   0.95   3.43   2.09
  P8   7.65  11.85   4.21   4.86   7.00
  E3  16.25  17.52   1.26   0.55  16.96
  E2  17.33  18.32   0.99   0.60  17.72
  P2  -0.44   0.70   1.14  -4.00   4.70
  P3   5.14   7.12   1.98  -2.73   9.85
  P1   5.73   8.07   2.33  -0.01   8.08
  P6  -2.96  -1.57   1.39  -5.57   4.00
  P7   7.20   9.94   2.73   2.60   7.33
  P4   0.85   2.00   1.15  -1.89   3.89
  P5  25.19  27.68   2.49  20.56   7.13
 H10   2.20   0.12  -2.09  -1.45   1.57
 H11  30.88  29.18  -1.70  25.83   3.35
 H12   2.69   1.46  -1.23  -1.81   3.26
  P9   6.74   8.02   1.28   4.09   3.93
 F12   3.67   4.81   1.14  -4.16   8.97
 F10  -1.40  -1.81  -0.41  -4.58   2.77
 F11  -0.85  -1.58  -0.73  -2.54   0.96
 N12  14.56  19.08   4.52  11.86   7.22
  H8  34.48  39.39   4.91  30.75   8.64
  H9  27.80  32.44   4.64  26.69   5.75
  H6  15.19  19.46   4.27  11.45   8.01
  H7  32.76  37.95   5.19  28.02   9.93
  H4  -0.96  -0.24   0.72  -0.92   0.68
  H5  12.50  16.89   4.39   8.85   8.04
 D10  10.40  11.98   1.59   9.12   2.87
 D11   2.47   2.97   0.50   3.85  -0.88
 D12   7.20   7.93   0.73   2.09   5.84
 B12  20.99  23.04   2.04   6.44  16.59
 B10  12.90  13.75   0.85   0.29  13.46
 B11  22.11  23.94   1.83   5.71  18.24
  Q8  10.68  12.44   1.76   7.03   5.41
  Q9   8.61  11.05   2.44   3.78   7.27
  C9   7.72   9.79   2.07   6.71   3.09
  C8   5.43   5.99   0.55   3.11   2.88
 Q11  -2.61  -2.09   0.51  -4.27   2.18
 Q10  -1.72  -0.41   1.31  -3.29   2.88
 Q12   0.26   1.40   1.14  -1.35   2.75
  C3  11.60  13.21   1.61   1.22  11.99
  C2  16.90  19.22   2.32   1.88  17.35
  C1  24.49  27.04   2.56  12.69  14.36
  C7  13.18  15.34   2.16  11.20   4.13
  C6  12.42  14.63   2.22  11.01   3.62
  C5   8.13   9.84   1.70   6.70   3.13
  C4   6.45   7.05   0.60   5.11   1.94
 N10  13.09  18.60   5.50  12.00   6.60
  N8  10.91  11.93   1.02   9.99   1.94
  N9  14.19  14.33   0.13   9.75   4.58
 N11  15.76  17.54   1.78   9.65   7.89
 G12  13.14  15.02   1.88   8.88   6.13
 G11   4.78   6.99   2.21  -0.37   7.35
 G10  17.71  20.96   3.24  17.13   3.82
  F1   8.54  10.40   1.86   6.71   3.69
  F2  10.73  12.88   2.16   5.06   7.82
  F3   7.78   9.15   1.36   5.53   3.62
  F4  14.67  17.43   2.76   2.57  14.86
  F5   5.21   5.67   0.46   2.77   2.90
  F6   6.29   7.59   1.30   5.88   1.70
  F7   8.34  10.36   2.03   3.15   7.22
  F8   6.19   7.68   1.50   4.03   3.65
  F9  12.85  15.32   2.47  -0.46  15.78
  Q1   9.19  13.29   4.10   6.82   6.47
  Q3  -2.58   0.07   2.64  -4.04   4.11
  Q2   6.38   9.15   2.77   4.17   4.99
  Q5  -0.50   0.74   1.24  -4.02   4.75
  Q4   5.55   7.58   2.02   3.15   4.43
  Q7   2.86   0.91  -1.95  -6.73   7.64
  Q6   3.94   2.90  -1.05  -4.17   7.06
 E11   7.69   9.28   1.59   5.19   4.09
 E10  15.22  17.21   1.99   1.57  15.64
 E12   8.61  10.63   2.02   7.45   3.18
 C12   8.93  10.90   1.97   7.81   3.09
 C11   9.63  10.91   1.28   5.08   5.84
 C10   9.20  11.21   2.00   7.04   4.17
 A11   9.63  12.28   2.65   4.03   8.25
 A10  10.03  12.44   2.41  -7.12  19.56
 A12  14.08  17.92   3.84  10.83   7.09
  A1  -1.95  -1.42   0.54  -5.18   3.76
  A3   5.45   8.95   3.50   4.36   4.59
  A2   5.96   8.83   2.88   3.92   4.91
  A5  -3.73  -3.04   0.69  -7.13   4.09
  A4  11.70  16.61   4.91  12.62   3.99
  A7  -0.91   0.41   1.33  -6.98   7.39
  A6   5.97   6.46   0.49   4.03   2.43
  A9  21.61  28.17   6.56  19.01   9.15
  A8  10.07  15.40   5.33   7.90   7.50
  D8  10.17  12.01   1.84   8.58   3.43
  D9   7.24   8.29   1.06   7.12   1.17
  D6  11.88  13.66   1.78   7.18   6.48
  D7   8.77  10.46   1.69   8.41   2.05
  D4  14.65  16.79   2.14   2.44  14.35
  D5  14.64  16.85   2.21   4.90  11.95
  D2   8.02   9.56   1.55   5.84   3.72
  D3  11.59  13.19   1.60   1.82  11.37
  D1   8.95  11.08   2.13   8.40   2.68
