MUT	fa_rep:	ref:	fa_atr:	hbond_sc:	fa_sol:	yhh_planarity:	dslf_fa13:	fa_intra_sol_xover4:	omega:	p_aa_pp:	TOT	sugar_bb:	fa_intra_rep:	hbond_lr_bb:	hbond_sr_bb:	hbond_bb_sc:	fa_elec:	cart_bonded:	lk_ball_wtd:	fa_dun:	rama_prepro:
G7	0.6240	1.2990	0.0000	2.0840	0.0060	0.0590	-0.0770	0.0700	0.1130	3.1190	0.0000	0.0000	-0.0210	-0.9740	-0.0510	0.0190	-0.9170	0.0960	0.6490	-0.1740	0.3170
G6	0.1020	3.9050	0.0000	-0.4670	0.0190	0.0000	-0.0030	-0.0280	-0.0080	3.3070	0.0000	0.0000	0.0040	-1.3940	0.0400	0.1310	0.4500	-0.4890	0.9590	0.0880	-0.0040
G5	0.4030	1.6750	0.0000	1.3970	0.0000	0.0000	-0.0280	0.0000	0.0000	1.9370	0.0000	0.0000	0.0000	-1.3240	0.0000	0.0000	-0.6300	0.0000	0.4440	0.0000	0.0000
G4	5.3950	-4.2760	0.0000	0.5080	0.0000	0.0000	-0.0690	0.0000	0.0000	1.4020	0.0000	0.0000	0.0000	-1.0530	0.0000	0.0000	-0.2550	0.0000	1.1520	0.0000	0.0000
G3	1.4180	-2.9880	0.0000	0.8270	0.0000	0.0000	-0.0450	0.0000	0.0000	-1.7410	0.0000	0.0000	0.0000	-1.3410	0.0000	0.0000	-0.5450	0.0000	0.9340	0.0000	0.0000
G2	1.6530	-2.2480	0.0000	2.6030	0.0000	0.0030	-0.0290	0.0180	0.1370	0.5910	0.0000	0.0000	-0.0390	-0.8860	-0.0070	-0.1040	-1.0320	-0.3330	0.8730	-0.0070	-0.0120
G1	0.5460	0.1430	0.0000	2.3180	0.0040	-0.0020	-0.0010	-0.0150	0.0080	1.8510	0.0000	0.0000	0.0020	-0.9170	0.0030	0.0020	-0.7980	0.0400	0.4900	0.0290	0.0000
G9	0.8140	0.7740	0.0000	2.0150	0.0000	0.0000	-0.0280	0.0000	0.0000	2.0300	0.0000	0.0000	0.0000	-0.9490	0.0000	0.0000	-0.9510	0.0000	0.3570	0.0000	0.0000
G8	0.4920	2.1300	0.0000	2.7630	0.0000	0.0000	-0.0110	0.0000	0.0000	4.1890	0.0000	0.0000	0.0000	-0.9920	0.0000	0.0000	-0.7200	0.0000	0.5270	0.0000	0.0000
N6	0.1700	0.7780	0.0000	2.0870	0.0030	0.0740	-0.0300	0.1390	0.0970	4.3170	0.0000	0.0000	-0.0260	-0.1330	-0.0890	0.0200	0.2080	-0.2210	0.7740	0.1740	0.2910
N7	0.7270	0.3620	0.0000	2.5690	0.0000	0.0000	-0.0210	0.0000	0.0000	4.3440	0.0000	0.0000	0.0000	-0.0020	0.0000	0.0000	0.1160	0.0000	0.5970	0.0000	0.0000
B4	2.0750	-2.5600	0.0000	2.7510	-0.0010	0.0020	-0.0280	0.0160	0.0210	2.1880	0.0000	0.0000	0.0070	-1.2040	0.0130	-0.0040	-0.0780	-0.0450	1.2640	-0.0610	0.0210
B5	1.5860	-1.3120	0.0000	0.1670	0.0000	0.0000	0.0750	0.0000	0.0000	1.8280	0.0000	0.0000	0.0000	-0.0330	0.0000	0.0000	0.7740	0.0000	0.5700	0.0000	0.0000
B6	4.4320	-2.0690	0.0000	0.4160	0.0000	0.0000	-0.0560	0.0000	0.0000	2.4870	0.0000	0.0000	0.0000	-1.1480	0.0000	0.0000	-0.1150	0.0000	1.0280	0.0000	0.0000
B7	1.7190	-2.3240	0.0000	1.3160	0.0060	0.0410	-0.0640	0.1020	0.0510	-0.1950	0.0000	0.0000	-0.0080	-1.3390	-0.0860	-0.0960	-0.6970	0.0000	0.9530	-0.0550	0.2860
B2	2.8400	-2.5230	0.0000	-3.1110	0.0000	0.0000	0.0400	0.0000	0.0000	-1.8620	0.0000	0.0000	0.0000	0.0200	0.0000	0.0000	0.7730	0.0000	0.0990	0.0000	0.0000
B3	1.9830	-2.9240	0.0000	2.2370	0.0080	0.0010	0.0030	-0.0320	-0.0290	1.0880	0.0000	0.0000	0.0310	-1.2180	0.0040	0.0070	0.0760	0.0660	1.0190	-0.1340	-0.0100
B8	5.0540	-3.6370	0.0000	-0.4130	0.0000	0.0000	0.0230	0.0000	0.0000	0.9420	0.0000	0.0000	0.0000	-1.2620	0.0000	0.0000	0.4080	0.0000	0.7660	0.0000	0.0000
B9	4.2480	-1.7200	0.0000	-0.2790	0.0000	0.0000	-0.0330	0.0000	0.0000	2.7310	0.0000	0.0000	0.0000	-1.2230	0.0000	0.0000	0.2610	0.0000	1.4760	0.0000	0.0000
N5	0.3530	0.7500	0.0000	0.4220	0.0000	0.0000	0.0190	0.0000	0.0000	1.6580	0.0000	0.0000	0.0000	-0.0050	0.0000	0.0000	0.0620	0.0000	0.0590	0.0000	0.0000
P10	2.0770	-3.0660	0.0000	1.7620	0.0000	0.0000	0.0010	0.0000	0.0000	0.6640	0.0000	0.0000	0.0000	-1.1580	0.0000	0.0000	0.0860	0.0000	0.9620	0.0000	0.0000
P11	1.8330	-3.2810	0.0000	0.3420	-0.0040	0.0430	0.0250	0.1090	-0.0430	1.2140	0.0000	0.0000	0.0380	-0.0960	-0.0780	0.0570	0.8430	0.3740	0.8410	-0.0740	0.2840
P12	1.4100	-2.3980	0.0000	0.9400	0.0040	0.0750	0.0250	0.1270	0.0670	1.8460	0.0000	0.0000	0.0000	-0.1240	-0.0900	0.0140	0.8310	-0.0570	0.7110	0.0280	0.2840
E9	0.9730	0.3550	0.0000	1.5500	0.0000	0.0000	-0.0240	0.0000	0.0000	1.6640	0.0000	0.0000	0.0000	-0.9230	0.0000	0.0000	-0.8390	0.0000	0.5710	0.0000	0.0000
E8	0.5440	0.3180	0.0000	2.9270	0.0000	0.0000	-0.0220	0.0000	0.0000	2.2640	0.0000	0.0000	0.0000	-0.8870	0.0000	0.0000	-0.9890	0.0000	0.3710	0.0000	0.0000
E5	0.6600	0.3840	0.0000	2.3660	0.0020	0.0010	-0.0070	0.0010	0.0110	2.1120	0.0000	0.0000	-0.0100	-0.9040	0.0030	0.0010	-0.8120	-0.0080	0.4890	-0.0490	-0.0150
E4	0.3810	0.9330	0.0000	2.1250	0.0010	0.0010	-0.0080	-0.0060	-0.0080	1.8520	0.0000	0.0000	0.0030	-0.9080	0.0060	0.0010	-0.9800	0.0140	0.3410	-0.0360	-0.0060
E7	0.4670	0.7240	0.0000	2.5720	0.0030	-0.0020	-0.0180	-0.0040	0.0150	2.0920	0.0000	0.0000	-0.0150	-1.0290	0.0120	-0.0010	-0.9870	-0.1260	0.4640	0.0280	-0.0090
E6	2.2200	-0.5250	0.0000	0.7820	0.0000	0.0000	-0.0450	0.0000	0.0000	1.4770	0.0000	0.0000	0.0000	-1.3280	0.0000	0.0000	-0.5270	0.0000	0.8970	0.0000	0.0000
E1	0.7250	-0.5440	0.0000	2.3230	0.0010	0.0000	-0.0140	-0.0120	-0.0010	0.9510	0.0000	0.0000	-0.0010	-0.8900	0.0030	0.0040	-0.9890	0.0080	0.3530	-0.0100	-0.0030
P8	1.1520	-0.7250	0.0000	3.3730	0.0040	0.0010	-0.0590	0.0190	0.0160	4.2060	0.0000	0.0000	-0.0100	0.0330	0.0040	0.0160	-0.1670	0.0440	0.5100	-0.0010	-0.0050
E3	4.5070	-3.2590	0.0000	0.4820	0.0000	0.0000	-0.0510	0.0000	0.0000	1.2650	0.0000	0.0000	0.0000	-1.1430	0.0000	0.0000	-0.1390	0.0000	0.8680	0.0000	0.0000
E2	3.9460	-3.0360	0.0000	-2.4250	0.0550	0.0250	-0.0440	0.0310	0.0080	0.9890	0.0000	0.0000	0.0250	-1.1440	-0.0580	-0.2310	3.7700	0.1880	0.5400	-0.7010	0.0410
P2	1.3970	-2.7190	0.0000	2.3000	0.0050	0.0010	-0.0290	-0.0100	0.0060	1.1440	0.0000	0.0000	-0.0010	0.0360	-0.0020	-0.1000	-0.1370	0.0560	0.4670	-0.1130	-0.0130
P3	2.7680	-1.5770	0.0000	0.5760	0.0000	0.0000	-0.0270	0.0000	0.0000	1.9770	0.0000	0.0000	0.0000	-0.0020	0.0000	0.0000	0.1900	0.0000	0.0480	0.0000	0.0000
P1	2.0430	-1.1740	0.0000	0.7490	0.0000	0.0000	-0.0850	0.0000	0.0000	2.3340	0.0000	0.0000	0.0000	0.0570	0.0000	0.0000	0.1960	0.0000	0.5460	0.0000	0.0000
P6	1.6580	-3.2200	0.0000	1.0420	0.0040	0.0750	0.0570	0.1350	0.0700	1.3870	0.0000	0.0000	-0.0110	-0.1520	-0.0930	0.0480	0.9120	-0.0830	0.5130	0.1390	0.2950
P7	1.9990	-2.1240	0.0000	2.0890	-0.0080	-0.0030	-0.0970	-0.0210	-0.0130	2.7340	0.0000	0.0000	-0.0060	0.1460	-0.0040	-0.0040	0.3010	-0.0620	0.5120	0.0240	0.0020
P4	1.0190	-2.6810	0.0000	1.9610	0.0100	0.0790	-0.0280	0.1290	0.0470	1.1480	0.0000	0.0000	0.0060	-0.0950	-0.0950	-0.0910	0.0380	0.0070	0.5340	0.0080	0.2970
P5	2.3940	-2.4570	0.0000	2.4470	0.0000	0.0000	-0.0040	0.0000	0.0000	2.4940	0.0000	0.0000	0.0000	-1.1290	0.0000	0.0000	0.6440	0.0000	0.5980	0.0000	0.0000
H10	1.4360	-4.9590	0.0000	2.4510	0.0000	0.0000	0.0100	0.0000	0.0000	-2.0850	0.0000	0.0000	0.0000	-0.0370	0.0000	0.0000	-0.3280	0.0000	-0.6590	0.0000	0.0000
H11	2.7370	-5.6550	0.0000	5.5800	0.1480	0.0530	0.0090	-0.3050	0.6140	-1.7000	0.0000	0.0000	0.0250	-0.9750	-0.4120	0.1620	-4.7960	0.2830	1.1210	-0.9460	0.6550
H12	1.3930	-5.7070	0.0000	4.1980	0.0000	0.0000	-0.0070	0.0000	0.0000	-1.2330	0.0000	0.0000	0.0000	-0.0320	0.0000	0.0000	-0.5180	0.0000	-0.5600	0.0000	0.0000
P9	1.6570	-2.8800	0.0000	2.4880	0.0000	0.0000	0.0080	0.0000	0.0000	1.2770	0.0000	0.0000	0.0000	-1.1610	0.0000	0.0000	0.4320	0.0000	0.7320	0.0000	0.0000
F12	4.4090	-2.8380	0.0000	0.1600	0.0010	0.0000	-0.0540	0.0030	-0.0150	1.1360	0.0000	0.0000	0.0130	-1.2450	0.0030	-0.0020	-0.4940	0.0930	1.1100	0.0030	-0.0110
F10	1.5870	-2.2250	0.0000	1.1360	0.0000	0.0000	-0.0310	0.0000	0.0000	-0.4140	0.0000	0.0000	0.0000	-0.8010	0.0000	0.0000	-0.8840	0.0000	0.8050	0.0000	0.0000
F11	1.5820	-3.0410	0.0000	1.5710	0.0000	0.0000	-0.0390	0.0000	0.0000	-0.7310	0.0000	0.0000	0.0000	-0.8140	0.0000	0.0000	-0.8480	0.0000	0.8560	0.0000	0.0000
N12	1.3770	0.5210	0.0000	1.1950	0.0000	0.0000	0.0530	0.0000	0.0000	4.5170	0.0000	0.0000	0.0000	-0.0350	0.0000	0.0000	0.9070	0.0000	0.5020	0.0000	0.0000
H8	0.8920	0.7560	0.0000	1.5530	0.0010	0.0000	0.0310	0.0100	0.0160	4.9100	0.0000	0.0000	-0.0040	-0.0410	0.0110	0.0040	1.0120	0.1090	0.6100	-0.0340	-0.0190
H9	1.2550	1.3610	0.0000	0.8790	0.0000	0.0000	0.0030	0.0000	0.0000	4.6410	0.0000	0.0000	0.0000	-0.0310	0.0000	0.0000	0.5770	0.0000	0.5960	0.0000	0.0000
H6	1.2810	-0.2180	0.0000	1.7140	0.0000	0.0000	0.0500	0.0000	0.0000	4.2700	0.0000	0.0000	0.0000	-0.0350	0.0000	0.0000	0.9200	0.0000	0.5590	0.0000	0.0000
H7	1.1050	0.6080	0.0000	1.8840	0.0000	0.0000	0.0010	0.0000	0.0000	5.1930	0.0000	0.0000	0.0000	-0.0010	0.0000	0.0000	0.7930	0.0000	0.8070	0.0000	0.0000
H4	-0.3050	0.6930	0.0000	-0.4250	0.0010	0.0470	-0.0060	0.1410	0.0850	0.7180	0.0000	0.0000	0.0000	-0.0650	-0.1010	0.0180	0.1750	-0.0310	0.1530	0.0300	0.3080
H5	1.3110	-0.2410	0.0000	1.8240	0.0000	0.0000	0.0510	0.0000	0.0000	4.3890	0.0000	0.0000	0.0000	-0.0340	0.0000	0.0000	0.9180	0.0000	0.5610	0.0000	0.0000
D10	0.6650	-0.3270	0.0000	2.3060	0.0050	0.0420	-0.0280	0.1130	0.0580	1.5860	0.0000	0.0000	-0.0080	-0.9280	-0.0810	-0.0950	-1.0120	-0.0890	0.7880	-0.1070	0.2860
D11	0.5750	-0.0910	0.0000	1.5740	-0.0010	-0.0170	-0.0290	0.0140	-0.0030	0.5010	0.0000	0.0000	0.0050	-0.8810	-0.0130	-0.0070	-1.0000	0.0320	0.4070	-0.0910	0.0270
D12	0.1970	-0.2010	0.0000	2.0260	-0.0040	-0.0020	-0.0360	0.0630	0.0230	0.7330	0.0000	0.0000	0.0030	-1.1130	0.0150	-0.0090	-0.7530	0.2210	0.2740	0.0060	0.0200
B12	4.0660	-2.1140	0.0000	0.4720	0.0000	0.0000	-0.0470	0.0000	0.0000	2.0440	0.0000	0.0000	0.0000	-1.1720	0.0000	0.0000	-0.1510	0.0000	0.9940	0.0000	0.0000
B10	5.0480	-3.9680	0.0000	0.2470	0.0020	-0.0010	0.0170	-0.0160	0.0100	0.8500	0.0000	0.0000	0.0000	-1.2430	0.0060	0.0040	-0.0580	0.0510	0.7830	-0.0250	-0.0050
B11	4.1850	-2.8000	0.0000	1.0800	0.0000	0.0000	-0.0470	0.0000	0.0000	1.8310	0.0000	0.0000	0.0000	-1.1090	0.0000	0.0000	-0.2140	0.0000	0.7350	0.0000	0.0000
Q8	1.6950	-3.7150	0.0000	3.0100	0.0000	0.0000	0.0230	0.0000	0.0000	1.7610	0.0000	0.0000	0.0000	-0.0340	0.0000	0.0000	0.1600	0.0000	0.6250	0.0000	0.0000
Q9	1.1400	-1.8750	0.0000	2.0870	-0.0220	0.0010	-0.0370	0.0820	0.0300	2.4440	0.0000	0.0000	0.0170	-0.0430	-0.0120	0.0090	0.1290	0.2500	0.6410	0.0280	0.0180
C9	0.4100	1.0920	0.0000	2.1250	0.0000	0.0000	-0.0170	0.0000	0.0000	2.0740	0.0000	0.0000	0.0000	-0.9070	0.0000	0.0000	-1.0610	0.0000	0.4330	0.0000	0.0000
C8	1.1630	-0.2630	0.0000	0.9080	-0.0040	0.0010	-0.0260	0.0220	0.0240	0.5540	0.0000	0.0000	0.0110	-0.9440	0.0070	-0.0020	-0.8210	-0.0320	0.5720	-0.0530	-0.0090
Q11	1.4140	-2.7520	0.0000	1.3940	0.0000	0.0000	-0.0490	0.0000	0.0000	0.5130	0.0000	0.0000	0.0000	0.0040	0.0000	0.0000	-0.1770	0.0000	0.6750	0.0000	0.0000
Q10	1.0810	-3.0240	0.0000	2.2900	0.0000	0.0610	-0.0470	0.1450	-0.0270	1.3070	0.0000	0.0000	0.0240	-0.1260	-0.0990	0.1180	-0.0840	0.2200	0.4530	0.0390	0.2830
Q12	1.2520	-2.6160	0.0000	2.2270	0.0000	0.0000	-0.0210	0.0000	0.0000	1.1370	0.0000	0.0000	0.0000	-0.0070	0.0000	0.0000	-0.0340	0.0000	0.3360	0.0000	0.0000
C3	3.0440	-1.4040	0.0000	0.3990	0.0010	0.0010	-0.0320	-0.0300	0.0180	1.6110	0.0000	0.0000	0.0050	-1.1980	-0.0110	0.0070	-0.2330	0.0760	0.9880	0.0060	-0.0270
C2	4.4260	-2.1870	0.0000	0.3410	0.0000	0.0000	-0.0500	0.0000	0.0000	2.3200	0.0000	0.0000	0.0000	-1.1470	0.0000	0.0000	-0.0930	0.0000	1.0300	0.0000	0.0000
C1	4.0890	-1.6530	0.0000	0.3060	0.0000	0.0000	-0.0500	0.0000	0.0000	2.5560	0.0000	0.0000	0.0000	-1.1580	0.0000	0.0000	-0.0930	0.0000	1.1130	0.0000	0.0000
C7	-0.2330	2.0060	0.0000	1.8260	0.0000	0.0000	-0.0050	0.0000	0.0000	2.1610	0.0000	0.0000	0.0000	-1.3480	0.0000	0.0000	-0.4710	0.0000	0.3860	0.0000	0.0000
C6	0.3430	1.5790	0.0000	1.8040	0.0000	0.0000	-0.0050	-0.0250	0.0020	2.2170	0.0000	0.0000	-0.0140	-0.9010	-0.0070	0.0030	-0.8530	-0.0040	0.2940	0.0030	-0.0030
C5	0.3850	0.8860	0.0000	1.9040	0.0000	0.0000	-0.0130	0.0000	0.0000	1.7030	0.0000	0.0000	0.0000	-0.9110	0.0000	0.0000	-0.9470	0.0000	0.3960	0.0000	0.0000
C4	-0.1330	0.9190	0.0000	1.3520	0.0000	0.0000	-0.0070	0.0000	0.0000	0.6010	0.0000	0.0000	0.0000	-1.3550	0.0000	0.0000	-0.4920	0.0000	0.3170	0.0000	0.0000
N10	1.1330	0.5960	0.0000	2.9760	-0.0020	-0.0010	-0.0350	0.0070	-0.0070	5.5040	0.0000	0.0000	0.0040	-0.0070	-0.0050	-0.0020	0.0400	-0.0270	0.8010	0.0530	-0.0200
N8	0.3820	0.0830	0.0000	0.6540	0.0000	0.0000	0.0070	0.0000	0.0000	1.0160	0.0000	0.0000	0.0000	-0.0020	0.0000	0.0000	-0.0290	0.0000	-0.0790	0.0000	0.0000
N9	1.4340	-2.9300	0.0000	1.9680	0.0030	0.0540	0.0030	0.1260	-0.0300	0.1340	0.0000	0.0000	0.0490	-1.0520	-0.0870	-0.0920	0.0470	0.2730	0.1130	-0.0370	0.2940
N11	0.9700	0.3410	0.0000	0.2720	0.0020	0.0110	0.0330	0.3000	-0.0160	1.7760	0.0000	0.0000	-0.0360	-1.6280	0.0210	-0.1200	0.1850	0.1370	0.4690	0.8190	0.0170
G12	1.9980	-0.9350	0.0000	1.6650	0.0000	0.0000	-0.0380	0.0000	0.0000	1.8750	0.0000	0.0000	0.0000	-0.8760	0.0000	0.0000	-0.6010	0.0000	0.6620	0.0000	0.0000
G11	2.9870	-2.4560	0.0000	1.5350	0.0070	0.0600	-0.1360	0.1470	-0.0010	2.2080	0.0000	0.0000	0.0310	-0.8550	-0.0560	-0.0970	-0.8500	0.2370	1.4880	-0.1290	0.3000
G10	-0.4010	2.0080	0.0000	0.2290	0.0010	0.0560	-0.0840	0.1350	0.1580	3.2440	0.0000	0.0000	-0.0380	-1.0590	-0.0580	-0.1850	2.8660	-0.1820	0.1670	-0.6770	0.3080
F1	0.3530	0.5230	0.0000	2.5880	0.0000	0.0000	-0.0100	0.0000	0.0000	1.8590	0.0000	0.0000	0.0000	-1.0260	0.0000	0.0000	-0.9930	0.0000	0.4230	0.0000	0.0000
F2	2.6160	-0.0230	0.0000	0.0460	0.0000	0.0000	-0.0130	0.0000	0.0000	2.1570	0.0000	0.0000	0.0000	-1.3600	0.0000	0.0000	-0.2060	0.0000	1.0940	0.0000	0.0000
F3	0.9890	0.1430	0.0000	1.5450	0.0000	0.0000	-0.0210	0.0000	0.0000	1.3620	0.0000	0.0000	0.0000	-0.9360	0.0000	0.0000	-0.8810	0.0000	0.5250	0.0000	0.0000
F4	4.1840	-1.6320	0.0000	-0.2940	0.0000	0.0000	-0.0360	0.0000	0.0000	2.7630	0.0000	0.0000	0.0000	-1.2170	0.0000	0.0000	0.2740	0.0000	1.4820	0.0000	0.0000
F5	0.4970	0.0090	0.0000	1.6210	0.0000	0.0000	-0.0090	0.0000	0.0000	0.4640	0.0000	0.0000	0.0000	-0.9440	0.0000	0.0000	-1.0010	0.0000	0.2910	0.0000	0.0000
F6	0.7500	-0.0780	0.0000	2.0270	0.0050	0.0000	-0.0000	-0.0140	-0.0080	1.2950	0.0000	0.0000	0.0350	-0.9140	-0.0020	0.0000	-0.8700	0.0180	0.4440	-0.0980	0.0030
F7	2.7340	-0.1110	0.0000	-0.0970	0.0000	0.0000	-0.0160	0.0000	0.0000	2.0260	0.0000	0.0000	0.0000	-1.3580	0.0000	0.0000	-0.2240	0.0000	1.0970	0.0000	0.0000
F8	0.5660	0.2460	0.0000	2.2550	0.0000	0.0000	-0.0310	0.0000	0.0000	1.4950	0.0000	0.0000	0.0000	-1.0960	0.0000	0.0000	-0.8370	0.0000	0.3900	0.0000	0.0000
F9	4.1860	-1.7660	0.0000	0.2570	0.0000	0.0000	-0.0460	0.0000	0.0000	2.4730	0.0000	0.0000	0.0000	-1.1460	0.0000	0.0000	-0.1080	0.0000	1.0990	0.0000	0.0000
Q1	1.4340	-0.3240	0.0000	1.8620	0.0000	0.0000	-0.0290	0.0000	0.0000	4.1030	0.0000	0.0000	0.0000	0.0060	0.0000	0.0000	0.3240	0.0000	0.8280	0.0000	0.0000
Q3	1.6050	-1.6860	0.0000	1.6410	0.0000	0.0000	0.0640	0.0000	0.0000	2.6440	0.0000	0.0000	0.0000	-0.0380	0.0000	0.0000	0.5750	0.0000	0.4850	0.0000	0.0000
Q2	1.1720	-1.4940	0.0000	1.6170	0.0040	0.0380	-0.0360	0.1130	0.0410	2.7690	0.0000	0.0000	0.0290	-0.0930	-0.0970	0.0180	0.1630	0.1770	0.9890	-0.1720	0.3020
Q5	1.2830	-2.6940	0.0000	2.2830	0.0000	0.0000	-0.0410	0.0000	0.0000	1.2360	0.0000	0.0000	0.0000	0.0320	0.0000	0.0000	-0.0860	0.0000	0.4600	0.0000	0.0000
Q4	1.7490	-2.7410	0.0000	1.0700	-0.0020	0.0600	0.0430	0.1360	-0.0200	2.0240	0.0000	0.0000	0.0290	-0.1330	-0.0840	0.0350	0.7180	0.1910	0.6810	0.0090	0.2850
Q7	2.9690	-5.4340	0.0000	1.2910	0.0040	0.0620	-0.0420	0.0890	-0.0570	-1.9480	0.0000	0.0000	0.0350	-1.6390	-0.0620	0.1460	-0.3040	0.2710	0.4550	-0.0110	0.2770
Q6	4.7000	-5.3890	0.0000	3.2110	-0.0410	-0.0850	0.0780	-0.3900	-0.3490	-1.0470	0.0000	0.0000	0.2420	-2.0770	-0.0080	-0.8450	-2.4670	2.4940	0.1260	-0.2650	0.0170
E11	0.3750	0.6860	0.0000	2.1290	0.0000	0.0000	-0.0120	0.0000	0.0000	1.5900	0.0000	0.0000	0.0000	-0.9170	0.0000	0.0000	-0.9980	0.0000	0.3260	0.0000	0.0000
E10	3.4900	-1.3710	0.0000	0.2690	-0.0410	0.0040	-0.0130	0.0250	0.0450	1.9940	0.0000	0.0000	-0.0340	-1.1780	-0.0100	-0.2950	-0.1420	0.4110	0.9430	-0.0800	-0.0270
E12	0.3740	0.2790	0.0000	2.9150	-0.0020	0.0020	-0.0170	-0.0020	-0.0050	2.0180	0.0000	0.0000	0.0140	-0.8910	0.0090	-0.0030	-1.0370	0.0470	0.3470	-0.0350	0.0230
C12	0.3940	0.7780	0.0000	2.3220	0.0000	0.0000	-0.0090	0.0000	0.0000	1.9700	0.0000	0.0000	0.0000	-1.0190	0.0000	0.0000	-1.0050	0.0000	0.5100	0.0000	0.0000
C11	2.2120	-0.6880	0.0000	0.7750	0.0000	0.0000	-0.0370	0.0000	0.0000	1.2780	0.0000	0.0000	0.0000	-1.3400	0.0000	0.0000	-0.5390	0.0000	0.8950	0.0000	0.0000
C10	0.5740	0.4190	0.0000	2.1630	0.0000	0.0000	-0.0070	0.0000	0.0000	2.0030	0.0000	0.0000	0.0000	-0.9170	0.0000	0.0000	-0.7790	0.0000	0.5510	0.0000	0.0000
A11	1.4480	-1.3190	0.0000	2.4640	0.0000	0.0000	0.0250	0.0000	0.0000	2.6470	0.0000	0.0000	0.0000	-1.2030	0.0000	0.0000	0.6120	0.0000	0.6220	0.0000	0.0000
A10	7.0480	-4.6830	0.0000	-0.1590	0.0000	0.0000	-0.0570	0.0000	0.0000	2.4070	0.0000	0.0000	0.0000	-0.8450	0.0000	0.0000	0.0940	0.0000	1.0080	0.0000	0.0000
A12	1.6860	-0.7110	0.0000	2.1130	0.0000	0.0000	-0.0620	0.0000	0.0000	3.8380	0.0000	0.0000	0.0000	0.0130	0.0000	0.0000	-0.0070	0.0000	0.8040	0.0000	0.0000
A1	1.9660	-3.6900	0.0000	2.3180	0.0190	0.0460	0.0300	0.0440	0.0080	0.5370	0.0000	0.0000	-0.0560	-1.1760	-0.1460	-0.1430	0.3030	-0.0610	0.8220	0.0580	0.1940
A3	1.3930	-0.1970	0.0000	1.3580	0.0000	0.0000	-0.0450	0.0000	0.0000	3.5040	0.0000	0.0000	0.0000	0.0120	0.0000	0.0000	0.3140	0.0000	0.6690	0.0000	0.0000
A2	1.2320	-0.8880	0.0000	1.8050	-0.0020	0.0010	-0.0380	-0.0010	0.0060	2.8790	0.0000	0.0000	0.0130	0.0030	-0.0070	-0.0010	0.0090	0.0510	0.7450	-0.0650	0.0160
A5	2.1230	-4.2100	0.0000	3.4810	0.0000	0.0430	0.0430	0.1110	-0.0570	0.6900	0.0000	0.0000	0.0470	-0.1050	-0.0870	0.2280	-3.1680	0.4210	1.0320	0.4950	0.2880
A4	2.1130	-0.5750	0.0000	1.7620	0.0000	0.0000	0.0230	0.0000	0.0000	4.9140	0.0000	0.0000	0.0000	-0.0140	0.0000	0.0000	0.9390	0.0000	0.6670	0.0000	0.0000
A7	2.2850	-5.4380	0.0000	3.5810	0.0070	0.0750	0.0070	0.1430	0.0630	1.3270	0.0000	0.0000	-0.0020	-0.1530	-0.0830	0.0200	0.2590	-0.1020	0.2930	0.0880	0.2830
A6	0.1070	-1.3000	0.0000	2.4970	-0.0190	0.0460	0.0200	0.2370	-0.0500	0.4870	0.0000	0.0000	-0.0970	-1.6930	0.0370	-0.4720	-0.0150	0.3400	0.1030	0.7630	-0.0170
A9	0.8840	-0.1830	0.0000	4.1060	0.0030	0.0010	0.0430	-0.0210	0.0040	6.5590	0.0000	0.0000	-0.0040	-0.0170	-0.0140	-0.1080	0.9290	-0.0220	0.9460	-0.0020	0.0170
A8	1.9600	-0.1650	0.0000	1.8820	-0.0030	-0.0100	0.0040	0.0040	-0.0510	5.3330	0.0000	0.0000	0.0380	-0.0070	0.0070	-0.0010	0.9180	0.1900	0.7540	-0.2010	0.0170
D8	0.4820	0.0260	0.0000	2.7810	-0.0020	0.0010	-0.0190	0.0090	0.0020	1.8370	0.0000	0.0000	0.0030	-0.8950	0.0030	-0.0020	-1.0200	0.0150	0.4290	0.0130	0.0110
D9	0.9130	0.0320	0.0000	1.5200	0.0000	0.0000	-0.0220	0.0000	0.0000	1.0570	0.0000	0.0000	0.0000	-0.9690	0.0000	0.0000	-0.9300	0.0000	0.5120	0.0000	0.0000
D6	2.6320	-0.4410	0.0000	0.5750	0.0000	0.0000	-0.0410	0.0000	0.0000	1.7820	0.0000	0.0000	0.0000	-1.3020	0.0000	0.0000	-0.5020	0.0000	0.8620	0.0000	0.0000
D7	0.2770	-0.2920	0.0000	3.1610	0.0050	0.0420	-0.0560	0.1100	0.0460	1.6910	0.0000	0.0000	-0.0200	-1.1580	-0.0910	-0.0960	-0.7860	-0.1350	0.5070	-0.1140	0.2900
D4	3.8650	-1.7910	0.0000	0.3760	-0.0020	-0.0010	-0.0490	0.0100	0.0190	2.1430	0.0000	0.0000	0.0100	-1.1650	0.0230	0.0000	-0.1660	-0.0680	1.0660	0.0260	-0.0110
D5	4.1280	-2.6430	0.0000	0.4940	0.0090	0.0420	-0.0730	0.0580	-0.0510	2.2100	0.0000	0.0000	0.0240	-1.1570	-0.0830	-0.0930	-0.2040	0.2930	1.3590	-0.1770	0.2860
D2	0.9350	0.4030	0.0000	1.4220	0.0000	0.0000	-0.0220	0.0000	0.0000	1.5470	0.0000	0.0000	0.0000	-0.9290	0.0000	0.0000	-0.8470	0.0000	0.5840	0.0000	0.0000
D3	3.0030	-1.3840	0.0000	0.4070	0.0000	0.0010	-0.0410	0.0060	-0.0230	1.5960	0.0000	0.0000	0.0010	-1.1910	-0.0050	0.0020	-0.1780	0.0200	0.9720	0.0050	0.0020
D1	0.5550	0.3290	0.0000	2.7090	0.0000	0.0000	-0.0200	0.0000	0.0000	2.1330	0.0000	0.0000	0.0000	-0.8860	0.0000	0.0000	-0.9820	0.0000	0.4280	0.0000	0.0000
