MUT	fa_rep:	ref:	fa_atr:	hbond_sc:	fa_sol:	yhh_planarity:	dslf_fa13:	fa_intra_sol_xover4:	omega:	p_aa_pp:	TOT	sugar_bb:	fa_intra_rep:	hbond_lr_bb:	hbond_sr_bb:	hbond_bb_sc:	fa_elec:	cart_bonded:	lk_ball_wtd:	fa_dun:	rama_prepro:
G7	0.2840	1.4240	0.0000	0.4950	0.0010	0.0010	0.0030	0.0000	-0.0050	1.6900	0.0000	0.0000	-0.0310	0.0050	-0.0200	-0.0380	-0.4930	0.0070	0.0790	-0.0250	0.0020
G6	-0.1860	3.2950	0.0000	-1.0110	0.0000	0.0000	0.0000	0.0000	0.0000	1.7490	0.0000	0.0000	0.0000	-0.0120	0.0000	0.0000	-0.3700	0.0000	0.0330	0.0000	0.0000
G5	0.1680	2.6390	0.0000	0.8460	0.0000	0.0000	-0.0160	0.0000	0.0000	2.7710	0.0000	0.0000	0.0000	0.0020	0.0000	0.0000	-0.7340	0.0000	-0.1370	0.0000	0.0000
G4	5.3540	-5.4700	0.0000	3.2500	0.0000	0.0000	-0.1450	0.0000	0.0000	1.6230	0.0000	0.0000	0.0000	0.0430	0.0000	0.0000	-1.2640	0.0000	-0.1430	0.0000	0.0000
G3	4.2880	-4.8550	0.0000	1.4590	0.0000	0.0000	-0.0600	0.0000	0.0000	-0.0930	0.0000	0.0000	0.0000	-0.0170	0.0000	0.0000	-0.7200	0.0000	-0.1880	0.0000	0.0000
G2	3.7870	-4.1840	0.0000	2.6050	0.0000	-0.0010	-0.0440	-0.0110	-0.0030	1.2320	0.0000	0.0000	0.0050	-0.0150	-0.0110	-0.0030	-0.9930	-0.0310	0.0960	0.0380	-0.0040
G1	0.5390	0.2220	0.0000	1.3370	0.0000	0.0010	-0.0340	0.0030	-0.0340	1.2540	0.0000	0.0000	0.0070	0.0160	-0.0200	0.0040	-0.7930	0.0610	-0.0350	-0.0280	0.0080
G9	0.3500	0.4770	0.0000	1.0340	0.0000	0.0000	0.0110	0.0000	0.0000	1.1140	0.0000	0.0000	0.0000	-0.0310	0.0000	0.0000	-0.5790	0.0000	-0.1460	0.0000	0.0000
G8	0.0210	1.8830	0.0000	0.6180	0.0000	0.0000	0.0140	0.0000	0.0000	1.8870	0.0000	0.0000	0.0000	-0.0380	0.0000	0.0000	-0.4500	0.0000	-0.1610	0.0000	0.0000
N6	0.1430	0.1940	0.0000	2.4740	0.0000	0.0000	0.0270	0.0000	0.0000	1.0770	0.0000	0.0000	0.0000	-1.6330	0.0000	0.0000	-0.2260	0.0000	0.0980	0.0000	0.0000
N7	0.1850	1.5380	0.0000	1.8980	0.0000	0.0000	0.0040	0.0000	0.0000	2.3670	0.0000	0.0000	0.0000	-1.6690	0.0000	0.0000	0.3630	0.0000	0.0490	0.0000	0.0000
B4	3.9810	-5.3290	0.0000	4.7720	0.0000	0.0000	-0.0390	0.0000	0.0000	0.2080	0.0000	0.0000	0.0000	-1.6990	0.0000	0.0000	-1.5210	0.0000	0.0430	0.0000	0.0000
B5	0.9690	-1.8260	0.0000	1.3580	0.0000	0.0000	0.0350	0.0000	0.0000	-0.9800	0.0000	0.0000	0.0000	-1.6320	0.0000	0.0000	0.0470	0.0000	0.0710	0.0000	0.0000
B6	3.8430	-2.5480	0.0000	1.4430	0.0000	0.0000	-0.1170	0.0000	0.0000	2.6950	0.0000	0.0000	0.0000	0.0310	0.0000	0.0000	-0.5010	0.0000	0.5440	0.0000	0.0000
B7	4.5730	-2.2020	0.0000	1.8760	0.0000	0.0000	-0.0710	0.0000	0.0000	3.5800	0.0000	0.0000	0.0000	-0.0030	0.0000	0.0000	-0.8560	0.0000	0.2620	0.0000	0.0000
B2	4.2880	-3.4660	0.0000	-4.0610	0.0000	0.0000	0.0330	0.0000	0.0000	-1.5970	0.0000	0.0000	0.0000	0.0480	0.0000	0.0000	1.2850	0.0000	0.2730	0.0000	0.0000
B3	2.2770	-2.8450	0.0000	3.2530	-0.0010	-0.0010	-0.0600	0.0440	-0.0160	0.6970	0.0000	0.0000	-0.0140	-1.5920	0.0320	0.0010	-0.5530	-0.1010	0.4070	-0.1260	-0.0080
B8	4.0010	-2.7820	0.0000	0.4430	0.0090	0.0000	-0.0800	0.0130	0.0070	1.7710	0.0000	0.0000	0.0050	0.0160	-0.0090	-0.0020	-0.5060	0.0160	0.6380	-0.0030	0.0050
B9	0.8430	-0.9900	0.0000	3.2240	0.0000	0.0000	-0.0040	0.0000	0.0000	2.1670	0.0000	0.0000	0.0000	-0.0040	0.0000	0.0000	-0.8170	0.0000	-0.0840	0.0000	0.0000
N5	1.6720	2.0900	0.0000	0.7640	0.0000	0.0000	-0.0640	0.0000	0.0000	3.7320	0.0000	0.0000	0.0000	-0.9810	0.0000	0.0000	0.2410	0.0000	0.0130	0.0000	0.0000
P10	2.0460	-3.4170	0.0000	2.8080	0.0000	0.0000	-0.0090	0.0000	0.0000	-1.7380	0.0000	0.0000	0.0000	-2.9040	0.0000	0.0000	-0.3690	0.0000	0.1060	0.0000	0.0000
P11	2.0250	-3.3180	0.0000	1.3560	0.0000	0.0000	0.0010	0.0000	0.0000	-1.4530	0.0000	0.0000	0.0000	-1.6340	0.0000	0.0000	-0.0940	0.0000	0.2110	0.0000	0.0000
P12	1.5140	-2.7480	0.0000	2.0670	0.0000	0.0000	0.0190	0.0000	0.0000	-0.7200	0.0000	0.0000	0.0000	-1.6310	0.0000	0.0000	-0.1160	0.0000	0.1770	0.0000	0.0000
E9	0.4050	1.4270	0.0000	0.9650	0.0000	0.0000	-0.0350	0.0000	0.0000	2.2130	0.0000	0.0000	0.0000	-0.0190	0.0000	0.0000	-0.6670	0.0000	0.1360	0.0000	0.0000
E8	0.6140	0.7610	0.0000	1.3760	0.0000	0.0000	-0.0370	0.0000	0.0000	1.9000	0.0000	0.0000	0.0000	0.0030	0.0000	0.0000	-0.8970	0.0000	0.0780	0.0000	0.0000
E5	0.4540	0.5930	0.0000	1.2230	0.0000	0.0000	-0.0460	0.0000	0.0000	1.4560	0.0000	0.0000	0.0000	0.0060	0.0000	0.0000	-0.7740	0.0000	-0.0010	0.0000	0.0000
E4	0.1660	1.2520	0.0000	0.7270	0.0000	0.0000	-0.0270	0.0000	0.0000	1.2890	0.0000	0.0000	0.0000	-0.0020	0.0000	0.0000	-0.7500	0.0000	-0.0770	0.0000	0.0000
E7	0.3820	1.1890	0.0000	1.2070	0.0000	0.0000	-0.0240	0.0000	0.0000	2.1810	0.0000	0.0000	0.0000	0.0010	0.0000	0.0000	-0.5030	0.0000	-0.0720	0.0000	0.0000
E6	3.3990	-0.9910	0.0000	1.2780	0.0000	0.0000	-0.0400	0.0000	0.0000	2.8790	0.0000	0.0000	0.0000	-0.0280	0.0000	0.0000	-0.6590	0.0000	-0.0830	0.0000	0.0000
E1	0.6520	0.0820	0.0000	2.3370	-0.0250	-0.2220	0.0440	-0.1070	-0.0610	1.9640	0.0000	0.0000	0.1420	-0.1130	0.0040	0.0250	-0.6770	-0.6990	0.3180	0.2180	0.0510
P8	0.8980	-1.8790	0.0000	4.0870	0.0000	-0.0030	0.0040	-0.0060	0.0070	-0.4030	0.0000	0.0000	0.0010	-2.9050	0.0030	-0.0040	-0.5140	0.0350	-0.0820	-0.0400	-0.0050
E3	1.1460	-1.4310	0.0000	2.2830	0.0000	0.0000	-0.0380	0.0000	0.0000	0.8820	0.0000	0.0000	0.0000	-0.0110	0.0000	0.0000	-1.3240	0.0000	0.2570	0.0000	0.0000
E2	3.4640	-1.2010	0.0000	1.7000	0.0000	0.0000	-0.0710	0.0000	0.0000	3.1320	0.0000	0.0000	0.0000	0.0050	0.0000	0.0000	-0.6780	0.0000	-0.0870	0.0000	0.0000
P2	2.7400	-4.2850	0.0000	0.3330	-0.0080	0.0280	-0.1960	0.1380	0.0350	-1.6000	0.0000	0.0000	0.0000	-3.1010	-0.0790	-0.2920	2.8720	0.4500	0.0150	-0.5290	0.2810
P3	4.1150	-4.5890	0.0000	2.3260	0.0000	0.0000	-0.0160	0.0000	0.0000	-1.6540	0.0000	0.0000	0.0000	-2.9370	0.0000	0.0000	-0.7060	0.0000	0.1530	0.0000	0.0000
P1	1.9460	0.4190	0.0000	2.8580	-0.1140	0.0380	-0.2960	0.1960	-0.1890	1.4000	0.0000	0.0000	0.0610	0.0430	-0.0440	-0.1320	-3.7640	0.3200	0.7220	-0.7370	0.0760
P6	1.5910	-3.6120	0.0000	2.3710	-0.0010	0.0000	0.0370	0.0160	0.0080	-1.5200	0.0000	0.0000	-0.0070	-1.6280	0.0010	0.0010	-0.2240	0.0590	0.0220	-0.1560	0.0060
P7	1.0010	-2.7900	0.0000	0.0080	0.3640	-0.1820	0.0420	-0.3720	0.0090	-1.5260	0.0000	0.0000	0.1510	-3.1950	-0.1480	-0.2710	4.4600	-1.4500	0.8660	-0.2290	0.2100
P4	3.5950	-4.2160	0.0000	3.3100	0.0000	0.0000	-0.0200	0.0000	0.0000	-0.6050	0.0000	0.0000	0.0000	-2.9590	0.0000	0.0000	-0.5250	0.0000	0.2100	0.0000	0.0000
P5	1.7490	-2.4940	0.0000	3.6600	0.0000	0.0000	0.0240	0.0000	0.0000	-0.5020	0.0000	0.0000	0.0000	-2.9500	0.0000	0.0000	-0.4710	0.0000	-0.0200	0.0000	0.0000
H10	1.7780	-3.1780	0.0000	2.4420	0.0000	0.0000	-0.0030	0.0000	0.0000	-0.1870	0.0000	0.0000	0.0000	-1.0780	0.0000	0.0000	0.3620	0.0000	-0.5120	0.0000	0.0000
H11	1.2710	-0.9100	0.0000	1.2860	0.0000	0.0000	-0.0130	0.0000	0.0000	0.9940	0.0000	0.0000	0.0000	-1.1110	0.0000	0.0000	1.0010	0.0000	-0.5310	0.0000	0.0000
H12	2.1380	-3.8390	0.0000	3.5200	0.0000	0.0000	-0.0300	0.0000	0.0000	0.0040	0.0000	0.0000	0.0000	-1.0630	0.0000	0.0000	-0.1640	0.0000	-0.5560	0.0000	0.0000
P9	1.6120	-3.1190	0.0000	3.3780	0.0000	0.0000	0.0070	0.0000	0.0000	-1.4070	0.0000	0.0000	0.0000	-2.9110	0.0000	0.0000	-0.4010	0.0000	0.0280	0.0000	0.0000
F12	3.2780	-6.5870	0.0000	1.5940	0.0440	0.0150	-0.0900	0.3260	-0.0140	-1.9920	0.0000	0.0000	-0.0050	0.8370	-0.0350	-0.0840	-0.8210	0.4030	-0.7260	-0.3390	0.2110
F10	3.2710	-3.4500	0.0000	1.4910	0.0000	0.0000	0.0010	0.0050	0.0160	0.6730	0.0000	0.0000	-0.0050	-0.0260	0.0000	0.0050	-1.0450	0.2320	0.1400	0.0510	-0.0120
F11	4.6160	-5.7320	0.0000	4.7310	-0.0790	0.0190	-0.0990	0.0740	0.0360	0.7440	0.0000	0.0000	0.0100	0.8460	-0.0120	0.1750	-4.6020	0.4470	-0.1860	0.2510	0.2500
N12	0.3340	-0.1240	0.0000	0.3680	0.0000	0.0000	0.0200	0.0000	0.0000	-0.5880	0.0000	0.0000	0.0000	-1.6310	0.0000	0.0000	0.2360	0.0000	0.2100	0.0000	0.0000
H8	0.2810	0.3710	0.0000	1.1060	0.0000	0.0000	-0.0170	0.0000	0.0000	0.7330	0.0000	0.0000	0.0000	-1.6490	0.0000	0.0000	-0.0180	0.0000	0.6590	0.0000	0.0000
H9	0.3160	-0.6270	0.0000	1.1720	0.0000	0.0000	-0.0130	0.0000	0.0000	-0.2970	0.0000	0.0000	0.0000	-1.6480	0.0000	0.0000	0.0540	0.0000	0.4500	0.0000	0.0000
H6	0.3860	-0.7610	0.0000	0.8020	0.0000	0.0000	0.0160	0.0000	0.0000	-0.7650	0.0000	0.0000	0.0000	-1.6440	0.0000	0.0000	0.1150	0.0000	0.3170	0.0000	0.0000
H7	0.2940	-0.3960	0.0000	1.2570	0.0000	0.0000	-0.0150	0.0000	0.0000	-0.0520	0.0000	0.0000	0.0000	-1.6520	0.0000	0.0000	-0.0050	0.0000	0.4640	0.0000	0.0000
H4	-0.3060	0.4350	0.0000	-0.2910	0.0010	0.0710	-0.1180	0.1120	0.0600	0.6610	0.0000	0.0000	0.0000	0.7790	-0.0770	-0.0220	-0.2970	0.0150	0.0470	-0.0490	0.2950
H5	0.2000	-0.2850	0.0000	0.5580	0.0000	0.0000	0.0140	0.0000	0.0000	-0.6280	0.0000	0.0000	0.0000	-1.6350	0.0000	0.0000	0.1410	0.0000	0.3800	0.0000	0.0000
D10	0.4720	0.6390	0.0000	1.3160	0.0000	0.0000	-0.0540	0.0000	0.0000	1.7260	0.0000	0.0000	0.0000	0.0210	0.0000	0.0000	-0.9300	0.0000	0.2630	0.0000	0.0000
D11	0.2920	0.3880	0.0000	1.0450	0.0000	0.0000	-0.0480	0.0000	0.0000	0.9040	0.0000	0.0000	0.0000	0.0190	0.0000	0.0000	-0.9230	0.0000	0.1300	0.0000	0.0000
D12	0.6240	0.0300	0.0000	1.9260	0.0000	0.0000	-0.0420	0.0000	0.0000	1.9720	0.0000	0.0000	0.0000	0.0240	0.0000	0.0000	-0.6170	0.0000	0.0260	0.0000	0.0000
B12	4.2520	-2.5860	0.0000	1.0630	0.0000	0.0000	-0.1150	0.0000	0.0000	2.7900	0.0000	0.0000	0.0000	0.0290	0.0000	0.0000	-0.4380	0.0000	0.5860	0.0000	0.0000
B10	3.6790	-2.6410	0.0000	0.8920	0.0000	0.0000	-0.1090	0.0000	0.0000	1.9680	0.0000	0.0000	0.0000	0.0260	0.0000	0.0000	-0.4770	0.0000	0.6010	0.0000	0.0000
B11	4.8010	-3.3140	0.0000	3.8170	-0.0830	0.0020	-0.1140	-0.0150	-0.0260	2.6870	0.0000	0.0000	0.0210	0.0300	0.0090	0.2280	-3.6880	-0.3240	0.7670	0.5660	0.0090
Q8	1.6770	-4.1460	0.0000	4.1990	0.0000	0.0000	0.0370	0.0000	0.0000	-2.3670	0.0000	0.0000	0.0000	-2.9180	0.0000	0.0000	-1.2860	0.0000	0.0700	0.0000	0.0000
Q9	1.7080	-1.9430	0.0000	2.2980	0.0000	0.0000	-0.0040	0.0000	0.0000	0.5200	0.0000	0.0000	0.0000	-1.6170	0.0000	0.0000	-0.2220	0.0000	0.3040	0.0000	0.0000
C9	0.1360	1.3040	0.0000	0.4130	0.0000	0.0000	-0.0280	0.0000	0.0000	1.1300	0.0000	0.0000	0.0000	-0.0020	0.0000	0.0000	-0.6730	0.0000	-0.0180	0.0000	0.0000
C8	0.4800	-0.1130	0.0000	0.5100	0.0000	0.0000	-0.0230	0.0000	0.0000	0.3030	0.0000	0.0000	0.0000	-0.0280	0.0000	0.0000	-0.5110	0.0000	-0.0120	0.0000	0.0000
Q11	3.0370	-3.1570	0.0000	1.5960	0.0000	0.0000	0.0030	0.0000	0.0000	-0.1540	0.0000	0.0000	0.0000	-1.6670	0.0000	0.0000	-0.1860	0.0000	0.2220	0.0000	0.0000
Q10	3.2300	-4.0420	0.0000	3.2010	0.0000	0.0000	-0.0110	0.0000	0.0000	-1.1120	0.0000	0.0000	0.0000	-2.9380	0.0000	0.0000	-0.6400	0.0000	0.0890	0.0000	0.0000
Q12	2.9880	-3.5740	0.0000	3.1200	0.0000	0.0000	0.0190	0.0000	0.0000	0.3350	0.0000	0.0000	0.0000	-1.7140	0.0000	0.0000	-0.5340	0.0000	0.0330	0.0000	0.0000
C3	6.9640	-2.2330	0.0000	1.3310	0.0000	0.0000	-0.0550	0.0000	0.0000	5.8050	0.0000	0.0000	0.0000	-0.0020	0.0000	0.0000	-0.6730	0.0000	0.4740	0.0000	0.0000
C2	3.7380	-3.2380	0.0000	3.0780	-0.0810	0.0380	-0.1380	0.0710	0.0620	1.3160	0.0000	0.0000	0.0090	0.0140	-0.0320	0.2250	-4.0250	-0.1890	0.9960	0.5030	0.2830
C1	3.9650	-2.9320	0.0000	2.7190	-0.0810	0.0360	-0.1380	0.0850	0.0670	1.8230	0.0000	0.0000	0.0110	0.0060	-0.0140	0.2240	-3.8970	-0.1610	1.1300	0.5070	0.2930
C7	0.0690	2.7610	0.0000	1.1500	0.0000	0.0000	-0.0340	0.0000	0.0000	3.0440	0.0000	0.0000	0.0000	0.0150	0.0000	0.0000	-0.8580	0.0000	-0.0600	0.0000	0.0000
C6	0.0370	2.2680	0.0000	0.9990	0.0000	0.0000	-0.0330	0.0000	0.0000	2.4470	0.0000	0.0000	0.0000	0.0140	0.0000	0.0000	-0.8260	0.0000	-0.0120	0.0000	0.0000
C5	0.0930	1.4160	0.0000	-0.1010	-0.0800	0.0390	-0.0780	0.0010	0.0950	1.3620	0.0000	0.0000	0.0100	0.0000	-0.0420	0.0470	-0.5120	-0.0850	0.3760	-0.1020	0.2810
C4	0.5610	1.4100	0.0000	3.2570	-0.0810	0.0010	-0.0420	-0.1200	0.0150	1.6100	0.0000	0.0000	0.0310	0.0020	0.0070	0.2450	-4.3290	-0.2360	0.3420	0.5340	0.0180
N10	0.2680	-0.0450	0.0000	1.5950	-0.0010	0.0000	0.0210	-0.0300	-0.0060	0.4030	0.0000	0.0000	0.0060	-1.6340	0.0030	0.0000	0.0110	-0.0100	0.2010	0.0220	0.0040
N8	1.6910	0.3350	0.0000	4.7680	-0.0050	0.0130	0.0010	-0.2880	-0.1750	3.2430	0.0000	0.0000	-0.0910	-1.1240	0.0800	-0.3640	-2.0900	-0.5140	0.3150	0.7380	-0.0450
N9	1.4080	0.7420	0.0000	2.2550	0.0000	0.0000	-0.0640	0.0000	0.0000	3.2190	0.0000	0.0000	0.0000	-0.8780	0.0000	0.0000	0.2620	0.0000	-0.5070	0.0000	0.0000
N11	1.2830	0.1000	0.0000	-1.8230	-0.0040	-0.0100	0.0400	0.1560	-0.0420	-1.6150	0.0000	0.0000	0.0140	-1.6680	0.0070	-0.0450	-0.1490	-0.0770	0.6040	0.0070	-0.0060
G12	1.6420	-1.6490	0.0000	0.1540	0.0000	0.0000	0.0160	0.0000	0.0000	-0.0960	0.0000	0.0000	0.0000	-0.0470	0.0000	0.0000	-0.2220	0.0000	0.0110	0.0000	0.0000
G11	4.3130	-3.3910	0.0000	1.3460	-0.0010	0.0060	-0.0650	-0.0100	-0.0090	1.8370	0.0000	0.0000	-0.0120	0.0100	0.0120	0.0110	-0.7170	0.0860	0.2770	-0.0130	-0.0060
G10	0.0470	2.1380	0.0000	0.9360	0.0000	0.0000	-0.0140	0.0000	0.0000	2.6370	0.0000	0.0000	0.0000	-0.0040	0.0000	0.0000	-0.4890	0.0000	0.0240	0.0000	0.0000
F1	0.3770	0.7800	0.0000	1.3450	0.0000	0.0000	-0.0290	0.0000	0.0000	1.8980	0.0000	0.0000	0.0000	0.0020	0.0000	0.0000	-0.4610	0.0000	-0.1190	0.0000	0.0000
F2	3.5960	-0.6230	0.0000	1.5010	0.0000	0.0000	-0.0540	0.0000	0.0000	3.7620	0.0000	0.0000	0.0000	-0.0110	0.0000	0.0000	-0.9280	0.0000	0.2810	0.0000	0.0000
F3	0.5010	0.3080	0.0000	0.9230	0.0000	0.0000	-0.0280	0.0000	0.0000	1.1150	0.0000	0.0000	0.0000	-0.0270	0.0000	0.0000	-0.5080	0.0000	-0.0550	0.0000	0.0000
F4	3.7440	-2.1880	0.0000	0.9200	0.0000	0.0000	-0.1090	0.0000	0.0000	2.5410	0.0000	0.0000	0.0000	0.0280	0.0000	0.0000	-0.4450	0.0000	0.5910	0.0000	0.0000
F5	0.3640	0.5850	0.0000	0.7890	0.0000	0.0000	-0.0350	0.0000	0.0000	0.8620	0.0000	0.0000	0.0000	0.0030	0.0000	0.0000	-0.8590	0.0000	0.0160	0.0000	0.0000
F6	0.3280	0.0770	0.0000	0.9470	0.0000	0.0000	-0.0150	0.0000	0.0000	0.5760	0.0000	0.0000	0.0000	-0.0320	0.0000	0.0000	-0.6280	0.0000	-0.1030	0.0000	0.0000
F7	2.9530	-0.4380	0.0000	0.7950	0.0000	0.0000	-0.0520	0.0000	0.0000	2.5960	0.0000	0.0000	0.0000	-0.0150	0.0000	0.0000	-0.4380	0.0000	-0.2090	0.0000	0.0000
F8	0.4880	0.2010	0.0000	1.4310	0.0000	0.0000	-0.0260	0.0000	0.0000	1.4310	0.0000	0.0000	0.0000	0.0050	0.0000	0.0000	-0.5580	0.0000	-0.1130	0.0000	0.0000
F9	3.8770	-2.2420	0.0000	0.6840	0.0000	0.0000	-0.1000	0.0000	0.0000	2.3750	0.0000	0.0000	0.0000	0.0260	0.0000	0.0000	-0.4860	0.0000	0.6170	0.0000	0.0000
Q1	0.8840	-0.1580	0.0000	0.8880	0.0000	0.0000	-0.0270	0.0000	0.0000	0.4750	0.0000	0.0000	0.0000	-1.6490	0.0000	0.0000	0.6300	0.0000	-0.0910	0.0000	0.0000
Q3	0.8830	-2.4910	0.0000	2.7390	-0.0010	0.0000	0.0140	-0.0220	0.0060	-0.6190	0.0000	0.0000	0.0110	-1.6280	-0.0100	-0.0010	-0.2310	0.0210	0.0510	0.0300	0.0100
Q2	1.2650	-2.3760	0.0000	2.5080	0.0000	0.0000	0.0000	0.0000	0.0000	-0.3530	0.0000	0.0000	0.0000	-1.6410	0.0000	0.0000	-0.3250	0.0000	0.2180	0.0000	0.0000
Q5	3.2170	-4.0330	0.0000	3.1960	0.0000	0.0000	-0.0110	0.0000	0.0000	-1.1160	0.0000	0.0000	0.0000	-2.9410	0.0000	0.0000	-0.6310	0.0000	0.0880	0.0000	0.0000
Q4	1.8210	-3.0750	0.0000	1.7020	-0.0060	0.0000	0.0040	-0.0560	0.0170	-1.1990	0.0000	0.0000	-0.0040	-1.6380	-0.0040	0.0040	-0.3270	0.1690	0.2330	-0.0240	-0.0140
Q7	2.9150	-5.6120	0.0000	2.6740	0.0000	0.0000	-0.1490	0.0000	0.0000	-3.1690	0.0000	0.0000	0.0000	-2.5910	0.0000	0.0000	-0.7860	0.0000	0.3780	0.0000	0.0000
Q6	2.9680	-4.0040	0.0000	1.6330	0.0000	0.0000	0.0070	0.0000	0.0000	-0.9270	0.0000	0.0000	0.0000	-1.6660	0.0000	0.0000	-0.1490	0.0000	0.2820	0.0000	0.0000
E11	0.2020	1.4440	0.0000	1.0740	0.0000	0.0000	-0.0460	0.0000	0.0000	1.8820	0.0000	0.0000	0.0000	0.0140	0.0000	0.0000	-0.9030	0.0000	0.0950	0.0000	0.0000
E10	2.9770	-2.4400	0.0000	1.0070	0.0000	0.0000	-0.1140	0.0000	0.0000	1.4780	0.0000	0.0000	0.0000	0.0100	0.0000	0.0000	-0.3290	0.0000	0.3680	0.0000	0.0000
E12	0.4070	0.9480	0.0000	1.1340	0.0000	0.0000	-0.0330	0.0000	0.0000	1.7430	0.0000	0.0000	0.0000	-0.0010	0.0000	0.0000	-0.8110	0.0000	0.1000	0.0000	0.0000
C12	0.2570	2.0490	0.0000	0.9240	0.0000	0.0000	-0.0320	0.0000	0.0000	2.9010	0.0000	0.0000	0.0000	0.0110	0.0000	0.0000	-0.5060	0.0000	0.1980	0.0000	0.0000
C11	5.4280	-1.3470	0.0000	-1.4940	-0.0910	0.0370	-0.2810	0.0680	0.0200	5.1370	0.0000	0.0000	0.0110	-0.1560	-0.0450	-0.2090	2.4640	0.3950	0.4380	-0.3620	0.2570
C10	0.2980	0.8230	0.0000	0.2580	-0.0860	0.0350	-0.0890	0.1840	0.0470	1.5690	0.0000	0.0000	0.0250	0.0250	-0.0480	0.0120	-0.3990	-0.2330	0.4970	-0.0210	0.2390
A11	0.4660	-1.5110	0.0000	2.2060	0.0000	0.0000	-0.0050	0.0000	0.0000	-1.8180	0.0000	0.0000	0.0000	-2.9360	0.0000	0.0000	-0.2470	0.0000	0.2100	0.0000	0.0000
A10	4.2980	-5.1420	0.0000	-0.0010	-0.0600	0.0080	-0.1420	0.0850	0.0610	1.1450	0.0000	0.0000	-0.0140	0.0160	-0.0730	-0.1940	2.7130	0.1530	-0.3720	-0.3930	0.2050
A12	1.9850	-1.0120	0.0000	0.7260	0.0000	0.0000	-0.0010	0.0000	0.0000	0.3500	0.0000	0.0000	0.0000	-1.6710	0.0000	0.0000	0.3790	0.0000	-0.0560	0.0000	0.0000
A1	1.8480	-4.2380	0.0000	3.4370	0.0000	0.0000	0.0070	0.0000	0.0000	-2.2680	0.0000	0.0000	0.0000	-2.9070	0.0000	0.0000	-0.3900	0.0000	-0.0230	0.0000	0.0000
A3	0.1840	-0.5630	0.0000	0.8650	0.0000	0.0000	0.0260	0.0000	0.0000	-0.5070	0.0000	0.0000	0.0000	-1.6340	0.0000	0.0000	0.3050	0.0000	0.3080	0.0000	0.0000
A2	0.7470	-1.2450	0.0000	2.5800	0.0000	0.0000	0.0270	0.0000	0.0000	0.4560	0.0000	0.0000	0.0000	-1.6260	0.0000	0.0000	-0.1160	0.0000	0.0900	0.0000	0.0000
A5	1.1470	-4.3500	0.0000	-0.3920	0.0010	0.0450	0.0160	-0.0050	0.0420	-1.9720	0.0000	0.0000	-0.0060	-1.6200	-0.0810	-0.1950	3.2890	0.4140	-0.1990	-0.3660	0.2860
A4	1.7910	-0.9370	0.0000	2.6270	0.0000	0.0000	0.0320	0.0000	0.0000	0.1250	0.0000	0.0000	0.0000	-2.9380	0.0000	0.0000	-0.3320	0.0000	-0.1160	0.0000	0.0000
A7	2.0140	-5.7120	0.0000	2.7460	0.0000	0.0000	-0.1300	0.0000	0.0000	-4.0120	0.0000	0.0000	0.0000	-2.5390	0.0000	0.0000	-0.5070	0.0000	0.1180	0.0000	0.0000
A6	0.9580	-1.7430	0.0000	2.4920	0.0000	0.0000	0.0200	0.0000	0.0000	-0.0670	0.0000	0.0000	0.0000	-1.6290	0.0000	0.0000	-0.2500	0.0000	0.0840	0.0000	0.0000
A9	1.0570	-0.6190	0.0000	3.6460	0.0000	0.0000	0.0370	0.0000	0.0000	2.5190	0.0000	0.0000	0.0000	-1.5980	0.0000	0.0000	-0.1500	0.0000	0.1480	0.0000	0.0000
A8	0.4500	-0.4420	0.0000	1.8400	0.0000	0.0000	-0.0120	0.0000	0.0000	-1.1060	0.0000	0.0000	0.0000	-2.9160	0.0000	0.0000	-0.2640	0.0000	0.2400	0.0000	0.0000
D8	-0.6040	1.6340	0.0000	0.5190	-0.1340	0.0210	0.8910	-0.1430	0.0460	2.0420	0.0000	0.0000	0.0440	-0.8270	-0.1480	-0.0890	0.9980	-0.6970	0.1440	0.1000	0.2880
D9	0.5340	0.6470	0.0000	0.9400	0.0000	0.0000	-0.0400	0.0000	0.0000	1.5440	0.0000	0.0000	0.0000	-0.0140	0.0000	0.0000	-0.7340	0.0000	0.2110	0.0000	0.0000
D6	3.5460	-1.0960	0.0000	0.9230	0.0000	0.0000	-0.0430	0.0000	0.0000	2.5960	0.0000	0.0000	0.0000	-0.0250	0.0000	0.0000	-0.7000	0.0000	-0.0100	0.0000	0.0000
D7	0.3740	0.9350	0.0000	1.2990	0.0000	0.0000	-0.0330	0.0000	0.0000	2.0250	0.0000	0.0000	0.0000	0.0010	0.0000	0.0000	-0.5860	0.0000	0.0340	0.0000	0.0000
D4	3.5070	-2.6800	0.0000	0.9930	0.0000	0.0000	-0.1100	0.0000	0.0000	1.8600	0.0000	0.0000	0.0000	0.0110	0.0000	0.0000	-0.2950	0.0000	0.4330	0.0000	0.0000
D5	3.4710	-2.5960	0.0000	0.5020	-0.0900	0.0350	-0.3170	0.0830	0.0140	1.8550	0.0000	0.0000	0.0000	-0.1380	-0.0520	-0.0280	-0.4200	0.1010	0.8880	0.1330	0.2680
D2	0.5380	0.7990	0.0000	0.3170	0.0000	0.0000	-0.0250	0.0000	0.0000	1.1530	0.0000	0.0000	0.0000	-0.0310	0.0000	0.0000	-0.5010	0.0000	0.0550	0.0000	0.0000
D3	7.0990	-2.1550	0.0000	1.3460	-0.0030	0.0000	-0.0780	0.0030	-0.0200	6.0710	0.0000	0.0000	0.0050	0.0150	-0.0010	-0.0050	-0.7450	-0.0230	0.6220	0.0020	0.0080
D1	0.4640	1.6210	0.0000	1.1900	0.0000	0.0000	-0.0420	0.0000	0.0000	2.6510	0.0000	0.0000	0.0000	0.0140	0.0000	0.0000	-0.9310	0.0000	0.3370	0.0000	0.0000
