  G7   9.99  11.34   1.34  11.57  -0.23
  G6  12.56  11.75  -0.80  13.71  -1.95
  G5   7.03   8.77   1.74   7.49   1.28
  G4  10.06   8.92  -1.14  -7.77  16.69
  G3   0.51  -1.68  -2.19  -0.03  -1.65
  G2   0.14  -0.10  -0.24   1.86  -1.96
  G1   6.58   6.89   0.31   8.86  -1.97
  G9   7.69   8.22   0.53   9.96  -1.74
  G8  18.58  18.63   0.05  18.72  -0.09
  N6   5.14   6.97   1.83   7.55  -0.59
  N7   9.70  12.67   2.97   8.89   3.79
  B4   8.10   8.18   0.08   5.12   3.06
  B5   1.02  -0.89  -1.91   0.95  -1.84
  B6  29.05  32.29   3.24   2.24  30.05
  B7  14.24  15.10   0.86   7.33   7.77
  B2  18.79  18.02  -0.77   3.52  14.50
  B3   5.21   5.35   0.14   2.32   3.03
  B8  11.43   9.22  -2.21  -4.35  13.57
  B9  12.13  15.09   2.96  -0.22  15.31
  N5   6.46   5.94  -0.52   6.39  -0.45
 P10   4.49   3.90  -0.59   3.01   0.88
 P11   3.85   2.25  -1.60   3.71  -1.46
 P12   8.42   7.01  -1.41   8.60  -1.59
  E9   6.91   7.93   1.02   7.52   0.41
  E8   7.66   9.02   1.36  10.21  -1.19
  E5   7.04   8.11   1.08   8.64  -0.53
  E4   5.22   5.94   0.72   7.65  -1.72
  E7  12.00  12.69   0.69   8.29   4.40
  E6  13.14  13.62   0.48   5.81   7.81
  E1   3.61   2.40  -1.20   6.15  -3.75
  P8   2.12   1.72  -0.40   4.22  -2.50
  E3  11.40  10.80  -0.60  -6.00  16.80
  E2  22.98  25.84   2.87  -4.73  30.57
  P2   3.18   7.05   3.87  -0.05   7.09
  P3   8.11   5.84  -2.27   1.63   4.21
  P1   8.11   7.29  -0.82   4.47   2.82
  P6  -4.45  -6.65  -2.20  -7.72   1.07
  P7   1.89   2.25   0.36  -1.39   3.64
  P4   5.30   8.82   3.53   1.47   7.35
  P5  20.88  19.07  -1.81  18.38   0.69
 H10  -6.01  -8.56  -2.55  -8.11  -0.45
 H11  24.02  21.49  -2.53  21.03   0.46
 H12  -3.85  -7.17  -3.32  -8.00   0.83
  P9   3.61   1.60  -2.02   3.22  -1.62
 F12   5.34   5.27  -0.07  -6.08  11.35
 F10  -2.11  -4.48  -2.37  -1.41  -3.06
 F11  -0.54  -1.59  -1.05  -1.24  -0.36
 N12   6.15   5.56  -0.59   8.77  -3.21
  H8  26.22  26.55   0.33  25.82   0.73
  H9  20.65  21.12   0.47  21.81  -0.68
  H6  10.81   9.97  -0.85  12.05  -2.08
  H7  24.93  25.46   0.53  25.00   0.46
  H4  -1.52  -1.74  -0.22   0.42  -2.17
  H5   9.89   8.89  -1.01   8.31   0.57
 D10   7.13   7.18   0.06   8.35  -1.17
 D11   0.77  -0.06  -0.83   2.69  -2.75
 D12   6.56   6.10  -0.46   0.98   5.12
 B12  28.20  30.27   2.08   5.00  25.28
 B10  20.73  21.93   1.20  -4.54  26.47
 B11  23.84  28.54   4.70   1.46  27.09
  Q8   8.40   6.92  -1.48   7.84  -0.92
  Q9   7.66   7.79   0.14   3.42   4.37
  C9   4.49   4.80   0.31   6.31  -1.51
  C8   3.32   1.65  -1.67   3.69  -2.04
 Q11   3.14   4.36   1.21   0.55   3.81
 Q10   3.84   4.64   0.80   1.92   2.72
 Q12   5.51   9.33   3.82   3.71   5.62
  C3  18.97  20.46   1.49   0.37  20.09
  C2  19.82  22.55   2.73  -1.96  24.51
  C1  36.15  38.50   2.35   9.74  28.76
  C7   9.14  11.20   2.06  10.83   0.37
  C6   7.94   8.42   0.48   9.30  -0.88
  C5   4.32   4.65   0.33   6.68  -2.03
  C4   4.31   4.73   0.42   2.98   1.75
 N10  10.69  11.00   0.31  10.39   0.61
  N8   4.35   4.25  -0.10   5.98  -1.73
  N9   9.24  10.47   1.23   9.57   0.90
 N11  10.12   7.46  -2.66   2.81   4.66
 G12   7.87   6.15  -1.72  13.30  -7.15
 G11   6.12   4.78  -1.34   5.96  -1.18
 G10  15.30  15.69   0.39  17.28  -1.59
  F1   8.61   9.89   1.28   2.87   7.02
  F2  15.94  17.09   1.15   3.62  13.47
  F3   5.92   5.35  -0.57   6.32  -0.97
  F4  29.94  31.18   1.25  -2.32  33.50
  F5   1.45   0.48  -0.97   3.90  -3.42
  F6   3.34   2.78  -0.56   4.93  -2.15
  F7  10.71  10.61  -0.10  -1.33  11.94
  F8   7.92   7.13  -0.79   2.21   4.92
  F9   8.13   5.71  -2.41  -2.53   8.24
  Q1   8.84  10.85   2.01   9.12   1.72
  Q3  -4.82  -6.48  -1.66  -4.33  -2.15
  Q2   4.33   3.03  -1.30   2.50   0.53
  Q5   3.87   6.18   2.32   0.86   5.32
  Q4   0.32  -1.09  -1.41   2.07  -3.16
  Q7   1.47   0.09  -1.38 -10.38  10.47
  Q6   2.08   1.16  -0.92 -11.64  12.80
 E11   4.24   4.10  -0.14   6.54  -2.44
 E10  23.47  24.65   1.19   1.89  22.76
 E12   6.73   7.45   0.72   8.83  -1.37
 C12  10.41  12.32   1.91   5.05   7.27
 C11  13.00  13.61   0.61   5.35   8.26
 C10   5.70   6.49   0.80   7.09  -0.59
 A11   4.87   2.36  -2.51   2.91  -0.55
 A10  21.82  22.28   0.46  -7.95  30.22
 A12  10.09   9.68  -0.40   8.84   0.85
  A1  -4.41  -7.54  -3.13  -6.19  -1.35
  A3   3.11   1.61  -1.50   2.45  -0.84
  A2   2.60   1.82  -0.78   3.80  -1.99
  A5  -5.89  -7.37  -1.48  -6.66  -0.71
  A4  10.46   9.38  -1.08   8.38   1.00
  A7  -8.21 -10.04  -1.83  -8.00  -2.04
  A6   2.60   1.84  -0.76   3.69  -1.86
  A9  17.67  19.14   1.47  16.49   2.65
  A8   5.77   2.05  -3.72   4.86  -2.82
  D8   8.48   7.74  -0.74   8.55  -0.80
  D9   6.62   6.43  -0.19   7.00  -0.56
  D6  14.72  16.86   2.14   3.82  13.03
  D7   9.99   9.63  -0.35   6.41   3.22
  D4  24.19  27.24   3.05  -0.35  27.59
  D5  22.27  25.47   3.20  -1.56  27.02
  D2   5.32   5.17  -0.15   6.03  -0.87
  D3  18.27  19.34   1.07   1.67  17.67
  D1   6.41   7.12   0.71   8.67  -1.55
