MUT	fa_rep:	ref:	fa_atr:	hbond_sc:	fa_sol:	yhh_planarity:	dslf_fa13:	fa_intra_sol_xover4:	omega:	p_aa_pp:	TOT	sugar_bb:	fa_intra_rep:	hbond_lr_bb:	hbond_sr_bb:	hbond_bb_sc:	fa_elec:	cart_bonded:	lk_ball_wtd:	fa_dun:	rama_prepro:
G7	0.5720	1.7060	0.0000	0.5070	0.0000	0.0000	-0.0130	0.0000	0.0000	1.3440	0.0000	0.0000	0.0000	-0.0060	0.0000	0.0000	-1.8020	0.0000	0.3800	0.0000	0.0000
G6	-0.7610	2.9240	0.0000	-0.0140	0.0000	0.0000	-0.0270	0.0000	0.0000	-0.8030	0.0000	0.0000	0.0000	-1.0290	0.0000	0.0000	-2.2080	0.0000	0.3100	0.0000	0.0000
G5	0.8080	2.4820	0.0000	-0.4250	0.0010	0.0000	0.0050	0.0010	0.0090	1.7350	0.0000	0.0000	0.0010	0.0040	-0.0010	0.0050	-1.6870	0.0390	0.5830	-0.0790	-0.0100
G4	3.3510	-3.5580	0.0000	2.0160	0.0000	0.0000	-0.0580	0.0000	0.0000	-1.1430	0.0000	0.0000	0.0000	-1.3250	0.0000	0.0000	-1.7790	0.0000	0.2110	0.0000	0.0000
G3	2.8280	-4.4290	0.0000	1.9990	-0.1470	-0.0010	-0.0400	0.1750	0.3460	-2.1860	0.0000	0.0000	0.1510	-1.0340	-0.0910	-0.1740	-1.8950	-0.7710	0.6360	0.6480	-0.3880
G2	2.6970	-2.6100	0.0000	1.6990	0.0000	0.0000	-0.0400	0.0000	0.0000	-0.2380	0.0000	0.0000	0.0000	0.0080	0.0000	0.0000	-2.3640	0.0000	0.3700	0.0000	0.0000
G1	0.9010	0.1760	0.0000	1.0240	0.0000	0.0000	-0.0260	0.0000	0.0000	0.3050	0.0000	0.0000	0.0000	-0.0060	0.0000	0.0000	-2.1760	0.0000	0.4110	0.0000	0.0000
G9	0.4700	1.3520	0.0000	0.4130	0.0000	0.0000	-0.0380	0.0000	0.0000	0.5300	0.0000	0.0000	0.0000	-0.0060	0.0000	0.0000	-2.0670	0.0000	0.4060	0.0000	0.0000
G8	-0.7990	2.9240	0.0000	0.6200	0.0000	0.0000	-0.0020	0.0000	0.0000	0.0450	0.0000	0.0000	0.0000	-0.9960	0.0000	0.0000	-2.0500	0.0000	0.3490	0.0000	0.0000
N6	0.4180	0.4530	0.0000	0.9770	0.0000	0.0000	0.1070	0.0000	0.0000	1.8260	0.0000	0.0000	0.0000	-0.0190	0.0000	0.0000	-0.6840	0.0000	0.5750	0.0000	0.0000
N7	1.0450	0.5790	0.0000	1.1880	0.1020	-0.0190	-0.0260	0.2350	-0.1130	2.9740	0.0000	0.0000	0.2660	-0.0300	-0.0100	0.1160	-0.2660	0.4170	-0.5490	-0.1010	0.1380
B4	2.7790	-2.6210	0.0000	3.1310	0.0000	0.0000	-0.0400	0.0000	0.0000	0.0820	0.0000	0.0000	0.0000	-0.0130	0.0000	0.0000	-2.5970	0.0000	-0.5580	0.0000	0.0000
B5	0.2810	-0.2820	0.0000	-1.2860	-0.0030	-0.0010	0.0980	0.0270	0.0130	-1.9110	0.0000	0.0000	-0.0020	0.1110	-0.0060	0.0160	-0.2110	-0.0040	-0.6350	-0.0290	0.0030
B6	6.4890	-2.5140	0.0000	0.4710	0.0000	0.0000	-0.0260	0.0000	0.0000	3.2400	0.0000	0.0000	0.0000	0.0780	0.0000	0.0000	-2.3010	0.0000	1.0430	0.0000	0.0000
B7	5.3320	-4.4890	0.0000	2.8050	0.6240	0.0030	-0.1020	0.2930	0.2100	0.8600	0.0000	0.0000	-0.0430	-1.0580	-0.0730	-0.1920	-1.9880	-1.1900	0.9300	0.3010	-0.5050
B2	2.8300	-1.0670	0.0000	-2.6850	0.0000	0.0000	-0.0410	0.0000	0.0000	-0.7700	0.0000	0.0000	0.0000	0.0300	0.0000	0.0000	-0.4610	0.0000	0.6270	0.0000	0.0000
B3	2.8120	-2.3170	0.0000	2.4520	0.0000	0.0000	-0.0190	0.0000	0.0000	0.1440	0.0000	0.0000	0.0000	-0.0170	0.0000	0.0000	-2.3060	0.0000	-0.4630	0.0000	0.0000
B8	4.1490	-5.5010	0.0000	0.8570	0.0000	0.0000	-0.0780	0.0000	0.0000	-2.2070	0.0000	0.0000	0.0000	-1.3570	0.0000	0.0000	-1.1370	0.0000	0.8600	0.0000	0.0000
B9	3.8650	0.0480	0.0000	0.8650	0.0000	0.0000	-0.0370	0.0000	0.0000	2.9610	0.0000	0.0000	0.0000	0.1020	0.0000	0.0000	-2.6590	0.0000	0.7750	0.0000	0.0000
N5	0.6850	-0.3100	0.0000	0.2690	-0.0050	-0.0020	0.1330	0.0390	0.0190	-0.5220	0.0000	0.0000	-0.0040	0.1030	0.0040	0.0150	-0.7760	0.0270	-0.6380	-0.0800	-0.0030
P10	1.6020	-2.2490	0.0000	1.1780	0.0000	0.0000	-0.0020	0.0000	0.0000	-0.5900	0.0000	0.0000	0.0000	0.0380	0.0000	0.0000	-0.6510	0.0000	-0.5050	0.0000	0.0000
P11	1.6930	-1.7340	0.0000	-0.7440	0.0000	0.0000	0.0000	0.0000	0.0000	-1.5960	0.0000	0.0000	0.0000	0.0820	0.0000	0.0000	-0.6410	0.0000	-0.2500	0.0000	0.0000
P12	1.2040	-1.5290	0.0000	-0.2690	0.0000	0.0000	0.0250	0.0000	0.0000	-1.4120	0.0000	0.0000	0.0000	0.0850	0.0000	0.0000	-0.6290	0.0000	-0.3010	0.0000	0.0000
E9	1.3740	0.6250	0.0000	0.5560	0.0000	0.0000	-0.0360	0.0000	0.0000	1.0210	0.0000	0.0000	0.0000	0.0020	0.0000	0.0000	-1.9060	0.0000	0.4060	0.0000	0.0000
E8	1.0270	-0.8590	0.0000	3.9110	0.0330	-0.0170	-0.3280	0.1980	0.4070	1.3610	0.0000	0.0000	0.0660	-1.3390	-0.0970	-0.1650	-2.5840	-0.2150	0.9340	0.8540	-0.4660
E5	1.0780	0.7570	0.0000	1.0250	0.0000	0.0000	-0.0400	0.0000	0.0000	1.0750	0.0000	0.0000	0.0000	0.0030	0.0000	0.0000	-2.1080	0.0000	0.3610	0.0000	0.0000
E4	0.1620	1.6120	0.0000	0.4960	0.0000	0.0000	-0.0110	0.0000	0.0000	0.7230	0.0000	0.0000	0.0000	-0.0170	0.0000	0.0000	-1.8310	0.0000	0.3120	0.0000	0.0000
E7	1.6590	0.5110	0.0000	1.3410	0.0000	0.0000	-0.0420	0.0000	0.0000	0.6910	0.0000	0.0000	0.0000	-1.0680	0.0000	0.0000	-2.0840	0.0000	0.3740	0.0000	0.0000
E6	2.2030	0.1670	0.0000	0.3760	0.0000	0.0000	-0.0050	0.0000	0.0000	0.4760	0.0000	0.0000	0.0000	-1.1710	0.0000	0.0000	-1.6380	0.0000	0.5450	0.0000	0.0000
E1	0.6950	-1.8580	0.0000	3.3070	0.0310	-0.0060	0.0130	0.1970	0.2950	-1.2040	0.0000	0.0000	0.0430	-2.0940	-0.0880	-0.1150	-1.8590	-0.2880	0.6470	0.4490	-0.5710
P8	-0.0220	-1.5010	0.0000	2.2620	-0.3060	0.0420	0.0230	0.7830	0.0600	-0.4040	0.0000	0.0000	0.0880	-1.2440	0.0060	-0.0210	-2.3820	1.1230	0.3360	0.0960	0.2540
E3	1.5900	-1.0260	0.0000	0.7440	0.0000	0.0000	0.0590	0.0000	0.0000	-0.5980	0.0000	0.0000	0.0000	-1.2230	0.0000	0.0000	-1.4270	0.0000	0.6870	0.0000	0.0000
E2	8.9960	-5.8650	0.0000	2.1340	-0.1420	-0.0010	-0.1060	0.0540	0.0100	2.8650	0.0000	0.0000	-0.0330	-1.3110	0.0240	-0.1280	-1.9630	0.4700	0.4560	0.2600	0.0110
P2	4.5980	-1.7070	0.0000	0.0500	0.0000	0.0000	-0.0660	0.0000	0.0000	3.8690	0.0000	0.0000	0.0000	0.0330	0.0000	0.0000	0.2720	0.0000	0.6890	0.0000	0.0000
P3	2.8550	-2.0140	0.0000	0.0300	0.0090	0.0000	-0.0510	0.0490	-0.0270	-2.2720	0.0000	0.0000	-0.0080	-1.6970	0.0090	0.0090	-1.5800	0.0140	0.1370	-0.0060	0.0020
P1	2.6070	-0.7410	0.0000	-1.0100	0.0000	0.0000	-0.0180	0.0000	0.0000	-0.8150	0.0000	0.0000	0.0000	-1.4780	0.0000	0.0000	-0.5520	0.0000	0.3760	0.0000	0.0000
P6	1.0530	-2.6060	0.0000	0.1300	0.0000	0.0000	0.0260	0.0000	0.0000	-2.1980	0.0000	0.0000	0.0000	0.0930	0.0000	0.0000	-0.5920	0.0000	-0.3010	0.0000	0.0000
P7	2.3220	-2.7210	0.0000	1.5540	0.0000	0.0000	-0.0670	0.0000	0.0000	0.3600	0.0000	0.0000	0.0000	0.1960	0.0000	0.0000	-1.6200	0.0000	0.6940	0.0000	0.0000
P4	4.5980	-2.2930	0.0000	2.0950	0.0160	0.0020	-0.0170	-0.0080	0.0090	3.5270	0.0000	0.0000	0.0040	-0.0200	-0.0020	0.0050	-0.7020	0.0720	-0.2460	0.0190	-0.0050
P5	0.8060	-1.4360	0.0000	2.0060	0.0000	0.0000	0.0250	0.0000	0.0000	-1.8150	0.0000	0.0000	0.0000	-1.3260	0.0000	0.0000	-1.6470	0.0000	-0.2420	0.0000	0.0000
H10	2.1480	-6.1770	0.0000	4.3440	0.0000	0.0000	-0.0440	0.0000	0.0000	-2.5520	0.0000	0.0000	0.0000	-1.1540	0.0000	0.0000	-0.9780	0.0000	-0.6920	0.0000	0.0000
H11	2.0680	-5.3480	0.0000	6.3200	-0.0730	0.0720	2.4650	-0.1220	0.0050	-2.5300	0.0000	0.0000	-0.0080	-4.4970	0.0360	0.5980	-4.2420	-0.4240	0.0950	0.3880	0.1350
H12	1.8950	-4.3180	0.0000	-0.3040	0.1460	-0.0030	0.3980	-0.1490	0.2190	-3.3210	0.0000	0.0000	0.2760	-1.3080	0.0220	-0.0790	3.8540	1.1970	-1.1190	-4.3320	0.2810
P9	1.2110	-2.0240	0.0000	4.2900	0.0020	0.0150	0.0150	-0.0160	0.0030	-2.0160	0.0000	0.0000	-0.0020	-1.5410	0.0120	0.1490	-4.7830	-0.2090	0.1990	0.6530	0.0090
F12	4.6740	-3.0130	0.0000	0.1580	0.0000	0.0000	-0.0550	0.0000	0.0000	-0.0690	0.0000	0.0000	0.0000	0.0180	0.0000	0.0000	-2.4200	0.0000	0.5700	0.0000	0.0000
F10	1.0950	-2.6920	0.0000	1.3390	0.0790	0.0430	0.1840	0.2410	0.3430	-2.3710	0.0000	0.0000	-0.0080	-0.6280	-0.1270	-0.0320	-1.6890	-1.2150	0.5620	0.6300	-0.5010
F11	2.9900	-2.8330	0.0000	0.7890	0.0000	0.0000	-0.0460	0.0000	0.0000	-1.0490	0.0000	0.0000	0.0000	-0.0020	0.0000	0.0000	-2.3350	0.0000	0.3880	0.0000	0.0000
N12	-0.7450	2.3540	0.0000	-1.5550	0.0000	0.0000	0.0270	0.0000	0.0000	-0.5940	0.0000	0.0000	0.0000	0.0870	0.0000	0.0000	-0.5240	0.0000	-0.2360	0.0000	0.0000
H8	-0.5070	1.9190	0.0000	-0.4440	0.0000	0.0000	0.0110	0.0000	0.0000	0.3320	0.0000	0.0000	0.0000	0.0280	0.0000	0.0000	-0.6090	0.0000	-0.0680	0.0000	0.0000
H9	-0.7690	0.8230	0.0000	-0.4740	-0.0210	0.0020	-0.0510	0.5310	-0.1190	0.4730	0.0000	0.0000	0.2240	0.1320	-0.0060	0.0180	-0.7190	0.9480	0.2470	-0.4470	0.1510
H6	-0.5140	1.2570	0.0000	-0.9570	0.0000	0.0000	0.0200	0.0000	0.0000	-0.8470	0.0000	0.0000	0.0000	0.0860	0.0000	0.0000	-0.5580	0.0000	-0.1810	0.0000	0.0000
H7	-1.0520	1.2740	0.0000	-2.5310	0.0060	0.0010	-0.2230	0.5530	-0.1070	0.5280	0.0000	0.0000	0.2670	0.0710	0.0400	-0.1130	2.7950	0.8140	-0.6540	-0.7750	0.1620
H4	-0.5450	1.6510	0.0000	-0.8640	0.0000	0.0000	-0.0160	0.0000	0.0000	-0.2210	0.0000	0.0000	0.0000	0.0150	0.0000	0.0000	-0.3900	0.0000	-0.0730	0.0000	0.0000
H5	-0.3530	1.0040	0.0000	-1.0270	0.0000	0.0000	0.0140	0.0000	0.0000	-1.0090	0.0000	0.0000	0.0000	0.0890	0.0000	0.0000	-0.5660	0.0000	-0.1690	0.0000	0.0000
D10	0.9590	0.0790	0.0000	0.6650	0.0000	0.0000	-0.0270	0.0000	0.0000	0.0550	0.0000	0.0000	0.0000	-0.0050	0.0000	0.0000	-2.1000	0.0000	0.4840	0.0000	0.0000
D11	1.0020	-0.4240	0.0000	0.1700	0.0140	-0.0010	-0.0310	0.0260	-0.0010	-0.8280	0.0000	0.0000	0.0060	0.0020	0.0080	0.0050	-2.1400	0.0650	0.4600	0.0190	-0.0060
D12	2.2100	-1.0060	0.0000	1.2360	0.0000	0.0000	-0.0600	0.0000	0.0000	-0.4610	0.0000	0.0000	0.0000	-1.0530	0.0000	0.0000	-2.4130	0.0000	0.6250	0.0000	0.0000
B12	8.0910	-4.9250	0.0000	2.1650	0.0000	0.0000	-0.0680	0.0000	0.0000	2.0780	0.0000	0.0000	0.0000	-1.0380	0.0000	0.0000	-2.7230	0.0000	0.5770	0.0000	0.0000
B10	7.4050	-5.3550	0.0000	1.4370	-0.0310	-0.0020	-0.3290	0.0480	-0.0100	1.1950	0.0000	0.0000	-0.0180	-1.5210	0.0680	-0.0290	-1.4310	0.1340	0.3610	0.4680	-0.0010
B11	7.0240	-2.7420	0.0000	0.8700	0.0000	0.0000	-0.0080	0.0000	0.0000	4.7020	0.0000	0.0000	0.0000	0.0140	0.0000	0.0000	-1.5090	0.0000	1.0540	0.0000	0.0000
Q8	0.9940	-3.4860	0.0000	3.1500	0.0000	0.0000	-0.0240	0.0000	0.0000	-1.4810	0.0000	0.0000	0.0000	0.0010	0.0000	0.0000	-1.5730	0.0000	-0.5430	0.0000	0.0000
Q9	1.2770	-0.3970	0.0000	0.4090	0.0000	0.0000	-0.0710	0.0000	0.0000	0.1350	0.0000	0.0000	0.0000	0.0450	0.0000	0.0000	-0.8440	0.0000	-0.2820	0.0000	0.0000
C9	0.5010	1.4670	0.0000	0.0180	0.0000	0.0000	-0.0380	0.0000	0.0000	0.3110	0.0000	0.0000	0.0000	-0.0090	0.0000	0.0000	-2.1170	0.0000	0.4890	0.0000	0.0000
C8	1.9220	-3.1320	0.0000	5.0330	-0.1470	-0.0000	-0.0420	0.2570	0.3780	-1.6710	0.0000	0.0000	0.1200	-1.0880	0.0820	0.0700	-5.4920	-0.7750	-0.2680	1.9830	-0.5730
Q11	4.7280	-2.0730	0.0000	-0.5270	-0.0180	0.0020	-0.0140	-0.0190	0.0170	1.2130	0.0000	0.0000	0.0070	0.0540	0.0040	0.0080	-0.4000	0.0420	-0.5890	-0.0050	-0.0040
Q10	4.3370	-2.7720	0.0000	1.7760	-0.0250	0.0520	0.0580	0.0120	-0.0690	0.7990	0.0000	0.0000	0.0400	-1.4360	0.0100	0.0030	-1.7210	0.8240	-0.1840	-0.0720	-0.0330
Q12	5.0250	-2.3350	0.0000	1.6970	0.0340	0.0010	0.2140	-0.0890	-0.0250	3.8250	0.0000	0.0000	-0.0070	0.3470	-0.0480	0.0840	0.1280	-0.2520	-0.4950	-0.4390	-0.0120
C3	6.4850	-6.2190	0.0000	2.7870	-0.1360	0.0060	-0.1170	0.4050	0.1670	1.4900	0.0000	0.0000	0.0100	-1.3820	0.0290	-0.2660	-1.9520	-0.0110	1.1600	0.8670	-0.3380
C2	8.2270	-5.8710	0.0000	5.3080	-0.0450	0.0110	-0.2370	0.1490	-0.0050	2.7290	0.0000	0.0000	-0.0420	-1.2760	0.0660	-0.0630	-5.9120	0.5550	1.1280	0.9280	-0.1900
C1	6.7760	-3.8710	0.0000	1.5950	-0.2180	0.0350	-0.0750	-0.1000	0.1110	2.3470	0.0000	0.0000	-0.0150	-0.8920	0.0000	0.0220	-2.4030	0.5390	0.9940	-0.3310	0.1840
C7	0.2080	2.9470	0.0000	0.5390	0.0000	0.0000	-0.0240	0.0000	0.0000	2.0600	0.0000	0.0000	0.0000	0.0050	0.0000	0.0000	-2.0860	0.0000	0.4710	0.0000	0.0000
C6	-0.1750	1.8990	0.0000	1.0020	-0.0330	-0.0030	-0.0440	0.1320	0.1250	0.4780	0.0000	0.0000	0.0900	-0.9510	-0.1140	-0.0770	-1.9950	-0.3270	0.7450	0.7740	-0.5710
C5	0.4820	1.4910	0.0000	0.0090	0.0000	0.0000	-0.0350	0.0000	0.0000	0.3300	0.0000	0.0000	0.0000	-0.0090	0.0000	0.0000	-2.1020	0.0000	0.4950	0.0000	0.0000
C4	0.7800	1.1010	0.0000	0.2320	0.0000	0.0000	-0.0410	0.0000	0.0000	0.4220	0.0000	0.0000	0.0000	0.0140	0.0000	0.0000	-2.2240	0.0000	0.5580	0.0000	0.0000
N10	-0.6260	2.0450	0.0000	-0.1570	-0.0020	0.0050	-0.0060	-0.0040	0.0080	0.3050	0.0000	0.0000	-0.0010	0.0950	-0.0080	0.0120	-0.5150	-0.0890	-0.4640	-0.0070	0.0180
N8	1.1830	-1.1140	0.0000	1.6820	0.0000	0.0000	0.0990	0.0000	0.0000	-0.1040	0.0000	0.0000	0.0000	0.0380	0.0000	0.0000	-1.3820	0.0000	-0.6090	0.0000	0.0000
N9	1.7770	-0.9880	0.0000	0.4600	0.0000	0.0000	0.1180	0.0000	0.0000	1.2340	0.0000	0.0000	0.0000	0.0840	0.0000	0.0000	0.6590	0.0000	-0.8770	0.0000	0.0000
N11	0.2000	-0.9270	0.0000	-3.0510	0.0000	0.0000	-0.0070	0.0000	0.0000	-2.6580	0.0000	0.0000	0.0000	0.2190	0.0000	0.0000	0.4660	0.0000	0.4420	0.0000	0.0000
G12	0.3970	-0.5330	0.0000	1.3520	-0.0070	0.0060	-0.0340	-0.0020	0.0110	-1.7160	0.0000	0.0000	-0.0030	-1.0080	0.0110	0.0220	-2.1500	-0.0470	0.2970	-0.0100	-0.0170
G11	2.7020	-2.4390	0.0000	1.3010	0.0000	0.0000	-0.0190	0.0000	0.0000	-1.3350	0.0000	0.0000	0.0000	-0.7740	0.0000	0.0000	-2.5190	0.0000	0.4120	0.0000	0.0000
G10	-0.8530	3.1580	0.0000	0.7180	0.0000	0.0000	0.0130	0.0000	0.0000	0.3890	0.0000	0.0000	0.0000	-1.0130	0.0000	0.0000	-1.9160	0.0000	0.2800	0.0000	0.0000
F1	2.4750	0.2540	0.0000	0.2680	0.0000	0.0000	-0.0430	0.0000	0.0000	1.2820	0.0000	0.0000	0.0000	-0.0150	0.0000	0.0000	-2.2080	0.0000	0.5520	0.0000	0.0000
F2	2.9760	0.9530	0.0000	-0.1790	0.0000	0.0000	-0.0230	0.0000	0.0000	1.1520	0.0000	0.0000	0.0000	-1.0670	0.0000	0.0000	-2.0940	0.0000	0.5870	0.0000	0.0000
F3	0.4580	-1.0330	0.0000	2.2460	-0.1010	-0.0070	-0.0250	0.2410	0.3010	-0.5690	0.0000	0.0000	0.1470	-1.0320	-0.1120	-0.1350	-1.6880	-0.4780	0.6200	0.5130	-0.4840
F4	3.7500	-1.4270	0.0000	3.3050	-0.4260	-0.0170	0.0000	0.0220	-0.2110	1.2450	0.0000	0.0000	-0.0140	-1.2250	0.5110	-0.0260	-2.0470	-5.7990	1.5070	3.6620	-0.3200
F5	0.7180	0.0510	0.0000	-0.1150	0.0000	0.0000	-0.0180	0.0000	0.0000	-0.9740	0.0000	0.0000	0.0000	-0.0070	0.0000	0.0000	-2.0650	0.0000	0.4610	0.0000	0.0000
F6	0.9070	-0.2740	0.0000	0.3480	0.0000	0.0000	-0.0190	0.0000	0.0000	-0.5610	0.0000	0.0000	0.0000	-0.0070	0.0000	0.0000	-1.9940	0.0000	0.4780	0.0000	0.0000
F7	2.5180	0.2580	0.0000	-0.5890	0.0000	0.0000	-0.0010	0.0000	0.0000	-0.1030	0.0000	0.0000	0.0000	-1.1120	0.0000	0.0000	-1.8070	0.0000	0.6280	0.0000	0.0000
F8	1.4700	-0.1900	0.0000	0.4480	0.0000	0.0000	-0.0190	0.0000	0.0000	-0.7900	0.0000	0.0000	0.0000	-1.0340	0.0000	0.0000	-1.9630	0.0000	0.4970	0.0000	0.0000
F9	0.2350	-2.1300	0.0000	2.4840	0.0000	0.0000	-0.0550	0.0000	0.0000	-2.4140	0.0000	0.0000	0.0000	-0.9730	0.0000	0.0000	-2.2790	0.0000	0.3040	0.0000	0.0000
Q1	2.3720	1.1870	0.0000	2.2200	-0.0030	0.0000	-0.0900	-0.0380	0.0080	2.0070	0.0000	0.0000	0.0010	0.0320	-0.0020	0.1700	-4.2180	-0.2150	-0.0550	0.6340	0.0060
Q3	0.6200	-1.6780	0.0000	0.2980	0.0000	0.0000	0.0300	0.0000	0.0000	-1.6610	0.0000	0.0000	0.0000	0.0860	0.0000	0.0000	-0.6130	0.0000	-0.4050	0.0000	0.0000
Q2	0.8070	-1.6450	0.0000	0.2070	-0.0020	-0.0020	0.0530	-0.0170	-0.0040	-1.2990	0.0000	0.0000	-0.0050	0.0940	-0.0020	-0.0050	-0.4340	-0.0200	-0.3800	0.0520	0.0000
Q5	4.1440	-2.5010	0.0000	1.2190	-0.0530	0.0110	0.0350	0.0690	-0.0230	2.3190	0.0000	0.0000	0.0300	-0.3320	-0.0100	-0.0740	-0.8120	1.2590	-0.5640	-0.0430	-0.0370
Q4	1.1720	-1.5230	0.0000	-0.2580	0.0000	0.0000	0.0320	0.0000	0.0000	-1.4120	0.0000	0.0000	0.0000	0.0840	0.0000	0.0000	-0.6220	0.0000	-0.2970	0.0000	0.0000
Q7	4.6120	-5.6810	0.0000	0.9500	0.0000	0.0000	0.0630	0.0000	0.0000	-1.3800	0.0000	0.0000	0.0000	0.0510	0.0000	0.0000	-0.6910	0.0000	-0.6860	0.0000	0.0000
Q6	3.6750	-2.9540	0.0000	-1.5000	0.0000	0.0000	0.1220	0.0000	0.0000	-0.9160	0.0000	0.0000	0.0000	0.1540	0.0000	0.0000	-0.1570	0.0000	-0.2530	0.0000	0.0000
E11	0.4270	0.6110	0.0000	0.7180	0.0000	0.0000	-0.0300	0.0000	0.0000	-0.1360	0.0000	0.0000	0.0000	-0.0080	0.0000	0.0000	-2.2810	0.0000	0.4260	0.0000	0.0000
E10	6.6410	-5.4410	0.0000	2.2590	0.0000	0.0000	-0.0420	0.0000	0.0000	1.1890	0.0000	0.0000	0.0000	-1.3110	0.0000	0.0000	-1.4310	0.0000	0.5160	0.0000	0.0000
E12	0.7230	-0.9700	0.0000	3.5590	-0.0180	0.0010	-0.0770	0.1670	0.4100	0.7220	0.0000	0.0000	0.0720	-1.0330	-0.1280	-0.1310	-2.2970	-0.7600	0.7430	0.8900	-0.4310
C12	2.5010	1.5820	0.0000	-0.1500	0.0000	0.0000	-0.0060	0.0000	0.0000	1.9140	0.0000	0.0000	0.0000	-1.1570	0.0000	0.0000	-1.8020	0.0000	0.9460	0.0000	0.0000
C11	2.5640	-0.6700	0.0000	1.4450	0.0000	0.0000	-0.0340	0.0000	0.0000	0.6090	0.0000	0.0000	0.0000	-1.0920	0.0000	0.0000	-2.3520	0.0000	0.7480	0.0000	0.0000
C10	1.0120	0.9630	0.0000	0.4150	0.0000	0.0000	-0.0350	0.0000	0.0000	0.7960	0.0000	0.0000	0.0000	-0.0020	0.0000	0.0000	-2.0560	0.0000	0.4980	0.0000	0.0000
A11	-0.0160	-0.2710	0.0000	0.6560	0.0000	0.0000	0.0030	0.0000	0.0000	-2.5070	0.0000	0.0000	0.0000	-1.4470	0.0000	0.0000	-1.2840	0.0000	-0.1490	0.0000	0.0000
A10	4.9230	-4.3990	0.0000	4.8530	-0.0010	-0.0010	-0.0630	0.0020	-0.0030	0.4620	0.0000	0.0000	-0.0110	-1.3840	-0.0090	0.1720	-5.1550	-0.1610	1.0910	0.6010	0.0060
A12	1.0330	0.1940	0.0000	-1.5560	0.0000	0.0000	0.0420	0.0000	0.0000	-0.4040	0.0000	0.0000	0.0000	0.0950	0.0000	0.0000	-0.1640	0.0000	-0.0440	0.0000	0.0000
A1	1.5970	-3.4100	0.0000	1.7840	0.0000	0.0000	0.0670	0.0000	0.0000	-3.1320	0.0000	0.0000	0.0000	-1.5390	0.0000	0.0000	-1.3480	0.0000	-0.2830	0.0000	0.0000
A3	-0.0740	0.5310	0.0000	-1.2810	0.0000	0.0000	0.0110	0.0000	0.0000	-1.5040	0.0000	0.0000	0.0000	0.0920	0.0000	0.0000	-0.5910	0.0000	-0.1880	0.0000	0.0000
A2	0.1930	-0.5890	0.0000	0.3660	0.0000	0.0000	0.0810	0.0000	0.0000	-0.7840	0.0000	0.0000	0.0000	0.0940	0.0000	0.0000	-0.4780	0.0000	-0.4520	0.0000	0.0000
A5	1.0750	-1.8380	0.0000	-2.8520	-0.0650	0.0140	0.1710	0.3930	-0.2370	-1.4840	0.0000	0.0000	0.2930	0.2350	0.0220	0.0510	1.1920	0.0510	-0.0090	-0.0830	0.1030
A4	1.2010	-0.4810	0.0000	3.0430	-0.0020	0.0000	0.1230	-0.0200	-0.0100	-1.0800	0.0000	0.0000	-0.0100	-1.5250	-0.0050	0.1730	-4.4230	-0.0990	0.3480	0.5990	0.0080
A7	2.8500	-4.7750	0.0000	1.8280	0.0000	0.0000	-0.0280	0.0000	0.0000	-1.8290	0.0000	0.0000	0.0000	0.0440	0.0000	0.0000	-1.0340	0.0000	-0.7130	0.0000	0.0000
A6	0.2630	-0.5310	0.0000	0.2530	0.0000	0.0000	0.0750	0.0000	0.0000	-0.7570	0.0000	0.0000	0.0000	0.0980	0.0000	0.0000	-0.5090	0.0000	-0.4070	0.0000	0.0000
A9	-0.0540	-0.3690	0.0000	2.4610	0.0000	0.0000	0.0560	0.0000	0.0000	1.4710	0.0000	0.0000	0.0000	0.0100	0.0000	0.0000	-0.3470	0.0000	-0.2880	0.0000	0.0000
A8	-0.1620	-1.5400	0.0000	0.9140	0.0000	0.0000	0.0370	0.0000	0.0000	-3.7240	0.0000	0.0000	0.0000	-1.3040	0.0000	0.0000	-1.5410	0.0000	-0.1270	0.0000	0.0000
D8	0.0110	0.2940	0.0000	1.7700	0.0000	0.0000	0.0670	0.0000	0.0000	-0.7400	0.0000	0.0000	0.0000	-1.0170	0.0000	0.0000	-2.3270	0.0000	0.4620	0.0000	0.0000
D9	1.1320	-0.2780	0.0000	0.5070	0.0000	0.0000	-0.0250	0.0000	0.0000	-0.1910	0.0000	0.0000	0.0000	-0.0120	0.0000	0.0000	-2.0490	0.0000	0.5350	0.0000	0.0000
D6	2.9120	0.4970	0.0000	0.1260	-0.0020	0.0000	-0.0020	0.0150	0.0050	2.1390	0.0000	0.0000	-0.0090	-0.0460	0.0060	0.0020	-2.4080	-0.0010	1.0750	0.0020	-0.0350
D7	1.4670	0.0140	0.0000	0.9480	0.0000	0.0000	-0.0220	0.0000	0.0000	-0.3530	0.0000	0.0000	0.0000	-1.0560	0.0000	0.0000	-2.1370	0.0000	0.4320	0.0000	0.0000
D4	8.7060	-7.4910	0.0000	3.5750	-0.2340	0.0170	0.1630	0.6040	0.1690	3.0480	0.0000	0.0000	-0.0450	-1.2770	0.0440	-0.2900	-1.2090	-0.9450	0.9340	0.8300	-0.5000
D5	7.3610	-3.2470	0.0000	0.3690	0.0000	0.0000	-0.0290	0.0000	0.0000	3.1980	0.0000	0.0000	0.0000	0.0420	0.0000	0.0000	-2.1370	0.0000	0.8380	0.0000	0.0000
D2	0.3040	-0.1680	0.0000	3.9710	-0.2550	-0.0010	0.0130	0.2460	0.3200	-0.1540	0.0000	0.0000	0.1720	-1.0220	-0.1160	-0.0690	-5.1650	-0.2720	1.0220	1.3290	-0.4630
D3	6.0270	-4.9650	0.0000	2.3040	-0.0180	0.0000	-0.0770	-0.0100	-0.0050	1.0720	0.0000	0.0000	-0.0130	-1.3490	-0.0140	-0.0160	-1.7650	-0.0990	0.8160	0.2580	-0.0030
D1	0.9340	-0.1100	0.0000	2.4830	0.0780	-0.0180	-0.2170	0.1690	0.3150	0.7080	0.0000	0.0000	0.0270	-1.3990	-0.0820	-0.0780	-2.3260	-0.2060	0.9770	0.7020	-0.5380
