  G7  12.00  14.67   2.67  11.30   3.37
  G6  19.24  21.90   2.67  14.68   7.22
  G5  10.04  14.20   4.16   6.34   7.86
  G4   9.94  11.43   1.49 -11.95  23.38
  G3  -1.28  -2.85  -1.57 -10.11   7.26
  G2   0.07   2.51   2.43  -6.94   9.44
  G1   4.84   6.45   1.61   4.31   2.14
  G9   9.55  14.20   4.65   8.85   5.34
  G8  20.82  25.30   4.47  19.06   6.24
  N6  10.32  11.04   0.72   6.85   4.20
  N7  13.72  14.48   0.76   8.67   5.81
  B4   7.49  10.39   2.90   1.69   8.71
  B5   4.99   2.58  -2.41   0.43   2.15
  B6  17.87  19.37   1.50   1.97  17.41
  B7   9.09  11.51   2.42   4.17   7.33
  B2  17.56  12.31  -5.24   3.39   8.93
  B3   5.18   7.01   1.84  -0.65   7.66
  B8  12.53  13.43   0.91  -4.40  17.84
  B9  12.07  14.44   2.37  -1.37  15.81
  N5   7.44   8.40   0.96   3.19   5.21
 P10   4.56   2.88  -1.67  -1.12   4.01
 P11   3.08   0.69  -2.39  -1.40   2.09
 P12  13.31   9.67  -3.63   8.09   1.58
  E9   4.01   7.11   3.09   3.12   3.98
  E8   5.12   9.04   3.92   6.01   3.02
  E5   6.16   8.37   2.22   6.02   2.36
  E4   7.41  11.35   3.93   5.03   6.32
  E7   7.06  11.12   4.07   7.09   4.04
  E6  10.37  13.44   3.07   3.91   9.53
  E1   3.54   4.60   1.05  -0.21   4.81
  P8   7.66   6.76  -0.89   3.64   3.12
  E3  18.81  18.64  -0.17  -5.35  23.98
  E2  21.47  21.58   0.11  -5.87  27.45
  P2   0.79  -0.13  -0.92   1.50  -1.63
  P3   4.94   2.29  -2.65   3.19  -0.90
  P1   8.56   8.80   0.24   4.97   3.82
  P6  -3.95  -4.46  -0.51  -8.73   4.27
  P7   5.40   5.40  -0.00  -3.04   8.44
  P4   0.74  -3.21  -3.95  -0.19  -3.02
  P5  24.82  23.04  -1.78  17.98   5.06
 H10   0.01  -1.06  -1.07  -9.87   8.81
 H11  31.21  27.75  -3.45  20.70   7.05
 H12  -3.68  -4.89  -1.21  -8.75   3.86
  P9   6.13   3.19  -2.94   1.88   1.32
 F12   4.03   4.30   0.27  -8.80  13.10
 F10   1.98   1.84  -0.14  -6.61   8.44
 F11   0.38  -0.54  -0.93  -5.97   5.42
 N12  13.38  15.04   1.67   9.85   5.20
  H8  30.30  31.67   1.36  26.01   5.66
  H9  24.54  24.82   0.28  20.95   3.88
  H6  10.13   8.76  -1.37   9.58  -0.82
  H7  27.73  29.18   1.46  24.42   4.76
  H4   1.23   2.08   0.86  -0.97   3.05
  H5  11.88  10.38  -1.50   8.44   1.94
 D10   4.60   7.41   2.81   4.14   3.27
 D11   7.75   7.45  -0.30   1.31   6.14
 D12   5.14   6.83   1.70  -0.36   7.20
 B12  19.28  21.74   2.46   4.25  17.50
 B10  11.45  12.04   0.59  -4.65  16.70
 B11  18.10  18.48   0.38   0.13  18.35
  Q8  12.03  10.47  -1.56   4.85   5.61
  Q9   4.68   2.66  -2.02   1.89   0.77
  C9   5.23   9.37   4.14   4.72   4.65
  C8   0.94  -1.10  -2.04  -1.40   0.30
 Q11   1.74  -1.11  -2.85   1.46  -2.58
 Q10   2.31  -1.59  -3.89   1.38  -2.97
 Q12   3.76   0.74  -3.02   3.82  -3.08
  C3  12.14  13.08   0.93  -0.03  13.10
  C2  13.13  12.32  -0.81  -1.63  13.95
  C1  19.67  20.11   0.44   8.29  11.82
  C7  10.55  15.87   5.32   9.59   6.28
  C6   9.04  12.80   3.75   8.03   4.77
  C5   4.80   6.90   2.10   4.58   2.32
  C4  10.60  10.40  -0.20   4.02   6.38
 N10  14.57  15.68   1.11  10.50   5.18
  N8   6.93   4.51  -2.42   3.10   1.42
  N9   7.70   7.86   0.16   6.97   0.89
 N11  12.03   9.47  -2.56   3.44   6.03
 G12  10.46  10.64   0.18   5.40   5.24
 G11   4.84   9.64   4.79  -2.26  11.90
 G10  18.05  24.32   6.27  17.48   6.84
  F1   8.51  10.66   2.15   3.16   7.50
  F2   8.69  11.43   2.74   1.66   9.77
  F3   2.04   4.66   2.62   1.66   3.00
  F4  12.60  15.30   2.71  -0.45  15.75
  F5   4.04   3.47  -0.56   2.06   1.41
  F6   2.57   3.60   1.03   3.47   0.13
  F7   6.89   6.42  -0.47  -1.81   8.23
  F8   2.77   4.76   1.99   1.44   3.31
  F9  12.66  13.22   0.56  -3.27  16.49
  Q1  11.33  13.70   2.37   6.94   6.76
  Q3   2.58   0.80  -1.78  -5.91   6.71
  Q2   5.96   4.30  -1.66   0.87   3.43
  Q5   1.83  -0.22  -2.06   1.94  -2.17
  Q4   6.22   2.11  -4.12   0.54   1.56
  Q7   2.51  -2.65  -5.16 -10.74   8.09
  Q6   2.22  -2.34  -4.56  -9.84   7.50
 E11   5.87   9.01   3.15   4.45   4.56
 E10  16.97  16.77  -0.20   1.32  15.45
 E12   4.23   9.75   5.52   3.44   6.31
 C12   7.62   9.80   2.17   4.59   5.21
 C11   9.35  10.28   0.93   1.98   8.31
 C10   5.70   7.61   1.92   4.40   3.21
 A11   5.89   4.43  -1.46   2.34   2.09
 A10   6.28   8.26   1.98 -11.36  19.62
 A12  15.57  16.68   1.11   9.74   6.94
  A1  -2.30  -4.77  -2.47  -6.91   2.14
  A3   5.24   3.68  -1.56   2.44   1.24
  A2   6.97   6.51  -0.45   2.25   4.26
  A5  -3.90  -5.52  -1.61  -7.65   2.13
  A4  16.43  20.49   4.06  11.18   9.30
  A7  -5.04  -7.96  -2.92  -7.62  -0.34
  A6   6.81   6.02  -0.79   2.46   3.56
  A9  25.87  25.26  -0.62  18.58   6.68
  A8  10.18   8.45  -1.74   3.12   5.32
  D8   4.41   7.81   3.40   5.00   2.81
  D9   3.21   4.91   1.70   2.36   2.56
  D6   9.70  11.72   2.02   1.77   9.95
  D7   5.42   7.02   1.60   4.40   2.62
  D4  14.07  14.55   0.48  -0.69  15.24
  D5  16.94  19.42   2.48  -0.62  20.03
  D2   2.58   4.10   1.52   2.11   2.00
  D3  12.78  14.93   2.15  -0.29  15.22
  D1   4.25   7.96   3.72   4.44   3.52
