MUT	fa_rep:	ref:	fa_atr:	hbond_sc:	fa_sol:	yhh_planarity:	dslf_fa13:	fa_intra_sol_xover4:	omega:	p_aa_pp:	TOT	sugar_bb:	fa_intra_rep:	hbond_lr_bb:	hbond_sr_bb:	hbond_bb_sc:	fa_elec:	cart_bonded:	lk_ball_wtd:	fa_dun:	rama_prepro:
G7	0.4510	1.6160	0.0000	3.5790	0.0000	0.0000	-0.0200	0.0000	0.0000	2.6930	0.0000	0.0000	0.0000	-1.1620	0.0000	0.0000	-1.4420	0.0000	-0.3310	0.0000	0.0000
G6	0.5970	4.4260	0.0000	1.1440	0.0110	-0.0170	-0.0050	-0.1300	0.0720	4.0280	0.0000	0.0000	0.0170	-0.8930	0.0140	-0.0520	-1.1870	-0.2220	0.1900	0.0380	0.0260
G5	0.6700	1.0430	0.0000	2.3070	0.0000	0.0000	-0.0290	0.0000	0.0000	1.4480	0.0000	0.0000	0.0000	-1.1580	0.0000	0.0000	-1.4870	0.0000	0.1020	0.0000	0.0000
G4	5.6210	-2.9540	0.0000	2.0420	-0.0010	0.0010	0.0360	-0.0240	0.0070	2.1710	0.0000	0.0000	-0.0080	-1.2160	0.0000	0.0060	-1.2840	-0.1130	0.0580	0.0010	0.0000
G3	4.0160	-1.7700	0.0000	0.7700	0.0000	0.0000	-0.0160	0.0000	0.0000	0.7470	0.0000	0.0000	0.0000	-1.3720	0.0000	0.0000	-1.0660	0.0000	0.1840	0.0000	0.0000
G2	3.4450	-4.1890	0.0000	6.2100	0.2570	-0.0290	0.3180	-0.0350	-0.0770	1.3810	0.0000	0.0000	0.0170	-0.8810	-0.0290	0.1000	-5.2520	0.3600	0.3470	0.7920	0.0280
G1	1.1090	0.5920	0.0000	3.6450	-0.0030	0.0010	0.0020	-0.0030	-0.0180	2.6190	0.0000	0.0000	0.0070	-1.2820	0.0180	-0.0050	-1.5200	0.0150	0.0920	-0.0200	-0.0080
G9	0.1570	0.9830	0.0000	4.8220	0.0050	0.0040	-0.0090	-0.0130	0.0190	2.9830	0.0000	0.0000	0.0030	-1.2790	0.0100	0.2150	-2.0520	0.0190	0.0110	0.0670	0.0240
G8	-0.2780	4.3980	0.0000	3.0540	0.0000	0.0000	0.0040	0.0000	0.0000	5.2450	0.0000	0.0000	0.0000	-1.0380	0.0000	0.0000	-1.1800	0.0000	0.2860	0.0000	0.0000
N6	0.4300	1.8140	0.0000	1.3420	0.0000	0.0000	-0.0490	0.0000	0.0000	3.4070	0.0000	0.0000	0.0000	-0.0580	0.0000	0.0000	0.4270	0.0000	-0.4980	0.0000	0.0000
N7	-0.1730	3.4330	0.0000	1.3660	0.0000	0.0000	-0.0190	0.0000	0.0000	3.5210	0.0000	0.0000	0.0000	0.1300	0.0000	0.0000	-0.2380	0.0000	-0.9780	0.0000	0.0000
B4	1.8860	-1.7330	0.0000	3.9560	0.0000	0.0000	0.0250	0.0000	0.0000	1.6250	0.0000	0.0000	0.0000	-1.1150	0.0000	0.0000	-1.1610	0.0000	-0.2330	0.0000	0.0000
B5	0.0100	2.3230	0.0000	-1.1770	0.0000	0.0000	0.0190	0.0000	0.0000	0.5990	0.0000	0.0000	0.0000	0.0010	0.0000	0.0000	0.0950	0.0000	-0.6720	0.0000	0.0000
B6	4.0370	-7.9330	0.0000	6.9760	0.0000	0.0000	-0.0030	0.0000	0.0000	-0.1870	0.0000	0.0000	0.0000	-1.5200	0.0000	0.0000	-1.1980	0.0000	-0.5460	0.0000	0.0000
B7	1.6270	-0.9020	0.0000	3.2780	0.0000	0.0000	0.0060	0.0000	0.0000	0.8460	0.0000	0.0000	0.0000	-1.6710	0.0000	0.0000	-1.3410	0.0000	-0.1500	0.0000	0.0000
B2	1.9530	0.0200	0.0000	-0.1810	0.0000	0.0000	0.0240	0.0000	0.0000	1.9060	0.0000	0.0000	0.0000	0.1050	0.0000	0.0000	-0.0340	0.0000	0.0190	0.0000	0.0000
B3	1.8190	-0.8420	0.0000	5.2220	-0.0720	0.0010	0.0220	0.1990	-0.0490	1.5150	0.0000	0.0000	-0.0770	-1.3570	0.0030	0.2250	-5.1070	-0.3270	0.4520	1.3410	0.0590
B8	4.3950	-3.6360	0.0000	3.7160	0.0010	-0.0010	0.0180	0.0050	0.0170	1.7310	0.0000	0.0000	0.0040	-1.2660	-0.0060	0.0000	-1.5880	-0.0570	0.1660	-0.0220	-0.0150
B9	2.6050	-2.0400	0.0000	4.5020	0.0000	0.0000	0.0180	0.0000	0.0000	1.8000	0.0000	0.0000	0.0000	-1.2720	0.0000	0.0000	-1.9760	0.0000	-0.0390	0.0000	0.0000
N5	1.8150	2.4720	0.0000	-1.5050	-0.0020	0.0000	-0.0430	0.0330	-0.0090	1.7000	0.0000	0.0000	0.0090	-0.3380	0.0020	0.0000	-0.0530	-0.0500	-0.6110	-0.0130	-0.0040
P10	1.5490	0.5640	0.0000	-0.9900	0.0000	0.0000	-0.0430	0.0000	0.0000	-0.1860	0.0000	0.0000	0.0000	0.0040	0.0000	0.0000	-0.1150	0.0000	-1.1540	0.0000	0.0000
P11	1.6610	-0.8270	0.0000	-0.7230	0.0000	0.0000	-0.0390	0.0000	0.0000	0.0950	0.0000	0.0000	0.0000	-0.0660	0.0000	0.0000	0.6780	0.0000	-0.5900	0.0000	0.0000
P12	1.8230	1.5180	0.0000	-2.7160	0.0000	0.0000	-0.0580	0.0000	0.0000	-0.0210	0.0000	0.0000	0.0000	-0.3160	0.0000	0.0000	0.0840	0.0000	-0.3540	0.0000	0.0000
E9	0.7640	0.7350	0.0000	2.3850	0.0000	0.0000	-0.0050	0.0000	0.0000	1.6200	0.0000	0.0000	0.0000	-1.2430	0.0000	0.0000	-1.4090	0.0000	0.3930	0.0000	0.0000
E8	0.1260	1.1860	0.0000	5.3590	0.0000	0.0000	-0.0110	0.0000	0.0000	4.0720	0.0000	0.0000	0.0000	-1.2680	0.0000	0.0000	-1.4650	0.0000	0.1460	0.0000	0.0000
E5	0.7810	1.4370	0.0000	3.8220	0.0000	0.0000	-0.0050	0.0000	0.0000	3.4880	0.0000	0.0000	0.0000	-1.2650	0.0000	0.0000	-1.3480	0.0000	0.0680	0.0000	0.0000
E4	-0.1150	2.0650	0.0000	1.6970	-0.0010	-0.0020	-0.0100	-0.0060	0.0030	3.4320	0.0000	0.0000	0.0020	-1.2870	-0.0110	-0.1990	2.0390	0.1680	-0.3540	-0.5410	-0.0200
E7	0.4150	0.2600	0.0000	2.9350	0.0000	0.0000	0.0430	0.0000	0.0000	1.0950	0.0000	0.0000	0.0000	-0.9960	0.0000	0.0000	-1.3500	0.0000	-0.2120	0.0000	0.0000
E6	1.4260	-0.5430	0.0000	1.7180	0.0000	0.0000	0.0190	0.0000	0.0000	-0.4640	0.0000	0.0000	0.0000	-1.0290	0.0000	0.0000	-1.9910	0.0000	-0.0640	0.0000	0.0000
E1	1.8770	-0.8360	0.0000	3.4480	0.0000	0.0000	-0.0160	0.0000	0.0000	1.8290	0.0000	0.0000	0.0000	-1.1870	0.0000	0.0000	-1.3920	0.0000	-0.0650	0.0000	0.0000
P8	0.3830	0.9050	0.0000	2.8540	0.0000	0.0000	-0.0550	0.0000	0.0000	3.0670	0.0000	0.0000	0.0000	-0.0820	0.0000	0.0000	0.0080	0.0000	-0.9450	0.0000	0.0000
E3	4.5250	-2.3800	0.0000	2.4580	0.0000	0.0000	0.0040	0.0000	0.0000	1.9640	0.0000	0.0000	0.0000	-1.1250	0.0000	0.0000	-1.7790	0.0000	0.2610	0.0000	0.0000
E2	4.3330	-2.1420	0.0000	2.3900	0.0070	-0.0010	0.0090	-0.0170	-0.0060	2.0050	0.0000	0.0000	0.0070	-1.1290	0.0000	-0.0100	-1.8140	-0.0270	0.3810	0.0610	-0.0370
P2	5.4740	-3.1790	0.0000	2.7920	0.0000	0.0000	-0.0420	0.0000	0.0000	4.2950	0.0000	0.0000	0.0000	-0.0080	0.0000	0.0000	-0.0740	0.0000	-0.6690	0.0000	0.0000
P3	3.9790	0.1920	0.0000	2.7680	-0.3670	-0.0250	-0.2600	0.6550	0.5530	4.8390	0.0000	0.0000	-0.4430	-0.1850	0.0050	0.0780	-6.3520	1.9990	0.9480	1.3510	-0.0600
P1	2.1010	0.5340	0.0000	-0.3170	0.0000	0.0000	-0.0400	0.0000	0.0000	0.1540	0.0000	0.0000	0.0000	-1.4730	0.0000	0.0000	-0.9600	0.0000	0.3070	0.0000	0.0000
P6	0.7190	0.3150	0.0000	0.7860	-0.0010	-0.0010	0.0120	0.0370	-0.0100	0.6480	0.0000	0.0000	-0.0050	0.0100	0.0070	0.0000	-0.4910	-0.0200	-0.6960	-0.0110	-0.0010
P7	2.0930	-3.5690	0.0000	1.7360	0.0000	0.0000	-0.0420	0.0000	0.0000	-0.3240	0.0000	0.0000	0.0000	0.0760	0.0000	0.0000	0.0500	0.0000	-0.6680	0.0000	0.0000
P4	5.4430	-4.1730	0.0000	2.7880	0.0000	0.0000	-0.0490	0.0000	0.0000	3.3810	0.0000	0.0000	0.0000	0.0500	0.0000	0.0000	-0.0850	0.0000	-0.5940	0.0000	0.0000
P5	0.8240	-0.8180	0.0000	2.1800	0.0000	0.0000	-0.0680	0.0000	0.0000	1.5800	0.0000	0.0000	0.0000	0.0200	0.0000	0.0000	0.1180	0.0000	-0.6760	0.0000	0.0000
H10	2.6930	-1.0630	0.0000	-1.9120	0.0000	0.0000	-0.0150	0.0000	0.0000	-0.7220	0.0000	0.0000	0.0000	0.3020	0.0000	0.0000	-0.0350	0.0000	-0.6920	0.0000	0.0000
H11	2.3390	1.2280	0.0000	-3.7540	0.0290	-0.0020	0.0210	0.0200	0.0060	-1.5400	0.0000	0.0000	-0.0170	0.6100	0.0080	-0.3710	-0.3600	-0.5320	-0.6580	-0.1030	-0.0050
H12	3.2390	-2.4050	0.0000	0.2950	0.0000	0.0000	-0.0360	0.0000	0.0000	0.7980	0.0000	0.0000	0.0000	0.0250	0.0000	0.0000	0.4920	0.0000	-0.8120	0.0000	0.0000
P9	1.0130	-0.2790	0.0000	1.0960	0.0000	0.0000	-0.0500	0.0000	0.0000	0.8290	0.0000	0.0000	0.0000	-0.1330	0.0000	0.0000	0.3540	0.0000	-1.1730	0.0000	0.0000
F12	6.1560	-2.9120	0.0000	3.1880	-0.0210	0.0040	-0.0500	0.4620	-0.2070	1.5660	0.0000	0.0000	0.1420	-1.3850	0.1400	-0.0600	-4.6070	0.0250	0.3770	0.3240	-0.0110
F10	2.2330	-2.1120	0.0000	1.8610	0.0000	0.0000	0.0130	0.0000	0.0000	-0.4320	0.0000	0.0000	0.0000	-1.1200	0.0000	0.0000	-1.2290	0.0000	-0.0790	0.0000	0.0000
F11	2.4640	-1.4370	0.0000	1.8810	0.0000	0.0000	0.0240	0.0000	0.0000	0.6510	0.0000	0.0000	0.0000	-1.3140	0.0000	0.0000	-1.2240	0.0000	0.2580	0.0000	0.0000
N12	-0.2680	3.8460	0.0000	1.9470	0.0040	0.0000	0.0350	0.0410	0.0020	2.4580	0.0000	0.0000	0.0210	0.0230	0.0180	0.1900	-4.0780	0.1480	-0.1920	0.6930	0.0270
H8	0.0220	5.7450	0.0000	-1.9370	0.0000	0.0000	-0.0190	0.0000	0.0000	3.4790	0.0000	0.0000	0.0000	0.0690	0.0000	0.0000	0.0290	0.0000	-0.4280	0.0000	0.0000
H9	-0.0180	6.8340	0.0000	-3.1140	0.0000	0.0000	0.0000	0.0000	0.0000	4.6210	0.0000	0.0000	0.0000	0.0180	0.0000	0.0000	0.7510	0.0000	0.1510	0.0000	0.0000
H6	0.0190	3.4820	0.0000	-0.0490	0.0000	0.0000	-0.0020	0.0000	0.0000	2.4030	0.0000	0.0000	0.0000	0.0070	0.0000	0.0000	-0.5610	0.0000	-0.4900	0.0000	0.0000
H7	0.7300	7.0640	0.0000	-3.8510	0.0000	0.0000	-0.0080	0.0000	0.0000	4.7250	0.0000	0.0000	0.0000	-0.0040	0.0000	0.0000	0.5290	0.0000	0.2650	0.0000	0.0000
H4	-0.4540	1.3750	0.0000	0.8010	0.0000	0.0000	-0.0040	0.0000	0.0000	1.8080	0.0000	0.0000	0.0000	0.0590	0.0000	0.0000	0.1190	0.0000	-0.0850	0.0000	0.0000
H5	0.2000	3.2470	0.0000	-0.0370	0.0000	0.0000	0.0110	0.0000	0.0000	2.2690	0.0000	0.0000	0.0000	0.0170	0.0000	0.0000	-0.5890	0.0000	-0.5800	0.0000	0.0000
D10	0.9360	1.2850	0.0000	0.5320	0.0010	0.0010	0.0060	-0.0240	-0.0240	2.5880	0.0000	0.0000	-0.0090	-1.2800	-0.0170	-0.1840	2.1680	0.1390	-0.4270	-0.5260	0.0100
D11	1.1430	0.0140	0.0000	2.7550	0.0000	0.0000	-0.0020	0.0000	0.0000	1.5460	0.0000	0.0000	0.0000	-1.2780	0.0000	0.0000	-1.3090	0.0000	0.2220	0.0000	0.0000
D12	2.4220	-1.4970	0.0000	2.1180	0.0000	0.0000	-0.0220	0.0000	0.0000	0.1530	0.0000	0.0000	0.0000	-1.1150	0.0000	0.0000	-1.4300	0.0000	-0.3230	0.0000	0.0000
B12	2.7240	-2.2070	0.0000	5.3900	0.0000	0.0000	0.0170	0.0000	0.0000	2.4580	0.0000	0.0000	0.0000	-1.1970	0.0000	0.0000	-2.2110	0.0000	-0.0590	0.0000	0.0000
B10	2.9750	-1.3530	0.0000	2.7180	0.0000	0.0000	0.0050	0.0000	0.0000	0.8890	0.0000	0.0000	0.0000	-1.6440	0.0000	0.0000	-1.3700	0.0000	-0.4410	0.0000	0.0000
B11	3.5550	-3.6760	0.0000	4.2450	0.0000	0.0000	0.0230	0.0000	0.0000	1.4580	0.0000	0.0000	0.0000	-1.2180	0.0000	0.0000	-1.5380	0.0000	0.0670	0.0000	0.0000
Q8	0.2890	-0.4520	0.0000	3.6050	-0.1310	0.0060	-0.0200	0.0080	-0.0120	-0.1660	0.0000	0.0000	0.0080	0.0410	-0.0250	-0.1300	-2.4640	-0.1050	-0.7300	-0.0820	0.0260
Q9	0.5770	1.6020	0.0000	-0.0960	0.0000	0.0000	0.0110	0.0000	0.0000	1.6250	0.0000	0.0000	0.0000	0.0160	0.0000	0.0000	0.1460	0.0000	-0.6300	0.0000	0.0000
C9	-0.0380	1.7780	0.0000	1.8510	0.0000	0.0000	-0.0070	0.0000	0.0000	0.7850	0.0000	0.0000	0.0000	-1.1050	0.0000	0.0000	-1.4560	0.0000	-0.2390	0.0000	0.0000
C8	1.1570	-0.5870	0.0000	1.1090	0.0000	0.0000	0.0050	0.0000	0.0000	-0.7090	0.0000	0.0000	0.0000	-1.2560	0.0000	0.0000	-1.3600	0.0000	0.2220	0.0000	0.0000
Q11	2.5420	0.7250	0.0000	-0.2560	0.0000	0.0000	0.0120	0.0000	0.0000	1.8100	0.0000	0.0000	0.0000	0.0400	0.0000	0.0000	-0.5150	0.0000	-0.7400	0.0000	0.0000
Q10	2.5500	0.9700	0.0000	0.7940	0.0000	0.0000	-0.0150	0.0000	0.0000	1.4460	0.0000	0.0000	0.0000	-1.3700	0.0000	0.0000	-0.8250	0.0000	-0.6600	0.0000	0.0000
Q12	2.5780	0.9440	0.0000	0.8130	0.0000	0.0000	0.0110	0.0000	0.0000	2.1350	0.0000	0.0000	0.0000	-0.6480	0.0000	0.0000	-0.7720	0.0000	-0.7910	0.0000	0.0000
C3	0.9160	-0.5720	0.0000	1.2660	-0.0020	0.0000	-0.0040	0.0050	-0.0150	0.6650	0.0000	0.0000	0.0000	-1.0870	-0.0050	-0.1980	1.3450	0.1330	-0.5610	-0.5410	-0.0160
C2	1.9330	-0.0260	0.0000	2.9590	0.0000	0.0000	-0.0040	0.0000	0.0000	2.5850	0.0000	0.0000	0.0000	-1.1490	0.0000	0.0000	-0.8400	0.0000	-0.2850	0.0000	0.0000
C1	0.9920	-2.6710	0.0000	4.3220	0.0000	0.0000	-0.0270	0.0000	0.0000	-0.5450	0.0000	0.0000	0.0000	-1.5900	0.0000	0.0000	-1.5490	0.0000	-0.0200	0.0000	0.0000
C7	-0.4420	3.2200	0.0000	3.3560	0.0000	0.0000	0.0150	0.0000	0.0000	3.4120	0.0000	0.0000	0.0000	-1.2880	0.0000	0.0000	-1.3190	0.0000	-0.1270	0.0000	0.0000
C6	-0.1730	2.1970	0.0000	2.8290	0.0000	0.0000	0.0010	0.0000	0.0000	2.0720	0.0000	0.0000	0.0000	-1.2760	0.0000	0.0000	-1.4520	0.0000	-0.0520	0.0000	0.0000
C5	-0.0620	1.7900	0.0000	1.8660	0.0000	0.0000	-0.0070	0.0000	0.0000	0.8160	0.0000	0.0000	0.0000	-1.1020	0.0000	0.0000	-1.4440	0.0000	-0.2250	0.0000	0.0000
C4	0.8690	1.3140	0.0000	2.3810	0.0000	0.0000	0.0120	0.0000	0.0000	2.1020	0.0000	0.0000	0.0000	-1.2510	0.0000	0.0000	-1.2450	0.0000	0.0200	0.0000	0.0000
N10	-0.0890	3.7880	0.0000	0.6320	0.0000	0.0000	0.0320	0.0000	0.0000	3.3080	0.0000	0.0000	0.0000	-0.0030	0.0000	0.0000	-0.1330	0.0000	-0.9170	0.0000	0.0000
N8	1.6630	2.3550	0.0000	-0.5860	-0.0010	0.0010	-0.0390	0.0220	-0.0110	2.6230	0.0000	0.0000	0.0070	-0.3910	0.0050	0.0120	0.3830	-0.0530	-0.7750	0.0330	-0.0040
N9	1.2980	-4.8400	0.0000	2.2290	0.0000	0.0010	-0.0250	-0.0100	0.0040	-2.6630	0.0000	0.0000	-0.0020	0.0310	-0.0030	-0.0110	-0.7100	0.0420	-0.6900	0.0150	0.0060
N11	0.2540	-0.0090	0.0000	0.9680	0.1800	0.0030	-0.0280	0.4500	-0.1240	-1.0380	0.0000	0.0000	0.2750	-0.4080	-0.1890	0.0920	-3.0850	0.5630	0.4190	-0.5160	0.1180
G12	0.9210	1.1340	0.0000	2.7320	0.0000	0.0000	-0.0070	0.0000	0.0000	3.1530	0.0000	0.0000	0.0000	-0.8780	0.0000	0.0000	-1.1160	0.0000	0.3670	0.0000	0.0000
G11	2.3980	-1.6690	0.0000	4.0420	0.0000	0.0000	-0.0110	0.0000	0.0000	2.2020	0.0000	0.0000	0.0000	-1.2990	0.0000	0.0000	-1.4230	0.0000	0.1630	0.0000	0.0000
G10	-0.2830	4.0890	0.0000	3.0730	0.0000	0.0000	0.0000	0.0000	0.0000	4.8680	0.0000	0.0000	0.0000	-1.1180	0.0000	0.0000	-1.2390	0.0000	0.3470	0.0000	0.0000
F1	1.9240	0.2870	0.0000	1.5190	0.0000	0.0000	0.0250	0.0000	0.0000	0.9970	0.0000	0.0000	0.0000	-1.3330	0.0000	0.0000	-1.2760	0.0000	-0.1490	0.0000	0.0000
F2	1.0800	-1.4230	0.0000	1.7010	0.0000	0.0000	0.0100	0.0000	0.0000	-1.5740	0.0000	0.0000	0.0000	-1.4600	0.0000	0.0000	-1.4220	0.0000	-0.0600	0.0000	0.0000
F3	0.8950	0.1030	0.0000	2.0110	0.0000	0.0000	0.0030	0.0000	0.0000	0.5860	0.0000	0.0000	0.0000	-1.2560	0.0000	0.0000	-1.4700	0.0000	0.3020	0.0000	0.0000
F4	0.7290	-1.7740	0.0000	4.6070	0.0000	0.0000	-0.0130	0.0000	0.0000	0.6140	0.0000	0.0000	0.0000	-1.4400	0.0000	0.0000	-1.3180	0.0000	-0.1760	0.0000	0.0000
F5	0.5420	0.8940	0.0000	2.5010	0.0000	0.0000	-0.0030	0.0000	0.0000	1.3600	0.0000	0.0000	0.0000	-1.2750	0.0000	0.0000	-1.3700	0.0000	0.0710	0.0000	0.0000
F6	1.2440	-1.0260	0.0000	1.9530	0.0000	0.0000	-0.0030	0.0000	0.0000	-0.4690	0.0000	0.0000	0.0000	-1.1870	0.0000	0.0000	-1.6500	0.0000	0.2030	0.0000	0.0000
F7	1.2480	-1.4030	0.0000	0.7340	0.0020	-0.0010	0.0070	-0.0190	0.0070	-2.0630	0.0000	0.0000	0.0060	-1.5430	0.0080	-0.0090	-1.3370	0.0330	0.1920	0.0320	-0.0210
F8	2.7770	-0.9830	0.0000	0.9560	0.0000	0.0000	0.0140	0.0000	0.0000	0.2740	0.0000	0.0000	0.0000	-1.3560	0.0000	0.0000	-1.2750	0.0000	0.1360	0.0000	0.0000
F9	0.8010	-1.4390	0.0000	3.4740	0.0000	0.0000	-0.0170	0.0000	0.0000	-0.0670	0.0000	0.0000	0.0000	-1.5080	0.0000	0.0000	-1.2780	0.0000	-0.0990	0.0000	0.0000
Q1	0.5820	3.0030	0.0000	0.8710	-0.0010	0.0010	0.0140	-0.0120	0.0160	3.0620	0.0000	0.0000	0.0120	0.0360	-0.0010	0.0090	-0.6040	-0.0260	-0.7990	-0.0300	-0.0100
Q3	0.5000	1.1060	0.0000	0.7040	0.0000	0.0000	0.0140	0.0000	0.0000	1.0580	0.0000	0.0000	0.0000	0.0060	0.0000	0.0000	-0.4180	0.0000	-0.8530	0.0000	0.0000
Q2	0.4440	2.4870	0.0000	-1.7260	0.0000	0.0000	-0.0240	0.0000	0.0000	0.8170	0.0000	0.0000	0.0000	-0.4130	0.0000	0.0000	0.4260	0.0000	-0.3780	0.0000	0.0000
Q5	2.6930	1.0360	0.0000	0.7260	-0.0060	-0.0020	0.0100	-0.0330	0.0350	1.5460	0.0000	0.0000	0.0280	-1.4550	-0.0340	0.0160	-0.8390	-0.0040	-0.6720	0.0310	0.0180
Q4	0.4300	1.2000	0.0000	-0.3640	-0.0020	0.0000	-0.0030	0.0250	-0.0220	0.6210	0.0000	0.0000	0.0030	-0.0230	0.0040	0.0130	0.1530	0.0830	-0.8220	-0.0510	-0.0040
Q7	3.8670	-1.1420	0.0000	0.9760	0.0000	0.0000	0.0090	0.0000	0.0000	2.3600	0.0000	0.0000	0.0000	-0.1020	0.0000	0.0000	-0.5010	0.0000	-0.7450	0.0000	0.0000
Q6	2.5570	0.3260	0.0000	-0.4640	0.0000	0.0000	0.0390	0.0000	0.0000	1.2430	0.0000	0.0000	0.0000	0.0060	0.0000	0.0000	-0.6090	0.0000	-0.6140	0.0000	0.0000
E11	-0.0890	1.4960	0.0000	1.5560	-0.0040	0.0010	-0.0140	0.0360	0.0080	2.6040	0.0000	0.0000	0.0050	-1.2670	-0.0140	-0.2110	1.9150	0.0350	-0.3340	-0.5180	0.0000
E10	3.0270	0.5100	0.0000	2.3750	-0.0010	-0.0010	0.0150	0.0000	-0.0050	2.6890	0.0000	0.0000	0.0020	-1.6070	0.0100	0.0040	-1.0430	0.0040	-0.5730	-0.0130	-0.0150
E12	0.6830	0.6050	0.0000	2.8950	0.0000	0.0000	0.0010	0.0000	0.0000	1.6830	0.0000	0.0000	0.0000	-1.2490	0.0000	0.0000	-1.4930	0.0000	0.2410	0.0000	0.0000
C12	1.9810	0.2830	0.0000	0.6080	0.0000	0.0000	-0.0210	0.0000	0.0000	0.9580	0.0000	0.0000	0.0000	-0.5820	0.0000	0.0000	-1.5600	0.0000	0.2500	0.0000	0.0000
C11	0.8450	-0.1940	0.0000	1.4700	0.0000	0.0000	0.0130	0.0000	0.0000	-0.4780	0.0000	0.0000	0.0000	-1.3480	0.0000	0.0000	-1.3060	0.0000	0.0440	0.0000	0.0000
C10	-0.9660	2.0370	0.0000	-1.2860	-0.0190	-0.0630	-0.0920	0.1580	-0.0650	-0.1500	0.0000	0.0000	-0.0180	-0.9150	0.0500	0.0050	2.6520	-0.7350	-0.4660	-0.4680	0.0410
A11	0.0780	3.1470	0.0000	0.5220	0.0000	0.0000	-0.0110	0.0000	0.0000	2.9560	0.0000	0.0000	0.0000	0.0660	0.0000	0.0000	-0.0530	0.0000	-0.7960	0.0000	0.0000
A10	5.4450	-2.8890	0.0000	2.0280	0.0000	0.0000	0.0390	0.0000	0.0000	2.1570	0.0000	0.0000	0.0000	-1.2020	0.0000	0.0000	-1.4230	0.0000	0.1570	0.0000	0.0000
A12	0.3210	2.8820	0.0000	-0.3850	0.0000	0.0000	0.0120	0.0000	0.0000	1.7300	0.0000	0.0000	0.0000	0.0100	0.0000	0.0000	-0.5290	0.0000	-0.5790	0.0000	0.0000
A1	0.4110	0.6260	0.0000	0.9000	0.0000	0.0000	0.0040	0.0000	0.0000	1.0010	0.0000	0.0000	0.0000	0.0680	0.0000	0.0000	-0.0420	0.0000	-0.9660	0.0000	0.0000
A3	0.6320	2.7420	0.0000	-2.7500	-0.0510	0.0000	0.1300	0.3410	-0.4210	1.6210	0.0000	0.0000	0.1030	-0.0320	0.0230	-0.2200	2.6500	0.3090	-0.5630	-0.6480	-0.6220
A2	0.1660	2.3570	0.0000	0.4130	-0.0010	0.0000	0.0340	-0.0180	-0.0150	2.1580	0.0000	0.0000	-0.0060	-0.0080	0.0020	-0.0050	0.0970	-0.0190	-0.8730	0.0460	-0.0110
A5	0.5590	0.4280	0.0000	0.1100	0.0000	0.0000	0.0170	0.0000	0.0000	-0.1460	0.0000	0.0000	0.0000	0.0080	0.0000	0.0000	-0.6150	0.0000	-0.6560	0.0000	0.0000
A4	0.1710	2.8860	0.0000	0.5730	0.0000	0.0000	-0.0180	0.0000	0.0000	2.5450	0.0000	0.0000	0.0000	0.0040	0.0000	0.0000	-0.4130	0.0000	-0.6550	0.0000	0.0000
A7	1.5130	-1.7170	0.0000	1.9190	0.0000	0.0000	0.0270	0.0000	0.0000	0.3280	0.0000	0.0000	0.0000	-0.0110	0.0000	0.0000	-0.3190	0.0000	-1.0840	0.0000	0.0000
A6	-0.1680	2.6310	0.0000	-2.0070	0.0130	-0.0030	-0.1880	0.0210	-0.0240	2.1800	0.0000	0.0000	0.0020	-0.2000	0.0010	-0.2150	3.5870	0.4830	-1.2370	-0.5060	-0.0060
A9	-0.4240	2.8700	0.0000	2.6020	0.0000	0.0000	-0.0420	0.0000	0.0000	4.3550	0.0000	0.0000	0.0000	0.0570	0.0000	0.0000	0.2270	0.0000	-0.9380	0.0000	0.0000
A8	-0.0330	0.8510	0.0000	0.3630	0.0000	0.0000	-0.0310	0.0000	0.0000	0.2910	0.0000	0.0000	0.0000	0.2720	0.0000	0.0000	0.1950	0.0000	-1.3270	0.0000	0.0000
D8	0.7950	0.2270	0.0000	2.4660	0.0000	0.0000	-0.0040	0.0000	0.0000	0.8140	0.0000	0.0000	0.0000	-1.2340	0.0000	0.0000	-1.4920	0.0000	0.0530	0.0000	0.0000
D9	0.8070	-0.1280	0.0000	1.5670	0.0000	0.0000	0.0000	0.0000	0.0000	-0.1310	0.0000	0.0000	0.0000	-1.2300	0.0000	0.0000	-1.4930	0.0000	0.3420	0.0000	0.0000
D6	1.3790	-1.3890	0.0000	0.9780	0.0020	0.0030	0.0180	-0.0630	0.0280	-1.8840	0.0000	0.0000	-0.0020	-1.5420	-0.0000	0.0010	-1.3920	0.0480	0.0720	0.0090	-0.0360
D7	2.2350	-3.0830	0.0000	1.8860	0.0000	0.0000	0.0040	0.0000	0.0000	-1.4190	0.0000	0.0000	0.0000	-0.9180	0.0000	0.0000	-1.5200	0.0000	-0.0250	0.0000	0.0000
D4	2.3860	-4.6850	0.0000	7.9630	-0.3190	-0.0050	-0.0200	-0.5240	-0.0650	-0.2290	0.0000	0.0000	0.4630	-1.4670	0.1760	-0.1100	-5.4740	-1.8660	0.0740	2.2680	0.9800
D5	2.5720	-2.6470	0.0000	3.9240	0.0000	0.0000	0.0270	0.0000	0.0000	1.1780	0.0000	0.0000	0.0000	-1.1310	0.0000	0.0000	-1.7960	0.0000	0.2290	0.0000	0.0000
D2	0.7590	1.1750	0.0000	1.0340	0.0000	0.0000	-0.0020	0.0000	0.0000	0.4730	0.0000	0.0000	0.0000	-1.2140	0.0000	0.0000	-1.3510	0.0000	0.0740	0.0000	0.0000
D3	0.8540	-0.9930	0.0000	0.9440	-0.0020	-0.0010	0.0000	0.0010	-0.0310	0.0250	0.0000	0.0000	0.0040	-1.7070	0.0070	-0.1900	2.2140	0.1920	-0.6760	-0.5790	-0.0140
D1	0.3950	1.3060	0.0000	2.0960	0.0000	0.0030	0.0090	-0.0050	0.0080	1.4570	0.0000	0.0000	0.0130	-1.1780	-0.0090	0.0010	-1.2860	-0.0130	0.1110	0.0120	-0.0050
