  G7   8.60  11.29   2.69   8.36   2.92
  G6  19.19  23.22   4.03  12.06  11.16
  G5   6.86   8.30   1.45   3.71   4.59
  G4  10.52  12.69   2.17  -5.47  18.16
  G3   5.30   6.05   0.75  -1.27   7.32
  G2   3.09   4.47   1.38  -7.12  11.59
  G1   7.66  10.28   2.62   9.16   1.12
  G9   8.53  11.52   2.98  12.72  -1.21
  G8  23.67  28.92   5.25  19.52   9.39
  N6   9.36  12.76   3.41   3.32   9.45
  N7  10.92  14.44   3.52  10.01   4.42
  B4  10.16  11.79   1.62   4.04   7.75
  B5   2.73   3.32   0.60  -2.54   5.86
  B6  15.06  14.87  -0.19   7.13   7.75
  B7  17.50  18.34   0.85   8.75   9.60
  B2  20.30  22.20   1.91   3.61  18.59
  B3   6.45   7.96   1.51   1.56   6.40
  B8  11.36  13.09   1.73  -3.37  16.46
  B9  16.79  18.59   1.80   0.18  18.41
  N5   6.33   8.03   1.70   4.27   3.76
 P10  11.75  11.56  -0.19  -2.66  14.22
 P11   7.28   7.38   0.10  -2.23   9.60
 P12  13.98  13.96  -0.02   8.40   5.56
  E9   9.04  10.66   1.62   2.31   8.35
  E8   6.13  10.21   4.07   9.96   0.25
  E5   8.50  11.99   3.49  13.88  -1.89
  E4   3.14   6.57   3.43   7.45  -0.88
  E7   9.96  11.05   1.09   7.14   3.91
  E6  11.62  11.16  -0.46   9.98   1.18
  E1   6.80   8.63   1.83   5.86   2.77
  P8   9.83  12.90   3.07   2.53  10.36
  E3  11.54  13.50   1.96  -6.75  20.25
  E2  14.52  16.53   2.00  -4.34  20.87
  P2  12.15  16.44   4.30  -6.52  22.96
  P3   6.95  11.79   4.84  -0.63  12.42
  P1   8.57   8.72   0.15   0.52   8.20
  P6   0.99   1.64   0.65  -8.16   9.79
  P7   8.11   7.78  -0.32   1.08   6.70
  P4   7.00  10.38   3.38 -10.16  20.54
  P5  22.44  24.02   1.58  20.85   3.17
 H10  -2.91  -3.63  -0.72  -9.03   5.40
 H11  24.94  23.40  -1.54  23.54  -0.14
 H12  -2.32  -1.53   0.80  -7.63   6.10
  P9   8.02   8.85   0.83   0.22   8.62
 F12  10.02  11.58   1.57  -5.24  16.82
 F10   0.61   0.18  -0.43  -5.73   5.91
 F11   5.02   5.67   0.65  -5.22  10.90
 N12  16.03  18.49   2.46   5.35  13.14
  H8  31.53  35.00   3.48  23.59  11.42
  H9  21.97  26.59   4.62  24.23   2.37
  H6  14.32  16.73   2.40   8.78   7.95
  H7  26.65  31.38   4.72  24.93   6.45
  H4  -0.35   1.46   1.81  -0.37   1.82
  H5  13.45  15.72   2.27   7.02   8.71
 D10   5.80   8.39   2.59   7.46   0.92
 D11   2.52   4.07   1.55   8.21  -4.14
 D12   4.42   4.57   0.15   4.12   0.45
 B12  16.34  18.79   2.46   5.06  13.73
 B10  17.88  18.76   0.89  -1.12  19.89
 B11  18.23  19.69   1.46   0.05  19.64
  Q8   9.67   9.50  -0.17   0.42   9.08
  Q9   9.03  10.65   1.62   2.25   8.40
  C9   2.56   3.34   0.78   8.82  -5.48
  C8   2.94   2.23  -0.71  -1.39   3.62
 Q11   2.24   4.05   1.81  -7.06  11.10
 Q10   4.23   5.68   1.45  -4.07   9.75
 Q12   2.54   4.68   2.13  -5.55  10.23
  C3  17.17  17.83   0.66   3.67  14.16
  C2  20.20  22.79   2.59  -1.13  23.91
  C1  23.42  22.88  -0.54  13.69   9.19
  C7   9.60  13.01   3.41   9.95   3.06
  C6  11.34  13.41   2.07   8.39   5.02
  C5   5.43   6.24   0.82   5.79   0.46
  C4   6.03   8.14   2.10   5.00   3.14
 N10  13.64  16.95   3.31   8.51   8.43
  N8   6.55   9.17   2.62   1.32   7.85
  N9  11.12   8.46  -2.66   7.26   1.20
 N11  11.53  10.49  -1.04   6.39   4.10
 G12  10.87  14.03   3.15   8.65   5.37
 G11   2.55   4.75   2.20   0.02   4.72
 G10  16.26  21.13   4.87  14.54   6.59
  F1   8.61   9.61   1.00   2.91   6.70
  F2   7.76   6.19  -1.57  11.15  -4.97
  F3   5.56   6.14   0.59   3.36   2.79
  F4  17.70  18.32   0.61   1.52  16.79
  F5   6.12   7.48   1.36   6.93   0.54
  F6   3.17   2.70  -0.47  10.30  -7.60
  F7  11.51   9.45  -2.06   3.54   5.91
  F8   5.95   6.23   0.27   8.23  -2.00
  F9  16.08  16.02  -0.07   0.08  15.94
  Q1  10.95  14.01   3.06   5.70   8.31
  Q3   1.62   2.67   1.06  -6.98   9.65
  Q2   4.40   5.22   0.82   4.31   0.90
  Q5   4.20   5.75   1.55  -6.49  12.24
  Q4   6.47   7.09   0.62  -1.87   8.97
  Q7   5.27   7.63   2.36 -15.71  23.33
  Q6   2.52   3.77   1.24  -8.02  11.79
 E11   5.35   7.96   2.60  12.51  -4.56
 E10  17.50  20.19   2.69   4.21  15.98
 E12  10.85  12.53   1.68   5.76   6.77
 C12  15.02  15.98   0.96   8.14   7.84
 C11  13.63  13.15  -0.48   3.02  10.13
 C10   6.29   6.15  -0.15   9.29  -3.14
 A11   7.60  10.56   2.96   2.82   7.74
 A10  13.56  15.71   2.16  -8.39  24.10
 A12  15.99  17.72   1.73   9.82   7.90
  A1  -1.84  -0.84   1.00 -10.81   9.98
  A3   7.15   8.77   1.62   1.00   7.76
  A2   6.35   8.51   2.16   2.44   6.07
  A5  -1.91  -2.06  -0.15  -8.98   6.92
  A4  15.89  18.44   2.54  11.25   7.19
  A7  -1.80  -1.47   0.33 -12.45  10.98
  A6   3.28   5.46   2.18   4.90   0.55
  A9  22.00  26.35   4.36  15.58  10.77
  A8  13.54  13.83   0.29   3.51  10.31
  D8   4.69   5.50   0.81   6.79  -1.28
  D9   2.05   1.92  -0.13   5.82  -3.90
  D6  10.73   8.85  -1.88   8.53   0.31
  D7  13.30  11.88  -1.42   8.28   3.60
  D4  18.85  18.62  -0.23   1.27  17.35
  D5  16.35  17.52   1.18   0.88  16.64
  D2   4.59   5.06   0.47   7.51  -2.45
  D3  11.16  11.18   0.02  -2.42  13.60
  D1   7.63   9.09   1.46   8.90   0.19
