  G7  12.28  16.47   4.19  10.58   5.90
  G6  15.74  20.76   5.02  13.49   7.27
  G5   9.07  11.89   2.81   7.22   4.67
  G4  14.33  14.01  -0.31 -12.54  26.55
  G3   1.10   1.74   0.63  -3.26   5.00
  G2   0.79   1.43   0.65  -0.53   1.96
  G1   6.66  11.49   4.82   6.88   4.61
  G9  13.43  15.82   2.39   9.34   6.47
  G8  22.72  27.54   4.82  19.84   7.70
  N6  10.99  13.48   2.49   6.13   7.35
  N7  16.72  21.50   4.78   8.73  12.77
  B4   9.24  11.14   1.89   1.05  10.09
  B5   7.30   7.90   0.60   0.95   6.95
  B6  15.21  17.05   1.84   2.44  14.62
  B7   6.49   4.02  -2.47   5.14  -1.12
  B2  17.77  24.84   7.07   1.66  23.18
  B3   4.45   5.34   0.89   2.88   2.46
  B8  14.54  14.35  -0.19  -6.36  20.72
  B9  22.87  25.62   2.74   0.45  25.17
  N5   6.57  11.50   4.93   5.11   6.39
 P10   6.75   7.93   1.19  -2.16  10.10
 P11   7.45   9.68   2.24  -0.57  10.25
 P12  14.48  16.14   1.66   6.80   9.34
  E9   8.06   7.81  -0.25   6.10   1.70
  E8   8.71  12.22   3.51   8.23   3.99
  E5   7.19  11.40   4.21   7.04   4.36
  E4   8.57  12.73   4.16   7.70   5.03
  E7   9.50   8.91  -0.59   6.26   2.65
  E6   8.13  11.54   3.41   5.72   5.82
  E1   4.20   7.82   3.62   3.78   4.04
  P8   7.30   8.02   0.72   2.67   5.35
  E3  13.71  17.03   3.33  -4.86  21.90
  E2  10.08  11.69   1.61  -5.24  16.93
  P2  -0.15   2.91   3.06  -5.80   8.71
  P3  11.48  13.42   1.94  -3.41  16.83
  P1  12.31  14.22   1.91   5.21   9.01
  P6  -2.08   2.72   4.80  -6.64   9.36
  P7  12.62  15.02   2.40  -1.36  16.38
  P4   1.33   5.53   4.19  -4.90  10.43
  P5  26.53  28.99   2.46  18.35  10.64
 H10  -1.10  -1.18  -0.09  -7.65   6.46
 H11  25.68  26.04   0.36  21.88   4.16
 H12  -0.15   3.17   3.33  -5.93   9.11
  P9   8.47   8.73   0.26   2.47   6.26
 F12   0.38  -0.76  -1.14  -9.64   8.88
 F10   1.43   3.59   2.15  -0.72   4.31
 F11   2.45   3.86   1.41  -3.12   6.98
 N12  11.59  12.86   1.27   9.38   3.48
  H8  31.46  36.56   5.11  25.39  11.17
  H9  23.58  24.39   0.81  20.97   3.42
  H6  11.58  14.39   2.81   7.58   6.81
  H7  28.10  31.32   3.22  23.97   7.35
  H4   0.86   0.11  -0.75  -1.34   1.45
  H5   9.71  11.69   1.98   7.24   4.45
 D10   8.44  12.12   3.67   7.81   4.31
 D11   2.89   3.20   0.31   3.30  -0.10
 D12   0.97   3.37   2.40   0.95   2.42
 B12  23.17  26.66   3.49   5.20  21.46
 B10   6.65   7.44   0.79  -4.39  11.84
 B11  13.08  14.93   1.86  -0.26  15.19
  Q8  12.40  13.10   0.70   4.09   9.01
  Q9   9.45  12.36   2.91   4.43   7.93
  C9   7.71   9.47   1.76   6.30   3.16
  C8   1.73   1.63  -0.10   1.93  -0.30
 Q11  -0.05   2.46   2.50  -6.91   9.37
 Q10  -0.36   2.71   3.08  -6.01   8.73
 Q12   1.90   4.78   2.88  -5.35  10.13
  C3   7.64   8.85   1.22  -1.73  10.59
  C2   9.75  11.32   1.57  -5.09  16.41
  C1  22.81  21.37  -1.43  10.22  11.15
  C7  12.63  14.07   1.44  10.43   3.64
  C6  12.77  13.41   0.64  10.76   2.65
  C5  10.54  10.66   0.12   7.60   3.07
  C4   7.09   6.76  -0.33   3.88   2.89
 N10  13.47  13.80   0.33   9.43   4.37
  N8   9.56  10.16   0.59   5.32   4.84
  N9  14.45  16.14   1.69   7.45   8.69
 N11  12.00  13.66   1.66   5.47   8.19
 G12  12.91  16.05   3.14   9.87   6.19
 G11   6.24   6.60   0.36   1.35   5.25
 G10  18.74  23.82   5.08  18.77   5.05
  F1   7.16  11.38   4.22   4.70   6.67
  F2   9.38  12.78   3.39   2.16  10.62
  F3   3.49   4.88   1.40   5.55  -0.66
  F4  10.69  11.95   1.26  -0.20  12.15
  F5   3.56   4.36   0.80   3.68   0.68
  F6   9.50  11.72   2.22   4.12   7.60
  F7  13.18  18.55   5.37   1.85  16.70
  F8   4.62   7.21   2.60   0.31   6.90
  F9   7.82   8.80   0.98  -2.03  10.83
  Q1  10.10  10.37   0.26   5.06   5.31
  Q3  -1.55   1.51   3.06  -5.70   7.21
  Q2   5.77   8.91   3.14   1.90   7.01
  Q5   1.22   3.78   2.56  -3.61   7.40
  Q4   7.11   8.71   1.60   0.04   8.67
  Q7   9.40  13.08   3.68 -11.18  24.26
  Q6   1.80   7.68   5.88 -10.48  18.17
 E11   5.39   7.47   2.09   6.10   1.37
 E10  11.82  11.65  -0.17   4.41   7.24
 E12   7.81   9.79   1.98   7.07   2.72
 C12   6.27  10.54   4.27   4.28   6.27
 C11   5.68   9.57   3.89   3.56   6.00
 C10   6.67  11.06   4.39   7.24   3.82
 A11   3.25   1.76  -1.49   0.48   1.28
 A10  13.26  13.51   0.25  -8.42  21.93
 A12  15.82  18.61   2.79   8.71   9.90
  A1  -1.77   1.04   2.81  -8.13   9.17
  A3   2.52   2.74   0.22   0.42   2.32
  A2   7.69   9.49   1.80   2.01   7.48
  A5  -1.83   1.63   3.45  -8.87  10.50
  A4  13.28  11.09  -2.19  10.42   0.67
  A7  -1.32   0.20   1.51 -10.30  10.50
  A6   6.82   9.45   2.63   3.57   5.88
  A9  18.62  19.67   1.05  16.51   3.16
  A8   5.17   3.48  -1.68   3.85  -0.37
  D8   8.61  11.50   2.89   7.54   3.96
  D9   5.45   6.46   1.00   6.78  -0.32
  D6  12.85  13.49   0.64   3.13  10.36
  D7   6.27   5.11  -1.16   4.94   0.17
  D4   9.72   9.37  -0.34   1.38   8.00
  D5  11.07  13.16   2.10   2.45  10.71
  D2   4.90   9.00   4.10   3.80   5.20
  D3   8.03   9.20   1.18  -0.02   9.22
  D1   5.47   7.39   1.91   6.22   1.16
