ACYVQCFCW -24.0051 -23.8776 2.02105 17.5356 0.05247 3.95328 -1.44645 -4.13194 0 0 0 -1.42433 -0.67891 0 0 0 0 0 0 0 0 -7.9968
AFYMGGFVW -26.8855 -23.5745 1.47423 16.0292 0.05279 3.94058 -1.0218 -4.37312 0 0 0 -1.34091 -0.63584 0 0 0 0 0 0 0 0 -9.44936
AIFANFYVW -25.4982 -23.3516 2.57217 15.3742 0.05136 3.82375 -0.55634 -4.72345 0 0 0 -1.41379 -0.65033 0 0 0 0 0 0 0 0 -8.87399
AIFYGFFVW -25.4553 -22.3403 1.8218 15.3238 0.05133 3.75967 -0.70848 -4.72947 0 0 0 -1.40936 -0.68574 0 0 0 0 0 0 0 0 -8.91666
ALALNCFVW -25.1744 -22.3038 1.75465 15.1148 0.05192 3.87224 -0.82898 -4.27721 0 0 0 -1.40292 -0.64382 0 0 0 0 0 0 0 0 -8.66306
ALALNCYVW -24.3627 -22.0283 1.55578 15.6064 0.05164 3.82064 -0.76557 -4.49866 0 0 0 -1.4082 -0.6428 0 0 0 0 0 0 0 0 -8.30907
ALAMNAYVW -24.5565 -22.1324 1.46319 15.7033 0.05156 3.84262 -0.80364 -4.4788 0 0 0 -1.38697 -0.64286 0 0 0 0 0 0 0 0 -8.38406
ALCLNSFCW -23.5493 -21.6284 1.38318 15.5604 0.05152 3.84724 -0.81622 -4.29721 0 0 0 -1.34569 -0.63067 0 0 0 0 0 0 0 0 -7.87587
ALCLQCFCW -24.4778 -23.8192 2.06138 17.2758 0.0526 3.94791 -1.45765 -4.2624 0 0 0 -1.35186 -0.68503 0 0 0 0 0 0 0 0 -8.23839
ALFANTFVW -24.7051 -22.3434 1.5389 15.6883 0.05227 3.87089 -0.8466 -4.34948 0 0 0 -1.39449 -0.64585 0 0 0 0 0 0 0 0 -8.42941
ALFANTYVW -23.9322 -22.2778 1.50795 16.2237 0.05237 3.91304 -0.9165 -4.43772 0 0 0 -1.40801 -0.6578 0 0 0 0 0 0 0 0 -8.00068
ALGLNAFVW -25.1662 -22.4133 1.66096 15.266 0.05186 3.88664 -0.85315 -4.19658 0 0 0 -1.37507 -0.67193 0 0 0 0 0 0 0 0 -8.64461
ALGLNCFVW -25.4977 -22.5947 1.83148 15.212 0.05205 3.88996 -0.88984 -4.2644 0 0 0 -1.381 -0.66237 0 0 0 0 0 0 0 0 -8.80687
ALGLNFFVW -24.1243 -21.3634 1.77481 14.6608 0.05145 3.83406 -0.62069 -4.50186 0 0 0 -1.36708 -0.6447 0 0 0 0 0 0 0 0 -8.17665
ALGLNSFVW -24.9266 -22.4992 1.60231 15.6089 0.05192 3.88354 -0.84507 -4.255 0 0 0 -1.40995 -0.66527 0 0 0 0 0 0 0 0 -8.52785
ALLANSFVW -23.9804 -21.731 1.4828 15.4283 0.05153 3.85035 -0.77491 -4.34832 0 0 0 -1.40555 -0.64153 0 0 0 0 0 0 0 0 -8.08834
ALMGNAFVW -24.5635 -22.0223 1.61861 15.2363 0.05157 3.85062 -0.77453 -4.31182 0 0 0 -1.39041 -0.63765 0 0 0 0 0 0 0 0 -8.37958
ALMGNAYVW -24.2308 -21.9084 1.39107 15.7265 0.05138 3.82036 -0.76277 -4.53342 0 0 0 -1.38837 -0.63991 0 0 0 0 0 0 0 0 -8.24364
ALYANAFVW -24.4978 -21.7792 1.48662 15.1519 0.05142 3.85206 -0.76701 -4.30584 0 0 0 -1.3925 -0.64282 0 0 0 0 0 0 0 0 -8.34541
ALYANCFVW -24.3386 -21.7057 1.63866 14.9625 0.05231 3.93092 -0.89938 -4.17409 0 0 0 -1.35856 -0.63282 0 0 0 0 0 0 0 0 -8.18608
ALYANCYVW -23.7799 -22.047 1.64838 15.7905 0.05188 3.87329 -0.83685 -4.39678 0 0 0 -1.39738 -0.65083 0 0 0 0 0 0 0 0 -7.96479
ALYANFFVW -25.552 -23.1214 2.44071 15.0869 0.05158 3.80404 -0.51642 -4.6603 0 0 0 -1.37934 -0.62617 0 0 0 0 0 0 0 0 -8.92037
ALYANFYVW -24.8137 -23.2664 2.28548 15.7542 0.05163 3.81047 -0.47532 -4.69965 0 0 0 -1.36525 -0.63985 0 0 0 0 0 0 0 0 -8.54476
ALYANIYVW -23.9595 -22.776 2.15756 16.2721 0.05263 3.93119 -1.10667 -4.50855 0 0 0 -1.38156 -0.63659 0 0 0 0 0 0 0 0 -7.99594
ALYANSFCW -23.1544 -21.5345 1.34022 15.8058 0.05141 3.84642 -0.79219 -4.37801 0 0 0 -1.37853 -0.63997 0 0 0 0 0 0 0 0 -7.67935
ALYANSFVW -23.9689 -21.8094 1.47312 15.5021 0.05147 3.85098 -0.75301 -4.36114 0 0 0 -1.39341 -0.64268 0 0 0 0 0 0 0 0 -8.08201
ALYANSYVW -23.1295 -21.5902 1.34618 16.0136 0.0513 3.82537 -0.73385 -4.58057 0 0 0 -1.38478 -0.63514 0 0 0 0 0 0 0 0 -7.68809
ALYANTFVW -24.7098 -22.4175 1.54507 15.8932 0.05251 3.93117 -0.96217 -4.33289 0 0 0 -1.41209 -0.66851 0 0 0 0 0 0 0 0 -8.37123
ALYANVFVW -25.1273 -21.8404 1.54478 14.7703 0.0513 3.85149 -0.70162 -4.31882 0 0 0 -1.37485 -0.64311 0 0 0 0 0 0 0 0 -8.66084
ALYANVYVW -24.4454 -21.8412 1.46143 15.457 0.05123 3.82709 -0.73333 -4.55283 0 0 0 -1.37332 -0.64048 0 0 0 0 0 0 0 0 -8.34437
ALYAQCFCW -24.6045 -23.9692 2.12842 17.401 0.0528 3.97101 -1.48092 -4.33293 0 0 0 -1.36229 -0.68631 0 0 0 0 0 0 0 0 -8.27845
ALYLGGFVW -26.201 -23.3853 1.64574 15.9154 0.05282 3.94596 -1.03596 -4.24592 0 0 0 -1.33195 -0.66256 0 0 0 0 0 0 0 0 -9.10174
ALYLNCFVW -25.1989 -22.4177 1.87311 15.1075 0.052 3.88173 -0.84561 -4.27417 0 0 0 -1.39541 -0.64717 0 0 0 0 0 0 0 0 -8.66571
ALYLNCWVW -24.6072 -22.7899 1.67311 15.759 0.05472 3.98196 -0.89345 -4.04347 0 0 0 -1.38929 -0.61958 0 0 0 0 0 0 0 0 -8.26693
ALYLNCYVW -24.4757 -22.0425 1.56867 15.4816 0.05161 3.83992 -0.74719 -4.46467 0 0 0 -1.39688 -0.63683 0 0 0 0 0 0 0 0 -8.34631
ALYLNFFVW -26.6639 -22.9224 2.10777 14.9575 0.05222 3.7967 -0.79406 -4.70008 0 0 0 -1.35404 -0.62661 0 0 0 0 0 0 0 0 -9.48301
ALYLNFWVW -25.4455 -22.6174 1.62791 15.3902 0.0562 4.02294 -0.87838 -4.25217 0 0 0 -1.39302 -0.59987 0 0 0 0 0 0 0 0 -8.64359
ALYLNSFVW -24.6372 -22.2123 1.5964 15.4566 0.05164 3.86483 -0.79927 -4.32928 0 0 0 -1.38118 -0.64952 0 0 0 0 0 0 0 0 -8.40213
ALYLNTFVW -24.2011 -21.8357 1.51367 15.426 0.05223 3.87172 -0.80636 -4.36167 0 0 0 -1.40582 -0.6306 0 0 0 0 0 0 0 0 -8.17661
ALYLNTYVW -23.5394 -21.7066 1.40071 15.9497 0.0523 3.88717 -0.89281 -4.46695 0 0 0 -1.40664 -0.64709 0 0 0 0 0 0 0 0 -7.83022
ALYLQAYMW -24.5187 -23.8319 1.80721 17.8511 0.05343 3.9451 -1.603 -4.40151 0 0 0 -1.37847 -0.70279 0 0 0 0 0 0 0 0 -8.26083
ALYLQTYMW -23.6698 -23.8881 1.95101 18.1318 0.05273 3.98122 -1.59453 -4.35622 0 0 0 -1.38736 -0.6915 0 0 0 0 0 0 0 0 -7.80096
ALYVNFYVW -25.4688 -23.0424 2.0289 15.7955 0.0516 3.80447 -0.72959 -4.81374 0 0 0 -1.33911 -0.63399 0 0 0 0 0 0 0 0 -8.87831
SLCMNCYVW -22.925 -22.1373 1.47161 16.9502 0.05202 3.85811 -0.85177 -4.8171 0 0 0 -1.43138 -0.64674 0 0 0 0 0 0 0 0 -7.55236
TLALAAFLL -24.2597 -22.834 1.48245 17.2037 0.05294 3.98061 -0.90879 -4.96863 0 0 0 -1.33301 -0.7716 0 0 0 0 0 0 0 0 -8.09631
TLALVTFLW -23.7065 -22.907 2.34996 16.3394 0.05385 3.98159 -0.53818 -4.84285 0 0 0 -1.38675 -0.86775 0 0 0 0 0 0 0 0 -7.81779
TLFLVAFLS -24.5474 -22.7925 1.2396 16.9435 0.05417 4.02467 -1.04056 -4.6569 0 0 0 -1.31711 -0.64981 0 0 0 0 0 0 0 0 -8.19486
TLLLAAFLL -24.7099 -23.4055 1.44244 17.4841 0.05443 3.98263 -1.00844 -4.86392 0 0 0 -1.32329 -0.68023 0 0 0 0 0 0 0 0 -8.31787
TLLLVAFLS -25.293 -23.0262 1.15545 17.0125 0.05609 4.03435 -1.06675 -4.72924 0 0 0 -1.32042 -0.67185 0 0 0 0 0 0 0 0 -8.55606
TLLLVTFLW -24.64 -22.8825 2.25587 15.9405 0.05526 4.01829 -0.55899 -4.80149 0 0 0 -1.37647 -0.89688 0 0 0 0 0 0 0 0 -8.24644
TLTLVAFLS -24.3645 -22.6311 1.12578 16.8394 0.0533 4.00961 -0.92989 -4.63955 0 0 0 -1.3296 -0.61719 0 0 0 0 0 0 0 0 -8.11933
TLVLVAFLS -24.8179 -23.0274 1.15001 17.1206 0.05424 4.003 -0.97086 -4.71253 0 0 0 -1.30978 -0.65897 0 0 0 0 0 0 0 0 -8.35172
TLYLAAFLC -23.9588 -22.8787 1.46462 17.2641 0.05469 4.02577 -0.98922 -4.82731 0 0 0 -1.31676 -0.69611 0 0 0 0 0 0 0 0 -7.89896
TLYLAAFLL -23.9494 -22.8724 1.57025 16.9532 0.05309 4.00406 -0.88681 -4.77581 0 0 0 -1.29906 -0.66408 0 0 0 0 0 0 0 0 -7.91755
TLYLAAFLS -23.4307 -22.5401 1.29461 17.1586 0.05316 4.00866 -0.89101 -4.76732 0 0 0 -1.30801 -0.66215 0 0 0 0 0 0 0 0 -7.6535
TLYLNCFLW -25.0696 -22.505 1.85017 16.1495 0.05148 3.84788 -0.55857 -5.00292 0 0 0 -1.44421 -1.02378 0 0 0 0 0 0 0 0 -8.63542
TLYLNCFVW -25.8505 -22.7753 1.59123 16.2775 0.05141 3.81404 -0.56438 -5.03449 0 0 0 -1.42405 -0.99584 0 0 0 0 0 0 0 0 -9.0598
TLYLVAFLA -24.7162 -22.8311 1.22779 16.9059 0.05453 4.02982 -1.06388 -4.63147 0 0 0 -1.30575 -0.65955 0 0 0 0 0 0 0 0 -8.27376
TLYLVAFLL -25.4918 -23.2545 1.32768 16.8933 0.05466 4.02959 -1.04988 -4.67888 0 0 0 -1.31898 -0.66468 0 0 0 0 0 0 0 0 -8.66165
TLYLVAFLS -24.6471 -22.8367 1.22851 16.9735 0.05442 4.02741 -1.05628 -4.65616 0 0 0 -1.31977 -0.65662 0 0 0 0 0 0 0 0 -8.24173
TLYLVAFLT -25.0258 -22.9766 1.22221 16.9712 0.05473 4.03378 -1.07709 -4.68132 0 0 0 -1.30642 -0.6648 0 0 0 0 0 0 0 0 -8.42439
TLYLVAFLV -25.5785 -23.0567 1.29859 16.6581 0.05532 4.03581 -1.0969 -4.61007 0 0 0 -1.30096 -0.68136 0 0 0 0 0 0 0 0 -8.69814
TLYLVAFLW -24.4778 -23.0132 2.62298 15.826 0.05226 3.96886 -0.60101 -4.75033 0 0 0 -1.40396 -0.91934 0 0 0 0 0 0 0 0 -8.2178
TLYLVCFLA -24.5543 -22.5953 1.32534 16.5666 0.05319 4.00973 -0.90074 -4.69955 0 0 0 -1.3164 -0.65702 0 0 0 0 0 0 0 0 -8.21421
TLYLVCFLC -25.1307 -22.9674 1.31329 16.8787 0.0534 3.988 -0.95614 -4.79177 0 0 0 -1.3795 -0.66249 0 0 0 0 0 0 0 0 -8.52395
TLYLVCFLS -24.8098 -22.9201 1.27848 17.0333 0.05343 3.97463 -0.95651 -4.80473 0 0 0 -1.36444 -0.67089 0 0 0 0 0 0 0 0 -8.37683
TLYLVCFLT -25.0076 -22.7926 1.22794 16.8419 0.05336 3.99184 -0.91973 -4.82872 0 0 0 -1.37463 -0.65795 0 0 0 0 0 0 0 0 -8.4586
TLYLVCFLV -25.9126 -23.29 1.25498 16.9531 0.05394 3.96851 -0.98756 -4.85036 0 0 0 -1.36425 -0.67229 0 0 0 0 0 0 0 0 -8.93384
TLYLVCFLW -24.7038 -23.3426 2.53501 15.993 0.05348 3.99935 -0.64959 -4.65064 0 0 0 -1.36223 -0.87485 0 0 0 0 0 0 0 0 -8.29908
TLYLVFFLA -27.0943 -23.5676 2.01145 15.6855 0.06905 4.09126 -0.70333 -4.80551 0 0 0 -1.35854 -0.8091 0 0 0 0 0 0 0 0 -9.38682
TLYLVFFLC -25.792 -23.0389 2.47889 15.6422 0.05242 4.01562 -0.57911 -4.87513 0 0 0 -1.38012 -1.14381 0 0 0 0 0 0 0 0 -8.82796
TLYLVFFLS -24.2945 -22.7358 2.65168 15.5763 0.05148 3.92911 -0.53422 -4.85072 0 0 0 -1.4312 -0.82323 0 0 0 0 0 0 0 0 -8.16664
TLYLVFFLT -25.0408 -22.8162 2.58266 15.5269 0.05136 3.95876 -0.4643 -4.90483 0 0 0 -1.38491 -1.05968 0 0 0 0 0 0 0 0 -8.51029
TLYLVFFLV -26.1605 -23.2513 2.56219 15.4683 0.05417 4.03732 -0.5811 -4.82345 0 0 0 -1.35559 -1.09931 0 0 0 0 0 0 0 0 -8.98875
TLYLVFFLW -26.7826 -23.4105 2.08748 16.0237 0.05369 4.01354 -0.65477 -4.91043 0 0 0 -1.3778 -1.14895 0 0 0 0 0 0 0 0 -9.32409
TLYLVLFLA -24.8502 -22.1891 2.0467 15.7792 0.05068 3.89138 -0.68699 -4.90356 0 0 0 -1.37932 -1.09205 0 0 0 0 0 0 0 0 -8.48303
TLYLVLFLC -26.6362 -22.8813 1.43569 15.8439 0.05549 3.9616 -0.74429 -4.79059 0 0 0 -1.32982 -0.85165 0 0 0 0 0 0 0 0 -9.301
TLYLVLFLL -21.9773 -21.9883 2.82408 15.6063 0.05134 3.904 -0.58452 -4.71692 0 0 0 -1.37651 -0.75276 0 0 0 0 0 0 0 0 -7.0333
TLYLVLFLS -25.5026 -22.2231 1.84216 15.6958 0.0506 3.91898 -0.74237 -4.79191 0 0 0 -1.34521 -1.18666 0 0 0 0 0 0 0 0 -8.78169
TLYLVLFLT -26.9613 -22.791 1.33458 15.8544 0.05253 3.92912 -0.7438 -4.92285 0 0 0 -1.33981 -0.87217 0 0 0 0 0 0 0 0 -9.499
TLYLVLFLV -24.0642 -21.9864 2.22432 15.4853 0.05127 3.88349 -0.64439 -4.79747 0 0 0 -1.37878 -0.93465 0 0 0 0 0 0 0 0 -8.09732
TLYLVTFLA -23.9229 -23.0336 1.34726 17.579 0.05426 3.99833 -1.21134 -4.63831 0 0 0 -1.34482 -0.65969 0 0 0 0 0 0 0 0 -7.90888
TLYLVTFLC -24.516 -23.2656 1.35166 17.5701 0.0544 3.99362 -1.2141 -4.68658 0 0 0 -1.35405 -0.65951 0 0 0 0 0 0 0 0 -8.20998
TLYLVTFLL -24.6708 -23.5022 1.42415 17.628 0.054 3.99301 -1.19507 -4.6527 0 0 0 -1.35934 -0.67822 0 0 0 0 0 0 0 0 -8.28837
TLYLVTFLS -23.7128 -22.9763 1.30308 17.6926 0.05419 4.00763 -1.18128 -4.67217 0 0 0 -1.35338 -0.66891 0 0 0 0 0 0 0 0 -7.79459
TLYLVTFLT -24.6303 -23.3634 1.31846 17.6583 0.05489 3.98617 -1.22835 -4.70405 0 0 0 -1.3316 -0.66454 0 0 0 0 0 0 0 0 -8.27409
TLYLVTFLW -23.2244 -23.0992 2.5897 16.4763 0.05371 4.0036 -0.56442 -4.83593 0 0 0 -1.37932 -0.79925 0 0 0 0 0 0 0 0 -7.55487
TLYLVVFLA -25.3917 -22.8209 1.56843 16.331 0.05264 3.95732 -0.82572 -4.76098 0 0 0 -1.32235 -0.86537 0 0 0 0 0 0 0 0 -8.68588
TLYLVVFLC -25.9916 -23.0468 1.4856 16.3975 0.05354 3.95672 -0.88253 -4.7716 0 0 0 -1.29965 -0.87828 0 0 0 0 0 0 0 0 -8.98555
TLYLVVFLS -26.0882 -22.9891 1.43441 16.215 0.05599 3.99734 -0.93625 -4.69328 0 0 0 -1.26999 -0.80494 0 0 0 0 0 0 0 0 -8.99079
TLYLVVFLT -26.0304 -23.0544 1.39661 16.4029 0.05594 3.98355 -0.95222 -4.71477 0 0 0 -1.27585 -0.81747 0 0 0 0 0 0 0 0 -8.97569
TLYLVVFLV -25.0076 -23.0302 1.54448 16.7429 0.05576 4.05872 -1.0548 -4.63791 0 0 0 -1.3839 -0.68432 0 0 0 0 0 0 0 0 -8.38933
TLYLVVFLW -26.9866 -23.6801 1.96096 15.8163 0.05606 4.04291 -0.75836 -4.63911 0 0 0 -1.29874 -0.89429 0 0 0 0 0 0 0 0 -9.39435
TLYLVWFLA -27.3366 -23.4068 2.11044 15.3673 0.05159 3.97008 -0.52315 -4.74423 0 0 0 -1.38428 -1.08758 0 0 0 0 0 0 0 0 -9.64664
TLYLVWFLC -28.1712 -24.0953 2.13457 15.4744 0.07906 4.11276 -0.67731 -4.7082 0 0 0 -1.36131 -0.85245 0 0 0 0 0 0 0 0 -9.89379
TLYLVWFLD -26.7253 -23.4561 2.5913 15.3652 0.05148 3.96615 -0.43046 -4.8972 0 0 0 -1.42894 -1.10649 0 0 0 0 0 0 0 0 -9.34502
TLYLVWFLE -24.1448 -21.9389 1.86375 16.3218 0.05083 3.87612 -0.68864 -5.12911 0 0 0 -1.4457 -1.05564 0 0 0 0 0 0 0 0 -8.14544
TLYLVWFLG -26.3648 -23.407 2.09236 15.7321 0.05194 3.96973 -0.62024 -4.71765 0 0 0 -1.36828 -0.89373 0 0 0 0 0 0 0 0 -9.16074
TLYLVWFLI -25.1286 -23.166 3.17094 15.0452 0.05172 3.98645 -0.41385 -4.78488 0 0 0 -1.41197 -1.00379 0 0 0 0 0 0 0 0 -8.52612
TLYLVWFLK -26.8998 -23.4316 2.53179 15.3531 0.05671 4.06826 -0.55222 -4.85935 0 0 0 -1.40231 -1.08935 0 0 0 0 0 0 0 0 -9.32493
TLYLVWFLL -26.3705 -23.5789 2.96467 15.3634 0.05453 4.05568 -0.53812 -4.83447 0 0 0 -1.40661 -1.15523 0 0 0 0 0 0 0 0 -9.07506
TLYLVWFLM -28.1898 -24.1118 2.43203 15.1998 0.07447 4.09637 -0.6196 -4.6826 0 0 0 -1.33966 -0.97307 0 0 0 0 0 0 0 0 -9.92404
TLYLVWFLN -24.7831 -22.208 1.73171 16.3347 0.05086 3.91094 -0.67828 -5.08452 0 0 0 -1.43791 -1.04927 0 0 0 0 0 0 0 0 -8.42975
TLYLVWFLP -26.8006 -23.6886 2.86901 15.2075 0.05183 3.98262 -0.45987 -4.84013 0 0 0 -1.41664 -1.07153 0 0 0 0 0 0 0 0 -9.36583
TLYLVWFLQ -28.2203 -23.8321 2.42223 15.241 0.05648 4.02803 -0.57875 -4.85318 0 0 0 -1.39559 -1.11378 0 0 0 0 0 0 0 0 -10.0256
TLYLVWFLS -26.5919 -23.5315 2.58148 15.4223 0.05146 3.96226 -0.4812 -4.83038 0 0 0 -1.41474 -1.04191 0 0 0 0 0 0 0 0 -9.28223
TLYLVWFLT -28.1561 -24.0028 2.2709 15.326 0.07356 4.09539 -0.61076 -4.72345 0 0 0 -1.35753 -0.98035 0 0 0 0 0 0 0 0 -9.90911
TLYLVWFLV -27.6117 -23.6258 2.38914 15.2452 0.05292 4.01435 -0.54687 -4.74498 0 0 0 -1.38362 -1.13889 0 0 0 0 0 0 0 0 -9.73859
TLYLVWFLW -25.4626 -22.8457 2.06319 16.1537 0.05089 3.93534 -0.57599 -5.02275 0 0 0 -1.45355 -1.05013 0 0 0 0 0 0 0 0 -8.74507
