ACYVQCFCW -24.9432 -26.0409 2.25204 19.9022 0.0535 4.0044 -1.8197 -4.85383 0 0 0 -1.23118 -0.68021 0 0 0 0 0 0 0 0 -8.4137
AFYMGGFVW -26.8102 -25.7781 1.68481 18.9252 0.05268 3.88813 -1.38492 -5.09384 0 0 0 -1.10819 -0.65014 0 0 0 0 0 0 0 0 -9.4643
AIFANFYVW -25.9546 -24.9973 2.47203 17.9492 0.05387 3.94191 -1.18218 -5.21447 0 0 0 -1.3712 -0.63334 0 0 0 0 0 0 0 0 -8.98152
AIFYGFFVW -28.3762 -25.6913 1.87478 18.2526 0.05271 3.78854 -1.38782 -5.29912 0 0 0 -1.30305 -0.63419 0 0 0 0 0 0 0 0 -10.3468
ALALNCFVW -26.6291 -24.6359 1.80109 17.5799 0.05169 3.87825 -1.17292 -5.01362 0 0 0 -1.24193 -0.63116 0 0 0 0 0 0 0 0 -9.38464
ALALNCYVW -25.4801 -24.4155 1.65858 18.0263 0.05164 3.87772 -1.15052 -5.01589 0 0 0 -1.20776 -0.63519 0 0 0 0 0 0 0 0 -8.81069
ALAMNAYVW -25.0877 -24.1909 1.52711 18.0979 0.05197 3.86446 -1.2037 -4.94362 0 0 0 -1.18492 -0.64573 0 0 0 0 0 0 0 0 -8.62743
ALCLNSFCW -25.4228 -24.6047 1.69978 18.4811 0.05241 3.85273 -1.37694 -5.11834 0 0 0 -1.14234 -0.64996 0 0 0 0 0 0 0 0 -8.80627
ALCLQCFCW -26.6015 -25.6265 2.24023 19.4569 0.0508 3.93269 -1.40574 -5.5561 0 0 0 -1.27874 -1.1308 0 0 0 0 0 0 0 0 -9.31726
ALFANTFVW -25.7168 -25.0975 2.05268 18.3625 0.05255 3.88752 -1.25006 -5.07126 0 0 0 -1.20887 -0.64594 0 0 0 0 0 0 0 0 -8.91835
ALFANTYVW -24.6055 -24.8015 1.94735 18.718 0.05256 3.89075 -1.22152 -5.09336 0 0 0 -1.20068 -0.65104 0 0 0 0 0 0 0 0 -8.35944
ALGLNAFVW -26.6128 -24.8345 1.77529 17.8602 0.05254 3.86608 -1.35498 -4.92042 0 0 0 -1.17752 -0.65442 0 0 0 0 0 0 0 0 -9.3878
ALGLNCFVW -26.5342 -24.864 1.95271 17.7939 0.0522 3.87669 -1.25111 -5.00205 0 0 0 -1.23311 -0.66343 0 0 0 0 0 0 0 0 -9.33819
ALGLNFFVW -25.9425 -24.0563 1.94862 16.8632 0.05488 4.12451 -1.07855 -4.75898 0 0 0 -1.2058 -0.68346 0 0 0 0 0 0 0 0 -8.79187
ALGLNSFVW -25.9798 -24.85 1.78752 18.1952 0.0525 3.86739 -1.31825 -4.97863 0 0 0 -1.15676 -0.669 0 0 0 0 0 0 0 0 -9.07001
ALLANSFVW -25.7067 -24.8432 1.89245 18.2912 0.05256 3.88629 -1.30068 -5.05161 0 0 0 -1.19162 -0.64985 0 0 0 0 0 0 0 0 -8.91448
ALMGNAFVW -24.3533 -24.7743 2.59153 18.1063 0.05266 3.9022 -1.2999 -4.90872 0 0 0 -1.2388 -0.65275 0 0 0 0 0 0 0 0 -8.2218
ALMGNAYVW -23.5321 -24.5576 2.4463 18.4653 0.05264 3.91382 -1.25471 -4.95385 0 0 0 -1.24238 -0.66913 0 0 0 0 0 0 0 0 -7.79959
ALYANAFVW -26.219 -24.9343 1.93312 17.982 0.05246 3.86999 -1.31738 -4.92411 0 0 0 -1.19432 -0.65448 0 0 0 0 0 0 0 0 -9.18703
ALYANCFVW -25.9503 -25.1033 2.19438 18.1139 0.05237 3.89541 -1.28962 -5.01367 0 0 0 -1.22965 -0.64715 0 0 0 0 0 0 0 0 -9.02735
ALYANCYVW -25.0125 -24.7355 1.93556 18.4757 0.05187 3.87953 -1.18829 -5.11212 0 0 0 -1.24873 -0.63289 0 0 0 0 0 0 0 0 -8.57483
ALYANFFVW -25.7093 -24.8282 2.62201 17.6932 0.05248 3.9218 -1.14217 -5.24524 0 0 0 -1.32957 -0.62472 0 0 0 0 0 0 0 0 -8.88035
ALYANFYVW -24.1495 -24.4687 2.5891 18.01 0.05237 3.94129 -1.11932 -5.16168 0 0 0 -1.29212 -0.632 0 0 0 0 0 0 0 0 -8.08108
ALYANIYVW -23.6708 -24.7444 2.37807 18.6904 0.05322 3.88731 -1.1996 -5.04687 0 0 0 -1.26947 -0.64349 0 0 0 0 0 0 0 0 -7.89485
ALYANSFCW -24.8931 -24.4864 1.74657 18.4655 0.05264 3.87226 -1.29766 -5.05303 0 0 0 -1.1721 -0.64942 0 0 0 0 0 0 0 0 -8.52166
ALYANSFVW -25.696 -24.9852 1.8691 18.4279 0.05262 3.88419 -1.30873 -4.99417 0 0 0 -1.20513 -0.65177 0 0 0 0 0 0 0 0 -8.9112
ALYANSYVW -24.5797 -24.6957 1.7853 18.8386 0.05244 3.87555 -1.28096 -5.06921 0 0 0 -1.21352 -0.65436 0 0 0 0 0 0 0 0 -8.36184
ALYANTFVW -25.7011 -24.9707 1.95079 18.3199 0.05265 3.89615 -1.20729 -5.07499 0 0 0 -1.21904 -0.64917 0 0 0 0 0 0 0 0 -8.90175
ALYANVFVW -26.2215 -24.7732 2.10194 17.742 0.05193 3.87924 -1.12805 -5.1281 0 0 0 -1.30064 -0.62469 0 0 0 0 0 0 0 0 -9.17958
ALYANVYVW -24.3603 -24.5642 2.25713 18.159 0.05248 3.91566 -1.1322 -4.99236 0 0 0 -1.27181 -0.63577 0 0 0 0 0 0 0 0 -8.21201
ALYAQCFCW -24.6339 -25.4614 2.57304 19.4614 0.05303 4.00071 -1.43105 -5.50245 0 0 0 -1.22749 -0.72895 0 0 0 0 0 0 0 0 -8.26323
ALYLGGFVW -27.0102 -26.3669 1.90715 19.2304 0.05283 3.90533 -1.41246 -5.05153 0 0 0 -1.14908 -0.66268 0 0 0 0 0 0 0 0 -9.54695
ALYLNCFVW -26.8707 -25.6504 2.24438 18.1602 0.05228 3.89783 -1.316 -5.0041 0 0 0 -1.2269 -0.64261 0 0 0 0 0 0 0 0 -9.48525
ALYLNCWVW -28.2736 -26.002 2.06779 18.1264 0.05176 3.86057 -1.25618 -5.07012 0 0 0 -1.369 -0.63378 0 0 0 0 0 0 0 0 -10.2245
ALYLNCYVW -25.7081 -25.2883 2.12471 18.4056 0.05237 3.90229 -1.26658 -4.96092 0 0 0 -1.21889 -0.64963 0 0 0 0 0 0 0 0 -8.89941
ALYLNFFVW -24.9054 -24.7471 2.84598 17.8926 0.05226 3.91371 -1.1619 -5.26879 0 0 0 -1.38052 -0.63296 0 0 0 0 0 0 0 0 -8.48671
ALYLNFWVW -26.9439 -25.6339 2.61495 18.1023 0.0535 3.89983 -1.28509 -5.2792 0 0 0 -1.35804 -0.63306 0 0 0 0 0 0 0 0 -9.51864
ALYLNSFVW -26.6035 -25.4767 1.93414 18.4158 0.05249 3.88334 -1.29062 -5.03016 0 0 0 -1.21264 -0.64152 0 0 0 0 0 0 0 0 -9.3659
ALYLNTFVW -26.582 -25.4483 1.97874 18.283 0.05236 3.87801 -1.2672 -5.01821 0 0 0 -1.17721 -0.64188 0 0 0 0 0 0 0 0 -9.36063
ALYLNTYVW -25.6113 -25.21 1.91012 18.6339 0.05258 3.89901 -1.23944 -5.05606 0 0 0 -1.19046 -0.65371 0 0 0 0 0 0 0 0 -8.85408
ALYLQAYMW -25.9029 -25.4074 1.90363 19.9309 0.05502 3.98085 -1.37117 -5.6217 0 0 0 -1.21198 -1.17368 0 0 0 0 0 0 0 0 -8.91556
ALYLQTYMW -25.895 -25.5268 2.27715 19.7558 0.05466 3.99003 -1.34805 -5.64393 0 0 0 -1.27586 -1.18586 0 0 0 0 0 0 0 0 -8.90281
ALYVNFYVW -24.4963 -24.5223 2.47713 18.09 0.05246 3.93358 -1.05324 -5.20924 0 0 0 -1.39316 -0.63732 0 0 0 0 0 0 0 0 -8.26214
SLCMNCYVW -24.8293 -25.0122 1.72851 18.9845 0.05205 3.86451 -1.28033 -4.92787 0 0 0 -1.25141 -0.65589 0 0 0 0 0 0 0 0 -8.49809
TLALAAFLL -23.9417 -24.2978 1.49746 18.8957 0.05223 3.93492 -1.34611 -4.90117 0 0 0 -1.14499 -0.67398 0 0 0 0 0 0 0 0 -7.98371
TLALVTFLW -23.9988 -26.3976 2.78014 19.5176 0.05231 3.94275 -0.93736 -5.18396 0 0 0 -1.14885 -0.62934 0 0 0 0 0 0 0 0 -8.00434
TLFLVAFLS -25.6465 -25.167 1.58715 18.8046 0.05422 3.99727 -1.23061 -5.02062 0 0 0 -1.14135 -0.65544 0 0 0 0 0 0 0 0 -8.77176
TLLLAAFLL -25.9936 -25.5875 1.76959 19.3045 0.05874 3.91392 -1.44476 -5.13002 0 0 0 -1.2728 -0.63582 0 0 0 0 0 0 0 0 -9.02413
TLLLVAFLS -25.6283 -25.3771 1.54499 19.126 0.05698 3.95955 -1.39025 -4.87361 0 0 0 -1.19675 -0.64743 0 0 0 0 0 0 0 0 -8.79763
TLLLVTFLW -25.8942 -25.9029 1.66006 19.4767 0.05166 3.88602 -1.28866 -5.10287 0 0 0 -1.14019 -0.64923 0 0 0 0 0 0 0 0 -9.00943
TLTLVAFLS -25.2255 -24.8972 1.24955 19.0542 0.05283 3.8953 -1.27242 -4.93752 0 0 0 -1.14555 -0.66384 0 0 0 0 0 0 0 0 -8.66464
TLVLVAFLS -24.5957 -24.4295 1.46596 18.681 0.05337 3.91846 -1.20602 -5.03675 0 0 0 -1.12731 -0.6452 0 0 0 0 0 0 0 0 -8.326
TLYLAAFLC -25.072 -25.1089 1.73349 19.3012 0.05582 3.93338 -1.51887 -5.04058 0 0 0 -1.22507 -0.67722 0 0 0 0 0 0 0 0 -8.5468
TLYLAAFLL -24.6356 -25.3176 2.0308 19.074 0.05287 3.94528 -1.40056 -4.86799 0 0 0 -1.1599 -0.67659 0 0 0 0 0 0 0 0 -8.31963
TLYLAAFLS -23.8048 -24.4774 1.71506 19.0672 0.05423 3.98184 -1.42597 -4.93189 0 0 0 -1.17746 -0.67191 0 0 0 0 0 0 0 0 -7.8663
TLYLNCFLW -24.5305 -26.1937 2.79675 19.529 0.05248 3.86872 -1.28071 -5.17849 0 0 0 -1.29988 -0.63816 0 0 0 0 0 0 0 0 -8.34404
TLYLNCFVW -24.8413 -25.9164 2.18528 19.2046 0.05294 3.87951 -1.24662 -4.80094 0 0 0 -1.20973 -0.63683 0 0 0 0 0 0 0 0 -8.4882
TLYLVAFLA -25.4537 -25.3872 1.67075 18.97 0.05341 3.97892 -1.24704 -4.91074 0 0 0 -1.18192 -0.64066 0 0 0 0 0 0 0 0 -8.69451
TLYLVAFLL -26.218 -25.7683 1.68648 19.0008 0.05379 3.98833 -1.27094 -4.94077 0 0 0 -1.15507 -0.66127 0 0 0 0 0 0 0 0 -9.06687
TLYLVAFLS -25.3664 -25.4694 1.68661 19.1337 0.05335 3.97334 -1.26595 -4.93739 0 0 0 -1.17599 -0.65477 0 0 0 0 0 0 0 0 -8.65653
TLYLVAFLT -25.5111 -25.394 1.67345 19.0465 0.05347 3.97829 -1.27603 -4.9931 0 0 0 -1.16309 -0.64934 0 0 0 0 0 0 0 0 -8.72378
TLYLVAFLV -26.0692 -25.509 1.63218 18.8841 0.05393 3.99423 -1.27689 -4.96077 0 0 0 -1.15152 -0.6527 0 0 0 0 0 0 0 0 -8.98647
TLYLVAFLW -25.0126 -26.8406 3.08133 19.3827 0.05257 3.90573 -1.11752 -5.17918 0 0 0 -1.17972 -0.65336 0 0 0 0 0 0 0 0 -8.548
TLYLVCFLA -25.5786 -25.2501 1.62411 18.9402 0.055 3.99043 -1.25576 -5.03792 0 0 0 -1.16238 -0.64746 0 0 0 0 0 0 0 0 -8.74386
TLYLVCFLC -26.062 -25.5729 1.64004 19.0681 0.05526 3.98596 -1.27068 -5.08616 0 0 0 -1.15721 -0.65218 0 0 0 0 0 0 0 0 -8.98977
TLYLVCFLS -25.5404 -25.4444 1.66821 19.1535 0.05465 3.99113 -1.24114 -5.08592 0 0 0 -1.17416 -0.64633 0 0 0 0 0 0 0 0 -8.72441
TLYLVCFLT -25.6237 -25.4499 1.63422 19.136 0.05544 3.98318 -1.30512 -5.01893 0 0 0 -1.15962 -0.6485 0 0 0 0 0 0 0 0 -8.77322
TLYLVCFLV -26.5204 -25.8108 1.62401 19.1198 0.05587 3.9725 -1.26394 -5.12017 0 0 0 -1.16012 -0.64894 0 0 0 0 0 0 0 0 -9.23185
TLYLVCFLW -24.4105 -26.8944 3.28039 19.5074 0.05284 3.915 -1.04083 -5.2146 0 0 0 -1.19355 -0.6497 0 0 0 0 0 0 0 0 -8.23743
TLYLVFFLA -20.3189 -26.0385 4.64635 19.0079 0.05234 3.96014 -0.9359 -4.98983 0 0 0 -1.22925 -0.6203 0 0 0 0 0 0 0 0 -6.14699
TLYLVFFLC -22.4646 -25.3916 3.67409 18.6568 0.05343 4.04913 -0.98706 -5.20059 0 0 0 -1.3233 -0.66066 0 0 0 0 0 0 0 0 -7.12973
TLYLVFFLS -21.7308 -25.8546 4.49369 18.6624 0.0534 4.06956 -0.94338 -5.23347 0 0 0 -1.33205 -0.65802 0 0 0 0 0 0 0 0 -6.74242
TLYLVFFLT -20.3992 -25.8731 4.99543 18.7163 0.05288 4.0436 -0.87752 -5.16099 0 0 0 -1.3413 -0.6585 0 0 0 0 0 0 0 0 -6.10312
TLYLVFFLV -20.3355 -25.8811 5.18881 18.7141 0.05375 4.07978 -0.86987 -5.29753 0 0 0 -1.37482 -0.64742 0 0 0 0 0 0 0 0 -6.03425
TLYLVFFLW -23.0395 -25.646 3.4148 18.8562 0.05533 3.9925 -0.85434 -5.27745 0 0 0 -1.37052 -0.64241 0 0 0 0 0 0 0 0 -7.47192
TLYLVLFLA -25.1723 -24.9734 1.66444 18.7751 0.05506 3.94253 -1.2266 -4.95928 0 0 0 -1.19965 -0.66675 0 0 0 0 0 0 0 0 -8.58854
TLYLVLFLC -25.3799 -25.3617 1.7381 18.9189 0.05454 3.93165 -1.28995 -4.84353 0 0 0 -1.19072 -0.66098 0 0 0 0 0 0 0 0 -8.70375
TLYLVLFLL -25.7392 -25.4913 1.77879 18.9271 0.05472 3.92905 -1.33161 -4.87225 0 0 0 -1.21175 -0.66853 0 0 0 0 0 0 0 0 -8.88585
TLYLVLFLS -25.8397 -25.1002 1.64022 18.8663 0.05728 3.91482 -1.22576 -5.18119 0 0 0 -1.26817 -0.65102 0 0 0 0 0 0 0 0 -8.94775
TLYLVLFLT -25.5923 -25.0851 1.6381 18.8527 0.05582 3.9512 -1.2639 -5.1091 0 0 0 -1.17909 -0.64976 0 0 0 0 0 0 0 0 -8.78914
TLYLVLFLV -26.6646 -25.4488 1.5875 18.8736 0.05711 3.89264 -1.32905 -5.0937 0 0 0 -1.26801 -0.65374 0 0 0 0 0 0 0 0 -9.38252
TLYLVTFLA -24.7476 -25.4797 1.94079 19.1182 0.05469 4.01221 -1.1061 -5.04722 0 0 0 -1.1343 -0.66538 0 0 0 0 0 0 0 0 -8.3069
TLYLVTFLC -24.437 -25.7038 2.04573 19.3176 0.05325 3.95724 -1.17065 -4.91061 0 0 0 -1.14879 -0.64795 0 0 0 0 0 0 0 0 -8.20801
TLYLVTFLL -24.7885 -26.1738 2.24098 19.4284 0.05344 3.96849 -1.1547 -4.94424 0 0 0 -1.14665 -0.64417 0 0 0 0 0 0 0 0 -8.37232
TLYLVTFLS -24.3488 -25.7455 2.12983 19.3935 0.05362 3.97865 -1.1382 -5.00936 0 0 0 -1.18407 -0.62064 0 0 0 0 0 0 0 0 -8.14214
TLYLVTFLT -24.8774 -25.5624 1.96038 19.1895 0.05446 4.00481 -1.16959 -5.06493 0 0 0 -1.13142 -0.66013 0 0 0 0 0 0 0 0 -8.37942
TLYLVTFLW -23.98 -27.0257 3.19851 19.7651 0.05293 3.92943 -0.97823 -5.16543 0 0 0 -1.13463 -0.64967 0 0 0 0 0 0 0 0 -8.00763
TLYLVVFLA -24.4737 -25.0078 1.9058 18.7024 0.05473 4.00274 -1.27202 -4.78739 0 0 0 -1.14498 -0.63293 0 0 0 0 0 0 0 0 -8.17936
TLYLVVFLC -24.8165 -25.138 1.87204 18.734 0.05558 4.01512 -1.28467 -4.80446 0 0 0 -1.1339 -0.65323 0 0 0 0 0 0 0 0 -8.33753
TLYLVVFLS -24.3043 -24.9834 1.93484 18.7619 0.05601 4.0124 -1.25271 -4.82623 0 0 0 -1.12437 -0.66212 0 0 0 0 0 0 0 0 -8.08374
TLYLVVFLT -24.6695 -25.1127 1.92967 18.7961 0.05598 4.0129 -1.28415 -4.87027 0 0 0 -1.12752 -0.66586 0 0 0 0 0 0 0 0 -8.26588
TLYLVVFLV -25.2674 -25.3137 1.91622 18.6936 0.05663 4.00481 -1.26396 -4.83418 0 0 0 -1.16645 -0.66523 0 0 0 0 0 0 0 0 -8.57228
TLYLVVFLW -24.2931 -26.8382 3.43451 19.2057 0.05402 3.9899 -0.95761 -5.13789 0 0 0 -1.20337 -0.64967 0 0 0 0 0 0 0 0 -8.10263
TLYLVWFLA -23.7288 -26.4655 3.8628 18.772 0.05418 4.02269 -0.94662 -5.13347 0 0 0 -1.30065 -0.65299 0 0 0 0 0 0 0 0 -7.78753
TLYLVWFLC -23.1864 -26.5136 4.22468 18.8071 0.05531 4.04308 -0.90789 -5.22364 0 0 0 -1.32487 -0.65495 0 0 0 0 0 0 0 0 -7.49482
TLYLVWFLD -24.3982 -26.4043 3.8731 18.6 0.05662 4.06165 -0.91552 -5.3137 0 0 0 -1.38304 -0.65571 0 0 0 0 0 0 0 0 -8.08082
TLYLVWFLE -7.46779 -21.1536 6.21818 17.3575 0.05626 4.6486 -1.07146 -4.19427 0 0 0 -0.36667 -0.52357 0 0 0 0 0 0 0 0 0.97097
TLYLVWFLG -22.3942 -26.4752 3.84906 19.0893 0.05284 3.94988 -0.96483 -4.87852 0 0 0 -1.19477 -0.62205 0 0 0 0 0 0 0 0 -7.19436
TLYLVWFLI -9.923 -20.7137 4.6224 16.8126 0.06073 4.7886 -1.01086 -3.79777 0 0 0 -0.39784 -0.47635 0 0 0 0 0 0 0 0 -0.11217
TLYLVWFLK -22.6441 -26.39 4.34577 18.6362 0.05459 3.97845 -0.87378 -5.10917 0 0 0 -1.29124 -0.63986 0 0 0 0 0 0 0 0 -7.28903
TLYLVWFLL -9.14726 -20.7909 4.98441 17.8561 0.05667 4.7436 -1.0634 -4.37964 0 0 0 -0.40359 -0.77658 0 0 0 0 0 0 0 0 0.22664
TLYLVWFLM -22.5417 -26.468 4.47762 18.8329 0.05535 4.01298 -0.88139 -5.25434 0 0 0 -1.32722 -0.65041 0 0 0 0 0 0 0 0 -7.2025
TLYLVWFLN -21.6564 -25.6825 4.07133 19.118 0.05497 4.04596 -1.02849 -5.25795 0 0 0 -1.381 -0.66756 0 0 0 0 0 0 0 0 -6.72727
TLYLVWFLP -21.0292 -26.6616 5.34191 18.8978 0.05522 4.00949 -0.84098 -5.22752 0 0 0 -1.38557 -0.63864 0 0 0 0 0 0 0 0 -6.4499
TLYLVWFLQ -22.3307 -26.5057 4.73058 18.7045 0.05536 4.02262 -0.85481 -5.19899 0 0 0 -1.39063 -0.65032 0 0 0 0 0 0 0 0 -7.08739
TLYLVWFLS -23.6189 -26.4604 4.1374 18.6232 0.0558 4.06406 -0.94575 -5.194 0 0 0 -1.32637 -0.64351 0 0 0 0 0 0 0 0 -7.68961
TLYLVWFLT -9.50434 -20.4963 4.83701 16.7974 0.05718 4.74273 -0.80083 -4.16257 0 0 0 -0.36264 -0.56427 0 0 0 0 0 0 0 0 0.04774
TLYLVWFLV -9.68013 -20.9347 4.77045 17.4473 0.05702 4.91266 -1.05328 -4.16182 0 0 0 -0.40734 -0.50071 0 0 0 0 0 0 0 0 0.12961
TLYLVWFLW -25.5796 -26.0085 2.67477 19.0609 0.0559 3.88183 -1.10813 -5.41416 0 0 0 -1.37225 -0.62248 0 0 0 0 0 0 0 0 -8.8521
