ACYVQCFCW -35.1426 -27.6017 2.20545 16.145 0.06746 3.8131 -1.49044 -4.75026 0 0 0 -1.40885 -0.67056 0 0 0 0 0 0 0 0 -13.6907
AFYMGGFVW -35.7348 -27.2585 1.7808 15.6218 0.06644 3.67012 -1.17474 -4.83554 0 0 0 -1.37218 -0.62902 0 0 0 0 0 0 0 0 -14.1308
AIFANFYVW -37.0831 -26.8974 2.0129 14.4727 0.06631 3.6171 -1.14068 -4.89844 0 0 0 -1.43908 -0.65159 0 0 0 0 0 0 0 0 -14.8581
AIFYGFFVW -32.8218 -26.6902 3.93019 14.0509 0.0733 3.50532 -0.82035 -4.89448 0 0 0 -1.39142 -0.59555 0 0 0 0 0 0 0 0 -12.8323
ALALNCFVW -35.6563 -26.6602 2.24019 14.5124 0.06621 3.63438 -1.1416 -4.72422 0 0 0 -1.39938 -0.65527 0 0 0 0 0 0 0 0 -14.1276
ALALNCYVW -34.9016 -26.6514 2.09641 15.0352 0.06624 3.6634 -1.15117 -4.72247 0 0 0 -1.38415 -0.67318 0 0 0 0 0 0 0 0 -13.7211
ALAMNAYVW -35.6474 -26.6532 1.74387 14.8942 0.06614 3.68564 -1.12863 -4.66548 0 0 0 -1.3378 -0.67663 0 0 0 0 0 0 0 0 -14.0719
ALCLNSFCW -35.2719 -26.6681 2.03856 15.0287 0.0664 3.66483 -1.2923 -4.70281 0 0 0 -1.38483 -0.65514 0 0 0 0 0 0 0 0 -13.9047
ALCLQCFCW -33.3971 -26.965 2.42659 16.0697 0.06781 3.81804 -1.63927 -4.61407 0 0 0 -1.33937 -0.63711 0 0 0 0 0 0 0 0 -12.8127
ALFANTFVW -34.8301 -27.1227 2.68908 14.6854 0.06626 3.69954 -0.97561 -4.63676 0 0 0 -1.41061 -0.64385 0 0 0 0 0 0 0 0 -13.6492
ALFANTYVW -34.0661 -26.9054 2.42992 15.2436 0.06631 3.68827 -0.92642 -4.79377 0 0 0 -1.42816 -0.65283 0 0 0 0 0 0 0 0 -13.2785
ALGLNAFVW -36.2269 -26.8937 2.32903 14.4852 0.06693 3.65586 -1.27041 -4.70502 0 0 0 -1.39692 -0.6617 0 0 0 0 0 0 0 0 -14.3906
ALGLNCFVW -35.3115 -26.4187 2.24407 14.4329 0.06623 3.6554 -1.21921 -4.64638 0 0 0 -1.38762 -0.66079 0 0 0 0 0 0 0 0 -13.9341
ALGLNFFVW -32.4649 -24.9259 2.31661 13.9009 0.07029 3.77267 -0.74026 -4.70261 0 0 0 -1.42229 -0.6589 0 0 0 0 0 0 0 0 -12.3895
ALGLNSFVW -35.0897 -26.5327 2.21458 14.7452 0.06665 3.65481 -1.28675 -4.62733 0 0 0 -1.399 -0.65895 0 0 0 0 0 0 0 0 -13.8234
ALLANSFVW -35.4557 -26.9864 2.04624 15.2381 0.06633 3.70308 -1.19735 -4.76838 0 0 0 -1.39491 -0.66508 0 0 0 0 0 0 0 0 -13.9584
ALMGNAFVW -36.8166 -27.5361 2.29947 14.7838 0.06639 3.71107 -1.2307 -4.66395 0 0 0 -1.40904 -0.65183 0 0 0 0 0 0 0 0 -14.6308
ALMGNAYVW -35.621 -26.998 1.94928 15.303 0.06644 3.71017 -1.17355 -4.81763 0 0 0 -1.42379 -0.64988 0 0 0 0 0 0 0 0 -14.0339
ALYANAFVW -37.7347 -27.2679 1.85523 14.4746 0.06637 3.68817 -1.19482 -4.66999 0 0 0 -1.42078 -0.64364 0 0 0 0 0 0 0 0 -15.1128
ALYANCFVW -37.3885 -27.5513 2.08125 14.6708 0.06626 3.68602 -1.13721 -4.70697 0 0 0 -1.39337 -0.65744 0 0 0 0 0 0 0 0 -14.942
ALYANCYVW -36.3293 -27.294 1.96814 14.9971 0.0663 3.69377 -1.10679 -4.71218 0 0 0 -1.36164 -0.65533 0 0 0 0 0 0 0 0 -14.4046
ALYANFFVW -37.4085 -26.8813 1.8647 13.9482 0.06658 3.66183 -1.03512 -4.56361 0 0 0 -1.40777 -0.62931 0 0 0 0 0 0 0 0 -14.9758
ALYANFYVW -36.658 -26.7359 1.70756 14.4462 0.06672 3.668 -1.01631 -4.66746 0 0 0 -1.41794 -0.64519 0 0 0 0 0 0 0 0 -14.5942
ALYANIYVW -32.7246 -26.4497 3.32518 14.503 0.06725 3.67259 -0.91265 -4.76329 0 0 0 -1.42656 -0.63837 0 0 0 0 0 0 0 0 -12.6225
ALYANSFCW -35.1753 -26.8615 1.69375 15.6237 0.06633 3.67204 -1.24021 -4.76277 0 0 0 -1.3951 -0.64546 0 0 0 0 0 0 0 0 -13.8493
ALYANSFVW -36.0257 -27.1072 1.94969 14.9926 0.06629 3.70566 -1.17444 -4.6164 0 0 0 -1.40775 -0.64935 0 0 0 0 0 0 0 0 -14.2409
ALYANSYVW -35.35 -27.0234 1.81405 15.52 0.06626 3.69843 -1.18451 -4.75562 0 0 0 -1.39785 -0.6477 0 0 0 0 0 0 0 0 -13.9103
ALYANTFVW -34.833 -27.0466 2.51979 14.8025 0.06622 3.69034 -1.02172 -4.63941 0 0 0 -1.38342 -0.64765 0 0 0 0 0 0 0 0 -13.6599
ALYANVFVW -35.1134 -26.7668 2.76202 14.1425 0.06647 3.70827 -0.98101 -4.62062 0 0 0 -1.43332 -0.6595 0 0 0 0 0 0 0 0 -13.782
ALYANVYVW -34.3571 -26.6212 2.65901 14.5207 0.06651 3.69832 -0.99673 -4.68237 0 0 0 -1.42013 -0.6379 0 0 0 0 0 0 0 0 -13.4137
ALYAQCFCW -34.1658 -27.6188 2.12181 16.476 0.06781 3.7989 -1.45992 -4.58886 0 0 0 -1.35439 -0.65878 0 0 0 0 0 0 0 0 -13.2162
ALYLGGFVW -32.909 -26.9806 2.72987 15.9127 0.06639 3.62486 -1.17303 -4.91418 0 0 0 -1.39015 -0.6392 0 0 0 0 0 0 0 0 -12.7633
ALYLNCFVW -35.6485 -27.0112 2.60122 14.7399 0.06631 3.63144 -1.2355 -4.87242 0 0 0 -1.41098 -0.63525 0 0 0 0 0 0 0 0 -14.1265
ALYLNCWVW -37.3978 -27.4425 2.42069 14.6546 0.06651 3.61914 -1.29607 -4.98231 0 0 0 -1.42904 -0.62426 0 0 0 0 0 0 0 0 -15.0133
ALYLNCYVW -35.3397 -27.1025 2.43805 15.2425 0.0663 3.6299 -1.20683 -4.99256 0 0 0 -1.41403 -0.63454 0 0 0 0 0 0 0 0 -13.9736
ALYLNFFVW -31.7035 -25.4155 3.64411 13.5293 0.07131 3.71954 -0.80674 -4.76275 0 0 0 -1.47465 -0.56548 0 0 0 0 0 0 0 0 -12.0609
ALYLNFWVW -35.8003 -26.8799 3.23882 13.6736 0.12661 3.53894 -0.90733 -5.04597 0 0 0 -1.42734 -0.55203 0 0 0 0 0 0 0 0 -14.2346
ALYLNSFVW -36.6333 -27.6512 2.49596 14.9014 0.0663 3.66591 -1.3334 -4.67549 0 0 0 -1.40921 -0.64466 0 0 0 0 0 0 0 0 -14.5844
ALYLNTFVW -35.0223 -27.2154 2.7833 14.6942 0.06637 3.66996 -1.10837 -4.61684 0 0 0 -1.42298 -0.62501 0 0 0 0 0 0 0 0 -13.7748
ALYLNTYVW -34.1923 -27.149 2.65967 15.2633 0.06635 3.66768 -1.10046 -4.74028 0 0 0 -1.39695 -0.63238 0 0 0 0 0 0 0 0 -13.3621
ALYLQAYMW -32.22 -27.2586 2.76333 16.6121 0.06743 3.78711 -1.60871 -4.60815 0 0 0 -1.36921 -0.64072 0 0 0 0 0 0 0 0 -12.2555
ALYLQTYMW -31.3868 -27.1665 2.69179 16.9509 0.06908 3.88861 -1.59353 -4.65653 0 0 0 -1.30373 -0.61574 0 0 0 0 0 0 0 0 -11.7357
ALYVNFYVW -36.717 -26.6987 1.77653 14.2566 0.06644 3.63812 -0.93855 -4.69823 0 0 0 -1.43575 -0.6204 0 0 0 0 0 0 0 0 -14.654
SLCMNCYVW -34.2898 -27.2347 1.61885 16.7109 0.06647 3.66664 -1.07202 -5.1395 0 0 0 -1.36611 -0.66235 0 0 0 0 0 0 0 0 -13.4118
TLALAAFLL -33.0244 -25.9904 2.26417 16.5877 0.06627 3.62551 -1.15267 -5.66241 0 0 0 -1.37804 -1.18052 0 0 0 0 0 0 0 0 -12.8204
TLALVTFLW -33.8861 -26.6715 2.23338 16.5779 0.06657 3.63008 -1.19904 -5.4291 0 0 0 -1.36994 -1.0848 0 0 0 0 0 0 0 0 -13.2464
TLFLVAFLS -32.7534 -26.3326 2.00984 16.5687 0.0668 3.68158 -1.23305 -5.32919 0 0 0 -1.369 -0.69141 0 0 0 0 0 0 0 0 -12.6283
TLLLAAFLL -33.524 -26.6085 2.45315 16.6769 0.06645 3.64982 -1.17672 -5.72669 0 0 0 -1.39097 -0.98921 0 0 0 0 0 0 0 0 -13.0457
TLLLVAFLS -32.0797 -26.0248 1.76261 16.8383 0.06682 3.666 -1.23284 -5.34097 0 0 0 -1.39064 -0.65145 0 0 0 0 0 0 0 0 -12.307
TLLLVTFLW -35.0448 -27.1485 2.25887 16.5131 0.06666 3.60272 -1.18027 -5.53471 0 0 0 -1.37733 -1.05361 0 0 0 0 0 0 0 0 -13.853
TLTLVAFLS -32.4578 -25.7695 1.64307 16.8415 0.06658 3.65375 -1.2959 -5.36764 0 0 0 -1.38757 -0.89286 0 0 0 0 0 0 0 0 -12.5086
TLVLVAFLS -32.7793 -26.0125 1.80172 16.7557 0.06669 3.64975 -1.33666 -5.29313 0 0 0 -1.38734 -0.91738 0 0 0 0 0 0 0 0 -12.6732
TLYLAAFLC -32.701 -26.2942 2.1362 16.5262 0.06667 3.68511 -1.195 -5.45106 0 0 0 -1.41158 -0.66109 0 0 0 0 0 0 0 0 -12.5987
TLYLAAFLL -33.8039 -27.112 2.75669 16.5947 0.06684 3.64026 -1.285 -5.534 0 0 0 -1.3615 -0.96084 0 0 0 0 0 0 0 0 -13.1949
TLYLAAFLS -32.486 -26.5082 2.09325 17.2974 0.06758 3.61845 -1.21464 -5.4997 0 0 0 -1.3668 -1.04431 0 0 0 0 0 0 0 0 -12.5569
TLYLNCFLW -35.8686 -27.2036 2.2165 16.1767 0.06627 3.5945 -1.25095 -5.53013 0 0 0 -1.40149 -0.94132 0 0 0 0 0 0 0 0 -14.2735
TLYLNCFVW -35.8609 -27.7921 2.77822 16.1492 0.06623 3.6051 -1.20469 -5.4356 0 0 0 -1.38997 -1.03545 0 0 0 0 0 0 0 0 -14.2591
TLYLVAFLA -32.5508 -26.4003 2.10121 16.4571 0.06675 3.68957 -1.24408 -5.18646 0 0 0 -1.38012 -0.62278 0 0 0 0 0 0 0 0 -12.5191
TLYLVAFLL -34.5119 -27.0018 2.45213 16.0193 0.06659 3.68869 -1.29379 -5.37515 0 0 0 -1.4221 -0.63465 0 0 0 0 0 0 0 0 -13.5007
TLYLVAFLS -32.5768 -26.3864 1.94366 16.7757 0.06679 3.68285 -1.24903 -5.3162 0 0 0 -1.39308 -0.66297 0 0 0 0 0 0 0 0 -12.5387
TLYLVAFLT -32.6425 -26.7237 2.44548 16.5783 0.06671 3.69748 -1.16702 -5.40939 0 0 0 -1.39946 -0.64549 0 0 0 0 0 0 0 0 -12.5571
TLYLVAFLV -34.8195 -26.959 2.69058 15.5888 0.0678 3.68541 -0.98204 -5.27009 0 0 0 -1.37482 -1.10323 0 0 0 0 0 0 0 0 -13.6565
TLYLVAFLW -36.7885 -27.6767 2.39555 15.8867 0.06672 3.6499 -1.30604 -5.38573 0 0 0 -1.37213 -0.93589 0 0 0 0 0 0 0 0 -14.6776
TLYLVCFLA -33.7828 -26.916 2.10781 16.7251 0.06735 3.67024 -1.30668 -5.30915 0 0 0 -1.3624 -0.83012 0 0 0 0 0 0 0 0 -13.1538
TLYLVCFLC -33.4491 -26.9634 2.18342 16.4587 0.06705 3.69977 -1.25122 -5.15538 0 0 0 -1.3337 -0.66292 0 0 0 0 0 0 0 0 -12.9577
TLYLVCFLS -33.2141 -26.9033 2.07856 17.1691 0.06714 3.66561 -1.30065 -5.3436 0 0 0 -1.38562 -0.92158 0 0 0 0 0 0 0 0 -12.8743
TLYLVCFLT -33.0018 -26.9028 2.39954 16.6776 0.06708 3.70542 -1.17549 -5.39276 0 0 0 -1.38868 -0.71829 0 0 0 0 0 0 0 0 -12.7284
TLYLVCFLV -35.1788 -27.3309 2.68295 15.8687 0.06722 3.66213 -0.97636 -5.4063 0 0 0 -1.33934 -1.0882 0 0 0 0 0 0 0 0 -13.8601
TLYLVCFLW -36.5119 -27.8068 2.56247 16.0157 0.0667 3.65631 -1.33442 -5.384 0 0 0 -1.37533 -0.93359 0 0 0 0 0 0 0 0 -14.533
TLYLVFFLA -34.2465 -26.0891 3.01941 15.0174 0.09526 3.54847 -0.74426 -5.60767 0 0 0 -1.47609 -1.24298 0 0 0 0 0 0 0 0 -13.4795
TLYLVFFLC -34.5134 -26.0028 2.73686 15.1283 0.09059 3.56059 -0.83704 -5.60179 0 0 0 -1.45346 -1.22679 0 0 0 0 0 0 0 0 -13.6055
TLYLVFFLS -35.8222 -26.3753 1.73111 15.412 0.06844 3.60617 -1.09244 -5.09792 0 0 0 -1.3389 -1.1497 0 0 0 0 0 0 0 0 -14.2365
TLYLVFFLT -36.0288 -26.6218 1.64211 15.5124 0.06816 3.62096 -1.01949 -5.11408 0 0 0 -1.29456 -1.11894 0 0 0 0 0 0 0 0 -14.3253
TLYLVFFLV -36.1251 -26.7254 2.311 15.3299 0.06837 3.55659 -1.01886 -5.45191 0 0 0 -1.42602 -1.0812 0 0 0 0 0 0 0 0 -14.4376
TLYLVFFLW -36.4094 -26.7538 3.30553 15.1624 0.07439 3.55852 -0.65909 -6.25448 0 0 0 -1.44618 -1.55918 0 0 0 0 0 0 0 0 -14.5718
TLYLVLFLA -33.8512 -26.2983 2.0546 16.5095 0.06697 3.63046 -1.3183 -5.50045 0 0 0 -1.39342 -0.97919 0 0 0 0 0 0 0 0 -13.2282
TLYLVLFLC -33.0675 -26.0545 2.1744 16.0577 0.0665 3.68366 -1.23752 -5.36604 0 0 0 -1.44807 -0.65967 0 0 0 0 0 0 0 0 -12.7836
TLYLVLFLL -34.471 -27.0874 2.78425 16.1818 0.06678 3.63529 -1.33251 -5.49556 0 0 0 -1.41114 -0.87495 0 0 0 0 0 0 0 0 -13.5334
TLYLVLFLS -33.1225 -26.5744 2.1263 17.0689 0.06696 3.62637 -1.2908 -5.47695 0 0 0 -1.41072 -1.00354 0 0 0 0 0 0 0 0 -12.8679
TLYLVLFLT -33.6516 -26.8248 2.53572 16.7519 0.0676 3.57413 -1.2388 -5.62714 0 0 0 -1.39826 -1.02441 0 0 0 0 0 0 0 0 -13.1841
TLYLVLFLV -35.1404 -26.7572 2.57765 15.3682 0.06752 3.65933 -0.99904 -5.30297 0 0 0 -1.40447 -1.05234 0 0 0 0 0 0 0 0 -13.8433
TLYLVTFLA -33.2489 -26.9502 1.847 17.3482 0.0683 3.5876 -1.21792 -5.31257 0 0 0 -1.34766 -0.9913 0 0 0 0 0 0 0 0 -12.9686
TLYLVTFLC -32.6393 -27.1253 2.10256 17.1836 0.06727 3.67883 -1.1959 -5.07719 0 0 0 -1.36055 -0.84684 0 0 0 0 0 0 0 0 -12.5735
TLYLVTFLL -33.5226 -27.5172 2.63895 17.0503 0.06704 3.63609 -1.26649 -5.32164 0 0 0 -1.36887 -0.97641 0 0 0 0 0 0 0 0 -13.0582
TLYLVTFLS -31.3591 -26.8159 2.03144 17.5777 0.0673 3.67922 -1.17832 -5.09083 0 0 0 -1.35679 -0.84677 0 0 0 0 0 0 0 0 -11.933
TLYLVTFLT -30.9683 -26.795 2.4232 17.2896 0.06704 3.71207 -1.08214 -5.2583 0 0 0 -1.38914 -0.67235 0 0 0 0 0 0 0 0 -11.705
TLYLVTFLW -33.9713 -27.4486 2.5417 16.4483 0.0666 3.69531 -1.20502 -5.24783 0 0 0 -1.41507 -0.65911 0 0 0 0 0 0 0 0 -13.2237
TLYLVVFLA -34.9092 -26.742 1.73755 16.119 0.06921 3.68499 -1.14718 -5.1688 0 0 0 -1.3542 -0.89887 0 0 0 0 0 0 0 0 -13.7004
TLYLVVFLC -35.4651 -27.3384 2.21179 16.1827 0.06958 3.60713 -1.07502 -5.32544 0 0 0 -1.33891 -1.04925 0 0 0 0 0 0 0 0 -14.0559
TLYLVVFLS -34.8711 -27.1026 1.91479 16.7284 0.06993 3.5945 -1.08368 -5.50019 0 0 0 -1.33646 -1.05583 0 0 0 0 0 0 0 0 -13.7711
TLYLVVFLT -32.716 -26.4714 2.25335 16.0968 0.06801 3.76142 -1.03753 -5.14557 0 0 0 -1.40241 -0.65134 0 0 0 0 0 0 0 0 -12.5286
TLYLVVFLV -37.0289 -27.4398 2.33293 15.3722 0.06949 3.65557 -0.86358 -5.47649 0 0 0 -1.38446 -1.05526 0 0 0 0 0 0 0 0 -14.7894
TLYLVVFLW -36.8649 -27.7196 3.06582 16.0272 0.06673 3.60719 -1.12954 -5.96373 0 0 0 -1.38885 -1.32368 0 0 0 0 0 0 0 0 -14.7585
TLYLVWFLA -34.3908 -27.4378 3.87898 14.9803 0.1336 3.61872 -0.70722 -5.42425 0 0 0 -1.45527 -1.03025 0 0 0 0 0 0 0 0 -13.4431
TLYLVWFLC -31.5962 -26.6711 2.66536 15.5331 0.08046 3.83121 -1.20881 -4.86403 0 0 0 -0.56311 -0.68948 0 0 0 0 0 0 0 0 -11.8864
TLYLVWFLD -22.7566 -24.0033 3.5023 15.5915 0.07447 4.74317 -1.06416 -4.22318 0 0 0 -0.63091 -0.55064 0 0 0 0 0 0 0 0 -6.56067
TLYLVWFLE -20.9253 -24.9844 4.43759 15.6709 0.09702 4.60979 -1.51771 -3.40713 0 0 0 -0.66188 0 0 0 0 0 0 0 0 0 -5.75582
TLYLVWFLG -34.3798 -27.3467 3.5713 15.2029 0.08621 3.60029 -0.68058 -5.42219 0 0 0 -1.40223 -1.1124 0 0 0 0 0 0 0 0 -13.5034
TLYLVWFLI -30.6578 -26.937 3.3208 14.9294 0.07575 4.20005 -1.42922 -4.51676 0 0 0 0 -0.69604 0 0 0 0 0 0 0 0 -11.0531
TLYLVWFLK -30.6375 -26.796 2.79956 16.3423 0.07589 4.08996 -1.53011 -5.15484 0 0 0 -0.33957 -0.64011 0 0 0 0 0 0 0 0 -11.1529
TLYLVWFLL -29.954 -26.7707 3.97454 16.0957 0.07382 4.98886 -0.90995 -5.59138 0 0 0 -0.60006 -1.17515 0 0 0 0 0 0 0 0 -9.91434
TLYLVWFLM -36.7143 -27.6498 2.10117 15.443 0.06645 3.68068 -1.13834 -5.03541 0 0 0 -1.40658 -0.67116 0 0 0 0 0 0 0 0 -14.61
TLYLVWFLN -19.3736 -24.7528 4.99534 15.503 0.10293 4.68821 -1.32054 -3.36645 0 0 0 -0.63861 -0.10675 0 0 0 0 0 0 0 0 -4.89566
TLYLVWFLP -33.4934 -26.9506 4.8207 15.2525 0.22249 3.53317 -0.55825 -6.36943 0 0 0 -1.42674 -1.51493 0 0 0 0 0 0 0 0 -12.9911
TLYLVWFLQ -36.2451 -27.3863 1.81166 16.1205 0.06654 3.6865 -1.4031 -5.16665 0 0 0 -1.44505 -0.65364 0 0 0 0 0 0 0 0 -14.3695
TLYLVWFLS -24.3635 -24.7337 3.70167 16.4232 0.07762 5.24397 -0.94791 -4.96429 0 0 0 -0.66914 -0.99161 0 0 0 0 0 0 0 0 -6.86016
TLYLVWFLT -23.8927 -24.3376 3.5824 15.3236 0.07359 4.86227 -1.04214 -4.17097 0 0 0 -0.66137 -0.64024 0 0 0 0 0 0 0 0 -7.01049
TLYLVWFLV -29.3646 -26.8992 3.50347 14.8565 0.07314 4.23885 -1.16812 -4.30757 0 0 0 0 -0.66734 0 0 0 0 0 0 0 0 -10.3703
TLYLVWFLW -25.7402 -26.2277 4.67639 16.3416 0.07519 4.68454 -0.77054 -5.81478 0 0 0 -0.55103 -0.52401 0 0 0 0 0 0 0 0 -8.11037
