ACYVQCFCW -23.2739 -24.7307 3.25451 15.7537 0.10105 6.34972 -1.09578 -3.49931 0 0 0 -0.85834 -0.46113 0 0 0 0 0 0 0 0 -5.1862
AFYMGGFVW -31.4597 -28.9111 2.23903 18.8979 0.07524 3.81829 -0.74454 -4.96584 0 0 0 -1.43213 -0.81322 0 0 0 0 0 0 0 0 -11.8363
AIFANFYVW -24.6392 -25.3624 3.63072 16.1634 0.08631 4.8705 -0.27865 -4.9091 0 0 0 -0.87124 -0.69228 0 0 0 0 0 0 0 0 -7.36279
AIFYGFFVW -17.0986 -25.2772 6.13391 16.2494 0.10577 4.33926 -0.70138 -3.36264 0 0 0 -0.83431 -0.75712 0 0 0 0 0 0 0 0 -4.10428
ALALNCFVW -22.6971 -24.2584 3.39474 15.043 0.10395 6.77603 -0.49948 -3.79206 0 0 0 -0.91181 -0.32447 0 0 0 0 0 0 0 0 -4.46856
ALALNCYVW -27.2 -24.3827 2.74124 15.1604 0.43497 5.17106 -0.52451 -4.79436 0 0 0 -0.89618 -0.90386 0 0 0 0 0 0 0 0 -7.99396
ALAMNAYVW -28.3396 -26.6965 2.33343 18.369 0.07562 3.81239 -0.74928 -5.23567 0 0 0 -1.39644 -0.79437 0 0 0 0 0 0 0 0 -10.2818
ALCLNSFCW -29.1058 -26.706 2.85602 17.6301 0.07502 3.90725 -1.02756 -4.8592 0 0 0 -1.41313 -1.03313 0 0 0 0 0 0 0 0 -10.5706
ALCLQCFCW -20.5977 -25.0932 4.09885 16.3598 0.11901 7.65084 -1.09233 -3.38511 0 0 0 -0.84357 -0.34333 0 0 0 0 0 0 0 0 -2.52898
ALFANTFVW -28.8384 -27.1426 3.4502 17.6585 0.07824 3.95343 -0.9973 -5.02226 0 0 0 -1.36499 -1.00074 0 0 0 0 0 0 0 0 -10.3875
ALFANTYVW -28.3211 -27.2831 3.35536 18.2423 0.07693 3.92167 -0.95504 -5.13812 0 0 0 -1.36533 -1.01666 0 0 0 0 0 0 0 0 -10.162
ALGLNAFVW -16.8503 -24.0121 5.86305 16.5992 0.12106 5.08287 -0.24433 -4.79125 0 0 0 -0.89106 -0.94864 0 0 0 0 0 0 0 0 -3.22123
ALGLNCFVW -24.6176 -22.7837 3.15924 13.6209 0.19425 5.86926 -0.41501 -4.35775 0 0 0 -0.90565 -0.62685 0 0 0 0 0 0 0 0 -6.24528
ALGLNFFVW -19.3896 -25.9499 6.1888 16.8479 0.09902 4.74008 -0.17775 -4.62583 0 0 0 -0.92323 -1.05485 0 0 0 0 0 0 0 0 -4.8557
ALGLNSFVW -21.9048 -22.5626 3.24059 14.4139 0.09336 6.14949 -0.38557 -4.2193 0 0 0 -0.90157 -0.53786 0 0 0 0 0 0 0 0 -4.70953
ALLANSFVW -30.8952 -27.4284 2.39957 17.7968 0.07535 3.8507 -0.9637 -5.01364 0 0 0 -1.45386 -0.78442 0 0 0 0 0 0 0 0 -11.5215
ALMGNAFVW -28.3253 -27.0489 3.06798 17.8934 0.07611 3.99916 -1.00022 -4.75006 0 0 0 -1.29729 -1.02751 0 0 0 0 0 0 0 0 -10.0874
ALMGNAYVW -29.0208 -27.8959 2.64374 19.1675 0.07548 3.89147 -0.88367 -5.29397 0 0 0 -1.46295 -0.78521 0 0 0 0 0 0 0 0 -10.5435
ALYANAFVW -32.1518 -28.1598 2.33957 18.011 0.07529 3.83301 -0.9002 -5.11948 0 0 0 -1.45668 -0.79027 0 0 0 0 0 0 0 0 -12.1676
ALYANCFVW -18.9188 -23.8782 3.88513 15.6634 0.10117 4.99593 -0.46354 -3.25629 0 0 0 -0.90581 -0.50408 0 0 0 0 0 0 0 0 -4.36233
ALYANCYVW -20.5555 -24.418 3.39352 15.587 0.10225 5.67592 -0.57113 -2.93776 0 0 0 -0.85652 -0.47485 0 0 0 0 0 0 0 0 -4.49956
ALYANFFVW -19.3082 -25.2669 4.59081 16.5429 0.09217 6.8196 -0.48124 -3.7912 0 0 0 -0.85074 -0.39771 0 0 0 0 0 0 0 0 -2.74231
ALYANFYVW -21.3632 -26.0817 4.25687 17.7319 0.10117 4.82589 -0.68327 -4.20547 0 0 0 -0.91328 -0.78667 0 0 0 0 0 0 0 0 -5.75457
ALYANIYVW -15.8039 -25.0606 5.04871 18.1295 0.11786 5.02414 -0.31599 -4.14602 0 0 0 -0.89922 -0.65831 0 0 0 0 0 0 0 0 -2.75993
ALYANSFCW -30.1284 -27.7394 2.68772 18.3827 0.07531 3.83683 -1.0159 -5.1201 0 0 0 -1.45753 -0.80177 0 0 0 0 0 0 0 0 -11.1521
ALYANSFVW -31.0696 -27.9972 2.58423 18.2038 0.07537 3.84623 -1.00548 -5.05678 0 0 0 -1.47249 -0.7909 0 0 0 0 0 0 0 0 -11.6132
ALYANSYVW -30.2187 -28.0191 2.43844 18.9262 0.07535 3.83547 -0.90987 -5.28801 0 0 0 -1.46178 -0.79528 0 0 0 0 0 0 0 0 -11.1985
ALYANTFVW -29.7353 -27.8434 3.02651 18.2195 0.07553 3.87874 -0.86423 -5.14889 0 0 0 -1.48617 -0.77103 0 0 0 0 0 0 0 0 -10.9134
ALYANVFVW -29.2361 -27.2372 3.88252 17.1401 0.07968 3.99718 -1.01389 -4.97959 0 0 0 -1.37908 -1.03093 0 0 0 0 0 0 0 0 -10.5412
ALYANVYVW -29.683 -27.3012 3.03 17.7499 0.07563 3.97247 -0.9262 -4.92551 0 0 0 -1.42819 -1.04034 0 0 0 0 0 0 0 0 -10.7934
ALYAQCFCW -28.3891 -28.8991 3.37668 18.9315 0.07638 4.05147 -1.15337 -4.31666 0 0 0 -1.32788 -0.80569 0 0 0 0 0 0 0 0 -10.0667
ALYLGGFVW -29.9941 -28.4614 2.87475 18.5839 0.07535 3.88664 -0.83876 -4.74265 0 0 0 -1.39253 -1.02029 0 0 0 0 0 0 0 0 -11.035
ALYLNCFVW -30.6654 -28.0701 3.19585 17.7612 0.07547 3.9368 -1.00606 -4.74826 0 0 0 -1.39951 -1.06583 0 0 0 0 0 0 0 0 -11.3204
ALYLNCWVW -26.2768 -25.6951 2.62181 16.9521 0.08606 4.71803 -0.68447 -4.5721 0 0 0 -0.85517 -0.90548 0 0 0 0 0 0 0 0 -8.3343
ALYLNCYVW -23.3612 -25.3051 3.56818 16.1552 0.09932 6.44971 -0.50309 -4.27451 0 0 0 -0.88555 -0.43575 0 0 0 0 0 0 0 0 -5.13155
ALYLNFFVW -15.8368 -26.0068 7.14848 16.3483 0.11625 4.09799 -0.93284 -2.91876 0 0 0 -0.85884 -0.69791 0 0 0 0 0 0 0 0 -3.70415
ALYLNFWVW -20.9944 -25.6934 4.19982 16.7465 0.10639 5.83489 -0.06242 -4.36509 0 0 0 -0.86358 -0.45906 0 0 0 0 0 0 0 0 -4.55591
ALYLNSFVW -30.5324 -28.0243 2.95334 18.0899 0.0754 3.93979 -1.02763 -4.78932 0 0 0 -1.4065 -1.06167 0 0 0 0 0 0 0 0 -11.251
ALYLNTFVW -29.5032 -28.0057 3.25049 18.1722 0.07567 3.95515 -0.92235 -4.79303 0 0 0 -1.39734 -1.05583 0 0 0 0 0 0 0 0 -10.7208
ALYLNTYVW -27.9172 -28.2954 3.3906 19.0454 0.0778 4.07438 -0.88949 -4.83489 0 0 0 -1.34901 -1.0257 0 0 0 0 0 0 0 0 -9.8064
ALYLQAYMW -27.4781 -28.2326 3.2614 19.4261 0.07717 4.61074 -1.33266 -4.60194 0 0 0 -1.29865 -0.96076 0 0 0 0 0 0 0 0 -9.05115
ALYLQTYMW -26.2654 -28.4613 3.42245 20.0023 0.07616 4.35409 -1.20339 -4.5236 0 0 0 -1.30712 -1.06195 0 0 0 0 0 0 0 0 -8.70244
ALYVNFYVW -17.7651 -25.3989 4.56143 17.6754 0.09609 7.05696 -0.53659 -3.94538 0 0 0 -0.88485 -0.3537 0 0 0 0 0 0 0 0 -1.72949
SLCMNCYVW -16.3158 -26.0152 5.17444 19.0782 0.10365 4.9895 -0.00527 -4.63417 0 0 0 -1.07095 -0.68487 0 0 0 0 0 0 0 0 -3.06474
TLALAAFLL -23.7395 -24.4013 4.38693 16.5838 0.09184 5.00765 -0.92611 -5.06069 0 0 0 -1.25368 -1.19871 0 0 0 0 0 0 0 0 -6.77025
TLALVTFLW -29.0237 -28.4665 3.42495 19.8445 0.07607 3.89851 -0.73344 -5.62633 0 0 0 -1.45578 -1.49923 0 0 0 0 0 0 0 0 -10.5373
TLFLVAFLS -30.6518 -27.9581 2.77288 19.5305 0.07529 3.88503 -0.86918 -5.60259 0 0 0 -1.43941 -1.75997 0 0 0 0 0 0 0 0 -11.3656
TLLLAAFLL -24.221 -24.2595 3.72481 15.578 0.08405 5.58275 -0.69047 -4.43286 0 0 0 -1.05486 -0.97557 0 0 0 0 0 0 0 0 -6.44368
TLLLVAFLS -25.8759 -27.0504 2.96606 19.1495 0.08712 4.87869 -0.51177 -5.37417 0 0 0 -0.90517 -1.212 0 0 0 0 0 0 0 0 -7.97214
TLLLVTFLW -30.4903 -28.8845 3.31958 19.6172 0.07583 3.8982 -0.86118 -5.27049 0 0 0 -1.45157 -1.71417 0 0 0 0 0 0 0 0 -11.2711
TLTLVAFLS -22.317 -25.6378 3.29047 18.5269 0.08659 4.88108 -0.39461 -4.84146 0 0 0 -0.90308 -1.19892 0 0 0 0 0 0 0 0 -6.19083
TLVLVAFLS -20.8207 -23.3336 2.98533 16.7547 0.09411 5.36189 -0.63693 -4.30114 0 0 0 -0.91314 -0.96564 0 0 0 0 0 0 0 0 -4.95436
TLYLAAFLC -28.9172 -28.2622 3.36616 19.8903 0.07563 3.88417 -0.81225 -5.68411 0 0 0 -1.4276 -1.52893 0 0 0 0 0 0 0 0 -10.4988
TLYLAAFLL -29.1282 -29.0277 3.8218 19.6876 0.07631 3.94904 -0.80184 -5.62947 0 0 0 -1.41485 -1.19956 0 0 0 0 0 0 0 0 -10.5387
TLYLAAFLS -28.711 -28.0537 2.92333 20.2705 0.07525 3.87777 -0.75941 -5.80199 0 0 0 -1.42125 -1.513 0 0 0 0 0 0 0 0 -10.4025
TLYLNCFLW -22.498 -24.3211 3.95406 15.7523 0.11745 4.70122 -0.66682 -4.19374 0 0 0 -0.9038 -0.86984 0 0 0 0 0 0 0 0 -6.43034
TLYLNCFVW -23.4807 -25.2626 5.57382 15.6281 0.11585 4.60988 -0.72481 -4.71853 0 0 0 -0.93396 -1.30234 0 0 0 0 0 0 0 0 -7.01461
TLYLVAFLA -31.6275 -28.4377 2.70241 19.579 0.07479 3.8506 -0.90258 -5.82752 0 0 0 -1.43951 -1.48789 0 0 0 0 0 0 0 0 -11.8883
TLYLVAFLL -21.2218 -23.1736 3.3811 15.2052 0.09076 5.47571 -0.63725 -4.03488 0 0 0 -0.90827 -0.44326 0 0 0 0 0 0 0 0 -5.04441
TLYLVAFLS -30.7062 -28.1434 2.76237 19.7451 0.0752 3.8958 -0.93853 -5.55634 0 0 0 -1.43016 -1.79223 0 0 0 0 0 0 0 0 -11.3821
TLYLVAFLT -30.1708 -28.2094 3.21416 19.5354 0.07592 3.92481 -0.90284 -5.48133 0 0 0 -1.43111 -1.81025 0 0 0 0 0 0 0 0 -11.0847
TLYLVAFLV -30.4719 -27.8508 3.55111 18.7106 0.07613 4.02675 -1.05689 -5.35194 0 0 0 -1.42278 -1.81533 0 0 0 0 0 0 0 0 -11.1331
TLYLVAFLW -31.5579 -29.7114 3.60251 19.6612 0.07557 3.88216 -0.86654 -5.60795 0 0 0 -1.44973 -1.40705 0 0 0 0 0 0 0 0 -11.8212
TLYLVCFLA -27.8741 -27.8741 3.08953 18.0426 0.1054 4.9012 -0.60008 -4.78268 0 0 0 -0.81016 -1.00219 0 0 0 0 0 0 0 0 -8.93047
TLYLVCFLC -27.5178 -28.5533 3.73533 18.7916 0.08792 4.93511 -0.52681 -5.15642 0 0 0 -0.89981 -1.14947 0 0 0 0 0 0 0 0 -8.73585
TLYLVCFLS -25.9406 -27.6882 3.18152 19.2682 0.08758 4.99838 -0.56286 -5.13012 0 0 0 -0.8545 -1.18428 0 0 0 0 0 0 0 0 -7.88435
TLYLVCFLT -26.6303 -28.4162 3.55392 19.3345 0.08892 4.90261 -0.50537 -5.24143 0 0 0 -0.91505 -1.12548 0 0 0 0 0 0 0 0 -8.32361
TLYLVCFLV -23.6121 -24.7789 4.61882 16.1621 0.08124 4.72331 -0.68623 -4.79116 0 0 0 -0.93106 -1.3996 0 0 0 0 0 0 0 0 -7.0015
TLYLVCFLW -30.9613 -29.0263 3.77388 19.1752 0.07561 3.87012 -0.92144 -5.35433 0 0 0 -1.44922 -1.67837 0 0 0 0 0 0 0 0 -11.5349
TLYLVFFLA -27.8473 -27.9414 2.99177 18.8436 0.09149 4.55778 -0.50453 -5.13611 0 0 0 -0.86968 -1.3073 0 0 0 0 0 0 0 0 -9.27436
TLYLVFFLC -23.3044 -25.7971 4.06281 17.6941 0.09158 4.53026 -0.35121 -4.7212 0 0 0 -0.93358 -1.60597 0 0 0 0 0 0 0 0 -7.03035
TLYLVFFLS -19.2242 -20.7422 2.38802 14.7891 0.08764 4.99378 -0.59399 -4.0653 0 0 0 -0.92774 -0.46004 0 0 0 0 0 0 0 0 -4.53067
TLYLVFFLT -21.1207 -24.0868 3.4828 17.0858 0.09978 4.9652 -0.67903 -4.41567 0 0 0 -0.88388 -1.06358 0 0 0 0 0 0 0 0 -5.49539
TLYLVFFLV -23.3643 -25.2329 3.80386 15.7282 0.09251 4.62222 -0.3527 -3.89465 0 0 0 -0.78412 -0.94984 0 0 0 0 0 0 0 0 -6.96741
TLYLVFFLW -12.7995 -22.4015 7.37528 15.5279 0.17344 4.37553 -0.1121 -4.73053 0 0 0 -0.90667 -1.15213 0 0 0 0 0 0 0 0 -1.85079
TLYLVLFLA -27.1356 -27.3735 3.4461 18.1025 0.08624 5.06305 -0.54921 -5.17683 0 0 0 -0.84536 -1.1715 0 0 0 0 0 0 0 0 -8.41851
TLYLVLFLC -17.538 -27.5767 5.23949 19.3168 0.09597 5.40782 -0.59842 -3.68703 0 0 0 0 -1.4631 0 0 0 0 0 0 0 0 -3.26519
TLYLVLFLL -18.5963 -25.1189 3.66749 17.4675 0.09689 4.5151 -0.8192 -3.50244 0 0 0 0 -0.99256 0 0 0 0 0 0 0 0 -4.68617
TLYLVLFLS -20.2116 -23.9516 2.69611 17.4517 0.07998 5.10474 -0.48992 -4.06219 0 0 0 -0.88299 -0.86689 0 0 0 0 0 0 0 0 -4.92107
TLYLVLFLT -21.0081 -24.2068 3.07107 16.2476 0.08377 4.61161 -0.27551 -3.85685 0 0 0 -0.91258 -0.57099 0 0 0 0 0 0 0 0 -5.80868
TLYLVLFLV -22.8882 -24.937 4.84983 16.278 0.08312 4.62261 -0.41478 -5.09394 0 0 0 -0.92749 -1.1987 0 0 0 0 0 0 0 0 -6.73835
TLYLVTFLA -22.521 -25.3455 3.13978 17.699 0.08809 5.13073 -0.12444 -4.67866 0 0 0 -0.84776 -1.10294 0 0 0 0 0 0 0 0 -6.04166
TLYLVTFLC -24.0269 -26.4985 3.61825 18.3558 0.0861 4.95497 -0.25891 -4.91414 0 0 0 -0.89786 -1.41808 0 0 0 0 0 0 0 0 -6.97238
TLYLVTFLL -18.7566 -24.7763 4.52601 17.2424 0.13915 4.31871 -0.50252 -4.2254 0 0 0 -0.89205 -0.75042 0 0 0 0 0 0 0 0 -4.92045
TLYLVTFLS -21.5842 -25.3631 2.84415 18.3633 0.08323 5.11231 -0.01487 -4.61771 0 0 0 -0.92002 -1.08391 0 0 0 0 0 0 0 0 -5.59656
TLYLVTFLT -23.6321 -25.9809 2.98591 18.0373 0.08438 5.25219 -0.34768 -4.51096 0 0 0 -0.92045 -1.07922 0 0 0 0 0 0 0 0 -6.47947
TLYLVTFLW -30.4442 -29.2541 3.49249 19.8878 0.07598 3.92506 -0.9087 -5.22257 0 0 0 -1.4237 -1.79333 0 0 0 0 0 0 0 0 -11.2211
TLYLVVFLA -26.8319 -26.0945 2.15083 17.5937 0.17454 4.52787 -0.39975 -4.83008 0 0 0 -0.87719 -0.959 0 0 0 0 0 0 0 0 -8.71356
TLYLVVFLC -24.8648 -25.2558 3.28604 16.5233 0.07949 4.91265 -0.60156 -4.55458 0 0 0 -0.88435 -0.94542 0 0 0 0 0 0 0 0 -7.44027
TLYLVVFLS -21.7388 -24.4161 3.16266 16.3722 0.08036 4.6189 -0.74402 -3.93562 0 0 0 -0.89967 -0.40889 0 0 0 0 0 0 0 0 -6.17015
TLYLVVFLT -22.0697 -24.5172 3.38099 16.1308 0.08145 4.61918 -0.68046 -3.96961 0 0 0 -0.9114 -0.46794 0 0 0 0 0 0 0 0 -6.33421
TLYLVVFLV -26.3876 -27.426 3.98827 17.8609 0.08522 4.92795 -0.55501 -5.00184 0 0 0 -0.82847 -1.23174 0 0 0 0 0 0 0 0 -8.18064
TLYLVVFLW -31.6637 -28.7217 3.71559 18.5409 0.0761 3.94162 -1.00266 -5.1342 0 0 0 -1.42551 -1.80431 0 0 0 0 0 0 0 0 -11.8141
TLYLVWFLA -25.5378 -27.3195 4.45749 17.9001 0.08839 4.51154 -0.28602 -5.07918 0 0 0 -0.91477 -1.52703 0 0 0 0 0 0 0 0 -8.16896
TLYLVWFLC -23.2822 -27.3937 4.88264 18.1135 0.11168 4.88947 -0.30139 -4.79425 0 0 0 -0.92594 -1.22196 0 0 0 0 0 0 0 0 -6.63994
TLYLVWFLD -20.2893 -24.7822 3.67957 18.1647 0.09106 4.50251 -0.72955 -4.65091 0 0 0 -0.85666 -0.96959 0 0 0 0 0 0 0 0 -5.5511
TLYLVWFLE -17.8994 -25.1755 5.16919 18.1284 0.08196 4.39498 -0.75484 -4.72885 0 0 0 -0.90639 -0.68174 0 0 0 0 0 0 0 0 -4.47277
TLYLVWFLG -25.0379 -27.1895 4.09949 18.7435 0.08546 4.64085 -0.29267 -5.30724 0 0 0 -0.90716 -1.66537 0 0 0 0 0 0 0 0 -7.79262
TLYLVWFLI -20.3473 -23.5407 3.25312 15.7244 0.12675 5.38215 -0.34905 -3.85956 0 0 0 -0.92895 -0.47288 0 0 0 0 0 0 0 0 -4.66474
TLYLVWFLK -17.9816 -25.5717 4.43135 18.5486 0.08217 4.52707 -0.41765 -4.2056 0 0 0 -0.93699 -0.83874 0 0 0 0 0 0 0 0 -4.38157
TLYLVWFLL -24.4205 -24.6656 2.95178 16.3274 0.11728 5.53833 -0.61786 -4.33087 0 0 0 -0.89495 -0.98016 0 0 0 0 0 0 0 0 -6.55463
TLYLVWFLM -18.1907 -25.7845 5.48438 17.3271 0.0798 4.45899 -0.67754 -4.08858 0 0 0 -0.93322 -0.42291 0 0 0 0 0 0 0 0 -4.55655
TLYLVWFLN -23.6448 -24.8143 2.83188 17.5056 0.15336 4.57252 -0.64174 -4.89484 0 0 0 -0.84963 -0.95931 0 0 0 0 0 0 0 0 -7.09655
TLYLVWFLP -22.2153 -27.0769 5.46113 18.232 0.10193 4.63881 -0.26164 -4.81103 0 0 0 -1.25596 -1.39527 0 0 0 0 0 0 0 0 -6.36693
TLYLVWFLQ -27.2808 -28.0454 3.17051 19.3236 0.08603 4.73868 -0.66633 -5.30282 0 0 0 -0.88828 -1.23173 0 0 0 0 0 0 0 0 -8.81571
TLYLVWFLS -22.8449 -26.0984 4.34075 17.7413 0.24017 5.05391 -0.10059 -4.82771 0 0 0 -0.91603 -1.56176 0 0 0 0 0 0 0 0 -6.12836
TLYLVWFLT -21.6525 -24.3711 3.65534 17.9425 0.08923 4.65214 -0.3901 -5.21346 0 0 0 -0.94055 -1.50889 0 0 0 0 0 0 0 0 -6.0849
TLYLVWFLV -20.7186 -24.1832 4.22257 15.5599 0.08295 4.82608 -0.56947 -3.97935 0 0 0 -0.90048 -0.5093 0 0 0 0 0 0 0 0 -5.45028
TLYLVWFLW -20.2117 -24.5507 3.43082 15.955 0.1236 7.69689 -0.69906 -2.91979 0 0 0 -0.91761 -0.40453 0 0 0 0 0 0 0 0 -2.28538
