ACYVQCFCW -27.122 -28.8304 3.61844 19.9331 0.43536 4.02319 -1.08767 -4.9356 0 0 0 -1.40286 -0.85601 0 0 0 0 0 0 0 0 -9.10246
AFYMGGFVW -28.6494 -29.518 2.59004 20.46 0.3454 3.6765 -0.4386 -5.18351 0 0 0 -1.42528 -0.80938 0 0 0 0 0 0 0 0 -10.3028
AIFANFYVW -26.8802 -28.9759 3.78818 19.4691 0.79083 3.61905 -0.43877 -4.98071 0 0 0 -1.51046 -0.7915 0 0 0 0 0 0 0 0 -9.03022
AIFYGFFVW -27.3583 -28.7794 3.68226 19.3196 0.98986 3.57042 -0.48495 -5.07878 0 0 0 -1.56143 -0.77638 0 0 0 0 0 0 0 0 -9.11885
ALALNCFVW -25.1095 -25.9489 2.55101 18.6887 0.38436 3.88956 -0.79094 -4.75919 0 0 0 -1.32075 -0.97461 0 0 0 0 0 0 0 0 -8.28081
ALALNCYVW -23.5395 -26.0609 2.49229 19.4082 0.34659 3.78173 -0.61053 -4.65719 0 0 0 -1.306 -1.03568 0 0 0 0 0 0 0 0 -7.64145
ALAMNAYVW -24.5568 -26.6387 2.52806 19.8188 0.29489 3.83311 -0.92557 -4.71006 0 0 0 -1.3281 -1.02283 0 0 0 0 0 0 0 0 -8.1504
ALCLNSFCW -24.3309 -26.7824 3.1645 19.971 0.3253 4.01284 -1.0822 -4.8939 0 0 0 -1.27129 -1.27114 0 0 0 0 0 0 0 0 -7.82728
ALCLQCFCW -27.7468 -26.8696 2.09381 19.5319 0.23897 4.18234 -1.17337 -5.25492 0 0 0 -1.31157 -0.88971 0 0 0 0 0 0 0 0 -9.4521
ALFANTFVW -26.5834 -27.3883 3.19876 18.9417 0.52387 3.83131 -0.88691 -4.80631 0 0 0 -1.34132 -1.00938 0 0 0 0 0 0 0 0 -8.93651
ALFANTYVW -26.9636 -28.2544 2.7929 20.2274 0.43575 4.18521 -1.03244 -4.9476 0 0 0 -1.34455 -0.9231 0 0 0 0 0 0 0 0 -8.86085
ALGLNAFVW -26.2663 -27.526 3.1795 19.1491 0.37266 4.01402 -0.74142 -4.9119 0 0 0 -1.3022 -0.9802 0 0 0 0 0 0 0 0 -8.74645
ALGLNCFVW -25.2607 -26.2228 2.54955 18.7631 0.43345 3.90882 -0.74415 -4.7026 0 0 0 -1.29756 -0.97587 0 0 0 0 0 0 0 0 -8.28808
ALGLNFFVW -25.0636 -24.3323 3.02446 16.8795 0.1961 3.77916 -0.77842 -4.9168 0 0 0 -1.38512 -1.02308 0 0 0 0 0 0 0 0 -8.55655
ALGLNSFVW -25.1799 -27.0835 3.05536 19.9366 0.35584 3.97778 -0.88176 -5.00206 0 0 0 -1.30007 -1.31458 0 0 0 0 0 0 0 0 -8.25636
ALLANSFVW -26.6392 -26.828 3.0092 19.1394 0.3839 3.8883 -1.17019 -4.9721 0 0 0 -1.33107 -1.16681 0 0 0 0 0 0 0 0 -9.04741
ALMGNAFVW -27.869 -27.8411 3.28689 18.825 0.51516 3.78149 -1.09054 -4.82713 0 0 0 -1.32531 -0.96224 0 0 0 0 0 0 0 0 -9.63785
ALMGNAYVW -27.1745 -27.7138 3.08683 19.4691 0.5564 3.84998 -1.17227 -4.97835 0 0 0 -1.35229 -0.92645 0 0 0 0 0 0 0 0 -9.18087
ALYANAFVW -30.2655 -28.2614 2.85272 18.49 0.40209 3.7302 -1.15185 -4.93118 0 0 0 -1.35519 -0.7759 0 0 0 0 0 0 0 0 -11.0005
ALYANCFVW -29.0942 -28.2889 3.15941 18.6765 0.4813 3.68493 -0.90525 -4.99348 0 0 0 -1.41403 -0.78131 0 0 0 0 0 0 0 0 -10.3809
ALYANCYVW -27.8412 -28.3473 3.10581 19.3119 0.47257 3.67809 -0.88966 -4.94292 0 0 0 -1.38868 -0.76973 0 0 0 0 0 0 0 0 -9.76996
ALYANFFVW -25.7402 -27.6279 4.28446 18.5354 0.4053 3.70936 -0.86475 -4.88628 0 0 0 -1.43605 -0.875 0 0 0 0 0 0 0 0 -8.75545
ALYANFYVW -23.9062 -27.7347 4.17842 19.4968 0.37527 3.73801 -0.82826 -4.73691 0 0 0 -1.41102 -0.91751 0 0 0 0 0 0 0 0 -7.83982
ALYANIYVW -27.2207 -27.9415 3.4857 19.087 0.46624 3.74297 -1.14314 -4.87188 0 0 0 -1.37916 -0.84735 0 0 0 0 0 0 0 0 -9.40115
ALYANSFCW -28.3945 -27.8786 2.64425 19.5303 0.32617 3.8005 -1.10999 -5.04972 0 0 0 -1.3627 -0.97075 0 0 0 0 0 0 0 0 -10.0706
ALYANSFVW -28.6614 -27.7517 2.93636 19.1817 0.35675 3.81511 -1.09745 -5.06882 0 0 0 -1.36302 -1.16775 0 0 0 0 0 0 0 0 -10.1588
ALYANSYVW -28.3291 -27.974 2.70393 19.8256 0.2762 3.96997 -1.20041 -4.96547 0 0 0 -1.32014 -1.23404 0 0 0 0 0 0 0 0 -9.91837
ALYANTFVW -26.4286 -27.3823 2.94316 19.1312 0.49015 3.7957 -0.90993 -4.61829 0 0 0 -1.33398 -1.04415 0 0 0 0 0 0 0 0 -8.92846
ALYANVFVW -29.2987 -27.5462 3.59976 17.6568 0.40234 3.77295 -1.29034 -4.83207 0 0 0 -1.35183 -0.88551 0 0 0 0 0 0 0 0 -10.4741
ALYANVYVW -27.6106 -27.7063 3.48094 18.7002 0.43227 3.7503 -1.19635 -4.84569 0 0 0 -1.37569 -0.86246 0 0 0 0 0 0 0 0 -9.62274
ALYAQCFCW -24.5209 -28.3596 3.63787 20.3426 0.61183 3.98193 -0.9427 -4.84328 0 0 0 -1.32554 -0.76977 0 0 0 0 0 0 0 0 -7.6667
ALYLGGFVW -28.6426 -29.4231 2.86579 20.2891 0.27062 3.75746 -0.64042 -5.21807 0 0 0 -1.39974 -0.79486 0 0 0 0 0 0 0 0 -10.2932
ALYLNCFVW -25.7096 -27.9811 3.62164 19.2589 0.55883 3.80131 -0.62318 -4.76106 0 0 0 -1.3489 -1.02105 0 0 0 0 0 0 0 0 -8.49465
ALYLNCWVW -24.7623 -28.6359 4.21893 19.8413 0.92707 3.92551 -0.67144 -4.83646 0 0 0 -1.33305 -0.96454 0 0 0 0 0 0 0 0 -7.52857
ALYLNCYVW -25.21 -27.6759 3.0842 19.8791 0.41678 4.01279 -0.71953 -4.88657 0 0 0 -1.24432 -1.04198 0 0 0 0 0 0 0 0 -8.17544
ALYLNFFVW -23.8788 -27.1558 4.65855 18.36 0.20156 3.84188 -0.4689 -4.91446 0 0 0 -1.39628 -1.02253 0 0 0 0 0 0 0 0 -7.89594
ALYLNFWVW -23.5389 -27.8447 5.08221 18.8867 0.34695 3.94321 -0.55399 -4.89799 0 0 0 -1.4067 -1.035 0 0 0 0 0 0 0 0 -7.4793
ALYLNSFVW -26.7825 -27.8938 3.38222 19.7358 0.39893 3.97472 -1.02443 -4.99355 0 0 0 -1.29783 -1.29965 0 0 0 0 0 0 0 0 -9.0176
ALYLNTFVW -24.6703 -27.3008 3.02833 19.726 0.37292 4.08093 -0.84462 -4.70225 0 0 0 -1.22918 -1.0127 0 0 0 0 0 0 0 0 -7.88129
ALYLNTYVW -23.7491 -27.1361 2.86231 20.0652 0.37018 3.96349 -0.81863 -4.61005 0 0 0 -1.21588 -1.02133 0 0 0 0 0 0 0 0 -7.54089
ALYLQAYMW -24.3535 -27.8742 3.3043 20.403 0.26475 4.15526 -0.95565 -4.92644 0 0 0 -1.27087 -0.85691 0 0 0 0 0 0 0 0 -7.75673
ALYLQTYMW -23.8361 -27.1979 2.66418 20.4759 0.30204 4.13098 -0.94366 -4.81646 0 0 0 -1.19882 -0.9013 0 0 0 0 0 0 0 0 -7.485
ALYVNFYVW -23.3494 -27.8777 4.20261 19.4839 0.19278 3.85855 -0.38929 -4.71535 0 0 0 -1.39686 -0.98208 0 0 0 0 0 0 0 0 -7.62338
SLCMNCYVW -22.0024 -27.3758 2.92482 21.3017 0.40422 3.73569 -0.80525 -4.85848 0 0 0 -1.40166 -0.78657 0 0 0 0 0 0 0 0 -6.86131
TLALAAFLL -25.5043 -27.6203 2.78532 19.8503 0.07854 4.11393 -0.39081 -5.32378 0 0 0 -1.3238 -0.72913 0 0 0 0 0 0 0 0 -8.5597
TLALVTFLW -27.5655 -26.318 1.3488 19.252 0.28661 4.037 -0.72611 -5.04808 0 0 0 -1.33496 -0.95639 0 0 0 0 0 0 0 0 -9.45917
TLFLVAFLS -23.5238 -27.5694 3.01351 20.7508 0.1035 3.87937 -0.57105 -5.2046 0 0 0 -1.37133 -0.80986 0 0 0 0 0 0 0 0 -7.77904
TLLLAAFLL -24.4208 -27.1404 3.18792 19.6237 0.10504 3.95621 -0.42743 -5.22347 0 0 0 -1.25828 -0.97241 0 0 0 0 0 0 0 0 -8.14915
TLLLVAFLS -23.338 -27.6109 2.86503 21.1189 0.10243 3.93205 -0.7469 -5.12863 0 0 0 -1.38684 -0.77972 0 0 0 0 0 0 0 0 -7.63453
TLLLVTFLW -27.12 -27.3224 1.87992 19.7759 0.29337 3.90835 -0.72914 -4.79608 0 0 0 -1.30688 -1.06131 0 0 0 0 0 0 0 0 -9.35826
TLTLVAFLS -23.837 -27.2539 2.37632 20.8018 0.08268 3.99094 -0.64185 -5.11587 0 0 0 -1.33608 -0.749 0 0 0 0 0 0 0 0 -7.84488
TLVLVAFLS -24.1765 -26.4029 2.2046 20.3004 0.08717 3.97477 -0.67728 -5.3212 0 0 0 -1.38292 -0.80895 0 0 0 0 0 0 0 0 -8.02632
TLYLAAFLC -23.3538 -27.6567 3.16079 20.7402 0.09542 3.87562 -0.50576 -5.30405 0 0 0 -1.34047 -0.77091 0 0 0 0 0 0 0 0 -7.70588
TLYLAAFLL -25.0971 -28.1542 3.18039 20.303 0.09643 3.87914 -0.46776 -5.25493 0 0 0 -1.36632 -0.78876 0 0 0 0 0 0 0 0 -8.57298
TLYLAAFLS -22.0249 -27.1411 3.29778 20.9189 0.10897 3.85102 -0.73259 -5.16486 0 0 0 -1.37451 -0.81612 0 0 0 0 0 0 0 0 -7.05247
TLYLNCFLW -27.0923 -26.855 1.92236 19.7147 0.41297 4.04021 -0.91615 -5.14344 0 0 0 -1.32428 -0.94439 0 0 0 0 0 0 0 0 -9.09297
TLYLNCFVW -27.1321 -27.9738 2.85954 19.7505 0.23067 3.96648 -0.82175 -5.04581 0 0 0 -1.31704 -1.01767 0 0 0 0 0 0 0 0 -9.36889
TLYLVAFLA -24.18 -27.7982 2.97707 20.7836 0.10271 3.8618 -0.63859 -5.26639 0 0 0 -1.36185 -0.78568 0 0 0 0 0 0 0 0 -8.12549
TLYLVAFLL -26.144 -28.791 3.21122 20.4761 0.10195 3.89228 -0.5373 -5.25359 0 0 0 -1.37608 -0.80138 0 0 0 0 0 0 0 0 -9.07777
TLYLVAFLS -23.4243 -27.6195 3.06626 20.9592 0.11176 3.86779 -0.6962 -5.21637 0 0 0 -1.40059 -0.80497 0 0 0 0 0 0 0 0 -7.73262
TLYLVAFLT -24.2749 -27.9502 2.91143 20.843 0.10007 3.87846 -0.5888 -5.23491 0 0 0 -1.33103 -0.7869 0 0 0 0 0 0 0 0 -8.15892
TLYLVAFLV -23.7778 -28.1315 3.54029 20.6787 0.08386 4.05878 -0.38666 -5.44851 0 0 0 -1.3521 -0.78913 0 0 0 0 0 0 0 0 -7.74626
TLYLVAFLW -26.1724 -29.7932 4.19296 20.4241 0.24172 3.87064 -0.55501 -5.10998 0 0 0 -1.44642 -0.7987 0 0 0 0 0 0 0 0 -8.97386
TLYLVCFLA -26.9478 -27.247 2.54914 19.7642 0.43272 3.67123 -0.82986 -5.42749 0 0 0 -1.38994 -0.89287 0 0 0 0 0 0 0 0 -9.36993
TLYLVCFLC -25.3883 -26.7164 2.83839 19.4307 0.29715 3.72402 -0.64692 -5.28004 0 0 0 -1.30801 -1.01192 0 0 0 0 0 0 0 0 -8.67297
TLYLVCFLS -26.6725 -26.8877 2.53609 19.9592 0.43161 3.70466 -0.66642 -5.56886 0 0 0 -1.36872 -1.33987 0 0 0 0 0 0 0 0 -9.19999
TLYLVCFLT -24.8638 -27.013 2.69442 19.9777 0.36479 3.73994 -0.6587 -5.03512 0 0 0 -1.34249 -1.05467 0 0 0 0 0 0 0 0 -8.32717
TLYLVCFLV -23.3371 -27.056 3.09391 20.3753 0.11361 4.13149 -0.69548 -5.08761 0 0 0 -1.28152 -1.01714 0 0 0 0 0 0 0 0 -7.42344
TLYLVCFLW -28.4221 -27.8262 1.82054 19.6651 0.40393 3.9435 -0.65584 -4.87471 0 0 0 -1.33092 -1.00902 0 0 0 0 0 0 0 0 -9.86362
TLYLVFFLA -24.6725 -27.758 3.30443 20.2827 0.09132 4.68694 -0.94426 -4.84778 0 0 0 -1.37584 -0.99749 0 0 0 0 0 0 0 0 -7.55797
TLYLVFFLC -21.8374 -26.1491 3.2969 19.6155 0.20008 3.89621 -0.53049 -4.78289 0 0 0 -1.33751 -1.03112 0 0 0 0 0 0 0 0 -6.82241
TLYLVFFLS -22.1334 -25.7916 2.89771 19.3438 0.15032 4.01694 -0.34452 -4.88677 0 0 0 -1.30562 -0.97972 0 0 0 0 0 0 0 0 -6.89946
TLYLVFFLT -22.9489 -28.1872 3.66493 20.8848 0.27045 3.53582 -0.37654 -5.21048 0 0 0 -1.47102 -0.77896 0 0 0 0 0 0 0 0 -7.66819
TLYLVFFLV -21.7368 -26.413 3.11775 19.7381 0.11774 4.00578 -0.37401 -4.65011 0 0 0 -1.26124 -1.02586 0 0 0 0 0 0 0 0 -6.74486
TLYLVFFLW -24.0032 -25.9727 2.9245 18.6722 0.28329 3.88871 -0.53851 -4.77217 0 0 0 -1.33393 -0.98096 0 0 0 0 0 0 0 0 -7.8296
TLYLVLFLA -24.7325 -27.9237 2.63953 20.8909 0.61722 3.70515 -0.69338 -5.21619 0 0 0 -1.33549 -0.72792 0 0 0 0 0 0 0 0 -8.0439
TLYLVLFLC -27.3761 -26.9329 2.19672 19.6709 0.43105 3.88291 -0.93603 -5.30131 0 0 0 -1.36908 -1.01626 0 0 0 0 0 0 0 0 -9.37408
TLYLVLFLL -27.4283 -27.3161 2.72509 19.5041 0.33463 3.78255 -0.88628 -5.31072 0 0 0 -1.381 -1.04921 0 0 0 0 0 0 0 0 -9.59697
TLYLVLFLS -26.559 -26.3732 2.31997 19.7643 0.4198 3.67941 -0.74765 -5.55806 0 0 0 -1.38133 -1.3035 0 0 0 0 0 0 0 0 -9.1803
TLYLVLFLT -27.4809 -26.7424 2.22472 19.8629 0.47093 3.85539 -0.77394 -5.50161 0 0 0 -1.38401 -1.42613 0 0 0 0 0 0 0 0 -9.41414
TLYLVLFLV -24.4821 -25.9624 2.73535 19.1818 0.41993 3.7049 -0.84497 -5.01285 0 0 0 -1.27817 -1.05976 0 0 0 0 0 0 0 0 -8.1162
TLYLVTFLA -25.458 -27.7427 2.50329 20.9692 0.51288 3.61715 -0.89062 -5.48448 0 0 0 -1.33631 -0.74738 0 0 0 0 0 0 0 0 -8.59897
TLYLVTFLC -24.761 -26.9325 2.65888 20.169 0.29153 3.87295 -0.74215 -5.21625 0 0 0 -1.29393 -1.02346 0 0 0 0 0 0 0 0 -8.21601
TLYLVTFLL -25.1642 -27.7174 2.96839 20.4079 0.13167 3.92047 -0.62399 -5.2467 0 0 0 -1.32963 -1.04063 0 0 0 0 0 0 0 0 -8.52994
TLYLVTFLS -23.4828 -27.7445 2.94106 21.7639 0.35495 3.70746 -0.76973 -5.77412 0 0 0 -1.3471 -0.81087 0 0 0 0 0 0 0 0 -7.67897
TLYLVTFLT -24.4543 -26.6557 2.65986 20.3697 0.22377 3.8382 -0.6491 -5.28495 0 0 0 -1.30328 -1.36365 0 0 0 0 0 0 0 0 -8.1652
TLYLVTFLW -26.0007 -27.253 2.14483 19.9748 0.25038 3.95254 -0.61015 -4.96567 0 0 0 -1.31199 -0.97926 0 0 0 0 0 0 0 0 -8.79744
TLYLVVFLA -27.4539 -27.3451 2.69981 19.6783 0.43541 3.67096 -1.00141 -5.49774 0 0 0 -1.35529 -0.90548 0 0 0 0 0 0 0 0 -9.62058
TLYLVVFLC -26.0692 -26.9129 2.90908 19.354 0.33649 3.71551 -0.61314 -5.42585 0 0 0 -1.3195 -1.02638 0 0 0 0 0 0 0 0 -8.98261
TLYLVVFLS -27.0422 -26.9485 2.69223 19.7633 0.41212 3.69336 -0.79605 -5.59309 0 0 0 -1.3345 -1.30447 0 0 0 0 0 0 0 0 -9.41561
TLYLVVFLT -25.409 -26.8197 2.80059 19.6212 0.37355 3.7132 -0.80982 -5.10648 0 0 0 -1.33041 -1.05991 0 0 0 0 0 0 0 0 -8.61778
TLYLVVFLV -26.1486 -26.8735 2.8345 19.3995 0.55313 3.71317 -0.78354 -5.2778 0 0 0 -1.31759 -1.05578 0 0 0 0 0 0 0 0 -8.80797
TLYLVVFLW -28.257 -27.663 2.01239 19.4785 0.3702 3.87491 -0.69046 -4.90107 0 0 0 -1.32703 -1.03784 0 0 0 0 0 0 0 0 -9.8834
TLYLVWFLA -15.4041 -22.7655 3.84016 16.0795 0.08632 5.48484 -0.957 -2.7744 0 0 0 -0.59556 -0.52928 0 0 0 0 0 0 0 0 -2.13089
TLYLVWFLC -15.682 -23.346 4.48363 15.9475 0.08484 5.32174 -1.239 -2.66454 0 0 0 -0.56949 -0.45306 0 0 0 0 0 0 0 0 -2.43441
TLYLVWFLD -20.2515 -24.7721 3.25262 19.8184 0.08151 6.52739 -1.18718 -4.94064 0 0 0 -0.70406 -1.59284 0 0 0 0 0 0 0 0 -3.51687
TLYLVWFLE -15.037 -24.5499 5.65016 17.956 0.07933 5.89411 -0.6406 -4.26928 0 0 0 -0.77665 -0.88824 0 0 0 0 0 0 0 0 -1.54508
TLYLVWFLG -24.3896 -28.0474 3.72298 19.5475 0.45391 3.96095 -0.45182 -4.62449 0 0 0 -1.29341 -1.0482 0 0 0 0 0 0 0 0 -7.77996
TLYLVWFLI -19.3683 -23.6366 5.42344 15.7592 0.07758 5.44994 -0.82149 -4.19153 0 0 0 -0.85383 -1.36328 0 0 0 0 0 0 0 0 -4.15661
TLYLVWFLK -22.234 -27.6901 4.6926 20.129 0.09073 5.12405 -1.01579 -5.02411 0 0 0 -0.7368 -1.47187 0 0 0 0 0 0 0 0 -5.90224
TLYLVWFLL -10.9473 -25.5665 7.95869 18.6496 0.07951 5.61162 -0.89333 -3.96199 0 0 0 -0.75195 -0.90814 0 0 0 0 0 0 0 0 0.21751
TLYLVWFLM -23.6233 -27.7483 5.20526 18.2501 0.07725 5.40099 -1.12028 -4.85395 0 0 0 -0.45299 -1.09148 0 0 0 0 0 0 0 0 -6.33338
TLYLVWFLN -20.6093 -25.0977 4.25404 18.7751 0.07554 6.55304 -1.12184 -4.85746 0 0 0 -0.6715 -1.58529 0 0 0 0 0 0 0 0 -3.67608
TLYLVWFLP -23.2989 -27.1532 4.47582 18.1116 0.08127 5.10778 -0.84574 -4.71543 0 0 0 -0.74988 -0.77271 0 0 0 0 0 0 0 0 -6.46043
TLYLVWFLQ -23.5938 -27.7221 4.91423 19.0956 0.07662 5.34519 -1.3602 -5.11745 0 0 0 -0.60892 -0.99807 0 0 0 0 0 0 0 0 -6.37507
TLYLVWFLS -20.8607 -26.265 4.60498 18.3405 0.0766 5.40465 -0.93407 -4.41319 0 0 0 -0.48958 -1.27397 0 0 0 0 0 0 0 0 -4.94909
TLYLVWFLT -15.5414 -23.9837 4.87691 16.9269 0.0745 5.05972 -1.24448 -3.36936 0 0 0 -0.54651 -0.43044 0 0 0 0 0 0 0 0 -2.63648
TLYLVWFLV -25.9741 -26.8547 4.41757 17.2864 0.1899 5.51996 -1.08881 -4.38574 0 0 0 -0.7567 -1.60504 0 0 0 0 0 0 0 0 -7.27718
TLYLVWFLW -25.4502 -24.8378 3.14072 15.175 0.08954 8.09416 -0.81603 -3.80702 0 0 0 -0.58113 -0.99877 0 0 0 0 0 0 0 0 -4.5414
