MUT	fa_rep:	ref:	fa_atr:	hbond_sc:	fa_sol:	yhh_planarity:	dslf_fa13:	fa_intra_sol_xover4:	omega:	p_aa_pp:	TOT	sugar_bb:	fa_intra_rep:	hbond_lr_bb:	hbond_sr_bb:	hbond_bb_sc:	fa_elec:	cart_bonded:	lk_ball_wtd:	fa_dun:	rama_prepro:
384A	-0.1760	2.5550	0.0000	0.0960	0.0000	0.0000	0.0060	0.0000	0.0000	2.8180	0.0000	0.0000	0.0000	-0.0150	0.0000	0.0000	0.1490	0.0000	0.2030	0.0000	0.0000
384C	-0.3690	2.8120	0.0000	-0.5630	-0.0060	-0.0060	0.0150	0.0040	-0.0020	2.1960	0.0000	0.0000	0.0000	-0.0260	-0.0010	0.0190	0.1250	-0.0290	0.2590	-0.0320	-0.0040
384E	-0.7160	2.2350	0.0000	-0.9180	0.0000	0.0000	0.0700	0.0000	0.0000	-1.2700	0.0000	0.0000	0.0000	0.0330	0.0000	0.0000	-1.2260	0.0000	-0.7460	0.0000	0.0000
384D	-0.1330	2.9280	0.0000	0.8310	0.0000	0.0000	-0.0250	0.0000	0.0000	2.6280	0.0000	0.0000	0.0000	0.0110	0.0000	0.0000	-0.8960	0.0000	-0.0860	0.0000	0.0000
384G	0.0070	2.2700	0.0000	0.3780	-0.0010	0.0050	0.0060	-0.0030	-0.0010	2.9200	0.0000	0.0000	0.0000	-0.0130	-0.0050	-0.0060	0.1170	-0.0270	0.1720	0.0140	0.0060
384I	-1.0000	3.7370	0.0000	-4.5310	0.0000	0.0000	0.1060	0.0000	0.0000	-1.6990	0.0000	0.0000	0.0000	0.0550	0.0000	0.0000	0.1450	0.0000	-0.2130	0.0000	0.0000
384H	-0.1110	0.6120	0.0000	1.2450	-0.0010	0.0050	0.0110	-0.0030	-0.0010	1.2740	0.0000	0.0000	0.0000	-0.0160	-0.0050	-0.0060	-0.3240	-0.0270	-0.1240	0.0140	0.0060
384K	0.1720	0.4150	0.0000	2.6180	0.0000	0.0000	-0.0130	0.0000	0.0000	3.4470	0.0000	0.0000	0.0000	-0.0020	0.0000	0.0000	0.6740	0.0000	-0.4150	0.0000	0.0000
384M	0.1600	0.8380	0.0000	0.0200	-0.0010	0.0050	-0.0050	-0.0030	-0.0010	1.2900	0.0000	0.0000	0.0000	0.0000	-0.0050	-0.0060	0.2070	-0.0270	0.0880	0.0140	0.0060
384L	-0.1090	2.1170	0.0000	-3.6390	0.2110	-0.0090	0.0330	-0.0310	0.0280	-1.9760	0.0000	0.0000	0.0000	0.0460	-0.0510	-0.2760	-0.1150	0.0670	-0.4720	0.1010	0.1260
384N	-0.1360	1.7010	0.0000	1.0560	-0.0010	-0.0050	0.0090	-0.0010	0.0000	2.7870	0.0000	0.0000	0.0000	0.0020	-0.0060	0.0010	0.2350	0.0100	-0.0550	-0.0270	0.0020
384Q	-0.3580	1.8500	0.0000	0.2550	0.0000	0.0000	0.0100	0.0000	0.0000	1.9470	0.0000	0.0000	0.0000	-0.0230	0.0000	0.0000	0.2140	0.0000	-0.0010	0.0000	0.0000
384P	-0.0860	2.2220	0.0000	0.4600	0.0000	0.0000	0.0020	0.0000	0.0000	2.8760	0.0000	0.0000	0.0000	-0.0220	0.0000	0.0000	0.1300	0.0000	0.1710	0.0000	0.0000
384S	-0.0350	2.2400	0.0000	0.4980	-0.0010	0.0050	-0.0020	-0.0030	-0.0010	2.8680	0.0000	0.0000	0.0000	-0.0140	-0.0050	-0.0060	0.0850	-0.0270	0.1120	0.0140	0.0060
384R	-0.4110	-0.3770	0.0000	2.6500	0.0000	0.0040	0.0190	0.0070	-0.0140	1.3620	0.0000	0.0000	0.0000	-0.0480	-0.0040	-0.0270	-0.3100	0.1430	-0.2120	-0.0690	0.0070
384T	-0.2360	2.4880	0.0000	-0.0340	0.0000	0.0000	0.0030	0.0000	0.0000	2.5540	0.0000	0.0000	0.0000	-0.0140	0.0000	0.0000	0.1680	0.0000	0.1820	0.0000	0.0000
384W	0.1130	-1.0070	0.0000	1.2010	-0.0010	0.0050	-0.0170	-0.0030	-0.0010	-0.0970	0.0000	0.0000	0.0000	0.0430	-0.0050	-0.0060	-0.2100	-0.0270	-0.2030	0.0140	0.0060
384V	-0.2040	2.4630	0.0000	-0.1740	-0.0010	0.0050	0.0090	-0.0030	-0.0010	2.4290	0.0000	0.0000	0.0000	-0.0170	-0.0050	-0.0060	0.1710	-0.0270	0.1980	0.0140	0.0060
384Y	0.0260	0.4900	0.0000	-0.0950	0.0220	-0.0030	-0.0200	0.0150	0.0090	-0.9880	0.0000	0.0000	0.0000	-1.5010	-0.0180	0.1760	-0.2410	0.1090	-0.0600	0.0490	0.0520
348Y	1.1930	6.4870	0.0000	-3.3480	0.0000	0.0000	0.5330	0.0000	0.0000	3.6940	0.0000	0.0000	0.0000	-0.4820	0.0000	0.0000	-1.6350	0.0000	0.9460	0.0000	0.0000
348Q	-0.9080	0.5320	0.0000	-1.0060	0.0770	0.0110	-0.0230	0.2640	-0.0440	-0.4140	0.0000	0.0000	0.1200	0.0490	0.0000	0.1710	-0.5720	-0.3670	-0.1160	1.4650	-0.0660
348P	0.2430	0.3180	0.0000	-4.4250	0.0000	0.0000	-0.0290	0.0000	0.0000	-3.5290	0.0000	0.0000	0.0000	0.0390	0.0000	0.0000	-0.2130	0.0000	0.5370	0.0000	0.0000
348S	0.2120	1.0480	0.0000	-0.1780	-0.0010	0.0000	-0.0400	-0.0040	-0.0010	1.2980	0.0000	0.0000	0.0000	0.0120	0.0000	-0.0010	-0.0860	0.0500	0.3220	-0.0360	0.0000
348R	0.9150	2.1270	0.0000	-0.8380	0.0000	0.0000	-0.0760	0.0000	0.0000	2.0320	0.0000	0.0000	0.0000	0.4790	0.0000	0.0000	-1.4380	0.0000	0.8630	0.0000	0.0000
348T	0.4400	0.2880	0.0000	-0.9610	0.0000	0.0000	-0.0360	0.0000	0.0000	0.0610	0.0000	0.0000	0.0000	0.0280	0.0000	0.0000	-0.0580	0.0000	0.3600	0.0000	0.0000
348W	0.6690	7.8190	0.0000	-4.5950	0.0000	0.0000	0.3300	0.0000	0.0000	3.7410	0.0000	0.0000	0.0000	-0.8980	0.0000	0.0000	-1.1660	0.0000	1.5800	0.0000	0.0000
348V	0.3980	-0.5130	0.0000	-3.5930	0.0000	0.0000	-0.0300	0.0000	0.0000	-4.0380	0.0000	0.0000	0.0000	0.0670	0.0000	0.0000	-0.4230	0.0000	0.0560	0.0000	0.0000
348I	0.8590	-0.5580	0.0000	-3.2860	0.0000	0.0000	0.0040	0.0000	0.0000	-1.8950	0.0000	0.0000	0.0000	0.0310	0.0000	0.0000	0.6710	0.0000	0.3800	0.0000	0.0000
348H	0.4150	0.6770	0.0000	-1.9160	0.1110	0.0080	-0.0460	-0.0070	-0.0150	-0.2070	0.0000	0.0000	-0.0170	-0.4620	0.0000	0.1960	-0.8230	-0.2300	0.9970	0.9110	-0.0060
348K	0.9180	2.4430	0.0000	-0.0930	0.0000	0.0000	-0.0750	0.0000	0.0000	2.6760	0.0000	0.0000	0.0000	0.4390	0.0000	0.0000	-1.5910	0.0000	0.6330	0.0000	0.0000
348M	0.0580	-0.7490	0.0000	-1.0350	-0.0010	0.0020	-0.0330	-0.0080	0.0130	-1.5130	0.0000	0.0000	-0.0010	0.0210	0.0000	0.0010	-0.0520	-0.0010	0.3020	-0.0320	0.0020
348L	0.2650	0.2240	0.0000	-3.0390	0.0000	0.0000	-0.0180	0.0000	0.0000	-2.5920	0.0000	0.0000	0.0000	0.1150	0.0000	0.0000	-0.4750	0.0000	0.3410	0.0000	0.0000
348N	-0.4910	-0.2760	0.0000	-0.0990	0.0000	0.0000	-0.0060	0.0000	0.0000	-1.8350	0.0000	0.0000	0.0000	-1.2230	0.0000	0.0000	-0.4780	0.0000	0.7410	0.0000	0.0000
348A	0.5030	0.4260	0.0000	-1.0420	0.0000	0.0000	-0.0360	0.0000	0.0000	0.1750	0.0000	0.0000	0.0000	0.0180	0.0000	0.0000	0.0510	0.0000	0.2540	0.0000	0.0000
348C	-0.3000	-0.5640	0.0000	-0.7960	0.0000	0.0000	-0.0070	0.0000	0.0000	-1.4480	0.0000	0.0000	0.0000	0.0140	0.0000	0.0000	0.0630	0.0000	0.1410	0.0000	0.0000
348E	-0.0780	0.9510	0.0000	0.1860	0.0000	0.0000	-0.0270	0.0000	0.0000	0.9970	0.0000	0.0000	0.0000	0.0280	0.0000	0.0000	-0.2400	0.0000	0.1760	0.0000	0.0000
348D	0.1360	0.7420	0.0000	-1.0220	-0.0020	0.0020	-0.0120	-0.0130	0.0150	0.2760	0.0000	0.0000	0.0040	0.0460	0.0000	0.0000	0.2120	0.1010	0.1130	-0.0530	0.0050
348F	1.4630	0.4250	0.0000	-2.8500	0.0000	0.0000	-0.0090	0.0000	0.0000	-0.6850	0.0000	0.0000	0.0000	0.0710	0.0000	0.0000	-0.2530	0.0000	0.4700	0.0000	0.0000
417G	-0.2080	2.6960	0.0000	0.8040	0.0000	0.0000	-0.0100	0.0000	0.0000	3.1820	0.0000	0.0000	0.0000	0.0120	0.0000	0.0000	-0.1010	0.0000	-0.0110	0.0000	0.0000
346W	1.4220	-1.6070	0.0000	-0.1240	0.0000	0.0000	-0.0770	0.0000	0.0000	-1.0460	0.0000	0.0000	0.0000	0.1750	0.0000	0.0000	-1.7300	0.0000	0.8940	0.0000	0.0000
309C	-0.3900	1.3930	0.0000	0.4440	-0.0010	0.0020	0.0060	0.0030	0.0010	1.5390	0.0000	0.0000	0.0000	0.0150	-0.0020	0.0150	0.0180	-0.0180	0.0280	0.0240	0.0020
309A	-0.4630	1.7980	0.0000	0.4650	0.0000	0.0020	-0.0120	0.0030	0.0000	1.9490	0.0000	0.0000	0.0000	0.0090	-0.0070	0.0160	-0.0110	0.0350	0.0990	0.0150	0.0030
309F	-0.2480	0.7460	0.0000	-0.2670	0.0000	0.0020	-0.0070	0.0030	0.0000	0.2940	0.0000	0.0000	0.0000	0.0070	-0.0070	0.0160	-0.0460	0.0350	0.0440	0.0150	0.0030
309G	-0.0550	1.3340	0.0000	0.4630	-0.0020	-0.0020	-0.0070	0.0050	0.0100	1.7120	0.0000	0.0000	0.0000	0.0000	0.0000	-0.0040	-0.0920	-0.0440	0.1610	-0.0510	-0.0020
309D	-0.1190	1.0460	0.0000	0.8090	0.0000	0.0000	-0.0100	0.0000	0.0000	1.5590	0.0000	0.0000	0.0000	0.0010	0.0000	0.0000	-0.3060	0.0000	0.1370	0.0000	0.0000
309E	-0.2410	0.7140	0.0000	1.4120	0.0090	0.0090	-0.0110	0.0010	-0.0020	1.5820	0.0000	0.0000	0.0000	-0.0160	-0.0060	0.0290	-0.4800	0.0580	0.1340	-0.0270	0.0000
309K	-0.3570	1.1690	0.0000	1.0590	-0.0010	0.0020	-0.0050	0.0030	0.0010	1.9720	0.0000	0.0000	0.0000	-0.0060	-0.0020	0.0150	-0.0020	-0.0180	0.0900	0.0240	0.0020
309H	-0.1720	0.7810	0.0000	0.9480	0.0000	0.0000	-0.0060	0.0000	0.0000	1.4910	0.0000	0.0000	0.0000	-0.0040	0.0000	0.0000	-0.2590	0.0000	0.2040	0.0000	0.0000
309I	-0.0250	0.6600	0.0000	0.8390	0.0000	0.0000	0.0010	0.0000	0.0000	1.4360	0.0000	0.0000	0.0000	0.0000	0.0000	0.0000	-0.0230	0.0000	-0.0140	0.0000	0.0000
309N	-0.0950	0.9440	0.0000	0.6390	0.0000	-0.0060	-0.0050	-0.0040	-0.0020	1.6400	0.0000	0.0000	0.0000	-0.0040	0.0000	0.0020	-0.0090	-0.0290	0.1930	0.0190	-0.0030
309L	-0.6890	0.8050	0.0000	1.6030	-0.0330	-0.0250	-0.0150	-0.0190	0.0050	0.8890	0.0000	0.0000	0.0000	0.0310	-0.0720	-0.0170	-0.4180	-0.3050	-0.0300	0.0520	0.0140
309R	-0.0090	0.6250	0.0000	1.0690	0.0000	0.0000	-0.0060	0.0000	0.0000	1.3200	0.0000	0.0000	0.0000	-0.0100	0.0000	0.0000	-0.1350	0.0000	-0.2120	0.0000	0.0000
309S	-0.4650	1.7790	0.0000	0.5260	0.0000	0.0020	-0.0100	0.0030	0.0000	1.9400	0.0000	0.0000	0.0000	0.0090	-0.0070	0.0160	-0.0330	0.0350	0.0710	0.0150	0.0030
309P	-0.1270	1.1650	0.0000	0.4550	0.0000	0.0000	-0.0130	0.0000	0.0000	1.5420	0.0000	0.0000	0.0000	-0.0020	0.0000	0.0000	-0.0700	0.0000	0.1350	0.0000	0.0000
309Q	-0.1650	0.5030	0.0000	0.9230	0.0000	0.0000	0.0050	0.0000	0.0000	1.0850	0.0000	0.0000	0.0000	0.0050	0.0000	0.0000	0.0890	0.0000	-0.2720	0.0000	0.0000
309V	0.1250	0.5990	0.0000	0.6780	0.0070	-0.0050	-0.0150	-0.0030	-0.0020	1.4140	0.0000	0.0000	0.0000	0.0360	0.0100	0.0450	-0.0770	-0.2010	0.1420	0.0730	-0.0010
309W	-0.3480	0.6110	0.0000	0.2240	0.0000	0.0020	-0.0100	0.0030	0.0000	0.5070	0.0000	0.0000	0.0000	0.0010	-0.0070	0.0160	-0.0210	0.0350	-0.0140	0.0150	0.0030
309T	-0.4770	1.7050	0.0000	0.5610	0.0000	0.0020	-0.0170	0.0030	0.0000	1.8810	0.0000	0.0000	0.0000	0.0030	-0.0070	0.0160	0.0050	0.0350	0.0360	0.0150	0.0030
417M	0.0020	1.9100	0.0000	0.5770	0.0000	0.0000	-0.0080	0.0000	0.0000	2.3170	0.0000	0.0000	0.0000	0.0020	0.0000	0.0000	-0.1280	0.0000	-0.0400	0.0000	0.0000
346N	0.8870	-0.8860	0.0000	0.5480	0.0000	0.0000	0.0000	0.0000	0.0000	0.3500	0.0000	0.0000	0.0000	0.1690	0.0000	0.0000	-0.3640	0.0000	-0.0060	0.0000	0.0000
346M	1.5610	-3.4800	0.0000	-1.6160	0.0170	-0.0010	0.0340	0.0000	0.0040	-4.0310	0.0000	0.0000	-0.0030	0.1400	0.0000	0.0140	-0.4230	-0.0070	-0.2800	0.0100	0.0000
309Y	-0.1790	0.6530	0.0000	-0.0180	0.0000	0.0020	-0.0140	0.0030	0.0000	0.4570	0.0000	0.0000	0.0000	0.0020	-0.0070	0.0160	-0.1780	0.0350	0.1240	0.0150	0.0030
346K	3.2420	-2.5250	0.0000	6.0450	0.0000	0.0000	0.1460	0.0000	0.0000	2.2740	0.0000	0.0000	0.0000	0.2450	0.0000	0.0000	-5.1210	0.0000	0.2410	0.0000	0.0000
346I	1.2930	-0.3540	0.0000	-2.5850	0.0000	0.0000	0.0370	0.0000	0.0000	-2.5080	0.0000	0.0000	0.0000	0.1470	0.0000	0.0000	-0.4430	0.0000	-0.6020	0.0000	0.0000
346H	1.2640	-1.7670	0.0000	0.6990	0.0000	0.0000	-0.0430	0.0000	0.0000	-3.4320	0.0000	0.0000	0.0000	-1.5360	0.0000	0.0000	-2.2580	0.0000	0.2080	0.0000	0.0000
346L	1.1380	-2.2490	0.0000	-2.0930	0.0000	0.0000	0.0250	0.0000	0.0000	-3.9560	0.0000	0.0000	0.0000	0.1700	0.0000	0.0000	-0.3720	0.0000	-0.5750	0.0000	0.0000
417K	-0.2170	2.2150	0.0000	1.0030	0.0000	0.0000	-0.0090	0.0000	0.0000	2.8110	0.0000	0.0000	0.0000	0.0130	0.0000	0.0000	-0.1420	0.0000	-0.0510	0.0000	0.0000
302Y	1.0810	-4.0790	0.0000	2.3480	0.0000	0.0000	-0.0330	0.0000	0.0000	-0.9220	0.0000	0.0000	0.0000	0.0030	0.0000	0.0000	-0.1390	0.0000	-0.1040	0.0000	0.0000
302W	1.9430	-4.3290	0.0000	1.8460	0.0000	0.0000	-0.0350	0.0000	0.0000	-0.2040	0.0000	0.0000	0.0000	-0.0400	0.0000	0.0000	0.1820	0.0000	0.2280	0.0000	0.0000
302V	0.3250	-2.4870	0.0000	1.5090	0.0000	0.0000	0.0070	0.0000	0.0000	-0.7920	0.0000	0.0000	0.0000	-0.0140	0.0000	0.0000	-0.4010	0.0000	0.2680	0.0000	0.0000
302T	0.3410	-2.1370	0.0000	3.9260	-0.0090	-0.0170	-0.0180	0.0500	0.0120	-0.0780	0.0000	0.0000	0.0000	-0.6070	0.0260	-0.1180	-0.5790	0.1860	-0.3280	-0.7460	-0.0580
302S	-0.3510	-1.6960	0.0000	5.7560	-0.0020	-0.0050	-0.0070	0.0140	0.0090	1.9350	0.0000	0.0000	0.0000	-1.4470	0.0020	-0.0400	-0.8630	-0.0160	0.5430	0.0300	0.0090
302R	0.8370	-3.2760	0.0000	4.7460	0.0000	0.0000	-0.0090	0.0000	0.0000	2.7940	0.0000	0.0000	0.0000	-0.0070	0.0000	0.0000	-0.1090	0.0000	0.6140	0.0000	0.0000
302Q	-0.1050	-4.2030	0.0000	6.0420	0.0000	0.0000	-0.0090	0.0000	0.0000	2.3870	0.0000	0.0000	0.0000	-0.0280	0.0000	0.0000	0.3570	0.0000	0.3330	0.0000	0.0000
302P	0.2850	-2.5510	0.0000	1.9890	0.0000	0.0000	-0.0010	0.0000	0.0000	-0.2960	0.0000	0.0000	0.0000	-0.0120	0.0000	0.0000	0.2900	0.0000	-0.2970	0.0000	0.0000
302N	0.3450	-0.0210	0.0000	0.1580	0.0000	0.0000	-0.0220	0.0000	0.0000	-0.1070	0.0000	0.0000	0.0000	0.0410	0.0000	0.0000	-0.3360	0.0000	-0.2710	0.0000	0.0000
302M	1.0940	-2.6270	0.0000	-0.6880	0.0000	0.0000	-0.0170	0.0000	0.0000	-2.1560	0.0000	0.0000	0.0000	0.0500	0.0000	0.0000	-0.0710	0.0000	0.1020	0.0000	0.0000
302L	0.5160	-1.2390	0.0000	-0.9280	0.0000	0.0000	-0.0040	0.0000	0.0000	-2.2250	0.0000	0.0000	0.0000	0.0530	0.0000	0.0000	-0.4800	0.0000	-0.1440	0.0000	0.0000
302K	0.5540	-3.0370	0.0000	6.3180	0.0000	0.0000	-0.0160	0.0000	0.0000	3.5680	0.0000	0.0000	0.0000	-0.6650	0.0000	0.0000	-0.4890	0.0000	0.9020	0.0000	0.0000
302I	0.6620	-2.8400	0.0000	1.7070	0.0000	0.0000	-0.0200	0.0000	0.0000	0.2590	0.0000	0.0000	0.0000	-0.0660	0.0000	0.0000	0.4780	0.0000	0.3370	0.0000	0.0000
302H	0.9940	-2.0880	0.0000	1.7150	0.0000	0.0000	-0.0220	0.0000	0.0000	0.8860	0.0000	0.0000	0.0000	0.0520	0.0000	0.0000	0.1370	0.0000	0.0990	0.0000	0.0000
302G	-0.2490	0.6700	0.0000	0.9150	0.0000	0.0000	-0.0020	0.0000	0.0000	1.5240	0.0000	0.0000	0.0000	-0.0260	0.0000	0.0000	0.1830	0.0000	0.0350	0.0000	0.0000
302F	0.8210	-4.5340	0.0000	4.4700	0.0000	0.0000	-0.0360	0.0000	0.0000	1.1390	0.0000	0.0000	0.0000	-0.0630	0.0000	0.0000	0.1570	0.0000	0.3230	0.0000	0.0000
302E	-0.2290	-3.4440	0.0000	7.4210	0.0000	0.0000	-0.0090	0.0000	0.0000	4.5160	0.0000	0.0000	0.0000	-0.0310	0.0000	0.0000	0.0760	0.0000	0.7310	0.0000	0.0000
302D	0.0210	-0.2460	0.0000	3.2820	0.0000	0.0000	-0.0270	0.0000	0.0000	2.6690	0.0000	0.0000	0.0000	-0.0320	0.0000	0.0000	-0.2810	0.0000	-0.0490	0.0000	0.0000
302C	0.1500	-1.0470	0.0000	0.5160	0.0000	0.0000	0.0020	0.0000	0.0000	-0.4690	0.0000	0.0000	0.0000	0.0110	0.0000	0.0000	-0.0560	0.0000	-0.0450	0.0000	0.0000
417T	-0.2540	2.5250	0.0000	0.9560	0.0000	0.0000	-0.0060	0.0000	0.0000	3.1050	0.0000	0.0000	0.0000	0.0120	0.0000	0.0000	-0.0460	0.0000	-0.0840	0.0000	0.0000
417V	-0.1870	1.9100	0.0000	0.3360	0.0000	0.0000	-0.0120	0.0000	0.0000	1.8900	0.0000	0.0000	0.0000	0.0020	0.0000	0.0000	-0.0790	0.0000	-0.0830	0.0000	0.0000
417P	-0.4460	2.3210	0.0000	1.0240	0.0000	0.0000	0.0270	0.0000	0.0000	1.4120	0.0000	0.0000	0.0000	0.0010	0.0000	0.0000	-1.0050	0.0000	-0.5100	0.0000	0.0000
417Q	0.0270	1.9250	0.0000	0.7010	0.0000	0.0000	-0.0130	0.0000	0.0000	2.3960	0.0000	0.0000	0.0000	0.0030	0.0000	0.0000	-0.1440	0.0000	-0.1050	0.0000	0.0000
417R	-0.0320	0.7880	0.0000	2.0510	0.0000	0.0000	0.0030	0.0000	0.0000	2.3080	0.0000	0.0000	0.0000	0.0160	0.0000	0.0000	-0.2560	0.0000	-0.2630	0.0000	0.0000
346V	1.0660	-0.6280	0.0000	-2.3630	0.0000	0.0000	0.0140	0.0000	0.0000	-2.4100	0.0000	0.0000	0.0000	0.1710	0.0000	0.0000	-0.3350	0.0000	-0.3360	0.0000	0.0000
417Y	-0.4660	0.4240	0.0000	0.8450	0.0000	0.0000	0.0080	0.0000	0.0000	0.6360	0.0000	0.0000	0.0000	-0.0130	0.0000	0.0000	-0.0520	0.0000	-0.1110	0.0000	0.0000
417D	-0.2420	2.5860	0.0000	0.9870	0.0000	0.0000	0.0020	0.0000	0.0000	3.1470	0.0000	0.0000	0.0000	0.0120	0.0000	0.0000	-0.1010	0.0000	-0.0940	0.0000	0.0000
417E	-0.0130	2.0310	0.0000	0.9260	0.0000	0.0000	-0.0110	0.0000	0.0000	2.7950	0.0000	0.0000	0.0000	0.0040	0.0000	0.0000	-0.0490	0.0000	-0.0940	0.0000	0.0000
417F	-0.7150	1.4770	0.0000	0.6840	0.0000	0.0000	0.0040	0.0000	0.0000	1.2770	0.0000	0.0000	0.0000	0.0080	0.0000	0.0000	-0.0860	0.0000	-0.0960	0.0000	0.0000
346T	0.9780	-0.1130	0.0000	-1.7600	0.0000	0.0000	0.0240	0.0000	0.0000	-1.4000	0.0000	0.0000	0.0000	0.1560	0.0000	0.0000	-0.2850	0.0000	-0.4010	0.0000	0.0000
417A	-0.2560	2.6330	0.0000	0.8110	0.0000	0.0000	-0.0070	0.0000	0.0000	3.0950	0.0000	0.0000	0.0000	0.0100	0.0000	0.0000	-0.0620	0.0000	-0.0350	0.0000	0.0000
417C	-0.3130	2.5700	0.0000	0.8370	0.0000	0.0000	-0.0050	0.0000	0.0000	3.0090	0.0000	0.0000	0.0000	0.0120	0.0000	0.0000	-0.0310	0.0000	-0.0610	0.0000	0.0000
417L	-0.1340	1.9980	0.0000	0.5000	0.0000	0.0000	-0.0080	0.0000	0.0000	2.2290	0.0000	0.0000	0.0000	0.0050	0.0000	0.0000	-0.0770	0.0000	-0.0580	0.0000	0.0000
346S	-0.0490	0.0210	0.0000	-0.1610	0.0000	0.0000	-0.0050	0.0000	0.0000	-0.1100	0.0000	0.0000	0.0000	-0.0240	0.0000	0.0000	0.0940	0.0000	0.0130	0.0000	0.0000
417N	-0.0620	2.1030	0.0000	0.7940	0.0000	0.0000	-0.0050	0.0000	0.0000	2.6530	0.0000	0.0000	0.0000	0.0020	0.0000	0.0000	-0.0870	0.0000	-0.0950	0.0000	0.0000
417H	0.0970	1.8990	0.0000	0.6470	0.0000	0.0000	-0.0110	0.0000	0.0000	2.4510	0.0000	0.0000	0.0000	0.0050	0.0000	0.0000	-0.1500	0.0000	-0.0390	0.0000	0.0000
417I	-0.3820	2.0090	0.0000	0.5270	0.0010	0.0000	-0.0010	-0.0150	-0.0080	2.0810	0.0000	0.0000	-0.0100	0.0140	0.0000	0.0030	-0.0300	-0.0210	-0.0490	0.0320	0.0110
346R	1.0920	-0.2850	0.0000	0.6530	0.0000	0.0000	-0.0670	0.0000	0.0000	1.1240	0.0000	0.0000	0.0000	0.2080	0.0000	0.0000	-1.4670	0.0000	0.9870	0.0000	0.0000
346Q	1.4650	-3.0360	0.0000	1.8080	0.0000	0.0000	0.0310	0.0000	0.0000	-2.6270	0.0000	0.0000	0.0000	-0.7290	0.0000	0.0000	-0.5860	0.0000	-1.5810	0.0000	0.0000
346P	-0.0850	-0.5990	0.0000	0.5190	0.0000	0.0000	-0.0170	0.0000	0.0000	-0.0290	0.0000	0.0000	0.0000	0.0090	0.0000	0.0000	0.2220	0.0000	-0.0780	0.0000	0.0000
346Y	2.2330	-3.0200	0.0000	0.9580	0.0000	0.0000	-0.0730	0.0000	0.0000	-3.1100	0.0000	0.0000	0.0000	-0.3090	0.0000	0.0000	-2.1160	0.0000	-0.7870	0.0000	0.0000
417S	-0.2430	2.6770	0.0000	0.8230	0.0000	0.0000	-0.0080	0.0000	0.0000	3.1560	0.0000	0.0000	0.0000	0.0120	0.0000	0.0000	-0.0710	0.0000	-0.0360	0.0000	0.0000
346F	1.8430	-2.2250	0.0000	-1.0560	0.0000	0.0000	-0.0850	0.0000	0.0000	-2.6980	0.0000	0.0000	0.0000	0.0850	0.0000	0.0000	-1.3520	0.0000	0.0910	0.0000	0.0000
346E	0.7410	-2.8280	0.0000	3.3750	-0.0010	0.0010	0.0980	-0.0100	-0.0010	-1.1360	0.0000	0.0000	-0.0090	-0.9250	0.0000	-0.0040	-0.6460	0.0230	-0.9730	0.0230	0.0010
346D	0.3550	-1.3080	0.0000	2.6240	0.0000	0.0000	0.0540	0.0000	0.0000	-3.0770	0.0000	0.0000	0.0000	-0.7220	0.0000	0.0000	-4.1310	0.0000	0.0510	0.0000	0.0000
346C	0.1180	-1.9080	0.0000	-0.2800	0.0000	0.0000	0.0010	0.0000	0.0000	-1.9100	0.0000	0.0000	0.0000	0.0080	0.0000	0.0000	0.3120	0.0000	-0.1600	0.0000	0.0000
401Y	0.8480	-4.9390	0.0000	4.7550	0.0000	0.0000	-0.0190	0.0000	0.0000	-1.2960	0.0000	0.0000	0.0000	-1.0340	0.0000	0.0000	-0.5740	0.0000	-0.3320	0.0000	0.0000
346A	0.1370	-0.1980	0.0000	-1.2440	0.0000	0.0000	0.0130	0.0000	0.0000	-1.3070	0.0000	0.0000	0.0000	-0.0180	0.0000	0.0000	0.0190	0.0000	-0.0170	0.0000	0.0000
401S	0.1530	0.4320	0.0000	0.5610	0.0000	0.0000	0.0030	0.0000	0.0000	1.1040	0.0000	0.0000	0.0000	-0.0040	0.0000	0.0000	-0.0610	0.0000	0.0200	0.0000	0.0000
401R	0.0840	-3.7130	0.0000	8.1050	0.0000	0.0000	-0.0180	0.0000	0.0000	-0.0580	0.0000	0.0000	0.0000	-2.4490	0.0000	0.0000	-2.4560	0.0000	0.3880	0.0000	0.0000
401Q	0.2010	-2.0600	0.0000	3.0200	0.0000	0.0000	0.0040	0.0000	0.0000	0.9740	0.0000	0.0000	0.0000	0.0140	0.0000	0.0000	0.1460	0.0000	-0.3510	0.0000	0.0000
401P	-0.3780	-0.0150	0.0000	0.6200	0.0000	0.0000	0.0000	0.0000	0.0000	0.3160	0.0000	0.0000	0.0000	-0.0060	0.0000	0.0000	0.1120	0.0000	-0.0180	0.0000	0.0000
401W	2.4400	-5.9380	0.0000	3.7430	0.0000	0.0000	-0.0460	-0.0050	0.0030	-0.7800	0.0000	0.0000	0.0010	0.0840	0.0000	0.0000	-0.7130	0.0050	-0.3460	-0.0070	-0.0010
401T	-0.1890	0.7300	0.0000	0.9680	0.0000	0.0000	-0.0000	0.0000	0.0000	1.3680	0.0000	0.0000	0.0000	0.0120	0.0000	0.0000	-0.0510	0.0000	-0.1040	0.0000	0.0000
401K	0.6710	-4.1580	0.0000	7.0260	0.0000	0.0000	-0.0560	0.0000	0.0000	-1.2360	0.0000	0.0000	0.0000	0.3280	0.0000	0.0000	-4.5570	0.0000	-0.4900	0.0000	0.0000
401I	1.0890	-1.9630	0.0000	-0.1680	0.0000	0.0000	0.0170	0.0000	0.0000	-1.1690	0.0000	0.0000	0.0000	0.0000	0.0000	0.0000	-0.0290	0.0000	-0.1170	0.0000	0.0000
401H	0.0720	-2.3830	0.0000	2.9200	0.0040	0.0010	-0.0120	-0.0040	0.0030	0.4290	0.0000	0.0000	-0.0180	0.0070	0.0000	-0.0030	-0.1030	0.0550	-0.0930	-0.0170	-0.0010
401N	-0.2330	-0.4920	0.0000	2.2620	0.0000	0.0000	0.0030	0.0000	0.0000	0.9040	0.0000	0.0000	0.0000	0.0240	0.0000	0.0000	-0.0310	0.0000	-0.6270	0.0000	0.0000
401M	-0.0300	-2.9640	0.0000	1.6960	0.0000	0.0000	-0.0040	0.0000	0.0000	-1.5670	0.0000	0.0000	0.0000	0.0170	0.0000	0.0000	-0.0670	0.0000	-0.2150	0.0000	0.0000
401L	0.8450	-1.7080	0.0000	-0.0700	0.0000	0.0000	0.0280	0.0000	0.0000	-0.9080	0.0000	0.0000	0.0000	0.0150	0.0000	0.0000	0.1480	0.0000	-0.1650	0.0000	0.0000
401C	-0.3770	0.9780	0.0000	1.0040	0.0120	0.0060	-0.0010	0.0360	0.0070	1.6900	0.0000	0.0000	-0.0230	-0.0160	0.0000	0.0040	0.0110	0.0490	-0.0020	0.0110	-0.0110
401A	-0.1650	1.1370	0.0000	0.5420	-0.0110	0.0010	0.0020	0.0160	-0.0230	1.5620	0.0000	0.0000	0.0180	-0.0010	0.0000	0.0000	0.1120	-0.0370	0.0170	-0.0330	-0.0130
401G	0.2930	0.4350	0.0000	0.5180	0.0000	0.0000	0.0020	0.0000	0.0000	1.2570	0.0000	0.0000	0.0000	-0.0010	0.0000	0.0000	-0.0210	0.0000	0.0290	0.0000	0.0000
401F	0.9760	-3.9440	0.0000	2.1000	0.0000	0.0000	-0.0070	0.0000	0.0000	-1.5990	0.0000	0.0000	0.0000	0.0310	0.0000	0.0000	-0.4780	0.0000	-0.2790	0.0000	0.0000
401E	0.4070	0.0370	0.0000	1.4490	0.0000	0.0000	-0.0050	0.0000	0.0000	1.4590	0.0000	0.0000	0.0000	0.0060	0.0000	0.0000	-0.2910	0.0000	-0.1470	0.0000	0.0000
401D	-0.0470	-0.3650	0.0000	2.0050	0.0000	0.0000	0.0070	0.0000	0.0000	1.0420	0.0000	0.0000	0.0000	0.0030	0.0000	0.0000	-0.2280	0.0000	-0.3330	0.0000	0.0000
305N	-0.3870	0.2120	0.0000	2.8430	0.0000	0.0000	0.0370	0.0000	0.0000	3.3410	0.0000	0.0000	0.0000	-0.0460	0.0000	0.0000	0.6770	0.0000	0.0070	0.0000	0.0000
305L	-0.3100	-0.5650	0.0000	1.7140	0.0000	0.0000	0.0170	0.0000	0.0000	1.5820	0.0000	0.0000	0.0000	-0.0800	0.0000	0.0000	0.5400	0.0000	0.2670	0.0000	0.0000
305M	-0.0480	-0.1610	0.0000	-0.3540	0.0000	0.0000	0.0100	0.0000	0.0000	-0.2410	0.0000	0.0000	0.0000	-0.0230	0.0000	0.0000	0.3640	0.0000	-0.0290	0.0000	0.0000
305K	-0.5740	0.2430	0.0000	2.9360	0.0000	0.0000	0.0070	0.0000	0.0000	3.4980	0.0000	0.0000	0.0000	-0.0630	0.0000	0.0000	0.6390	0.0000	0.3110	0.0000	0.0000
305H	-0.4630	-0.5600	0.0000	3.0820	0.0000	0.0000	0.0140	0.0000	0.0000	2.5020	0.0000	0.0000	0.0000	-0.0470	0.0000	0.0000	0.4090	0.0000	0.0640	0.0000	0.0000
305I	0.2740	-1.3120	0.0000	1.5370	-0.0080	0.0100	0.0430	0.0140	0.0180	0.5150	0.0000	0.0000	0.0000	-0.0850	-0.0080	-0.2770	-0.0240	0.5390	-0.0870	-0.1180	0.0020
305G	-0.6410	2.0960	0.0000	2.3940	0.0000	0.0000	-0.0040	0.0000	0.0000	4.8400	0.0000	0.0000	0.0000	-0.0780	0.0000	0.0000	0.5170	0.0000	0.5570	0.0000	0.0000
305D	-0.5580	0.4940	0.0000	3.5980	0.0000	0.0000	0.0070	0.0000	0.0000	4.1910	0.0000	0.0000	0.0000	-0.0800	0.0000	0.0000	0.1850	0.0000	0.5430	0.0000	0.0000
305E	-0.4110	-0.8420	0.0000	5.1370	0.0000	0.0000	0.0250	0.0000	0.0000	2.7850	0.0000	0.0000	0.0000	-0.0640	0.0000	0.0000	-1.1920	0.0000	0.1320	0.0000	0.0000
305C	-0.5890	0.0490	0.0000	2.6160	0.0000	0.0000	0.0020	0.0000	0.0000	2.8160	0.0000	0.0000	0.0000	-0.0480	0.0000	0.0000	0.5590	0.0000	0.2230	0.0000	0.0000
305A	-0.5400	0.9700	0.0000	1.9940	0.0000	0.0000	0.0150	0.0000	0.0000	3.3460	0.0000	0.0000	0.0000	-0.0780	0.0000	0.0000	0.6050	0.0000	0.3790	0.0000	0.0000
305Y	0.0250	-0.2930	0.0000	0.2670	0.0000	0.0000	-0.0060	0.0000	0.0000	-0.1280	0.0000	0.0000	0.0000	-0.0090	0.0000	0.0000	0.0200	0.0000	-0.1350	0.0000	0.0000
305V	-0.0410	0.3850	0.0000	1.7220	0.0000	0.0000	0.0210	0.0000	0.0000	2.9780	0.0000	0.0000	0.0000	-0.0410	0.0000	0.0000	0.6580	0.0000	0.2710	0.0000	0.0000
305W	1.5050	-2.6190	0.0000	0.1580	0.0000	0.0000	0.0110	0.0000	0.0000	-0.9760	0.0000	0.0000	0.0000	0.1150	0.0000	0.0000	0.0840	0.0000	-0.2320	0.0000	0.0000
305T	-0.0330	0.2700	0.0000	2.0730	0.0000	0.0000	0.0320	0.0000	0.0000	3.2170	0.0000	0.0000	0.0000	-0.0490	0.0000	0.0000	0.7070	0.0000	0.2130	0.0000	0.0000
305R	-0.4130	-0.8690	0.0000	3.2960	0.0000	0.0000	0.0180	0.0000	0.0000	2.9320	0.0000	0.0000	0.0000	-0.0490	0.0000	0.0000	0.6840	0.0000	0.2650	0.0000	0.0000
305S	-0.5720	1.4110	0.0000	2.4250	0.0000	0.0000	0.0110	0.0000	0.0000	4.0970	0.0000	0.0000	0.0000	-0.0720	0.0000	0.0000	0.6120	0.0000	0.2820	0.0000	0.0000
305P	-0.8110	1.8500	0.0000	2.3270	0.0000	0.0000	0.0200	0.0000	0.0000	4.2390	0.0000	0.0000	0.0000	-0.0570	0.0000	0.0000	0.5840	0.0000	0.3250	0.0000	0.0000
305Q	-0.2130	-1.4280	0.0000	4.4120	0.0000	0.0000	0.0260	0.0000	0.0000	1.9270	0.0000	0.0000	0.0000	-0.0410	0.0000	0.0000	-0.6850	0.0000	-0.1410	0.0000	0.0000
306C	-0.6520	-0.1160	0.0000	2.8070	-0.0750	0.0000	0.0060	0.0100	0.0190	1.2760	0.0000	0.0000	0.0000	-0.0270	0.0140	-0.1060	0.1380	-0.0620	0.2820	-0.9620	-0.0010
306A	0.6020	0.0310	0.0000	-0.1290	0.0570	-0.0020	-0.0240	0.0000	-0.0080	1.8300	0.0000	0.0000	0.0000	-0.0030	-0.0170	0.1180	0.1640	0.0110	0.0620	0.9750	-0.0050
306G	-0.0030	0.4300	0.0000	0.3170	0.0000	0.0000	0.0060	0.0000	0.0000	0.8020	0.0000	0.0000	0.0000	-0.0140	0.0000	0.0000	-0.0950	0.0000	0.1590	0.0000	0.0000
306F	0.0060	-0.1320	0.0000	-0.3230	0.0010	0.0020	0.0010	0.0070	-0.0110	-0.4300	0.0000	0.0000	0.0000	0.0060	0.0000	-0.0030	0.0540	0.0420	-0.0520	-0.0240	-0.0020
306E	-0.2050	-0.8900	0.0000	3.1930	0.0000	0.0000	0.0080	0.0000	0.0000	2.5630	0.0000	0.0000	0.0000	-0.0360	0.0000	0.0000	0.3740	0.0000	0.1190	0.0000	0.0000
306D	-0.0540	0.2910	0.0000	0.3860	0.0000	0.0000	0.0030	0.0000	0.0000	0.6030	0.0000	0.0000	0.0000	-0.0010	0.0000	0.0000	-0.0490	0.0000	0.0280	0.0000	0.0000
306K	-0.1170	-1.0790	0.0000	3.1670	0.0000	-0.0010	0.0020	0.0140	0.0020	2.3890	0.0000	0.0000	0.0000	-0.0360	0.0010	-0.0030	0.3080	0.0980	0.1260	-0.0780	-0.0130
306I	-0.1280	-0.9470	0.0000	2.7120	0.0000	0.0000	0.0060	0.0000	0.0000	2.0800	0.0000	0.0000	0.0000	-0.0350	0.0000	0.0000	0.3120	0.0000	0.1630	0.0000	0.0000
306H	0.0370	0.0120	0.0000	0.2320	0.0000	0.0000	0.0020	0.0000	0.0000	0.2340	0.0000	0.0000	0.0000	-0.0050	0.0000	0.0000	-0.0690	0.0000	0.0250	0.0000	0.0000
306N	-0.1350	-0.8770	0.0000	2.9610	0.0000	0.0000	0.0100	0.0000	0.0000	2.3530	0.0000	0.0000	0.0000	-0.0330	0.0000	0.0000	0.2900	0.0000	0.1370	0.0000	0.0000
306M	0.1110	-0.2250	0.0000	-0.1110	0.0000	0.0000	-0.0010	0.0000	0.0000	-0.2190	0.0000	0.0000	0.0000	-0.0210	0.0000	0.0000	-0.0860	0.0000	0.1140	0.0000	0.0000
306L	0.1070	-0.0440	0.0000	-0.0470	0.0000	0.0000	0.0000	0.0000	0.0000	0.0580	0.0000	0.0000	0.0000	-0.0170	0.0000	0.0000	-0.0770	0.0000	0.1360	0.0000	0.0000
306S	-0.1420	-0.7090	0.0000	2.8840	0.0000	0.0000	0.0040	0.0000	0.0000	2.5200	0.0000	0.0000	0.0000	-0.0310	0.0000	0.0000	0.3210	0.0000	0.1940	0.0000	0.0000
306R	0.6620	0.5560	0.0000	-2.1300	0.0500	0.0000	-0.0380	-0.0070	-0.0180	-0.6670	0.0000	0.0000	0.0000	-0.6470	-0.0310	0.1770	-0.8410	0.6090	-0.1020	1.0850	0.0050
306Q	-0.0250	0.1230	0.0000	0.2890	0.0000	0.0000	-0.0040	0.0000	0.0000	0.3430	0.0000	0.0000	0.0000	-0.0090	0.0000	0.0000	-0.0190	0.0000	-0.0130	0.0000	0.0000
306P	0.0570	0.6210	0.0000	-0.0960	0.0000	0.0000	0.0070	0.0000	0.0000	0.6410	0.0000	0.0000	0.0000	0.0190	0.0000	0.0000	-0.0060	0.0000	0.0390	0.0000	0.0000
306W	0.7850	-1.0040	0.0000	-0.1560	0.0590	-0.0120	-0.0030	0.0030	0.0240	0.3240	0.0000	0.0000	0.0000	-0.2150	0.0040	0.0370	0.1410	-0.1460	-0.1100	0.9320	-0.0130
306V	-0.1360	-0.8950	0.0000	2.6360	0.0000	0.0000	0.0050	0.0000	0.0000	2.0530	0.0000	0.0000	0.0000	-0.0400	0.0000	0.0000	0.3200	0.0000	0.1640	0.0000	0.0000
306T	-0.1840	-0.7080	0.0000	2.9180	0.0000	0.0000	0.0040	0.0000	0.0000	2.4740	0.0000	0.0000	0.0000	-0.0340	0.0000	0.0000	0.3370	0.0000	0.1440	0.0000	0.0000
