G7	0.28	1.42	0.49	0.00	0.00	0.00	0.00	-0.01	1.69	-0.03	0.01	-0.02	-0.04	-0.49	0.01	0.08	-0.03	0.00
G6	-0.19	3.29	-1.01	0.00	0.00	0.00	0.00	0.00	1.75	0.00	-0.01	0.00	0.00	-0.37	0.00	0.03	0.00	0.00
G5	0.17	2.64	0.85	0.00	0.00	-0.02	0.00	0.00	2.77	0.00	0.00	0.00	0.00	-0.73	0.00	-0.14	0.00	0.00
G4	5.35	-5.47	3.25	0.00	0.00	-0.14	0.00	0.00	1.62	0.00	0.04	0.00	0.00	-1.26	0.00	-0.14	0.00	0.00
G3	4.29	-4.86	1.46	0.00	0.00	-0.06	0.00	0.00	-0.09	0.00	-0.02	0.00	0.00	-0.72	0.00	-0.19	0.00	0.00
G2	3.79	-4.18	2.60	0.00	-0.00	-0.04	-0.01	-0.00	1.23	0.01	-0.01	-0.01	-0.00	-0.99	-0.03	0.10	0.04	-0.00
G1	0.54	0.22	1.34	0.00	0.00	-0.03	0.00	-0.03	1.25	0.01	0.02	-0.02	0.00	-0.79	0.06	-0.04	-0.03	0.01
G9	0.35	0.48	1.03	0.00	0.00	0.01	0.00	0.00	1.11	0.00	-0.03	0.00	0.00	-0.58	0.00	-0.15	0.00	0.00
G8	0.02	1.88	0.62	0.00	0.00	0.01	0.00	0.00	1.89	0.00	-0.04	0.00	0.00	-0.45	0.00	-0.16	0.00	0.00
G11	4.31	-3.39	1.35	-0.00	0.01	-0.07	-0.01	-0.01	1.84	-0.01	0.01	0.01	0.01	-0.72	0.09	0.28	-0.01	-0.01
N7	0.18	1.54	1.90	0.00	0.00	0.00	0.00	0.00	2.37	0.00	-1.67	0.00	0.00	0.36	0.00	0.05	0.00	0.00
J9	0.29	0.73	2.68	0.00	0.00	0.03	0.00	0.00	1.82	0.00	-0.58	0.00	0.00	-0.87	0.00	-0.45	0.00	0.00
J8	1.66	-0.56	2.57	0.00	-0.01	-1.36	-0.03	0.07	0.45	-0.08	-0.91	0.00	-0.47	-1.64	1.16	0.18	-0.08	-0.07
F6	0.33	0.08	0.95	0.00	0.00	-0.01	0.00	0.00	0.58	0.00	-0.03	0.00	0.00	-0.63	0.00	-0.10	0.00	0.00
J4	0.35	0.94	3.59	0.00	0.00	-0.01	0.00	0.00	2.96	0.00	-0.76	0.00	0.00	-1.20	0.00	0.06	0.00	0.00
J5	0.63	-2.48	4.38	0.00	0.00	-0.02	0.00	0.00	0.22	0.00	-0.94	0.00	0.00	-0.87	0.00	-0.49	0.00	0.00
J6	0.44	2.53	7.60	-0.03	0.04	-0.09	0.04	-0.07	1.38	0.03	-0.58	0.00	0.01	-6.86	0.83	-1.27	-1.27	0.03
J7	1.55	-1.96	3.39	0.00	0.00	-0.03	0.00	0.00	0.00	0.00	-1.50	0.00	0.00	-1.28	0.00	-0.17	0.00	0.00
J1	-0.11	1.45	-0.22	0.00	0.00	0.01	0.00	0.00	1.22	0.00	-0.00	0.00	0.00	0.06	0.00	0.05	0.00	0.00
J2	-0.39	3.11	-0.37	0.00	0.00	0.02	0.00	0.00	2.20	0.00	-0.01	0.00	0.00	-0.02	0.00	-0.14	0.00	0.00
J3	2.04	-0.31	1.62	0.00	0.00	0.03	0.00	0.00	1.63	0.00	-0.81	0.00	0.00	-0.43	0.00	-0.52	0.00	0.00
B4	3.98	-5.33	4.77	0.00	0.00	-0.04	0.00	0.00	0.21	0.00	-1.70	0.00	0.00	-1.52	0.00	0.04	0.00	0.00
B5	0.97	-1.83	1.36	0.00	0.00	0.04	0.00	0.00	-0.98	0.00	-1.63	0.00	0.00	0.05	0.00	0.07	0.00	0.00
B6	3.84	-2.55	1.44	0.00	0.00	-0.12	0.00	0.00	2.69	0.00	0.03	0.00	0.00	-0.50	0.00	0.54	0.00	0.00
B7	4.57	-2.20	1.88	0.00	0.00	-0.07	0.00	0.00	3.58	0.00	-0.00	0.00	0.00	-0.86	0.00	0.26	0.00	0.00
B1	0.00	0.00	0.00	0.00	0.00	0.00	0.00	0.00	0.00	0.00	0.00	0.00	0.00	0.00	0.00	0.00	0.00	0.00
B2	4.29	-3.47	-4.06	0.00	0.00	0.03	0.00	0.00	-1.60	0.00	0.05	0.00	0.00	1.28	0.00	0.27	0.00	0.00
B3	2.28	-2.85	3.25	-0.00	-0.00	-0.06	0.04	-0.02	0.70	-0.01	-1.59	0.03	0.00	-0.55	-0.10	0.41	-0.13	-0.01
K7	1.30	0.66	3.35	0.00	0.00	-0.05	0.00	0.00	2.35	0.00	-1.03	0.00	0.00	-0.95	0.00	-0.93	0.00	0.00
B8	4.00	-2.78	0.44	0.01	0.00	-0.08	0.01	0.01	1.77	0.01	0.02	-0.01	-0.00	-0.51	0.02	0.64	-0.00	0.01
B9	0.84	-0.99	3.22	0.00	0.00	-0.00	0.00	0.00	2.17	0.00	-0.00	0.00	0.00	-0.82	0.00	-0.08	0.00	0.00
K5	0.59	3.66	0.52	0.00	0.00	0.02	0.00	0.00	3.18	0.00	-0.79	0.00	0.00	-0.35	0.00	-0.47	0.00	0.00
K4	1.03	0.28	2.10	0.00	0.00	0.03	0.00	0.00	1.35	0.00	-0.65	0.00	0.00	-0.93	0.00	-0.50	0.00	0.00
L10	-0.14	0.10	1.53	0.00	0.00	-0.04	0.01	0.01	0.84	-0.01	0.01	0.01	0.00	-0.14	0.06	-0.51	-0.02	-0.03
L11	0.03	2.50	2.07	0.00	0.00	0.03	0.00	0.00	2.72	0.00	-0.57	0.00	0.00	-0.76	0.00	-0.58	0.00	0.00
L12	1.75	-1.21	2.39	0.00	0.00	-0.03	0.00	0.00	0.75	0.00	-1.01	0.00	0.00	0.05	0.00	-1.20	0.00	0.00
M5	-0.25	4.69	1.05	0.00	0.00	0.04	0.00	0.00	3.85	0.00	-0.56	0.00	0.00	-0.51	0.00	-0.61	0.00	0.00
M4	0.42	2.74	2.61	0.00	0.00	-0.01	0.00	0.00	3.90	0.00	-0.75	0.00	0.00	-1.24	0.00	0.12	0.00	0.00
M7	1.14	-1.91	5.67	0.11	-0.01	-1.21	-0.36	-0.07	1.09	0.45	-1.82	0.01	-0.16	-3.72	1.68	1.73	-0.52	0.09
M6	2.64	-2.35	2.17	0.00	-0.00	-0.07	0.00	0.01	0.54	-0.01	-0.99	-0.01	-0.09	0.21	0.02	-0.97	-0.04	0.00
M1	2.60	-0.99	1.67	0.00	0.00	-0.00	0.00	0.00	1.58	0.00	-1.07	0.00	0.00	-0.49	0.00	-0.13	0.00	0.00
M3	-0.05	-0.73	1.53	0.00	0.00	-0.05	0.00	0.00	0.09	0.00	0.00	0.00	0.00	-0.77	0.00	0.15	0.00	0.00
M2	1.10	0.30	2.25	0.00	0.00	-0.07	0.00	0.00	1.88	0.00	-0.90	0.00	0.00	-0.24	0.00	-0.56	0.00	0.00
M9	-0.77	4.87	-1.30	0.00	0.00	0.01	0.00	0.00	2.72	0.00	0.01	0.00	0.00	0.01	0.00	-0.11	0.00	0.00
M8	0.14	4.91	1.45	0.00	0.00	0.01	0.00	0.00	4.05	0.00	-0.82	0.00	0.00	-1.63	0.00	-0.01	0.00	0.00
P10	2.05	-3.42	2.81	0.00	0.00	-0.01	0.00	0.00	-1.74	0.00	-2.90	0.00	0.00	-0.37	0.00	0.11	0.00	0.00
P11	2.02	-3.32	1.36	0.00	0.00	0.00	0.00	0.00	-1.45	0.00	-1.63	0.00	0.00	-0.09	0.00	0.21	0.00	0.00
P12	1.51	-2.75	2.07	0.00	0.00	0.02	0.00	0.00	-0.72	0.00	-1.63	0.00	0.00	-0.12	0.00	0.18	0.00	0.00
E9	0.41	1.43	0.96	0.00	0.00	-0.04	0.00	0.00	2.21	0.00	-0.02	0.00	0.00	-0.67	0.00	0.14	0.00	0.00
E8	0.61	0.76	1.38	0.00	0.00	-0.04	0.00	0.00	1.90	0.00	0.00	0.00	0.00	-0.90	0.00	0.08	0.00	0.00
E5	0.45	0.59	1.22	0.00	0.00	-0.05	0.00	0.00	1.46	0.00	0.01	0.00	0.00	-0.77	0.00	-0.00	0.00	0.00
E4	0.17	1.25	0.73	0.00	0.00	-0.03	0.00	0.00	1.29	0.00	-0.00	0.00	0.00	-0.75	0.00	-0.08	0.00	0.00
E7	0.38	1.19	1.21	0.00	0.00	-0.02	0.00	0.00	2.18	0.00	0.00	0.00	0.00	-0.50	0.00	-0.07	0.00	0.00
E6	3.40	-0.99	1.28	0.00	0.00	-0.04	0.00	0.00	2.88	0.00	-0.03	0.00	0.00	-0.66	0.00	-0.08	0.00	0.00
E1	0.65	0.08	2.34	-0.03	-0.22	0.04	-0.11	-0.06	1.96	0.14	-0.11	0.00	0.03	-0.68	-0.70	0.32	0.22	0.05
P8	0.90	-1.88	4.09	0.00	-0.00	0.00	-0.01	0.01	-0.40	0.00	-2.90	0.00	-0.00	-0.51	0.04	-0.08	-0.04	-0.01
E3	1.15	-1.43	2.28	0.00	0.00	-0.04	0.00	0.00	0.88	0.00	-0.01	0.00	0.00	-1.32	0.00	0.26	0.00	0.00
E2	3.46	-1.20	1.70	0.00	0.00	-0.07	0.00	0.00	3.13	0.00	0.01	0.00	0.00	-0.68	0.00	-0.09	0.00	0.00
P2	2.74	-4.29	0.33	-0.01	0.03	-0.20	0.14	0.04	-1.60	0.00	-3.10	-0.08	-0.29	2.87	0.45	0.01	-0.53	0.28
P3	4.12	-4.59	2.33	0.00	0.00	-0.02	0.00	0.00	-1.65	0.00	-2.94	0.00	0.00	-0.71	0.00	0.15	0.00	0.00
P1	1.95	0.42	2.86	-0.11	0.04	-0.30	0.20	-0.19	1.40	0.06	0.04	-0.04	-0.13	-3.76	0.32	0.72	-0.74	0.08
P6	1.59	-3.61	2.37	-0.00	0.00	0.04	0.02	0.01	-1.52	-0.01	-1.63	0.00	0.00	-0.22	0.06	0.02	-0.16	0.01
P7	1.00	-2.79	0.01	0.36	-0.18	0.04	-0.37	0.01	-1.53	0.15	-3.19	-0.15	-0.27	4.46	-1.45	0.87	-0.23	0.21
P4	3.60	-4.22	3.31	0.00	0.00	-0.02	0.00	0.00	-0.60	0.00	-2.96	0.00	0.00	-0.53	0.00	0.21	0.00	0.00
P5	1.75	-2.49	3.66	0.00	0.00	0.02	0.00	0.00	-0.50	0.00	-2.95	0.00	0.00	-0.47	0.00	-0.02	0.00	0.00
H10	1.78	-3.18	2.44	0.00	0.00	-0.00	0.00	0.00	-0.19	0.00	-1.08	0.00	0.00	0.36	0.00	-0.51	0.00	0.00
H11	1.27	-0.91	1.29	0.00	0.00	-0.01	0.00	0.00	0.99	0.00	-1.11	0.00	0.00	1.00	0.00	-0.53	0.00	0.00
H12	2.14	-3.84	3.52	0.00	0.00	-0.03	0.00	0.00	0.00	0.00	-1.06	0.00	0.00	-0.16	0.00	-0.56	0.00	0.00
P9	1.61	-3.12	3.38	0.00	0.00	0.01	0.00	0.00	-1.41	0.00	-2.91	0.00	0.00	-0.40	0.00	0.03	0.00	0.00
F12	3.28	-6.59	1.59	0.04	0.01	-0.09	0.33	-0.01	-1.99	-0.01	0.84	-0.04	-0.08	-0.82	0.40	-0.73	-0.34	0.21
F10	3.27	-3.45	1.49	0.00	0.00	0.00	0.01	0.02	0.67	-0.01	-0.03	0.00	0.01	-1.04	0.23	0.14	0.05	-0.01
F11	4.62	-5.73	4.73	-0.08	0.02	-0.10	0.07	0.04	0.74	0.01	0.85	-0.01	0.17	-4.60	0.45	-0.19	0.25	0.25
N12	0.33	-0.12	0.37	0.00	0.00	0.02	0.00	0.00	-0.59	0.00	-1.63	0.00	0.00	0.24	0.00	0.21	0.00	0.00
N10	0.27	-0.04	1.59	-0.00	0.00	0.02	-0.03	-0.01	0.40	0.01	-1.63	0.00	0.00	0.01	-0.01	0.20	0.02	0.00
N11	1.28	0.10	-1.82	-0.00	-0.01	0.04	0.16	-0.04	-1.61	0.01	-1.67	0.01	-0.04	-0.15	-0.08	0.60	0.01	-0.01
H6	0.39	-0.76	0.80	0.00	0.00	0.02	0.00	0.00	-0.77	0.00	-1.64	0.00	0.00	0.12	0.00	0.32	0.00	0.00
H7	0.29	-0.40	1.26	0.00	0.00	-0.01	0.00	0.00	-0.05	0.00	-1.65	0.00	0.00	-0.01	0.00	0.46	0.00	0.00
H4	-0.31	0.43	-0.29	0.00	0.07	-0.12	0.11	0.06	0.66	0.00	0.78	-0.08	-0.02	-0.30	0.01	0.05	-0.05	0.29
H5	0.20	-0.28	0.56	0.00	0.00	0.01	0.00	0.00	-0.63	0.00	-1.64	0.00	0.00	0.14	0.00	0.38	0.00	0.00
K12	0.43	1.48	3.34	0.00	0.00	-0.05	0.00	0.00	2.02	0.00	-0.87	0.00	0.00	-1.14	0.00	-1.17	0.00	0.00
K11	-0.48	4.27	0.45	-0.00	0.00	-0.03	-0.02	-0.01	3.69	-0.01	-0.01	-0.00	-0.01	0.10	-0.06	-0.52	0.02	-0.01
K10	-0.54	0.49	0.71	0.00	0.00	-0.02	0.00	0.00	0.27	0.00	-0.01	0.00	0.00	0.14	0.00	-0.51	0.00	0.00
D10	0.47	0.64	1.32	0.00	0.00	-0.05	0.00	0.00	1.73	0.00	0.02	0.00	0.00	-0.93	0.00	0.26	0.00	0.00
D11	0.29	0.39	1.04	0.00	0.00	-0.05	0.00	0.00	0.90	0.00	0.02	0.00	0.00	-0.92	0.00	0.13	0.00	0.00
D12	0.62	0.03	1.93	0.00	0.00	-0.04	0.00	0.00	1.97	0.00	0.02	0.00	0.00	-0.62	0.00	0.03	0.00	0.00
K3	-0.73	6.63	-1.50	0.00	0.00	0.01	0.00	0.00	4.26	0.00	0.01	0.00	0.00	0.13	0.00	-0.29	0.00	0.00
K2	-0.63	4.56	-1.21	0.00	0.00	0.01	0.00	0.00	2.66	0.00	0.00	0.00	0.00	0.10	0.00	-0.18	0.00	0.00
K1	2.77	-2.36	2.09	0.00	0.00	-0.00	0.00	0.00	0.62	0.00	-1.04	0.00	0.00	-0.55	0.00	-0.27	0.00	0.00
B12	4.25	-2.59	1.06	0.00	0.00	-0.12	0.00	0.00	2.79	0.00	0.03	0.00	0.00	-0.44	0.00	0.59	0.00	0.00
K6	0.77	-0.24	3.43	0.00	0.00	-0.03	0.00	0.00	0.36	0.00	-1.48	0.00	0.00	-1.54	0.00	-0.54	0.00	0.00
B10	3.68	-2.64	0.89	0.00	0.00	-0.11	0.00	0.00	1.97	0.00	0.03	0.00	0.00	-0.48	0.00	0.60	0.00	0.00
B11	4.80	-3.31	3.82	-0.08	0.00	-0.11	-0.01	-0.03	2.69	0.02	0.03	0.01	0.23	-3.69	-0.32	0.77	0.57	0.01
K9	1.01	-0.29	1.31	0.00	0.00	0.03	0.00	0.00	0.20	0.00	-0.81	0.00	0.00	-0.70	0.00	-0.36	0.00	0.00
K8	1.10	-0.89	1.52	0.00	0.00	0.04	0.00	0.00	-0.05	0.00	-0.73	0.00	0.00	-0.55	0.00	-0.53	0.00	0.00
E10	2.98	-2.44	1.01	0.00	0.00	-0.11	0.00	0.00	1.48	0.00	0.01	0.00	0.00	-0.33	0.00	0.37	0.00	0.00
E11	0.20	1.44	1.07	0.00	0.00	-0.05	0.00	0.00	1.88	0.00	0.01	0.00	0.00	-0.90	0.00	0.10	0.00	0.00
C9	0.14	1.30	0.41	0.00	0.00	-0.03	0.00	0.00	1.13	0.00	-0.00	0.00	0.00	-0.67	0.00	-0.02	0.00	0.00
C8	0.48	-0.11	0.51	0.00	0.00	-0.02	0.00	0.00	0.30	0.00	-0.03	0.00	0.00	-0.51	0.00	-0.01	0.00	0.00
Q11	3.04	-3.16	1.60	0.00	0.00	0.00	0.00	0.00	-0.15	0.00	-1.67	0.00	0.00	-0.19	0.00	0.22	0.00	0.00
Q10	3.23	-4.04	3.20	0.00	0.00	-0.01	0.00	0.00	-1.11	0.00	-2.94	0.00	0.00	-0.64	0.00	0.09	0.00	0.00
Q12	2.99	-3.57	3.12	0.00	0.00	0.02	0.00	0.00	0.34	0.00	-1.71	0.00	0.00	-0.53	0.00	0.03	0.00	0.00
C3	6.96	-2.23	1.33	0.00	0.00	-0.06	0.00	0.00	5.80	0.00	-0.00	0.00	0.00	-0.67	0.00	0.47	0.00	0.00
C2	3.74	-3.24	3.08	-0.08	0.04	-0.14	0.07	0.06	1.32	0.01	0.01	-0.03	0.23	-4.03	-0.19	1.00	0.50	0.28
C1	3.96	-2.93	2.72	-0.08	0.04	-0.14	0.09	0.07	1.82	0.01	0.01	-0.01	0.22	-3.90	-0.16	1.13	0.51	0.29
C7	0.07	2.76	1.15	0.00	0.00	-0.03	0.00	0.00	3.04	0.00	0.01	0.00	0.00	-0.86	0.00	-0.06	0.00	0.00
C6	0.04	2.27	1.00	0.00	0.00	-0.03	0.00	0.00	2.45	0.00	0.01	0.00	0.00	-0.83	0.00	-0.01	0.00	0.00
C5	0.09	1.42	-0.10	-0.08	0.04	-0.08	0.00	0.10	1.36	0.01	0.00	-0.04	0.05	-0.51	-0.09	0.38	-0.10	0.28
C4	0.56	1.41	3.26	-0.08	0.00	-0.04	-0.12	0.01	1.61	0.03	0.00	0.01	0.24	-4.33	-0.24	0.34	0.53	0.02
I11	1.21	0.50	1.69	0.00	0.00	-0.13	0.00	0.00	-0.02	0.00	-1.67	0.00	0.00	-1.29	0.00	-0.34	0.00	0.00
H8	0.28	0.37	1.11	0.00	0.00	-0.02	0.00	0.00	0.73	0.00	-1.65	0.00	0.00	-0.02	0.00	0.66	0.00	0.00
I12	1.73	-1.61	2.29	0.00	0.00	-0.07	0.00	0.00	0.55	0.00	-0.72	0.00	0.00	0.10	0.00	-1.18	0.00	0.00
N8	1.69	0.34	4.77	-0.01	0.01	0.00	-0.29	-0.17	3.24	-0.09	-1.12	0.08	-0.36	-2.09	-0.51	0.32	0.74	-0.04
N9	1.41	0.74	2.25	0.00	0.00	-0.06	0.00	0.00	3.22	0.00	-0.88	0.00	0.00	0.26	0.00	-0.51	0.00	0.00
H9	0.32	-0.63	1.17	0.00	0.00	-0.01	0.00	0.00	-0.30	0.00	-1.65	0.00	0.00	0.05	0.00	0.45	0.00	0.00
N1	1.68	-2.42	2.53	0.00	0.00	-0.06	0.00	0.00	-0.04	0.00	-0.73	0.00	0.00	0.15	0.00	-1.19	0.00	0.00
N2	-0.62	2.36	0.02	0.00	0.00	0.01	0.00	0.00	1.72	0.00	0.00	0.00	0.00	0.31	0.00	-0.36	0.00	0.00
N3	1.29	-0.19	3.43	0.00	0.00	-0.03	0.00	0.00	1.71	0.00	-1.50	0.00	0.00	-1.12	0.00	-0.16	0.00	0.00
N4	2.42	-2.61	1.22	0.00	0.00	-0.05	0.00	0.00	0.41	0.00	-1.07	0.00	0.00	0.76	0.00	-0.26	0.00	0.00
G12	1.64	-1.65	0.15	0.00	0.00	0.02	0.00	0.00	-0.10	0.00	-0.05	0.00	0.00	-0.22	0.00	0.01	0.00	0.00
N6	0.14	0.19	2.47	0.00	0.00	0.03	0.00	0.00	1.08	0.00	-1.63	0.00	0.00	-0.23	0.00	0.10	0.00	0.00
G10	0.05	2.14	0.94	0.00	0.00	-0.01	0.00	0.00	2.64	0.00	-0.00	0.00	0.00	-0.49	0.00	0.02	0.00	0.00
F1	0.38	0.78	1.34	0.00	0.00	-0.03	0.00	0.00	1.90	0.00	0.00	0.00	0.00	-0.46	0.00	-0.12	0.00	0.00
F2	3.60	-0.62	1.50	0.00	0.00	-0.05	0.00	0.00	3.76	0.00	-0.01	0.00	0.00	-0.93	0.00	0.28	0.00	0.00
F3	0.50	0.31	0.92	0.00	0.00	-0.03	0.00	0.00	1.11	0.00	-0.03	0.00	0.00	-0.51	0.00	-0.06	0.00	0.00
F4	3.74	-2.19	0.92	0.00	0.00	-0.11	0.00	0.00	2.54	0.00	0.03	0.00	0.00	-0.45	0.00	0.59	0.00	0.00
F5	0.36	0.58	0.79	0.00	0.00	-0.04	0.00	0.00	0.86	0.00	0.00	0.00	0.00	-0.86	0.00	0.02	0.00	0.00
N5	1.67	2.09	0.76	0.00	0.00	-0.06	0.00	0.00	3.73	0.00	-0.98	0.00	0.00	0.24	0.00	0.01	0.00	0.00
F7	2.95	-0.44	0.80	0.00	0.00	-0.05	0.00	0.00	2.60	0.00	-0.01	0.00	0.00	-0.44	0.00	-0.21	0.00	0.00
F8	0.49	0.20	1.43	0.00	0.00	-0.03	0.00	0.00	1.43	0.00	0.01	0.00	0.00	-0.56	0.00	-0.11	0.00	0.00
F9	3.88	-2.24	0.68	0.00	0.00	-0.10	0.00	0.00	2.38	0.00	0.03	0.00	0.00	-0.49	0.00	0.62	0.00	0.00
M11	-0.10	3.28	1.00	0.00	0.00	-0.01	0.00	0.00	4.49	0.00	-0.04	0.00	0.00	0.60	0.00	-0.23	0.00	0.00
M10	-0.51	1.28	-0.17	0.00	0.00	0.02	0.00	0.00	0.33	0.00	0.00	0.00	0.00	0.08	0.00	-0.36	0.00	0.00
M12	0.40	4.00	1.30	0.06	0.00	-0.04	0.47	0.15	4.09	-0.18	-0.91	0.01	-0.25	-0.38	0.39	-0.73	-0.12	-0.08
J10	1.57	-0.12	1.50	0.00	0.00	-0.03	0.00	0.00	0.74	0.00	-1.04	0.00	0.00	-0.01	0.00	-1.12	0.00	0.00
J11	-0.59	2.27	1.11	-0.00	-0.00	-0.04	-0.01	-0.02	2.30	-0.01	0.00	0.00	0.01	0.05	-0.01	-0.48	0.01	-0.00
Q1	0.88	-0.16	0.89	0.00	0.00	-0.03	0.00	0.00	0.47	0.00	-1.65	0.00	0.00	0.63	0.00	-0.09	0.00	0.00
Q3	0.88	-2.49	2.74	-0.00	0.00	0.01	-0.02	0.01	-0.62	0.01	-1.63	-0.01	-0.00	-0.23	0.02	0.05	0.03	0.01
Q2	1.26	-2.38	2.51	0.00	0.00	0.00	0.00	0.00	-0.35	0.00	-1.64	0.00	0.00	-0.33	0.00	0.22	0.00	0.00
Q5	3.22	-4.03	3.20	0.00	0.00	-0.01	0.00	0.00	-1.12	0.00	-2.94	0.00	0.00	-0.63	0.00	0.09	0.00	0.00
Q4	1.82	-3.08	1.70	-0.01	0.00	0.00	-0.06	0.02	-1.20	-0.00	-1.64	-0.00	0.00	-0.33	0.17	0.23	-0.02	-0.01
Q7	2.92	-5.61	2.67	0.00	0.00	-0.15	0.00	0.00	-3.17	0.00	-2.59	0.00	0.00	-0.79	0.00	0.38	0.00	0.00
Q6	2.97	-4.00	1.63	0.00	0.00	0.01	0.00	0.00	-0.93	0.00	-1.67	0.00	0.00	-0.15	0.00	0.28	0.00	0.00
Q9	1.71	-1.94	2.30	0.00	0.00	-0.00	0.00	0.00	0.52	0.00	-1.62	0.00	0.00	-0.22	0.00	0.30	0.00	0.00
Q8	1.68	-4.15	4.20	0.00	0.00	0.04	0.00	0.00	-2.37	0.00	-2.92	0.00	0.00	-1.29	0.00	0.07	0.00	0.00
E12	0.41	0.95	1.13	0.00	0.00	-0.03	0.00	0.00	1.74	0.00	-0.00	0.00	0.00	-0.81	0.00	0.10	0.00	0.00
C12	0.26	2.05	0.92	0.00	0.00	-0.03	0.00	0.00	2.90	0.00	0.01	0.00	0.00	-0.51	0.00	0.20	0.00	0.00
C11	5.43	-1.35	-1.49	-0.09	0.04	-0.28	0.07	0.02	5.14	0.01	-0.16	-0.04	-0.21	2.46	0.40	0.44	-0.36	0.26
C10	0.30	0.82	0.26	-0.09	0.04	-0.09	0.18	0.05	1.57	0.03	0.03	-0.05	0.01	-0.40	-0.23	0.50	-0.02	0.24
I9	-0.32	2.39	0.44	0.00	0.00	-0.04	0.00	0.00	1.87	0.00	0.00	0.00	0.00	0.05	0.00	-0.66	0.00	0.00
I8	0.91	-0.43	2.75	0.00	0.00	0.03	0.00	0.00	1.23	0.00	-0.56	0.00	0.00	-1.30	0.00	-0.17	0.00	0.00
A11	0.47	-1.51	2.21	0.00	0.00	-0.01	0.00	0.00	-1.82	0.00	-2.94	0.00	0.00	-0.25	0.00	0.21	0.00	0.00
A10	4.30	-5.14	-0.00	-0.06	0.01	-0.14	0.09	0.06	1.15	-0.01	0.02	-0.07	-0.19	2.71	0.15	-0.37	-0.39	0.20
A12	1.99	-1.01	0.73	0.00	0.00	-0.00	0.00	0.00	0.35	0.00	-1.67	0.00	0.00	0.38	0.00	-0.06	0.00	0.00
I1	0.06	2.42	-0.01	0.00	0.00	-0.02	0.00	0.00	2.70	0.00	-0.01	0.00	0.00	0.22	0.00	0.03	0.00	0.00
I3	-0.62	0.37	0.51	0.00	0.00	0.01	0.00	0.00	0.12	0.00	-0.01	0.00	0.00	0.20	0.00	-0.33	0.00	0.00
I2	-0.88	6.34	-1.22	0.00	0.00	0.03	0.00	0.00	4.20	0.00	0.01	0.00	0.00	0.42	0.00	-0.51	0.00	0.00
I5	-0.44	2.04	5.29	0.01	-0.00	1.32	0.51	0.08	2.29	-0.10	-0.89	-0.00	0.46	-3.15	-0.68	-0.74	-1.38	-0.02
I4	-0.51	2.40	0.17	0.00	0.00	-0.02	0.00	0.00	1.59	0.00	0.00	0.00	0.00	-0.09	0.00	-0.36	0.00	0.00
I7	0.93	-0.81	2.53	0.00	0.00	-0.06	0.00	0.00	0.54	0.00	-0.71	0.00	0.00	0.04	0.00	-1.38	0.00	0.00
I6	0.30	-1.63	1.99	0.00	0.00	-0.01	0.00	0.00	-0.43	0.00	0.00	0.00	0.00	-0.58	0.00	-0.49	0.00	0.00
A1	1.85	-4.24	3.44	0.00	0.00	0.01	0.00	0.00	-2.27	0.00	-2.91	0.00	0.00	-0.39	0.00	-0.02	0.00	0.00
A3	0.18	-0.56	0.86	0.00	0.00	0.03	0.00	0.00	-0.51	0.00	-1.63	0.00	0.00	0.30	0.00	0.31	0.00	0.00
A2	0.75	-1.25	2.58	0.00	0.00	0.03	0.00	0.00	0.46	0.00	-1.63	0.00	0.00	-0.12	0.00	0.09	0.00	0.00
A5	1.15	-4.35	-0.39	0.00	0.04	0.02	-0.01	0.04	-1.97	-0.01	-1.62	-0.08	-0.20	3.29	0.41	-0.20	-0.37	0.29
A4	1.79	-0.94	2.63	0.00	0.00	0.03	0.00	0.00	0.12	0.00	-2.94	0.00	0.00	-0.33	0.00	-0.12	0.00	0.00
A7	2.01	-5.71	2.75	0.00	0.00	-0.13	0.00	0.00	-4.01	0.00	-2.54	0.00	0.00	-0.51	0.00	0.12	0.00	0.00
A6	0.96	-1.74	2.49	0.00	0.00	0.02	0.00	0.00	-0.07	0.00	-1.63	0.00	0.00	-0.25	0.00	0.08	0.00	0.00
A9	1.06	-0.62	3.65	0.00	0.00	0.04	0.00	0.00	2.52	0.00	-1.60	0.00	0.00	-0.15	0.00	0.15	0.00	0.00
A8	0.45	-0.44	1.84	0.00	0.00	-0.01	0.00	0.00	-1.11	0.00	-2.92	0.00	0.00	-0.26	0.00	0.24	0.00	0.00
J12	0.21	-0.56	4.13	0.00	0.00	-0.04	0.00	0.00	1.62	0.00	-0.99	0.00	0.00	-0.67	0.00	-0.45	0.00	0.00
I10	2.94	-3.98	2.20	0.00	0.00	-0.05	0.00	0.00	-0.84	0.00	-0.96	0.00	0.00	-0.02	0.00	-0.98	0.00	0.00
L6	1.49	1.10	1.73	0.00	0.00	-0.02	0.00	0.00	2.25	0.00	-1.04	0.00	0.00	0.11	0.00	-1.11	0.00	0.00
L7	0.01	-1.69	1.02	0.00	0.00	-0.00	0.00	0.00	-0.80	0.00	0.01	0.00	0.00	-0.02	0.00	-0.12	0.00	0.00
L4	0.79	3.05	0.28	0.00	0.00	0.03	0.00	0.00	2.65	0.00	-0.74	0.00	0.00	-0.27	0.00	-0.48	0.00	0.00
L5	1.05	0.60	1.34	0.00	0.00	0.03	0.00	0.00	1.34	0.00	-0.78	0.00	0.00	-0.23	0.00	-0.68	0.00	0.00
L2	-0.49	2.36	-0.47	0.00	0.00	0.01	0.00	0.00	1.02	0.00	0.01	0.00	0.00	0.07	0.00	-0.46	0.00	0.00
L3	-0.53	3.84	-0.41	0.00	0.00	0.01	0.00	0.00	2.75	0.00	0.00	0.00	0.00	0.32	0.00	-0.49	0.00	0.00
L1	1.31	-1.17	2.48	0.00	0.00	-0.07	0.00	0.00	0.60	0.00	-0.90	0.00	0.00	-0.35	0.00	-0.70	0.00	0.00
L8	0.39	3.06	-1.51	0.00	0.00	0.14	0.00	0.00	1.00	0.00	-1.00	0.00	0.00	0.64	0.00	-0.73	0.00	0.00
L9	0.29	3.71	0.02	0.00	0.00	0.04	0.00	0.00	2.58	0.00	-0.74	0.00	0.00	0.02	0.00	-0.74	0.00	0.00
D8	-0.60	1.63	0.52	-0.13	0.02	0.89	-0.14	0.05	2.04	0.04	-0.83	-0.15	-0.09	1.00	-0.70	0.14	0.10	0.29
D9	0.53	0.65	0.94	0.00	0.00	-0.04	0.00	0.00	1.54	0.00	-0.01	0.00	0.00	-0.73	0.00	0.21	0.00	0.00
D6	3.55	-1.10	0.92	0.00	0.00	-0.04	0.00	0.00	2.60	0.00	-0.03	0.00	0.00	-0.70	0.00	-0.01	0.00	0.00
D7	0.37	0.94	1.30	0.00	0.00	-0.03	0.00	0.00	2.02	0.00	0.00	0.00	0.00	-0.59	0.00	0.03	0.00	0.00
D4	3.51	-2.68	0.99	0.00	0.00	-0.11	0.00	0.00	1.86	0.00	0.01	0.00	0.00	-0.29	0.00	0.43	0.00	0.00
D5	3.47	-2.60	0.50	-0.09	0.04	-0.32	0.08	0.01	1.85	0.00	-0.14	-0.05	-0.03	-0.42	0.10	0.89	0.13	0.27
D2	0.54	0.80	0.32	0.00	0.00	-0.03	0.00	0.00	1.15	0.00	-0.03	0.00	0.00	-0.50	0.00	0.06	0.00	0.00
D3	7.10	-2.15	1.35	-0.00	0.00	-0.08	0.00	-0.02	6.07	0.01	0.01	-0.00	-0.01	-0.74	-0.02	0.62	0.00	0.01
D1	0.46	1.62	1.19	0.00	0.00	-0.04	0.00	0.00	2.65	0.00	0.01	0.00	0.00	-0.93	0.00	0.34	0.00	0.00
