G7	0.37	1.47	2.94	-0.00	0.00	-0.04	-0.04	-0.04	4.24	-0.02	0.05	0.04	0.01	-0.97	0.20	0.65	-0.40	0.04
G6	-1.16	3.33	2.22	0.00	0.00	-0.04	0.00	0.00	3.72	0.00	0.01	0.00	0.00	-0.89	0.00	0.26	0.00	0.00
G5	1.68	2.21	0.69	0.00	0.00	-0.05	0.00	0.00	3.66	0.00	0.04	0.00	0.00	-1.13	0.00	0.23	0.00	0.00
G4	3.39	-4.66	3.23	0.00	0.00	-0.04	0.00	0.00	1.01	0.00	0.11	0.00	0.00	-1.23	0.00	0.20	0.00	0.00
G3	2.31	-3.69	0.21	0.00	0.00	-0.05	0.00	0.00	-2.29	0.00	0.04	0.00	0.00	-1.46	0.00	0.35	0.00	0.00
G2	3.35	-5.18	1.82	0.00	0.00	-0.03	0.00	0.00	-1.36	0.00	-0.01	0.00	0.00	-1.38	0.00	0.06	0.00	0.00
G1	-0.00	-0.17	3.60	0.00	0.00	-0.04	0.00	0.00	2.59	0.00	0.04	0.00	0.00	-1.23	0.00	0.39	0.00	0.00
G9	0.42	0.74	2.79	0.00	0.00	-0.04	0.00	0.00	3.42	0.00	0.05	0.00	0.00	-1.15	0.00	0.60	0.00	0.00
G8	-1.22	3.02	4.82	0.00	0.00	-0.02	0.00	0.00	5.93	0.00	0.03	0.00	0.00	-1.28	0.00	0.58	0.00	0.00
G11	2.50	-2.28	1.37	0.00	0.00	-0.05	0.00	0.00	0.81	0.00	0.04	0.00	0.00	-1.54	0.00	0.77	0.00	0.00
N7	-0.04	1.90	1.44	0.00	0.00	-0.08	0.00	0.00	4.38	0.00	0.09	0.00	0.00	-0.03	0.00	1.10	0.00	0.00
J9	0.85	1.04	2.24	0.00	0.00	-0.02	0.00	0.00	1.85	0.00	-1.00	0.00	0.00	-0.57	0.00	-0.69	0.00	0.00
J8	0.61	-3.60	3.79	0.00	0.00	-0.07	0.00	0.00	-1.59	0.00	-1.01	0.00	0.00	-0.53	0.00	-0.78	0.00	0.00
F6	0.16	0.09	0.98	0.00	0.00	-0.03	0.00	0.00	0.32	0.00	0.02	0.00	0.00	-1.27	0.00	0.38	0.00	0.00
J4	-0.04	1.12	2.38	0.00	0.00	-0.03	0.00	0.00	0.56	0.00	-0.91	0.00	0.00	-2.01	0.00	0.04	0.00	0.00
J5	1.28	-1.48	3.52	0.00	0.00	-0.05	0.00	0.00	0.19	0.00	-1.11	0.00	0.00	-1.02	0.00	-0.94	0.00	0.00
J6	-0.37	1.92	3.90	0.00	0.00	-0.04	0.00	0.00	2.62	0.00	-1.00	0.00	0.00	-0.77	0.00	-1.02	0.00	0.00
J7	1.14	-2.20	3.10	0.00	0.00	-0.06	0.00	0.00	-0.56	0.00	-0.92	0.00	0.00	-1.02	0.00	-0.60	0.00	0.00
J1	-0.82	1.01	-1.14	0.00	0.00	-0.01	0.00	0.00	-0.76	0.00	0.00	0.00	0.00	0.14	0.00	0.06	0.00	0.00
J2	-0.68	3.38	0.01	0.00	0.00	0.01	0.00	0.00	2.73	0.00	-0.01	0.00	0.00	0.18	0.00	-0.16	0.00	0.00
J3	-0.10	-0.39	0.78	0.00	0.00	-0.05	0.00	0.00	-0.57	0.00	-1.00	0.00	0.00	0.68	0.00	-0.49	0.00	0.00
B4	3.67	-4.32	1.60	0.00	0.00	-0.04	0.00	0.00	-0.46	0.00	0.07	0.00	0.00	-1.42	0.00	-0.02	0.00	0.00
B5	0.23	-0.77	-0.20	0.00	0.00	-0.04	0.00	0.00	-0.47	0.00	0.02	0.00	0.00	-0.48	0.00	0.79	0.00	0.00
B6	3.27	-5.00	0.57	-0.20	0.00	-0.04	-0.06	0.04	1.56	-0.01	0.00	-0.02	-0.14	2.35	0.32	0.93	-0.43	-0.04
B7	0.83	-3.37	1.20	0.00	0.00	-0.01	0.01	-0.04	-1.57	0.01	0.04	-0.00	-0.00	-0.83	-0.00	0.58	0.00	0.02
B1	0.00	0.00	0.00	0.00	0.00	0.00	0.00	0.00	0.00	0.00	0.00	0.00	0.00	0.00	0.00	0.00	0.00	0.00
B2	4.09	-5.41	-5.05	0.00	0.00	-0.03	0.00	0.00	-5.86	0.00	0.02	0.00	0.00	-0.29	0.00	0.82	0.00	0.00
B3	1.57	-2.24	1.44	0.00	0.00	-0.07	0.00	0.00	0.77	0.00	0.07	0.00	0.00	-0.98	0.00	0.97	0.00	0.00
K7	0.21	0.41	2.27	0.00	-0.00	-0.01	-0.03	0.01	0.84	0.02	0.04	-0.02	-0.03	-0.32	-0.07	-1.63	-0.03	0.01
B8	2.00	-3.34	4.28	0.00	0.00	0.01	0.00	0.00	2.15	0.00	0.01	0.00	0.00	-0.88	0.00	0.07	0.00	0.00
B9	1.46	-3.29	6.16	0.00	0.00	-0.02	0.00	0.00	3.03	0.00	0.05	0.00	0.00	-1.14	0.00	-0.20	0.00	0.00
K5	-1.58	4.77	2.28	0.00	0.00	-0.04	0.00	0.00	4.63	0.00	-0.99	0.00	0.00	0.78	0.00	-0.59	0.00	0.00
K4	-0.52	-0.18	1.34	-0.00	0.00	-0.04	0.02	-0.01	-0.29	-0.02	-0.87	0.00	-0.01	0.86	0.10	-1.03	0.01	0.02
L10	-0.31	0.16	2.08	0.00	0.00	-0.07	0.00	0.00	1.52	0.00	0.04	0.00	0.00	0.04	0.00	-0.42	0.00	0.00
L11	-1.23	1.09	2.67	0.03	0.00	0.01	0.58	0.06	1.05	-0.17	-0.91	-0.03	0.01	-0.25	0.55	-0.68	-0.65	-0.05
L12	-0.50	-1.60	1.98	0.00	0.00	-0.03	0.00	0.00	-1.45	0.00	-0.93	0.00	0.00	0.70	0.00	-1.06	0.00	0.00
M5	-1.50	2.12	5.14	0.05	-0.01	0.01	0.36	0.06	3.07	-0.05	-0.90	-0.03	0.16	-1.41	0.58	-0.98	-0.50	-0.03
M4	-1.23	3.19	3.38	0.00	0.00	-0.02	-0.04	-0.00	2.94	0.01	-0.89	0.00	-0.00	-1.62	-0.01	0.14	0.02	0.01
M7	-0.32	-2.12	3.19	0.00	0.00	-0.05	0.00	0.00	-1.58	0.00	-1.02	0.00	0.00	-0.44	0.00	-0.83	0.00	0.00
M6	0.17	-3.29	1.89	0.00	0.00	-0.05	0.00	0.00	-2.53	0.00	-0.95	0.00	0.00	0.60	0.00	-0.91	0.00	0.00
M1	-0.05	-1.55	0.79	0.00	0.00	-0.05	0.00	0.00	-1.75	0.00	-0.94	0.00	0.00	0.85	0.00	-0.81	0.00	0.00
M3	-0.54	-1.49	0.79	0.00	-0.00	-0.10	-0.00	0.00	-1.85	0.00	0.04	0.01	-0.04	-0.14	-0.12	-0.32	0.04	0.01
M2	-0.36	-0.37	2.17	0.00	0.00	-0.04	0.00	0.00	-1.01	0.00	-0.96	0.00	0.00	-0.57	0.00	-0.87	0.00	0.00
M9	-2.27	4.86	0.12	-0.00	-0.00	0.03	-0.01	0.00	2.87	-0.00	0.01	0.00	0.00	0.40	-0.08	-0.26	0.07	-0.01
M8	-1.81	5.52	3.33	0.00	0.00	-0.03	0.00	0.00	4.93	0.00	-0.86	0.00	0.00	-0.56	0.00	-0.67	0.00	0.00
P10	1.12	-2.32	-0.80	0.00	0.00	-0.02	0.01	-0.01	-1.18	0.01	0.08	0.00	0.01	-0.21	0.11	0.81	0.03	-0.00
P11	1.51	-3.41	-1.10	0.00	0.00	-0.07	0.00	0.00	-2.56	0.00	0.05	0.00	0.00	-0.42	0.00	0.88	0.00	0.00
P12	0.83	-2.15	-0.20	0.00	0.00	-0.08	0.00	0.00	-2.49	0.00	-1.37	0.00	0.00	-0.83	0.00	1.31	0.00	0.00
E9	-0.29	0.38	3.81	0.01	-0.00	-0.00	0.02	0.02	3.08	0.03	0.05	-0.01	-0.03	-1.38	0.10	0.34	0.07	-0.02
E8	-0.77	0.99	4.08	0.00	0.00	-0.02	0.00	0.00	3.73	0.00	0.01	0.00	0.00	-1.13	0.00	0.56	0.00	0.00
E5	-0.23	0.17	3.04	0.00	0.00	-0.02	0.00	0.00	2.41	0.00	0.04	0.00	0.00	-0.97	0.00	0.37	0.00	0.00
E4	-1.26	1.74	3.01	0.00	0.00	-0.01	0.00	0.00	2.40	0.00	-0.00	0.00	0.00	-1.29	0.00	0.21	0.00	0.00
E7	0.15	-1.68	1.53	0.00	0.00	-0.02	-0.04	0.03	-0.84	-0.01	-0.01	-0.00	-0.02	-1.14	0.04	0.32	0.00	0.01
E6	0.42	-0.84	0.87	0.00	-0.00	-0.01	0.00	0.01	0.18	-0.00	0.03	-0.00	-0.03	-1.16	0.09	0.80	0.02	-0.01
E1	0.58	0.07	1.05	0.00	0.00	-0.02	0.00	0.00	1.06	0.00	0.03	0.00	0.00	-1.43	0.00	0.79	0.00	0.00
P8	0.57	1.26	0.82	0.00	0.00	-0.03	0.00	0.00	2.90	0.00	0.08	0.00	0.00	-0.12	0.00	0.32	0.00	0.00
E3	3.09	-2.28	0.91	0.00	-0.00	-0.03	-0.00	-0.00	1.23	-0.03	0.14	-0.00	-0.03	-1.53	0.15	0.90	-0.05	0.01
E2	1.89	-3.27	3.18	0.00	0.00	0.01	0.00	0.00	1.13	0.00	0.03	0.00	0.00	-0.87	0.00	0.15	0.00	0.00
P2	3.21	-4.92	0.00	-0.05	-0.00	-0.11	0.07	-0.50	-2.13	0.56	-0.06	0.07	0.44	-0.13	1.38	0.08	-1.91	-0.27
P3	3.52	-3.60	-0.48	0.00	0.00	-0.07	0.00	0.00	0.02	0.00	0.07	0.00	0.00	-0.40	0.00	0.99	0.00	0.00
P1	2.45	-2.69	-1.52	0.00	0.00	-0.01	0.00	0.00	-3.18	0.00	-1.44	0.00	0.00	-1.20	0.00	1.24	0.00	0.00
P6	1.96	-2.73	-0.17	0.00	0.00	-0.10	0.00	0.00	0.23	0.00	0.09	0.00	0.00	-0.01	0.00	1.20	0.00	0.00
P7	1.60	-4.07	-1.62	0.05	0.01	-0.09	-0.03	-0.00	-2.99	0.01	0.11	0.05	0.10	0.04	0.24	0.68	-0.05	-0.01
P4	2.36	-4.99	-1.12	0.00	0.00	-0.03	0.00	0.00	-3.08	0.00	0.04	0.00	0.00	-0.25	0.00	0.91	0.00	0.00
P5	2.20	-2.73	0.40	0.00	0.00	-0.04	0.00	0.00	2.26	0.00	0.06	0.00	0.00	1.09	0.00	1.30	0.00	0.00
H10	1.67	-3.94	1.77	0.00	0.00	-0.02	-0.04	0.01	-2.43	-0.00	-0.91	0.00	-0.00	-0.25	-0.02	-0.71	-0.00	0.01
H11	0.92	-4.22	4.60	-0.04	-0.00	-0.05	-0.34	-0.09	-1.89	-0.11	-2.12	-0.02	0.53	-4.06	-0.33	0.06	3.67	-0.29
H12	2.31	-5.22	2.45	0.00	0.00	-0.03	-0.02	-0.02	-2.48	0.00	-0.94	0.01	-0.01	-0.50	-0.12	-0.44	0.03	0.00
P9	0.94	-1.87	1.85	-0.02	0.01	-0.02	0.07	0.03	-0.37	0.03	-2.14	0.01	-0.10	-1.65	1.54	0.87	0.07	0.00
F12	2.22	-4.43	-0.78	0.00	0.00	-0.02	0.00	-0.03	-3.58	0.02	0.03	-0.01	0.01	-1.28	-0.07	0.67	0.08	-0.01
F10	2.52	-4.60	0.97	0.00	0.00	-0.03	0.00	0.00	-2.56	0.00	-0.00	0.00	0.00	-1.39	0.00	-0.03	0.00	0.00
F11	2.82	-4.82	0.17	0.00	0.00	0.02	0.00	0.00	-2.51	0.00	-0.00	0.00	0.00	-0.92	0.00	0.23	0.00	0.00
N12	0.61	1.08	0.69	0.00	0.00	-0.08	0.00	0.00	2.91	0.00	0.04	0.00	0.00	-0.73	0.00	1.30	0.00	0.00
N10	0.58	1.40	1.38	0.00	0.00	-0.11	0.00	0.00	4.22	0.00	0.12	0.00	0.00	-0.25	0.00	1.11	0.00	0.00
N11	1.75	-0.57	-1.52	-0.24	-0.00	-0.03	-0.17	-0.25	-0.04	0.13	-1.46	-0.06	-0.11	0.01	0.67	1.09	0.73	0.01
H6	1.62	-0.48	0.94	0.00	0.00	-0.13	0.00	0.00	2.37	0.00	0.09	0.00	0.00	-1.04	0.00	1.38	0.00	0.00
H7	0.46	1.95	1.51	0.00	0.00	-0.11	0.02	-0.01	4.97	0.02	0.08	-0.01	-0.01	-0.29	0.12	1.24	-0.00	0.01
H4	-0.69	1.30	-1.15	0.00	0.00	0.01	0.00	0.00	-0.41	0.00	-0.01	0.00	0.00	-0.03	0.00	0.16	0.00	0.00
H5	1.58	-0.79	1.00	0.00	0.00	-0.13	0.00	0.00	2.06	0.00	0.10	0.00	0.00	-1.08	0.00	1.38	0.00	0.00
K12	-0.49	2.79	4.61	0.00	0.00	-0.02	0.00	0.00	3.78	0.00	-0.63	0.00	0.00	-1.11	0.00	-1.36	0.00	0.00
K11	-1.94	4.97	2.41	0.00	0.00	-0.09	0.00	0.00	4.83	0.00	0.01	0.00	0.00	-0.04	0.00	-0.50	0.00	0.00
K10	-1.08	0.35	0.55	-0.00	0.00	-0.09	0.02	-0.00	-0.54	-0.01	0.02	0.00	0.05	-0.05	-0.06	-0.26	0.02	-0.00
D10	0.08	0.07	3.21	0.00	0.00	-0.03	0.00	0.00	2.44	0.00	0.04	0.00	0.00	-1.38	0.00	0.44	0.00	0.00
D11	0.69	-0.73	1.85	0.00	0.00	-0.01	0.00	0.00	0.99	0.00	0.05	0.00	0.00	-1.15	0.00	0.29	0.00	0.00
D12	1.71	-0.81	-0.54	0.00	0.00	-0.03	0.00	0.00	-0.08	0.00	0.04	0.00	0.00	-1.17	0.00	0.72	0.00	0.00
K3	-2.42	7.11	-0.45	0.00	0.00	0.03	0.00	0.00	4.48	0.00	0.03	0.00	0.00	0.35	0.00	-0.16	0.00	0.00
K2	-2.42	5.86	-0.44	0.00	0.00	0.03	0.00	0.00	3.23	0.00	0.01	0.00	0.00	0.37	0.00	-0.18	0.00	0.00
K1	1.72	-2.04	0.94	-0.00	0.00	-0.04	0.00	-0.01	-0.71	0.01	-1.01	0.00	0.00	0.41	-0.03	-0.69	0.03	-0.01
B12	2.22	-3.93	1.66	0.00	0.00	-0.01	0.00	0.00	0.06	0.00	0.02	0.00	0.00	-1.05	0.00	1.15	0.00	0.00
K6	0.65	-0.55	2.87	0.00	-0.00	-0.03	0.00	0.03	1.54	-0.00	0.05	-0.00	-0.01	-0.14	-0.02	-1.33	0.01	-0.00
B10	3.86	-4.48	5.16	0.97	0.01	0.23	0.04	0.07	-0.10	0.39	0.20	-0.14	0.17	-2.90	-2.11	2.00	-2.79	-0.76
B11	4.66	-4.25	1.36	0.00	0.00	-0.06	0.00	0.00	1.91	0.00	0.19	0.00	0.00	-0.46	0.00	0.46	0.00	0.00
K9	1.21	-0.20	1.42	0.00	0.00	-0.01	0.00	0.00	0.73	0.00	-1.10	0.00	0.00	0.38	0.00	-0.96	0.00	0.00
K8	0.58	-0.44	1.98	0.00	0.00	-0.04	0.00	0.00	1.27	0.00	-1.12	0.00	0.00	0.75	0.00	-0.44	0.00	0.00
E10	2.48	-2.78	2.53	0.00	0.00	-0.04	0.00	0.00	2.10	0.00	0.08	0.00	0.00	-0.74	0.00	0.56	0.00	0.00
E11	-1.04	1.28	2.35	0.01	-0.00	0.02	-0.03	0.04	1.52	0.00	0.04	-0.02	-0.06	-1.45	0.14	0.16	0.06	0.04
C9	-0.73	1.68	1.44	0.00	0.00	-0.01	0.00	0.00	1.50	0.00	0.02	0.00	0.00	-1.17	0.00	0.29	0.00	0.00
C8	0.13	-0.75	1.75	0.00	0.00	-0.03	0.01	0.01	0.23	-0.01	0.03	-0.01	0.02	-1.24	0.17	0.16	-0.03	0.01
Q11	2.68	-4.68	-0.63	-0.00	0.00	-0.07	0.02	0.00	-2.09	-0.01	0.03	-0.01	-0.01	-0.34	0.02	0.98	-0.04	-0.00
Q10	2.89	-4.61	-2.27	-0.05	0.00	-0.10	-0.01	-0.49	-1.95	0.54	-0.05	0.07	0.26	3.25	1.54	-0.34	-2.30	-0.28
Q12	2.23	-3.29	-0.80	0.00	0.00	-0.00	0.00	0.00	-1.13	0.00	0.05	0.00	0.00	-0.34	0.00	1.01	0.00	0.00
C3	2.88	-3.77	-0.06	0.00	0.00	-0.04	0.00	0.00	-1.14	0.00	0.12	0.00	0.00	-0.79	0.00	0.52	0.00	0.00
C2	3.09	-4.88	1.74	0.00	0.00	-0.01	0.00	0.00	0.24	0.00	0.02	0.00	0.00	-0.80	0.00	1.09	0.00	0.00
C1	4.38	-4.81	0.75	0.00	0.00	-0.05	0.00	0.00	0.18	0.00	0.12	0.00	0.00	-0.76	0.00	0.55	0.00	0.00
C7	-1.25	2.50	3.09	0.00	-0.01	0.02	0.00	0.05	3.15	0.03	0.05	-0.03	-0.06	-1.33	0.14	-0.08	0.03	-0.01
C6	-0.86	2.28	1.51	0.00	0.00	-0.00	0.00	0.00	1.51	0.00	0.01	0.00	0.00	-1.56	0.00	0.14	0.00	0.00
C5	-0.83	1.49	1.74	0.00	-0.00	-0.02	-0.05	0.05	1.56	0.01	0.03	-0.01	-0.03	-1.16	0.06	0.26	0.03	0.01
C4	0.22	1.37	0.48	0.00	-0.00	0.01	-0.02	0.05	0.57	0.00	0.04	-0.02	-0.02	-1.67	0.01	0.12	0.00	-0.02
I11	-0.98	1.04	3.12	-0.00	0.00	-0.04	0.02	0.01	1.78	-0.00	-0.97	-0.00	-0.04	0.72	-0.11	-0.97	-0.00	-0.00
H8	0.44	1.61	3.22	-0.07	0.00	-0.07	0.09	0.00	4.54	0.05	-1.32	-0.00	-0.06	-1.28	1.10	0.85	-0.01	-0.02
I12	-0.07	-1.98	1.96	0.00	0.00	-0.04	0.00	0.00	-1.55	0.00	-0.93	0.00	0.00	0.52	0.00	-1.01	0.00	0.00
N8	1.20	-0.56	1.09	0.00	0.00	-0.06	-0.04	0.01	0.86	-0.01	-0.87	-0.01	0.00	0.23	0.06	-0.13	-0.04	-0.01
N9	1.36	-1.81	0.74	0.00	0.00	-0.05	0.00	0.00	-0.80	0.00	-0.88	0.00	0.00	0.16	0.00	-0.33	0.00	0.00
H9	0.72	1.93	0.92	0.00	0.00	-0.11	0.00	0.00	4.61	0.00	0.08	0.00	0.00	-0.14	0.00	1.21	0.00	0.00
N1	0.67	-3.39	2.62	0.00	0.00	-0.06	0.00	0.00	-1.45	0.00	-0.95	0.00	0.00	0.45	0.00	-0.78	0.00	0.00
N2	-1.76	2.11	1.41	0.00	0.00	-0.08	0.00	0.00	0.49	0.00	-0.90	0.00	0.00	-0.15	0.00	-0.14	0.00	0.00
N3	0.29	-0.70	1.71	0.00	0.00	-0.04	0.00	0.00	-0.12	0.00	0.05	0.00	0.00	0.14	0.00	-1.57	0.00	0.00
N4	0.16	-2.49	-0.17	-0.03	0.01	0.07	-0.27	-0.23	-3.15	0.15	-1.01	0.06	-0.45	1.32	-0.37	0.05	0.07	-0.02
G12	1.15	0.43	2.51	-0.00	0.00	-0.03	0.00	0.01	3.08	-0.01	0.02	-0.00	-0.01	-1.45	0.02	0.49	-0.04	-0.01
N6	-0.57	0.51	2.20	0.00	0.00	-0.02	0.00	0.00	2.38	0.00	-0.00	0.00	0.00	-0.52	0.00	0.78	0.00	0.00
G10	-0.23	1.97	2.52	0.00	0.00	-0.02	0.00	0.00	3.65	0.00	0.04	0.00	0.00	-1.08	0.00	0.45	0.00	0.00
F1	1.52	-2.12	0.44	0.00	0.00	-0.03	0.00	0.00	-1.30	0.00	-0.01	0.00	0.00	-1.48	0.00	0.38	0.00	0.00
F2	0.56	-1.21	0.33	0.00	0.00	-0.01	0.00	0.00	-0.66	0.00	0.02	0.00	0.00	-1.09	0.00	0.74	0.00	0.00
F3	0.03	-0.57	3.37	0.00	-0.00	-0.02	0.02	-0.03	2.08	0.03	0.07	-0.01	-0.05	-1.32	0.12	0.34	0.10	0.00
F4	4.11	-5.15	2.17	0.08	-0.01	-0.09	0.13	-0.00	1.18	-0.04	0.04	-0.09	-0.21	-1.25	-1.29	-0.19	3.25	-0.29
F5	-0.54	0.46	0.65	0.00	0.00	-0.03	-0.01	-0.01	-0.69	-0.00	0.01	0.01	0.00	-1.49	0.02	0.24	-0.02	0.00
N5	1.05	1.39	2.35	0.00	0.00	-0.09	0.00	0.00	4.15	0.00	-0.94	0.00	0.00	-0.12	0.00	0.53	0.00	0.00
F7	0.59	-1.46	-0.44	0.00	0.00	-0.03	-0.04	0.03	-1.66	0.01	0.02	-0.03	-0.03	-1.21	0.22	0.75	-0.07	0.03
F8	1.64	-2.56	-0.51	0.00	0.00	-0.01	0.00	0.00	-2.58	0.00	-0.01	0.00	0.00	-1.41	0.00	0.28	0.00	0.00
F9	0.82	-2.91	4.43	0.00	0.00	0.04	0.00	0.00	1.69	0.00	0.01	0.00	0.00	-0.70	0.00	-0.00	0.00	0.00
M11	-0.30	4.17	-0.88	0.01	0.00	-0.03	-0.03	0.01	2.43	0.01	-1.06	0.01	0.01	0.82	-0.05	-0.22	-0.04	0.00
M10	-0.38	1.93	0.30	0.00	0.00	0.00	0.00	0.00	1.81	0.00	-0.00	0.00	0.00	0.14	0.00	-0.16	0.00	0.00
M12	-1.31	4.14	2.46	0.00	0.00	-0.08	0.00	0.00	3.81	0.00	-0.54	0.00	0.00	-0.64	0.00	-0.21	0.00	0.00
J10	-1.10	0.45	2.91	0.00	0.00	-0.06	0.00	0.00	1.07	0.00	-0.95	0.00	0.00	0.82	0.00	-1.00	0.00	0.00
J11	-0.58	1.27	0.08	0.00	0.00	-0.08	0.00	0.00	0.45	0.00	0.01	0.00	0.00	0.09	0.00	-0.34	0.00	0.00
Q1	1.10	0.50	0.01	0.00	-0.00	-0.09	-0.01	-0.03	2.56	0.00	0.09	-0.01	-0.00	-0.20	0.03	1.12	0.03	0.01
Q3	1.04	-1.76	0.51	0.00	0.00	-0.09	0.00	0.00	0.74	0.00	0.08	0.00	0.00	-0.25	0.00	1.20	0.00	0.00
Q2	1.59	-2.03	0.52	-0.00	0.00	-0.05	-0.01	0.04	0.37	0.00	0.01	0.00	0.00	-0.38	-0.08	0.76	-0.03	0.01
Q5	2.19	-3.30	-0.45	0.00	0.00	-0.02	0.00	0.00	-0.76	0.00	0.05	0.00	0.00	-0.12	0.00	0.88	0.00	0.00
Q4	1.38	-2.85	1.30	-0.06	-0.00	-0.04	0.07	-0.01	-1.09	0.02	-1.34	-0.02	-0.07	-1.32	0.88	0.85	0.12	0.01
Q7	2.71	-6.92	-1.30	0.00	0.00	-0.07	0.00	0.00	-5.01	0.00	0.07	0.00	0.00	-0.11	0.00	0.60	0.00	0.00
Q6	3.07	-5.72	-1.39	0.00	0.00	-0.07	0.00	0.00	-3.44	0.00	0.03	0.00	0.00	-0.31	0.00	0.93	0.00	0.00
Q9	1.58	-1.62	-0.15	0.00	0.00	-0.05	0.00	0.00	0.44	0.00	0.02	0.00	0.00	-0.29	0.00	0.94	0.00	0.00
Q8	1.33	-1.22	0.61	0.00	0.00	-0.06	0.00	0.00	2.03	0.00	0.01	0.00	0.00	0.22	0.00	1.14	0.00	0.00
E12	-0.40	0.82	3.42	0.00	0.00	-0.02	0.00	0.00	2.95	0.00	0.01	0.00	0.00	-1.28	0.00	0.40	0.00	0.00
C12	-0.06	-1.21	0.34	0.00	0.00	-0.02	0.00	0.00	-1.79	0.00	-0.01	0.00	0.00	-1.03	0.00	0.20	0.00	0.00
C11	0.55	-0.60	0.09	0.00	0.00	-0.01	0.00	0.00	-0.25	0.00	0.03	0.00	0.00	-1.08	0.00	0.78	0.00	0.00
C10	-0.51	0.43	1.98	0.00	0.00	-0.02	0.00	0.00	1.00	0.00	0.03	0.00	0.00	-1.20	0.00	0.29	0.00	0.00
I9	-1.84	2.97	2.27	0.00	0.00	-0.07	0.00	0.00	2.89	0.00	0.02	0.00	0.00	0.03	0.00	-0.50	0.00	0.00
I8	0.38	0.76	2.97	0.00	0.00	0.04	-0.05	0.01	2.54	0.01	-0.59	0.00	0.00	-1.11	-0.04	0.10	0.01	0.03
A11	1.43	0.42	-0.03	0.00	0.00	-0.07	0.00	0.00	3.93	0.00	0.17	0.00	0.00	0.51	0.00	1.50	0.00	0.00
A10	3.56	-6.44	1.64	0.00	0.00	-0.03	-0.00	0.01	-2.51	-0.01	0.03	0.00	-0.01	-1.58	0.02	0.29	-0.02	0.01
A12	-1.75	2.23	2.27	-0.01	-0.01	0.01	0.07	-0.28	-1.03	0.10	-1.23	-0.11	0.06	-1.67	0.11	1.33	-2.40	0.25
I1	0.42	1.47	1.71	0.00	0.00	-0.08	-0.00	0.00	3.92	0.00	0.02	0.00	0.00	0.39	-0.01	0.02	-0.02	0.00
I3	-0.17	-1.72	2.25	0.00	0.00	-0.10	0.00	0.00	-0.23	0.00	0.05	0.00	0.00	-0.07	0.00	-0.48	0.00	0.00
I2	-2.23	6.00	0.00	0.00	0.00	0.03	0.00	0.00	4.00	0.00	0.03	0.00	0.00	0.42	0.00	-0.24	0.00	0.00
I5	-0.71	1.50	4.31	-0.02	0.00	0.02	0.49	0.15	2.08	-0.15	-1.78	-0.00	0.06	-1.21	0.83	-0.84	-0.48	-0.09
I4	-1.91	3.61	2.30	0.00	0.00	-0.09	0.00	0.00	3.56	0.00	0.02	0.00	0.00	0.11	0.00	-0.48	0.00	0.00
I7	-0.50	-0.61	2.16	0.00	0.00	-0.03	0.00	0.00	-0.43	0.00	-0.92	0.00	0.00	0.54	0.00	-1.06	0.00	0.00
I6	0.26	-1.85	2.98	0.00	0.00	-0.05	0.00	0.00	-0.05	0.00	-1.00	0.00	0.00	0.53	0.00	-0.92	0.00	0.00
A1	1.28	-1.51	-1.02	0.09	0.00	-0.26	0.02	0.04	0.97	-0.01	-0.92	0.00	-0.00	0.62	0.82	1.81	0.01	0.01
A3	1.55	-0.85	0.27	0.00	-0.00	-0.12	0.02	0.01	1.47	-0.00	0.10	-0.01	0.00	-1.02	0.02	1.47	0.00	0.01
A2	0.41	-0.99	1.25	0.00	0.00	-0.03	0.00	0.00	1.15	0.00	0.01	0.00	0.00	-0.68	0.00	1.19	0.00	0.00
A5	1.40	-3.30	-0.29	0.00	0.00	-0.08	0.00	0.00	-3.17	0.00	-1.36	0.00	0.00	-0.87	0.00	1.33	0.00	0.00
A4	0.66	1.64	-1.12	0.00	-0.00	-0.04	-0.02	-0.00	1.69	-0.02	0.09	-0.00	0.00	0.49	0.02	-0.04	0.05	-0.02
A7	0.90	-4.50	-0.87	0.00	0.00	-0.03	0.00	0.00	-2.07	0.00	0.07	0.00	0.00	1.21	0.00	1.17	0.00	0.00
A6	0.42	-1.00	1.25	0.00	0.00	-0.04	0.00	0.00	1.15	0.00	0.00	0.00	0.00	-0.68	0.00	1.19	0.00	0.00
A9	-0.05	0.44	1.86	0.00	0.00	-0.10	0.00	0.00	1.45	0.00	-1.36	0.00	0.00	-0.55	0.00	1.20	0.00	0.00
A8	1.13	2.19	-0.75	0.00	0.00	-0.06	0.00	0.00	2.63	0.00	0.11	0.00	0.00	0.22	0.00	-0.21	0.00	0.00
J12	0.09	-0.26	2.52	0.01	0.00	-0.03	0.46	0.17	0.10	-0.12	-1.71	0.01	-0.03	-0.87	0.58	-0.24	-0.37	-0.10
I10	0.97	-4.82	2.77	0.00	0.00	-0.10	0.00	0.00	-2.56	0.00	-0.96	0.00	0.00	0.60	0.00	-1.02	0.00	0.00
L6	-1.21	2.46	3.13	0.00	0.00	-0.04	0.00	0.00	3.09	0.00	-0.90	0.00	0.00	0.83	0.00	-1.19	0.00	0.00
L7	-0.03	-3.00	1.55	0.00	0.00	-0.09	-0.00	0.00	-1.76	0.00	0.04	0.00	-0.01	-0.05	0.06	-0.25	0.01	-0.00
L4	-1.41	3.12	1.69	0.00	0.00	-0.03	0.00	0.00	2.51	0.00	-0.90	0.00	0.00	0.99	0.00	-0.94	0.00	0.00
L5	-0.45	1.10	1.42	-0.01	-0.01	-0.22	-0.01	0.03	0.67	-0.01	-1.17	0.01	-0.04	0.19	0.45	-0.60	-0.01	-0.03
L2	-1.28	3.30	-1.34	0.00	0.00	0.02	0.00	0.00	0.76	0.00	0.01	0.00	0.00	0.17	0.00	-0.11	0.00	0.00
L3	-1.31	4.38	-1.01	0.00	0.00	0.03	0.00	0.00	2.18	0.00	0.01	0.00	0.00	0.22	0.00	-0.12	0.00	0.00
L1	0.55	-0.94	2.12	0.00	0.00	0.02	0.00	0.00	-0.60	0.00	-0.84	0.00	0.00	-1.64	0.00	0.13	0.00	0.00
L8	0.46	2.74	0.07	0.00	0.00	-0.03	-0.04	0.02	2.95	0.01	-1.07	0.01	-0.01	0.75	0.12	-0.01	-0.08	0.01
L9	-1.49	2.94	2.03	-0.00	0.00	-0.03	-0.01	0.00	2.69	0.01	-1.01	-0.00	0.01	0.92	-0.04	-0.64	-0.01	0.02
D8	0.01	0.67	2.31	0.00	0.00	-0.03	0.00	0.00	1.90	0.00	0.01	0.00	0.00	-1.52	0.00	0.46	0.00	0.00
D9	0.16	-0.34	2.92	0.00	0.00	-0.06	0.03	0.04	1.84	0.00	0.05	-0.00	-0.00	-1.33	0.09	0.37	-0.07	-0.02
D6	0.76	-1.57	0.12	-0.00	0.00	-0.03	0.01	-0.01	-1.29	0.01	0.02	0.01	0.00	-1.24	-0.11	0.75	-0.02	0.01
D7	0.42	0.13	0.20	0.00	0.00	-0.01	0.00	0.00	0.22	0.00	0.03	0.00	0.00	-1.36	0.00	0.81	0.00	0.00
D4	1.11	-3.02	5.19	0.00	0.00	-0.00	0.00	0.00	2.25	0.00	0.03	0.00	0.00	-0.93	0.00	-0.14	0.00	0.00
D5	2.79	-3.95	1.82	0.00	0.00	-0.07	0.03	-0.07	0.45	0.01	0.03	0.00	0.03	-0.70	-0.01	0.44	0.10	-0.01
D2	-0.46	0.70	2.47	0.00	0.00	-0.03	0.00	0.00	1.87	0.00	0.03	0.00	0.00	-1.17	0.00	0.32	0.00	0.00
D3	2.79	-3.88	0.25	0.00	-0.00	-0.03	-0.01	0.02	-1.02	-0.03	0.12	-0.01	-0.02	-0.67	-0.08	0.49	0.01	0.02
D1	-0.78	1.43	3.69	0.00	-0.01	0.01	-0.03	0.05	3.81	0.01	0.06	-0.01	-0.07	-1.16	0.27	0.35	0.00	-0.00
