384A	0.37	2.19	-1.13	0.00	0.00	0.01	0.00	0.00	0.78	0.00	0.02	0.00	0.00	-0.46	0.00	-0.21	0.00	0.00
384C	0.29	1.93	-1.24	-0.00	0.00	0.01	0.00	-0.00	0.30	0.00	-0.01	-0.00	0.00	-0.51	-0.01	-0.17	0.01	-0.00
384E	0.27	1.28	0.47	0.00	0.00	0.01	0.00	0.00	0.55	0.00	0.04	0.00	0.00	-1.08	0.00	-0.43	0.00	0.00
384D	0.23	1.82	0.04	-0.01	0.00	-0.01	0.00	0.00	0.43	0.00	-0.03	0.00	-0.01	-1.23	-0.02	-0.36	0.00	0.00
384G	0.39	2.23	-1.14	0.01	0.00	0.01	0.00	-0.00	0.86	0.00	0.03	-0.00	0.01	-0.47	-0.01	-0.20	0.01	-0.00
384I	0.08	1.22	-1.26	0.00	0.00	0.00	0.00	0.00	-1.08	0.00	0.03	0.00	0.00	-0.65	0.00	-0.50	0.00	0.00
384H	-0.02	1.11	0.59	0.00	0.00	0.00	0.00	0.00	-1.85	0.00	-1.79	0.00	0.00	-2.21	0.00	0.46	0.00	0.00
384K	0.67	-1.21	4.74	0.00	0.00	0.01	0.00	0.00	3.72	0.00	0.14	0.00	0.00	-0.00	0.00	-0.62	0.00	0.00
384M	0.41	0.17	-1.11	-0.01	0.00	0.00	-0.00	-0.00	-1.21	0.00	0.02	-0.00	-0.01	-0.45	0.01	-0.27	0.01	0.00
384L	-0.04	0.48	-1.51	0.00	0.00	0.00	0.00	0.00	-2.15	0.00	0.05	0.00	0.00	-0.59	0.00	-0.54	0.00	0.00
384N	0.64	1.27	0.66	0.00	0.00	-0.73	0.00	0.00	0.75	0.00	-0.01	0.00	0.00	-0.71	0.00	-0.35	0.00	0.00
384Q	0.43	1.99	1.48	0.00	0.00	-0.73	0.00	0.00	2.24	0.00	0.02	0.00	0.00	-0.94	0.00	-0.02	0.00	0.00
384P	0.68	1.90	-0.36	0.00	0.00	-0.74	0.00	0.00	0.62	0.00	0.00	0.00	0.00	-0.72	0.00	-0.14	0.00	0.00
384S	0.42	2.03	-0.81	0.00	0.00	0.00	0.00	0.00	0.78	0.00	0.02	0.00	0.00	-0.60	0.00	-0.29	0.00	0.00
384R	1.13	-2.11	3.17	0.00	0.00	0.01	0.00	0.00	2.00	0.00	0.04	0.00	0.00	-0.19	0.00	-0.05	0.00	0.00
384T	0.26	1.98	-1.02	-0.00	0.00	0.00	0.00	-0.00	0.55	0.00	0.03	-0.00	-0.00	-0.45	0.04	-0.29	-0.00	0.00
384W	1.31	-3.87	1.69	0.00	0.00	0.00	0.00	0.00	-1.60	0.00	0.14	0.00	0.00	-0.80	0.00	-0.07	0.00	0.00
384V	0.51	2.11	-0.80	0.00	0.00	-0.72	0.00	0.00	0.16	0.00	0.01	0.00	0.00	-0.79	0.00	-0.16	0.00	0.00
384Y	0.20	-1.28	2.58	0.00	0.00	0.01	0.00	0.00	1.20	0.00	0.12	0.00	0.00	-0.19	0.00	-0.24	0.00	0.00
348Y	1.32	-1.25	-1.36	0.01	0.01	-0.66	-0.01	-0.01	-2.18	0.00	-0.29	0.00	-0.01	0.20	-0.08	-0.08	0.04	-0.00
348Q	0.31	-2.14	0.27	0.00	-0.00	0.01	-0.01	0.01	-1.18	0.00	0.03	0.00	-0.00	-0.03	0.05	0.34	-0.01	0.00
348P	1.52	-2.53	0.79	0.00	0.00	-0.71	0.00	0.00	-1.91	0.00	-0.01	0.00	0.00	-1.29	0.00	0.30	0.00	0.00
348S	0.25	-0.75	1.06	0.00	0.00	-0.73	0.00	0.00	-0.38	0.00	-0.17	0.00	0.00	-0.09	0.00	0.04	0.00	0.00
348R	0.77	-2.58	0.67	0.04	-0.00	-0.01	-0.01	0.00	-1.61	0.01	0.10	0.00	-0.10	-0.50	-0.16	-0.10	0.24	0.02
348T	1.24	-1.98	1.40	0.00	0.00	-0.72	0.00	0.00	-1.24	0.00	0.08	0.00	0.00	-1.22	0.00	-0.04	0.00	0.00
348W	0.85	-0.42	-2.55	0.00	0.00	0.03	0.00	0.00	-1.48	0.00	-0.09	0.00	0.00	1.24	0.00	-0.53	0.00	0.00
348V	0.96	-3.23	0.31	0.00	0.00	0.02	0.00	0.00	-2.16	0.00	0.07	0.00	0.00	-0.21	0.00	-0.09	0.00	0.00
348I	2.07	-2.38	-0.30	0.00	0.01	-0.71	-0.01	-0.00	-2.04	-0.01	0.06	0.00	-0.09	-1.07	0.05	0.27	0.03	0.02
348H	-0.01	0.49	-2.30	0.00	0.00	0.04	0.00	0.00	-0.47	0.00	-0.24	0.00	0.00	1.69	0.00	-0.13	0.00	0.00
348K	0.55	-2.90	2.98	0.00	0.00	0.00	0.00	0.00	1.19	0.00	0.12	0.00	0.00	-0.17	0.00	0.61	0.00	0.00
348M	1.12	-3.67	0.40	0.01	-0.00	-0.73	0.00	0.00	-3.60	0.00	-0.12	0.00	-0.01	-0.94	0.04	0.34	-0.06	0.00
348L	0.34	-2.81	-0.16	0.00	0.00	0.01	0.00	0.00	-2.28	0.00	-0.10	0.00	0.00	0.28	0.00	0.15	0.00	0.00
348N	0.74	-2.88	0.95	0.00	0.00	-0.00	0.00	0.00	-1.76	0.00	0.03	0.00	0.00	-0.49	0.00	-0.11	0.00	0.00
348A	0.09	-1.28	-0.98	0.00	0.00	0.01	0.00	0.00	-1.93	0.00	0.04	0.00	0.00	0.02	0.00	0.17	0.00	0.00
348C	0.22	-2.27	0.41	0.00	0.00	-0.00	0.00	0.00	-1.73	0.00	0.04	0.00	0.00	-0.08	0.00	-0.05	0.00	0.00
348E	0.65	-2.88	3.56	0.00	0.00	0.00	0.00	0.00	-0.10	0.00	0.05	0.00	0.00	-0.76	0.00	-0.73	0.00	0.00
348D	0.20	-2.48	1.77	0.00	0.00	0.01	0.00	0.00	-0.64	0.00	-0.07	0.00	0.00	-0.38	0.00	0.30	0.00	0.00
348F	0.83	-1.36	-1.89	0.00	0.00	-0.63	0.00	0.00	-2.83	0.00	-0.42	0.00	0.00	0.79	0.00	-0.17	0.00	0.00
B1	0.00	0.00	0.00	0.00	0.00	0.00	0.00	0.00	0.00	0.00	0.00	0.00	0.00	0.00	0.00	0.00	0.00	0.00
346W	2.58	-4.99	0.25	0.00	0.00	-0.05	0.00	0.00	-2.46	0.00	0.43	0.00	0.00	0.56	0.00	-1.23	0.00	0.00
309C	-0.44	1.61	-0.25	0.01	0.00	0.01	0.00	-0.00	1.13	0.00	-0.01	-0.00	0.03	0.05	0.02	0.08	0.03	0.00
309A	-0.24	1.84	-0.18	0.00	0.00	-0.01	0.00	0.00	1.57	0.00	-0.04	0.00	0.00	0.09	0.00	0.10	0.00	0.00
309F	-0.55	-0.23	-0.18	0.01	-0.01	0.24	0.00	-0.02	-0.31	0.00	0.41	-0.02	-0.01	-0.01	-0.65	-0.32	1.02	0.00
309G	-0.26	1.91	-0.14	0.00	0.00	-0.02	0.00	0.00	1.68	0.00	-0.03	0.00	0.00	0.10	0.00	0.11	0.00	0.00
309D	-0.24	1.63	0.35	0.00	0.00	0.01	0.00	0.00	1.62	0.00	-0.06	0.00	0.00	-0.12	0.00	0.05	0.00	0.00
309E	-0.44	1.04	1.67	0.00	0.00	0.01	0.00	0.00	1.58	0.00	-0.08	0.00	0.00	-0.54	0.00	-0.09	0.00	0.00
309K	0.20	1.86	1.25	-0.11	0.00	-0.89	-0.01	0.00	1.09	0.00	-0.50	0.02	-0.20	-0.95	0.87	-0.32	-0.12	-0.01
309H	0.01	1.08	0.74	0.01	-0.00	-0.55	0.00	-0.00	0.63	0.00	0.20	-0.01	-0.20	-0.34	-0.16	-0.22	0.07	-0.00
309I	0.05	0.84	-0.81	0.00	0.00	-0.01	0.00	0.00	0.12	0.00	-0.03	0.00	0.00	0.10	0.00	-0.03	0.00	0.00
309N	-0.26	1.41	0.24	0.00	0.00	-0.01	0.00	0.00	1.43	0.00	-0.05	0.00	0.00	0.14	0.00	-0.05	0.00	0.00
309L	-0.09	0.79	-0.53	0.00	0.00	0.00	0.00	0.00	0.19	0.00	-0.01	0.00	0.00	0.05	0.00	-0.01	0.00	0.00
309R	0.55	0.51	0.50	0.00	0.00	-0.60	0.00	0.00	-0.39	0.00	-0.36	0.00	0.00	0.06	0.00	-1.05	0.00	0.00
309S	-0.41	1.81	0.03	0.00	0.00	-0.01	-0.00	0.00	1.59	0.00	-0.02	-0.01	0.01	0.04	0.06	0.04	0.05	-0.00
309P	0.04	1.87	0.33	-0.00	-0.00	-0.73	-0.00	-0.01	1.02	0.00	-0.08	-0.01	0.01	-0.54	0.01	0.14	0.00	-0.00
309Q	-0.24	0.31	0.88	0.00	0.00	-0.00	0.00	0.00	0.81	0.00	-0.04	0.00	0.00	0.08	0.00	-0.17	0.00	0.00
309V	-0.25	1.67	-0.25	0.00	0.00	-0.02	0.01	0.00	1.34	0.00	-0.03	-0.01	-0.00	0.04	0.08	0.09	-0.01	0.01
309W	-0.17	-0.10	0.64	0.00	0.00	-0.00	0.00	0.00	0.68	0.00	0.03	0.00	0.00	0.03	0.00	0.24	0.00	0.00
309T	-0.21	1.68	0.03	-0.00	-0.00	0.01	-0.00	0.00	1.49	0.00	-0.03	-0.00	0.01	-0.02	-0.05	0.05	0.02	0.01
346N	0.63	1.59	-0.54	-0.05	0.00	-0.84	0.01	0.01	-1.20	0.00	-0.68	0.00	-0.09	-0.42	0.28	-1.09	-0.04	0.02
346M	2.23	-0.92	-3.36	0.00	0.00	-0.63	0.00	0.00	-3.72	0.00	-0.67	0.00	0.00	-0.04	0.00	-0.34	0.00	0.00
309Y	-0.41	-0.38	0.14	0.00	-0.04	-0.01	0.01	-0.01	-0.15	0.00	-0.15	0.02	0.06	0.44	0.29	-0.09	-0.02	-0.00
346K	1.61	-2.25	0.29	0.00	0.00	-0.69	0.00	0.00	-1.85	0.00	0.05	0.00	0.00	-0.64	0.00	-0.21	0.00	0.00
346I	0.30	0.80	-3.72	0.00	0.00	-0.61	0.00	0.00	-4.79	0.00	-0.40	0.00	0.00	-0.32	0.00	-0.82	0.00	0.00
346H	1.04	-1.06	-0.09	0.00	0.00	-0.65	0.00	0.00	-2.88	0.00	-0.71	0.00	0.00	-0.86	0.00	-0.54	0.00	0.00
302Y	6.74	-13.33	10.35	0.00	0.00	-0.58	0.00	0.00	-0.52	0.00	0.51	0.00	0.00	-1.37	0.00	-2.84	0.00	0.00
302W	3.00	-9.29	3.66	0.00	0.00	-0.03	0.00	0.00	-3.25	0.00	-0.06	0.00	0.00	0.40	0.00	-0.95	0.00	0.00
302V	1.62	-1.74	0.11	0.00	0.00	0.01	0.00	0.00	-0.26	0.00	-0.03	0.00	0.00	0.69	0.00	-0.90	0.00	0.00
302T	1.43	-1.37	3.56	-0.03	-0.00	0.02	0.02	0.02	2.53	0.00	-0.10	0.00	-0.04	-0.66	0.25	-0.47	-0.06	-0.02
302S	0.00	-0.71	4.13	0.00	0.00	0.03	0.00	0.00	2.76	0.00	-0.06	0.00	0.00	-0.17	0.00	-0.46	0.00	0.00
302R	1.03	-3.11	3.98	0.00	0.00	-0.01	0.00	0.00	1.93	0.00	-0.03	0.00	0.00	0.79	0.00	-0.72	0.00	0.00
302Q	0.39	-0.93	3.05	0.00	0.00	-0.04	0.00	0.00	1.26	0.00	-0.05	0.00	0.00	0.05	0.00	-1.21	0.00	0.00
302P	0.17	1.30	-0.34	0.01	0.00	-0.32	-0.00	0.03	-0.05	0.00	0.18	0.00	-0.43	-0.26	0.08	-0.54	0.07	-0.01
302N	-2.24	3.03	0.81	0.08	-0.04	0.32	0.18	0.12	2.58	0.00	-0.88	-0.10	0.44	0.25	0.01	-0.34	0.62	0.33
302M	2.28	-3.94	1.79	0.00	0.00	-0.03	0.00	0.00	-1.26	0.00	-0.01	0.00	0.00	-0.07	0.00	-1.29	0.00	0.00
302L	1.58	-2.22	2.00	0.00	0.00	-0.01	0.02	-0.02	1.21	0.00	0.05	0.00	-0.00	0.68	-0.07	-0.85	0.06	-0.01
302K	0.47	-1.26	5.42	0.00	0.00	-0.69	0.00	0.00	3.45	0.00	0.04	0.00	0.00	0.21	0.00	-0.73	0.00	0.00
302I	1.83	-1.99	-0.43	0.00	0.00	-0.69	0.00	0.00	-2.64	0.00	-0.19	0.00	0.00	-0.25	0.00	-0.92	0.00	0.00
302H	0.71	-1.58	3.08	0.00	0.00	0.00	0.00	0.00	2.15	0.00	-0.02	0.00	0.00	0.50	0.00	-0.54	0.00	0.00
302G	-1.06	2.20	0.72	0.04	-0.00	0.23	-0.00	-0.03	1.79	0.00	0.15	-0.00	0.22	0.58	-0.55	-0.75	0.04	0.01
302F	7.35	-12.64	9.67	0.76	-0.08	-0.54	-0.13	-0.12	-0.87	0.00	1.10	0.04	-1.12	-1.45	-3.71	-2.91	2.81	0.11
302E	-0.11	-0.04	3.08	0.00	0.00	-0.03	0.00	0.00	1.36	0.00	-0.11	0.00	0.00	-0.37	0.00	-1.05	0.00	0.00
302D	-1.10	1.56	4.11	0.00	0.00	0.03	0.00	0.00	2.07	0.00	-1.08	0.00	0.00	-1.85	0.00	0.39	0.00	0.00
302C	-0.12	-0.24	1.71	0.00	-0.00	0.01	0.01	-0.03	1.30	0.00	0.03	0.00	0.01	0.64	-0.04	-0.80	0.10	0.00
306Q	-0.37	0.81	0.64	0.00	0.00	-0.00	0.00	0.00	0.83	0.00	0.00	0.00	0.00	-0.00	0.00	-0.25	0.00	0.00
417T	-1.43	-0.44	2.20	-0.00	-0.00	0.79	0.00	-0.00	-0.67	0.00	0.29	0.00	0.00	-0.06	-0.03	-2.00	0.01	-0.00
417V	-1.32	-1.12	1.34	0.00	0.00	0.78	0.00	0.00	-1.02	0.00	0.29	0.00	0.00	0.75	0.00	-1.75	0.00	0.00
417P	-1.48	-0.27	2.11	0.00	0.00	0.79	0.00	0.00	-0.29	0.00	0.30	0.00	0.00	0.18	0.00	-1.91	0.00	0.00
417Q	-0.82	-1.83	2.80	0.00	0.00	0.78	0.00	0.00	-1.27	0.00	0.30	0.00	0.00	-0.15	0.00	-2.34	0.00	0.00
417R	0.53	-0.37	2.62	0.00	0.00	-0.01	0.00	0.00	2.43	0.00	0.04	0.00	0.00	0.42	0.00	-0.80	0.00	0.00
346V	1.37	-0.81	-2.45	0.03	-0.00	0.00	0.01	-0.00	-1.79	0.00	-0.24	0.00	-0.01	0.41	0.05	-0.15	-0.01	-0.00
417Y	-0.53	-2.55	2.02	0.01	0.00	0.76	-0.01	-0.00	-1.39	-0.00	0.32	0.00	0.01	0.24	-0.01	-1.63	-0.03	0.01
417D	-1.67	2.34	1.28	0.01	-0.00	0.76	0.01	-0.01	2.99	0.00	0.32	0.00	-0.01	0.32	0.12	-0.46	-0.03	0.01
417E	-0.78	0.80	4.17	0.13	0.00	0.77	0.06	0.26	2.94	-0.27	0.35	0.00	0.03	1.38	-0.69	-1.82	-1.28	-0.17
417F	-0.43	-1.94	1.81	0.01	0.01	0.04	0.00	0.00	-2.21	0.00	0.27	0.00	0.01	-0.46	0.09	-1.64	0.01	0.01
417G	-1.39	1.16	1.37	0.01	-0.00	0.76	0.01	-0.01	1.78	0.00	0.32	0.00	0.00	0.70	-0.03	-1.14	0.02	0.01
417A	-1.28	0.44	1.78	0.15	-0.00	0.79	-0.00	0.01	0.26	0.01	0.26	0.00	-0.36	0.13	0.28	-1.91	-0.01	-0.00
417C	-1.48	-0.66	1.99	-0.01	0.00	0.78	-0.00	0.01	-0.67	0.00	0.30	0.00	0.01	0.13	-0.01	-1.77	0.05	-0.01
417L	-0.59	-1.43	0.82	0.01	0.00	0.77	0.00	-0.01	-1.73	-0.00	0.29	0.00	0.02	0.15	0.04	-1.82	0.02	-0.00
417M	-0.13	-2.04	1.61	0.01	0.00	0.12	-0.00	0.00	-2.11	0.00	0.46	0.00	0.25	-0.21	-0.31	-1.91	0.03	0.01
417N	-1.56	-0.48	2.73	0.00	0.00	0.79	0.00	0.00	-0.24	0.00	0.30	0.00	0.01	-0.07	0.06	-2.04	0.02	0.00
417H	-0.67	-1.62	3.50	-0.00	0.00	0.02	0.00	0.00	-0.99	-0.00	0.25	0.00	-0.00	-0.71	-0.06	-1.76	0.05	0.01
417I	-0.44	-1.46	0.60	0.00	0.00	0.78	0.00	0.00	-1.98	0.00	0.30	0.00	0.00	0.12	0.00	-1.89	0.00	0.00
417K	-0.21	0.46	0.91	0.01	-0.00	0.76	0.01	-0.01	2.25	0.00	0.38	0.00	0.00	0.41	-0.03	-0.44	0.02	0.01
346Q	1.92	-0.70	1.23	0.00	0.00	-0.67	0.00	0.00	-3.95	0.00	-1.08	0.00	0.00	-2.96	0.00	-1.69	0.00	0.00
346P	0.57	-1.98	0.40	-0.07	0.00	0.00	-0.02	0.00	-0.70	-0.00	-0.05	0.00	0.06	0.45	0.05	-0.15	0.05	-0.01
346Y	2.10	-2.30	-0.99	0.00	0.00	-0.69	0.00	0.00	-6.25	0.00	-2.51	0.00	0.00	-0.91	0.00	-0.96	0.00	0.00
417S	-1.61	3.10	0.98	-0.01	-0.00	0.00	-0.00	-0.00	2.41	0.01	0.20	0.00	0.23	0.38	-0.54	-0.74	0.41	0.00
346F	1.95	-2.04	-2.48	0.00	0.00	-0.67	0.00	0.00	-5.02	0.00	-0.66	0.00	0.00	-0.36	0.00	-0.76	0.00	0.00
346E	0.21	1.71	0.69	-0.00	0.00	0.07	0.01	0.00	-1.18	0.01	-1.28	0.00	0.01	-0.91	0.10	-1.71	-0.09	0.01
346D	1.87	-5.11	6.17	-0.06	0.00	-0.19	0.03	0.01	-2.70	-0.00	-1.27	0.00	-0.10	-2.91	0.50	-1.63	-0.04	0.01
346C	0.66	-1.88	-0.92	0.00	0.00	0.02	0.00	0.00	-1.46	0.00	-0.22	0.00	0.00	1.29	0.00	-0.41	0.00	0.00
401Y	1.00	-5.82	3.52	0.00	0.00	-0.03	0.00	0.00	-3.25	0.00	-1.17	0.00	0.00	-0.86	0.00	0.11	0.00	0.00
346R	2.07	-2.58	0.24	0.00	0.00	-0.02	0.00	0.00	-0.25	0.00	0.22	0.00	0.00	0.10	0.00	-0.27	0.00	0.00
346A	0.57	-1.55	-0.88	-0.06	0.01	-0.20	0.04	0.02	-1.94	0.02	-0.26	0.00	-0.07	-0.01	0.47	-0.09	0.03	0.02
401S	0.23	-0.24	1.16	0.00	0.00	0.01	0.00	0.00	1.29	0.00	0.15	0.00	0.00	-0.18	0.00	0.16	0.00	0.00
401R	1.52	-6.17	7.95	0.29	-0.00	-0.02	0.01	-0.01	-0.61	0.03	-1.87	0.00	-0.34	-3.33	0.95	0.26	0.13	-0.01
401Q	0.74	-2.08	2.04	0.00	0.00	-0.04	0.00	0.00	-0.42	0.00	0.06	0.00	0.00	-1.12	0.00	-0.02	0.00	0.00
401P	0.08	-0.66	1.17	0.02	-0.00	-0.00	-0.00	0.01	0.73	-0.01	0.01	0.00	-0.00	0.03	0.01	0.06	0.01	0.02
401W	3.19	-8.29	1.45	0.00	0.00	0.03	-0.00	0.00	-4.60	0.00	0.20	0.00	-0.00	-1.65	-0.00	0.52	-0.04	0.00
401T	0.07	0.84	1.10	-0.00	0.00	-0.02	0.01	0.00	1.95	0.00	0.04	0.00	0.05	-0.11	0.01	-0.04	-0.01	0.00
401K	0.54	1.09	1.43	0.00	0.00	-0.75	0.00	0.00	1.79	0.00	-0.02	0.00	0.00	-0.68	0.00	0.19	0.00	0.00
401I	0.73	-1.51	0.22	0.00	0.00	0.01	0.00	0.00	-0.50	0.00	0.08	0.00	0.00	0.01	0.00	-0.04	0.00	0.00
401H	0.43	-3.00	1.83	0.00	0.00	-0.02	0.00	0.00	-0.40	0.00	-0.03	0.00	0.00	-0.05	0.00	0.43	0.00	0.00
401N	0.71	-1.43	1.09	0.01	-0.00	-0.01	0.00	0.00	0.11	0.00	0.07	0.00	-0.01	-0.35	0.14	-0.12	-0.02	0.02
401M	1.91	-4.33	-0.21	0.00	0.00	0.01	0.00	0.00	-2.44	0.00	0.05	0.00	0.00	-0.21	0.00	0.36	0.00	0.00
401L	0.62	-0.06	0.71	0.06	-0.00	0.01	0.02	-0.01	1.52	-0.01	0.31	0.00	-0.03	-0.27	0.14	-0.02	0.05	-0.01
401C	0.97	-0.21	-0.19	0.00	0.00	-0.02	-0.01	0.00	0.11	-0.00	0.11	0.00	-0.01	-0.40	-0.03	-0.09	-0.00	0.00
401A	0.03	1.32	0.54	0.00	0.00	-0.01	0.00	0.00	1.94	0.00	0.02	0.00	0.00	-0.07	0.02	0.08	-0.01	0.00
401G	0.89	-0.11	0.87	-0.02	0.00	-0.72	-0.01	0.00	0.69	-0.00	-0.01	0.00	-0.26	-0.69	0.30	0.46	0.01	0.00
401F	1.08	-4.57	0.87	0.01	0.00	0.02	0.00	-0.00	-2.51	0.01	0.06	0.00	0.00	-0.28	0.09	0.18	0.02	0.00
401E	0.27	-0.67	3.49	0.00	0.00	0.01	0.00	0.00	1.73	0.00	0.36	0.00	0.00	-1.15	0.00	-0.59	0.00	0.00
401D	0.39	-0.53	2.89	0.00	0.00	0.01	0.00	0.00	1.67	0.00	0.10	0.00	0.00	-1.23	0.00	0.04	0.00	0.00
305N	-0.52	1.50	1.42	0.01	-0.01	0.03	0.02	-0.03	2.41	0.00	-0.04	-0.01	0.01	0.03	-0.05	0.00	0.03	0.01
305L	-0.15	0.52	-0.16	-0.00	-0.00	0.00	-0.02	-0.03	0.07	0.00	-0.05	-0.00	-0.00	-0.02	-0.07	-0.02	0.07	0.01
346L	1.25	-0.63	-4.30	0.08	-0.00	-0.64	0.04	-0.01	-4.51	-0.04	-0.42	0.00	-0.32	0.23	1.04	-0.99	0.21	-0.01
305K	0.21	0.55	1.21	0.00	0.00	-0.00	0.00	0.00	1.58	0.00	-0.01	0.00	0.00	-0.36	0.00	0.01	0.00	0.00
305H	-0.22	0.54	1.11	0.00	0.00	0.02	0.00	0.00	1.06	0.00	0.05	0.00	0.00	-0.25	0.00	-0.19	0.00	0.00
305I	0.93	-0.56	-1.25	0.00	0.00	-0.74	0.00	0.00	-2.59	0.00	0.03	0.00	0.00	-1.18	0.00	0.18	0.00	0.00
305G	-0.75	3.79	0.34	0.00	0.00	0.01	0.00	0.00	3.26	0.00	-0.08	0.00	0.00	-0.06	0.00	0.01	0.00	0.00
305D	-0.24	1.29	2.25	0.00	-0.00	-0.01	-0.01	-0.00	2.90	0.00	0.01	0.00	-0.00	-0.53	-0.02	0.16	0.01	-0.01
305E	-0.53	3.49	-1.41	0.05	-0.00	-0.23	0.17	0.03	2.09	0.00	-0.54	0.04	0.07	2.25	0.18	-0.72	-0.75	-0.01
305C	-0.10	1.72	-0.63	0.00	0.00	-0.00	0.00	0.00	1.09	0.00	-0.07	0.00	0.00	0.00	0.00	0.17	0.00	0.00
305A	0.16	1.97	-1.07	0.00	0.00	0.01	0.00	0.00	0.72	0.00	0.07	0.00	0.00	-0.49	0.00	0.07	0.00	0.00
305Y	0.66	-0.73	-0.76	0.00	0.00	-0.01	0.00	0.00	-1.43	0.00	0.09	0.00	0.00	-0.65	0.00	-0.04	0.00	0.00
305V	0.29	1.29	-0.90	0.00	0.00	0.00	0.00	0.00	0.08	0.00	0.11	0.00	0.00	-0.64	0.00	-0.07	0.00	0.00
305W	0.98	-0.11	1.10	0.00	0.00	-0.76	0.00	0.00	-0.03	0.00	-0.03	0.00	0.00	-1.07	0.00	-0.15	0.00	0.00
305T	0.35	1.14	0.05	0.00	0.00	0.00	0.00	0.00	1.04	0.00	0.24	0.00	0.00	-0.93	0.00	0.19	0.00	0.00
305R	-0.06	1.20	0.68	0.00	0.00	-0.01	0.00	0.00	1.57	0.00	-0.04	0.00	0.00	-0.25	0.00	0.05	0.00	0.00
305S	0.06	2.23	0.78	0.00	0.00	0.01	0.00	0.00	2.58	0.00	0.09	0.00	0.00	-0.55	0.00	-0.04	0.00	0.00
305P	0.18	1.09	0.49	0.00	0.00	0.00	0.00	0.00	1.41	0.00	0.07	0.00	0.00	-0.46	0.00	0.04	0.00	0.00
305Q	0.14	0.59	1.08	0.00	0.00	-0.01	0.00	0.00	1.38	0.00	0.03	0.00	0.00	-0.40	0.00	-0.05	0.00	0.00
305M	0.32	0.58	0.66	0.00	0.00	-0.00	0.00	0.00	1.28	0.00	0.00	0.00	0.00	-0.40	0.00	0.13	0.00	0.00
346T	0.79	-1.21	0.15	0.00	0.00	-0.68	0.00	0.00	-1.54	0.00	-0.18	0.00	0.00	-0.26	0.00	-0.16	0.00	0.00
306C	-0.70	1.64	-0.80	0.00	0.00	-0.01	0.00	0.00	0.18	0.00	0.03	0.00	0.00	-0.02	0.00	0.04	0.00	0.00
306A	-1.05	2.93	-1.24	0.01	0.00	0.01	0.01	0.00	0.74	0.00	0.02	0.00	0.02	-0.10	0.02	0.02	0.07	0.01
306G	-0.79	3.00	-0.90	0.00	0.00	-0.00	0.00	0.00	1.30	0.00	0.03	-0.00	-0.00	-0.05	-0.01	0.03	0.00	-0.00
306F	0.39	0.36	-1.14	0.00	0.00	-0.01	0.00	0.00	-0.83	0.00	0.05	0.00	0.00	-0.56	0.00	0.08	0.00	0.00
306E	-0.59	1.58	0.87	0.00	0.00	-0.01	0.00	0.00	1.35	0.00	-0.03	0.00	0.00	-0.17	0.00	-0.30	0.00	0.00
306D	-0.15	1.74	1.73	0.00	0.00	-0.73	0.00	0.00	1.91	0.00	-0.03	-0.00	-0.00	-0.89	-0.01	0.25	0.00	-0.00
306K	0.40	0.81	0.96	0.00	-0.00	-0.01	-0.01	-0.01	1.29	0.00	0.08	-0.00	-0.00	-0.35	-0.05	-0.50	-0.03	-0.00
306I	0.35	0.68	-1.07	0.09	0.00	0.01	-0.01	-0.00	-0.47	0.00	0.09	-0.01	-0.01	-0.64	0.01	-0.00	0.04	0.01
306H	-0.07	0.76	0.67	0.00	0.00	-0.01	0.00	0.00	1.08	0.00	-0.04	0.00	0.00	0.03	0.00	-0.28	0.00	0.00
306N	-0.55	1.62	0.22	0.00	0.00	-0.01	0.00	0.00	1.24	0.00	-0.03	0.00	0.00	0.01	0.00	-0.03	0.00	0.00
306M	1.09	-0.31	-0.66	0.00	0.00	0.01	0.00	0.00	-0.12	0.00	0.21	0.00	0.00	-0.75	0.00	0.30	0.00	0.00
306L	0.31	1.15	-0.98	0.00	0.00	-0.01	0.00	0.00	-0.19	0.00	0.14	0.00	0.00	-0.59	0.00	-0.22	0.00	0.00
306S	-0.72	1.99	0.06	0.00	0.00	-0.02	0.00	-0.01	1.34	0.00	0.04	0.00	-0.02	-0.01	-0.08	0.07	0.02	0.00
306R	0.13	-0.64	1.58	0.00	0.00	-0.00	0.00	0.00	0.88	0.00	-0.01	0.00	0.00	0.36	0.00	-0.53	0.00	0.00
346S	0.39	-1.91	2.14	0.32	0.01	-0.76	-0.05	-0.04	-0.35	0.11	-0.14	0.00	-0.12	-0.48	0.24	-0.07	0.03	0.00
306P	-0.10	2.39	-1.82	-0.01	0.00	-0.02	-0.06	0.00	-0.52	0.00	0.19	0.07	0.03	-0.81	-0.20	0.23	-0.65	0.25
306W	0.60	-1.32	-0.09	0.00	-0.00	-0.01	-0.01	0.01	-1.70	0.00	0.12	-0.02	0.00	-0.62	0.03	-0.34	-0.05	-0.01
306V	-0.68	1.56	-0.95	0.00	0.00	-0.00	0.00	0.00	0.09	0.00	0.07	0.00	0.00	0.07	0.00	0.03	0.00	0.00
306T	-0.58	1.69	-0.83	0.00	0.00	-0.01	0.00	0.00	0.32	0.00	0.04	0.00	0.00	0.02	0.00	-0.01	0.00	0.00
