384A	-0.15	2.11	1.47	0.00	0.00	-0.01	0.00	0.00	3.95	0.00	0.04	0.00	0.00	0.31	0.00	0.19	0.00	0.00
384C	-0.36	2.53	0.28	0.00	0.00	-0.00	0.00	0.00	2.77	0.00	0.02	0.00	0.00	0.09	0.00	0.20	0.00	0.00
384E	-0.25	1.25	2.76	0.00	0.00	-0.01	0.00	0.00	3.46	0.00	0.11	0.00	0.00	-0.21	0.00	-0.19	0.00	0.00
384D	-0.18	1.92	2.50	0.00	0.00	-0.01	0.00	0.00	2.96	0.00	0.05	0.00	0.00	-1.02	0.00	-0.29	0.00	0.00
384G	-0.17	2.17	1.57	0.00	0.00	-0.01	0.00	0.00	4.11	0.00	0.04	0.00	0.00	0.31	0.00	0.19	0.00	0.00
384I	0.13	1.74	-0.37	0.00	-0.00	-0.00	0.01	-0.00	1.94	0.00	0.02	-0.00	-0.00	0.18	-0.00	0.23	0.01	0.01
384H	-0.16	-0.29	3.12	0.00	0.00	0.00	0.00	0.00	2.04	0.00	0.02	0.00	0.00	-0.47	0.00	-0.19	0.00	0.00
384K	-0.20	0.30	3.69	0.00	0.00	0.00	0.00	0.00	3.46	0.00	0.03	0.00	0.00	0.19	0.00	-0.55	0.00	0.00
384M	-1.04	1.68	-0.41	-0.02	-0.00	0.04	-0.07	0.04	-0.40	0.00	-0.06	-0.05	0.04	0.01	-0.66	-0.31	0.46	-0.06
384L	0.76	1.01	-0.97	-0.02	0.00	0.00	0.00	0.01	0.55	0.00	-0.01	-0.01	0.07	-0.05	-0.00	-0.16	-0.12	0.04
384N	-0.51	2.56	0.97	0.00	0.00	0.01	0.00	0.00	2.67	0.00	0.03	0.00	0.00	-0.10	0.00	-0.30	0.00	0.00
384Q	-0.25	1.00	2.34	0.00	0.00	-0.01	0.00	0.00	3.16	0.00	0.03	0.00	0.00	0.25	0.00	-0.21	0.00	0.00
384P	-0.16	1.92	1.75	0.00	0.00	-0.01	0.00	0.00	4.08	0.00	0.05	0.00	0.00	0.35	0.00	0.18	0.00	0.00
384S	-0.46	3.00	0.51	0.00	0.00	-0.01	0.00	0.00	3.44	0.00	0.04	0.00	0.00	0.14	0.00	0.21	0.00	0.00
384R	-0.32	-0.10	3.03	0.00	0.00	0.01	0.00	0.00	1.55	0.00	0.10	0.00	0.00	-0.69	0.00	-0.50	0.00	0.00
384T	-0.38	2.72	0.29	0.00	0.00	-0.00	0.00	0.00	2.89	0.00	0.02	0.00	0.00	0.07	0.00	0.18	0.00	0.00
384W	0.35	-3.52	2.36	0.00	0.00	-0.02	0.00	0.00	-1.42	0.00	0.20	0.00	0.00	-0.89	0.00	0.10	0.00	0.00
384V	-0.41	2.75	0.08	0.00	0.00	-0.01	0.00	0.00	2.75	0.00	0.02	0.00	0.00	0.12	0.00	0.21	0.00	0.00
384Y	0.25	-1.79	3.39	-0.00	0.00	-0.01	-0.00	-0.00	0.91	0.00	0.08	0.00	0.00	-0.44	0.01	-0.57	-0.01	0.00
348Y	4.75	-2.66	-0.33	0.00	0.00	-0.03	0.00	0.00	1.92	0.00	0.18	0.00	0.00	-0.05	0.00	0.06	0.00	0.00
348Q	0.87	-2.87	1.90	0.00	0.00	-0.00	0.00	0.00	0.07	0.00	0.17	0.00	0.00	-0.07	0.00	0.08	0.00	0.00
348P	1.79	-1.87	0.45	0.00	0.00	-0.01	0.00	0.00	0.74	0.00	0.17	0.00	0.00	-0.15	0.00	0.36	0.00	0.00
348S	0.46	-1.35	2.38	0.00	0.00	-0.01	0.00	0.00	1.96	0.00	0.16	0.00	0.00	0.16	0.00	0.16	0.00	0.00
348R	2.14	-2.05	2.87	0.00	0.00	-0.02	0.00	0.00	3.43	0.00	0.14	0.00	0.00	0.22	0.00	0.12	0.00	0.00
348T	1.41	-2.44	0.87	0.00	0.00	-0.00	0.00	0.00	-0.03	0.00	0.18	0.00	0.00	-0.17	0.00	0.13	0.00	0.00
348W	1.91	-3.39	1.38	0.00	0.00	-0.01	0.00	0.00	0.27	0.00	0.17	0.00	0.00	-0.11	0.00	0.32	0.00	0.00
348V	1.10	-2.17	-0.16	0.00	0.00	-0.02	0.00	0.00	-0.91	0.00	0.16	0.00	0.00	-0.12	0.00	0.30	0.00	0.00
348I	1.94	-4.40	0.98	0.00	0.00	-0.00	0.00	0.00	-1.63	0.00	0.07	0.00	0.00	-0.23	0.00	0.03	0.00	0.00
348H	1.82	-2.18	2.87	0.00	0.00	-0.02	0.00	0.00	2.40	0.00	0.13	0.00	0.00	-0.16	0.00	-0.06	0.00	0.00
348K	1.17	-0.45	2.54	0.00	0.02	0.00	0.01	-0.01	4.62	0.00	0.17	0.00	0.00	0.58	0.06	0.52	0.02	-0.01
348M	0.56	-2.40	1.56	-0.05	0.00	0.01	-0.00	-0.04	-0.54	0.00	0.24	0.00	-0.02	-0.37	-0.37	0.31	0.03	-0.01
348L	1.47	-2.45	0.18	0.00	0.00	-0.01	0.00	0.00	-0.47	0.00	0.19	0.00	0.00	-0.12	0.00	0.27	0.00	0.00
348N	0.22	-1.70	1.98	-0.05	0.00	-0.01	0.00	-0.03	-0.47	-0.01	0.09	0.00	-0.03	-0.14	-0.37	-0.42	0.01	-0.00
348A	0.87	-1.46	0.44	0.00	0.00	0.00	0.00	0.00	-0.04	0.00	0.05	0.00	0.00	0.07	0.00	-0.02	0.00	0.00
348C	0.85	-2.98	1.15	0.00	0.00	0.00	0.00	0.00	-0.64	0.00	0.21	0.00	0.00	-0.08	0.00	0.21	0.00	0.00
348E	0.32	-2.14	4.78	-0.05	0.00	0.02	0.02	-0.04	1.82	-0.01	0.19	0.00	-0.03	-0.69	-0.17	-0.39	0.02	-0.01
348D	0.63	-1.41	1.11	0.00	0.00	-0.02	0.00	0.00	0.75	0.00	0.18	0.00	0.00	-0.15	0.00	0.40	0.00	0.00
348F	4.38	-2.44	-0.91	0.00	0.00	-0.03	0.00	0.00	1.21	0.00	0.18	0.00	0.00	-0.01	0.00	0.04	0.00	0.00
346W	4.83	-6.26	1.76	0.00	0.00	-0.00	0.00	0.00	-0.07	0.00	0.17	0.00	0.00	-1.38	0.00	0.80	0.00	0.00
309C	-0.65	0.77	-0.37	0.00	-0.00	0.01	0.01	0.00	-0.11	0.00	-0.01	0.01	0.01	0.02	0.06	0.04	-0.01	-0.01
309A	-1.13	1.55	-0.90	0.04	-0.00	0.16	0.00	0.01	-0.05	0.00	0.25	-0.02	0.03	0.54	-0.36	-0.09	-0.12	-0.02
309F	-0.06	-0.78	1.52	0.00	0.00	0.03	0.01	0.00	1.06	0.00	-0.09	0.00	-0.00	0.16	0.07	0.19	0.01	-0.00
309G	-0.72	1.39	1.64	0.00	0.00	0.03	0.00	0.00	2.57	0.00	-0.11	0.00	0.00	0.12	0.00	0.23	0.00	0.00
309D	-0.60	0.19	2.22	0.00	0.00	0.00	0.00	0.00	1.92	0.00	-0.02	0.00	0.00	0.02	0.00	0.10	0.00	0.00
309E	-0.66	-0.52	3.17	0.00	0.00	0.03	0.00	0.00	1.87	0.00	-0.07	0.00	0.00	-0.10	0.00	0.02	0.00	0.00
309K	-0.02	-1.00	4.30	0.00	0.00	0.03	0.00	0.00	3.84	0.00	0.04	0.00	0.00	0.33	0.00	0.17	0.00	0.00
309H	-0.31	-0.83	2.31	0.00	0.00	0.03	0.00	0.00	1.57	0.00	-0.07	0.00	0.00	0.10	0.00	0.34	0.00	0.00
309I	-1.01	1.38	0.45	-0.02	0.00	0.18	0.02	-0.02	0.32	0.00	0.28	-0.08	0.00	0.04	-0.61	-0.21	-0.07	-0.00
309N	-0.91	0.95	2.11	-0.08	0.00	0.04	0.01	0.01	2.31	0.00	-0.15	-0.02	0.04	0.16	0.09	0.04	0.02	-0.01
309L	-0.82	0.62	0.93	-0.03	0.00	0.05	0.01	-0.01	1.23	0.00	-0.12	-0.01	0.02	0.15	0.13	0.24	0.06	-0.01
309R	0.40	-2.61	4.00	0.00	0.00	0.00	0.00	0.00	2.35	0.00	0.09	0.00	0.00	0.40	0.00	0.07	0.00	0.00
309S	-0.73	1.21	1.81	0.00	0.00	0.01	0.00	0.00	2.59	0.00	-0.03	0.00	0.00	0.17	0.00	0.15	0.00	0.00
309P	-0.93	0.88	-0.12	0.02	0.00	0.01	0.02	-0.01	-0.15	0.00	-0.01	-0.01	-0.03	-0.09	-0.01	0.08	0.05	-0.01
309Q	-0.46	0.76	0.60	0.01	-0.00	0.02	0.00	0.01	1.02	0.00	-0.01	-0.01	0.04	0.02	0.06	-0.06	0.02	0.01
309V	-0.71	1.15	-0.41	-0.00	0.00	0.01	0.00	-0.01	0.11	0.00	0.02	0.00	0.03	-0.05	-0.01	0.02	0.05	0.01
309W	1.26	-1.76	2.28	0.30	-0.00	0.02	-0.01	-0.02	1.91	0.00	-0.10	0.00	0.00	0.14	-0.37	0.15	0.01	-0.00
309T	-0.65	0.94	0.47	0.00	0.00	-0.00	0.00	0.00	0.92	0.00	0.01	0.00	0.00	0.03	0.00	0.10	0.00	0.00
346N	1.43	-2.24	5.11	-0.03	0.00	-0.01	-0.02	-0.01	0.84	-0.01	-0.02	0.00	0.12	-4.10	0.19	-0.10	0.53	-0.00
346M	2.83	-4.18	0.46	0.00	0.00	0.00	0.00	0.00	-1.11	0.00	-0.00	0.00	0.00	0.03	0.00	-0.24	0.00	0.00
309Y	-0.50	-0.57	2.10	-0.03	0.00	0.20	0.02	-0.02	0.69	0.00	0.17	-0.07	-0.01	0.23	-0.59	-0.11	-0.11	-0.00
346K	4.34	-4.86	5.82	0.00	0.00	0.01	0.00	0.00	4.17	0.00	0.20	0.00	0.00	-1.58	0.00	0.24	0.00	0.00
346I	1.03	-3.03	-1.41	0.00	-0.00	-0.01	0.04	-0.00	-3.60	-0.01	0.10	0.00	0.01	-0.08	-0.11	-0.11	0.00	0.00
346H	1.64	-3.96	3.00	0.00	0.00	0.00	0.00	0.00	-1.34	0.00	-1.31	0.00	0.00	-1.54	0.00	0.83	0.00	0.00
302Y	4.00	-9.40	4.39	0.00	0.00	-0.03	0.00	0.00	-1.62	0.00	0.26	0.00	0.00	-0.13	0.00	-0.69	0.00	0.00
302W	2.94	-10.04	4.53	-0.05	-0.01	-0.02	0.00	-0.00	-4.37	0.00	0.12	-0.00	-0.02	0.00	-0.69	-0.97	-0.13	-0.01
302V	0.19	-2.65	0.77	-0.07	-0.01	0.00	-0.02	0.01	-3.18	0.00	0.02	-0.00	-0.03	-0.24	-0.56	-0.31	-0.27	-0.01
302T	-0.01	-2.00	3.20	-0.07	-0.01	0.01	-0.02	0.01	-0.43	0.00	0.02	-0.00	-0.03	-0.35	-0.56	-0.34	-0.27	-0.01
302S	0.25	-0.64	2.56	0.00	0.00	-0.03	0.00	0.00	1.10	0.00	0.02	0.00	0.00	-0.50	0.00	-0.57	0.00	0.00
302R	-0.12	-4.28	3.85	0.00	0.00	-0.03	0.00	0.00	-1.14	0.00	0.24	0.00	0.00	-0.28	0.00	-0.51	0.00	0.00
302Q	0.02	-2.98	3.76	0.01	-0.00	-0.00	0.00	0.00	0.64	0.00	0.07	0.00	-0.01	0.14	0.06	-0.37	-0.05	-0.01
302P	0.55	-3.19	1.62	-0.07	-0.01	0.01	-0.02	0.01	-2.37	0.00	0.06	-0.00	-0.03	-0.42	-0.56	-0.04	-0.27	-0.01
302N	0.31	-5.29	7.01	0.00	0.00	-0.02	0.00	0.00	0.80	0.00	-0.74	0.00	0.00	-0.43	0.00	-0.05	0.00	0.00
302M	-0.38	-1.53	2.59	-0.07	-0.01	-0.01	-0.02	0.01	-0.80	0.00	0.21	-0.00	-0.03	-0.65	-0.56	-0.07	-0.27	-0.01
302L	0.26	-3.56	0.88	-0.07	-0.01	0.01	-0.02	0.01	-4.71	0.00	0.16	-0.00	-0.03	-0.56	-0.56	-0.96	-0.27	-0.01
302K	0.31	-3.10	2.31	0.32	0.00	-0.05	0.22	0.01	-0.19	0.00	0.01	0.30	0.23	0.29	-0.58	-0.85	0.67	-0.27
302I	1.62	-4.78	-0.34	-0.01	0.00	0.01	0.01	0.00	-3.49	0.00	-0.01	0.00	0.01	0.27	0.06	-0.26	-0.05	-0.00
302H	2.11	-7.64	7.98	0.00	0.00	-0.01	0.00	0.00	2.54	0.00	0.18	0.00	0.00	-0.12	0.00	0.04	0.00	0.00
302G	0.05	0.65	0.78	0.00	0.00	-0.01	0.00	0.00	1.35	0.00	0.00	0.00	0.00	-0.07	0.00	-0.04	0.00	0.00
302F	0.35	-4.69	1.13	-0.07	0.01	-0.02	0.00	0.01	-3.71	0.00	0.12	0.01	0.01	-0.18	0.07	-0.43	-0.01	-0.01
302E	-0.17	-1.41	2.60	0.00	0.00	-0.01	0.00	0.00	0.58	0.00	0.15	0.00	0.00	-0.39	0.00	-0.18	0.00	0.00
302D	0.02	-1.41	2.21	0.05	0.01	0.01	0.00	0.03	1.62	0.00	0.05	0.01	0.04	0.14	0.54	-0.20	0.14	-0.01
302C	-0.15	-3.50	2.81	-0.06	-0.01	-0.00	-0.01	-0.21	-1.60	0.00	0.03	0.29	-0.01	0.45	-0.88	-0.39	0.06	-0.01
306Q	-0.96	-0.78	3.06	-0.28	0.01	-0.15	-0.04	0.01	0.77	0.00	-0.22	-0.03	-0.12	-0.18	0.73	-0.25	-0.06	0.01
417T	-1.12	1.48	2.90	0.00	0.00	0.02	0.00	0.00	3.23	0.00	0.01	0.00	0.00	0.27	0.00	-0.34	0.00	0.00
417V	-0.41	1.40	1.77	0.00	0.00	0.02	0.00	0.00	2.98	0.00	-0.06	0.00	0.00	0.24	0.00	0.03	0.00	0.00
417P	-1.05	1.61	2.74	0.00	0.00	0.03	0.00	0.00	3.49	0.00	-0.01	0.00	0.00	0.30	0.00	-0.13	0.00	0.00
417Q	-1.08	0.61	3.87	0.00	0.00	0.02	0.00	0.00	3.13	0.00	-0.05	0.00	0.00	0.17	0.00	-0.41	0.00	0.00
417R	0.01	-0.68	3.67	0.00	0.00	0.00	0.00	0.00	3.84	0.00	0.12	0.00	0.00	0.89	0.00	-0.16	0.00	0.00
346V	0.32	-1.87	-1.25	0.01	-0.01	-0.01	-0.00	-0.01	-2.87	0.00	0.09	0.00	0.01	-0.16	0.05	-0.10	0.04	-0.00
417Y	-0.73	-0.42	2.14	-0.00	0.00	0.03	-0.00	0.00	1.08	0.00	-0.04	0.00	0.00	0.24	0.06	-0.17	-0.02	-0.01
417D	-1.02	1.32	4.25	0.00	0.00	0.02	0.00	0.00	3.98	0.00	-0.02	0.00	0.00	-0.11	0.00	-0.48	0.00	0.00
417E	-0.90	0.58	4.93	0.00	0.00	0.02	0.00	0.00	4.08	0.00	-0.06	0.00	0.00	-0.08	0.00	-0.42	0.00	0.00
417F	-0.66	-0.41	1.99	-0.00	-0.00	0.04	-0.00	-0.01	1.07	-0.01	-0.04	0.00	0.01	0.25	0.08	-0.12	-0.04	0.00
417G	-1.25	3.03	2.38	0.00	0.00	0.02	0.00	0.00	4.27	0.00	-0.01	0.00	0.00	0.21	0.00	-0.12	0.00	0.00
417A	-1.16	2.37	2.16	0.00	0.00	0.02	0.00	0.00	3.45	0.00	0.01	0.00	0.00	0.20	0.00	-0.15	0.00	0.00
417C	-1.09	2.49	2.24	0.00	0.00	0.02	0.00	0.00	3.96	0.00	-0.04	0.00	0.00	0.20	0.00	0.15	0.00	0.00
417L	-1.27	1.34	2.67	-0.03	0.00	0.01	-0.00	0.01	2.05	0.00	0.03	0.00	-0.07	-0.21	-0.31	-0.17	0.06	0.00
417M	-0.78	-0.22	2.37	0.00	0.00	0.02	0.00	0.00	1.51	0.00	-0.06	0.00	0.00	0.23	0.00	-0.06	0.00	0.00
417N	-1.17	1.47	3.23	0.00	0.00	0.02	0.00	0.00	3.30	0.00	0.02	0.00	0.00	0.03	0.00	-0.30	0.00	0.00
417H	-0.83	0.73	3.20	0.00	0.00	0.02	0.00	0.00	2.98	0.00	-0.03	0.00	0.00	0.19	0.00	-0.28	0.00	0.00
417I	-0.58	-0.31	2.26	0.00	0.00	0.02	0.00	0.00	1.47	0.00	0.05	0.00	0.00	0.27	0.00	-0.24	0.00	0.00
417K	-0.64	0.57	2.60	0.00	0.00	0.00	0.00	0.00	3.30	0.00	0.11	0.00	0.00	0.63	0.00	0.03	0.00	0.00
346Q	2.49	-4.05	2.81	0.00	0.00	-0.02	0.00	0.00	-0.63	0.00	0.02	0.00	0.00	-0.62	0.00	-1.25	0.00	0.00
346P	-0.01	-1.94	0.94	-0.02	-0.00	-0.25	0.01	-0.01	-1.47	0.01	-0.03	0.00	-0.07	-0.80	0.47	0.02	0.21	-0.01
346Y	2.65	-6.20	2.35	0.00	0.00	0.07	0.00	0.00	-2.94	0.00	-1.63	0.00	0.00	-0.58	0.00	0.40	0.00	0.00
417S	-1.55	2.76	3.85	-0.03	0.00	-0.01	0.00	0.01	4.07	-0.00	0.07	0.00	-0.06	-0.14	-0.48	-0.40	0.04	0.00
346F	2.07	-5.86	0.68	0.00	0.00	0.08	0.00	0.00	-3.03	0.00	-0.12	0.00	0.00	-0.17	0.00	0.30	0.00	0.00
346E	1.18	-3.46	3.53	-0.01	-0.01	0.04	-0.11	0.03	-0.70	0.02	0.00	0.00	-0.00	-1.14	-0.12	-0.60	-0.11	0.04
346D	0.29	-0.71	1.65	0.00	0.00	0.01	0.00	0.00	-0.60	0.00	0.00	0.00	0.00	-1.21	0.00	-0.63	0.00	0.00
346C	-0.27	-1.61	-0.27	0.01	0.00	0.01	0.02	0.01	-2.10	-0.02	0.04	0.00	-0.04	-0.17	0.15	-0.11	0.12	0.00
401Y	0.13	-5.50	5.63	-0.08	0.00	-0.05	0.02	-0.01	-1.50	-0.01	0.36	0.00	0.07	-0.93	-0.57	-0.46	-0.10	0.01
346R	3.83	-7.89	7.03	0.00	0.00	0.01	0.00	0.00	1.74	0.00	0.11	0.00	0.00	-1.13	0.00	-0.22	0.00	0.00
346A	0.58	-0.69	-1.46	0.00	0.00	-0.01	0.00	0.00	-1.26	0.00	0.10	0.00	0.00	0.11	0.00	0.11	0.00	0.00
401S	-0.44	0.13	2.05	-0.02	0.00	-0.02	-0.01	0.00	1.82	-0.01	0.47	0.00	-0.04	-0.25	0.07	-0.08	-0.01	0.00
401R	-0.20	-0.16	1.05	-0.01	-0.00	-0.02	0.03	0.00	0.80	-0.00	0.39	0.00	0.01	-0.21	-0.04	-0.03	0.01	0.00
401Q	-1.26	1.04	1.84	-0.08	0.00	-0.01	0.01	-0.01	1.00	-0.00	0.17	0.00	0.02	-0.19	-0.45	-0.02	-0.08	0.01
401P	-0.57	-1.43	2.39	-0.01	-0.00	-0.00	0.03	0.00	0.63	-0.00	0.12	0.00	0.01	0.24	-0.04	-0.12	0.01	0.00
401W	1.58	-6.63	2.79	-0.08	-0.00	-0.04	0.03	-0.01	-3.14	-0.01	0.49	0.00	0.01	-0.33	-0.44	-0.37	-0.12	0.01
401T	0.24	-1.17	0.91	-0.01	-0.00	-0.02	0.03	-0.00	-0.02	0.01	0.36	0.00	-0.00	-0.15	-0.04	-0.21	0.02	0.00
401K	-0.41	-0.51	2.75	-0.09	0.00	-0.01	-0.01	-0.01	0.79	-0.02	0.37	0.00	0.15	-0.64	-0.51	-0.12	-0.16	0.01
401I	-0.03	-1.31	0.37	-0.01	-0.00	0.00	0.03	0.00	-0.81	-0.00	0.09	0.00	0.01	0.12	-0.04	-0.05	0.01	0.00
401H	0.02	-3.44	3.03	-0.04	-0.00	-0.04	0.04	0.01	-0.37	0.01	0.41	0.00	0.03	-0.29	0.12	-0.23	0.00	0.01
401N	-1.36	1.29	1.71	-0.08	-0.00	0.00	0.03	-0.01	0.87	-0.01	0.16	0.00	0.01	-0.22	-0.48	-0.04	-0.14	0.01
401M	0.60	-3.63	0.64	-0.01	0.00	-0.03	0.01	0.00	-2.39	-0.00	0.42	0.00	-0.03	-0.18	0.10	-0.32	0.03	0.00
401L	-0.62	-1.37	1.30	-0.08	-0.00	-0.00	0.03	-0.01	-1.47	-0.01	0.17	0.00	0.01	-0.17	-0.44	-0.16	-0.12	0.01
401C	-0.73	-0.95	3.16	-0.07	0.00	0.00	-0.01	-0.01	0.26	-0.01	-0.06	0.00	0.06	-0.37	-0.51	-0.11	-0.13	0.00
401A	-0.77	-0.36	3.08	-0.08	-0.00	-0.02	0.02	-0.01	1.29	0.00	0.46	0.00	0.07	-0.55	-0.22	-0.21	-0.13	0.01
401G	-0.56	-0.02	2.69	-0.08	0.00	-0.02	0.02	-0.01	1.51	-0.01	0.34	0.00	0.07	-0.51	-0.57	0.27	-0.10	0.01
401F	0.01	-4.60	2.72	-0.08	-0.00	-0.04	0.03	-0.01	-3.03	-0.01	0.43	0.00	0.01	-0.67	-0.48	-0.22	-0.14	0.01
401E	0.30	-0.60	2.82	-0.08	-0.00	-0.02	0.03	-0.01	1.55	-0.01	0.32	0.00	0.01	-0.60	-0.48	0.01	-0.14	0.01
401D	-0.62	-0.40	3.12	-0.08	-0.00	-0.04	0.03	-0.01	0.84	-0.01	0.38	0.00	0.01	-0.68	-0.44	-0.30	-0.12	0.01
305N	-0.74	1.51	2.00	-0.03	-0.00	0.01	0.01	-0.00	1.90	0.00	-0.01	0.01	0.00	-0.31	-0.38	-0.14	-0.03	0.00
305L	-0.42	0.77	0.15	0.00	0.00	0.03	0.00	0.00	0.70	0.00	-0.07	0.00	0.00	0.05	0.00	0.20	0.00	0.00
346L	3.24	-4.42	-0.48	0.00	0.00	0.01	0.00	0.00	-2.09	0.00	0.07	0.00	0.00	-0.19	0.00	-0.31	0.00	0.00
305K	0.28	-1.14	1.25	0.00	0.00	-0.03	0.00	0.00	0.07	0.00	0.07	0.00	0.00	-0.11	0.00	-0.26	0.00	0.00
305H	-0.08	1.39	1.43	0.00	0.00	0.01	0.00	0.00	2.61	0.00	-0.02	0.00	0.00	-0.14	0.00	0.02	0.00	0.00
305I	-0.10	-0.65	-0.66	0.01	-0.00	0.03	0.03	-0.00	-0.99	0.00	0.10	0.00	0.00	-0.14	0.12	0.24	0.05	-0.00
305G	-0.78	3.55	0.79	-0.06	0.00	-0.00	0.01	0.01	2.57	0.00	-0.02	-0.01	0.00	-0.34	-0.51	-0.07	-0.02	0.01
305D	0.85	0.62	0.25	0.06	0.00	-0.10	-0.01	-0.01	2.04	0.00	-0.28	-0.01	-0.02	-0.33	0.92	0.13	-0.03	0.01
305E	0.16	0.04	2.14	0.04	0.00	0.03	0.00	0.00	3.22	0.00	-0.10	0.01	0.04	0.09	0.43	0.29	0.03	-0.00
305C	-0.14	1.53	0.01	-0.02	0.00	0.02	-0.00	-0.01	1.39	0.00	-0.02	0.01	0.02	0.08	-0.15	0.03	0.02	0.01
305A	-0.68	1.93	-0.06	-0.07	0.00	0.17	0.02	0.03	0.63	0.00	0.26	0.01	0.06	0.03	-0.77	-0.22	-0.08	0.00
305Y	0.25	-0.86	-0.31	0.01	0.00	-0.02	0.01	-0.01	-1.03	0.00	0.07	-0.00	0.00	-0.11	0.05	-0.10	-0.01	0.00
305V	-0.20	-0.07	0.13	-0.04	0.00	0.02	0.00	0.00	-1.04	0.00	-0.08	-0.00	-0.02	-0.19	-0.41	-0.13	-0.05	0.01
305W	1.62	-3.33	0.41	0.00	0.00	0.03	0.00	0.00	-1.20	0.00	-0.08	0.00	0.00	0.08	0.00	0.08	0.00	0.00
305T	1.04	0.32	-0.52	0.00	0.00	-0.02	-0.01	-0.00	0.53	0.00	0.06	0.01	0.00	-0.17	0.01	-0.22	0.03	-0.01
305R	0.91	-3.96	5.22	-0.03	0.00	0.37	0.01	0.01	1.36	0.00	0.42	0.00	0.08	0.54	-1.25	-0.86	-0.10	0.01
305S	-0.48	2.29	1.50	-0.07	-0.00	-0.01	0.01	0.03	2.14	0.00	-0.00	0.01	0.02	-0.44	-0.50	-0.21	-0.01	0.01
305P	-0.35	1.65	0.95	-0.07	0.00	-0.00	0.02	0.01	0.99	0.00	0.00	-0.01	0.01	-0.48	-0.53	-0.15	-0.06	0.01
305Q	-0.78	-0.43	4.15	-0.07	0.00	0.03	0.03	0.02	1.49	0.00	-0.07	-0.00	0.02	-0.78	-0.45	-0.08	-0.08	0.01
305M	-0.03	-1.45	0.27	0.00	0.00	0.00	0.00	0.00	-1.32	0.00	0.01	0.00	0.00	-0.18	0.00	0.05	0.00	0.00
346T	0.42	-1.18	-0.47	0.00	0.00	-0.02	0.00	0.00	-1.50	0.00	0.09	0.00	0.00	-0.11	0.00	-0.24	0.00	0.00
306C	-0.95	1.42	-1.31	0.00	0.00	0.01	0.00	0.00	-0.76	0.00	0.02	0.00	0.00	0.01	0.00	0.04	0.00	0.00
306A	-1.66	2.47	0.35	-0.07	-0.00	0.01	-0.00	0.01	0.52	0.00	-0.05	-0.00	-0.01	-0.20	-0.27	0.10	-0.14	-0.01
306G	-1.11	2.76	-0.79	0.00	0.00	-0.00	0.00	0.00	0.99	0.00	0.02	0.00	0.00	0.06	0.00	0.06	0.00	0.00
306F	-0.52	0.59	0.70	-0.04	0.00	-0.01	-0.01	0.02	-0.10	0.00	-0.00	-0.01	-0.02	-0.40	-0.34	0.07	-0.12	-0.01
306E	-0.87	-0.39	3.46	0.00	0.00	0.03	0.00	0.00	1.87	0.00	-0.03	0.00	0.00	-0.06	0.00	-0.27	0.00	0.00
306D	-0.55	1.21	2.03	-0.04	0.00	0.01	-0.01	0.01	1.42	0.00	-0.05	-0.00	-0.03	-0.82	-0.34	0.12	-0.11	-0.01
306K	0.11	-0.79	3.87	0.18	0.01	0.03	0.08	0.05	2.73	0.00	-0.04	0.04	-0.00	0.76	-0.61	-0.67	-0.32	0.02
306I	-0.31	1.08	-0.66	-0.17	0.00	-0.17	-0.01	0.00	-0.28	0.00	-0.18	-0.01	-0.04	-0.43	0.58	0.07	-0.03	0.01
306H	0.04	-0.23	2.13	-0.02	-0.02	-0.01	-0.02	0.01	0.53	0.00	0.05	-0.00	-0.04	-0.71	-0.35	-0.20	-0.08	-0.01
306N	-0.99	0.65	2.86	-0.04	0.00	0.02	-0.01	0.01	1.58	0.00	-0.07	-0.00	-0.03	-0.37	-0.34	0.02	-0.11	-0.01
306M	-0.15	-0.08	-1.27	0.00	0.00	-0.00	0.00	0.00	-1.40	0.00	0.02	0.00	0.00	0.08	0.00	0.01	0.00	0.00
306L	-0.29	-0.69	2.88	-0.04	0.00	0.02	-0.01	0.01	1.29	0.00	-0.02	-0.00	-0.03	-0.15	-0.34	0.06	-0.11	-0.01
306S	-1.22	1.65	-0.12	-0.21	0.00	-0.17	-0.03	0.02	0.05	0.00	-0.18	-0.02	-0.05	-0.36	0.70	0.11	-0.06	0.00
306R	-0.60	-0.75	1.50	0.02	0.00	0.01	-0.02	-0.01	-0.52	0.00	0.57	-0.05	-0.01	0.44	-0.93	-0.58	-0.09	-0.01
346S	0.07	-0.94	0.63	0.00	0.00	-0.03	0.00	0.00	-0.70	0.00	0.09	0.00	0.00	-0.32	0.00	-0.21	0.00	0.00
306P	-0.72	0.11	-0.87	0.00	0.00	0.02	0.00	0.00	-1.45	0.00	-0.03	0.00	0.00	-0.03	0.00	0.07	0.00	0.00
306W	0.58	-3.77	5.17	-0.32	0.01	-0.37	-0.13	0.20	-0.41	0.00	-0.37	0.02	-0.19	0.00	2.08	0.34	-3.59	-0.06
306V	-1.12	1.67	-0.48	-0.03	0.00	-0.03	-0.01	0.01	-0.86	0.00	0.06	-0.00	-0.04	-0.40	-0.41	-0.08	0.01	0.00
306T	-0.65	1.48	-0.55	0.04	-0.00	-0.01	-0.01	0.01	0.37	0.00	0.02	-0.01	-0.02	0.02	-0.11	0.15	0.03	-0.01
