G7	0.89	1.38	3.08	0.00	0.00	-0.08	0.00	0.00	4.19	0.00	0.01	0.00	0.00	-0.87	0.00	-0.21	0.00	0.00
G6	0.83	2.44	3.29	0.00	0.00	-0.07	0.00	0.00	5.02	0.00	-0.09	0.00	0.00	-1.46	0.00	0.09	0.00	0.00
G5	1.51	0.98	3.40	0.04	0.00	-0.05	0.05	0.05	2.81	-0.00	0.02	0.01	0.01	-2.49	0.08	-0.56	-0.13	-0.09
G4	2.02	0.91	-1.51	0.00	0.00	-0.03	0.00	0.00	-0.31	0.00	-0.09	0.00	0.00	-0.90	0.00	-0.71	0.00	0.00
G3	4.39	-2.27	-0.23	-0.23	0.03	-0.04	-0.07	0.10	0.63	0.05	0.13	0.03	-0.01	-2.14	0.08	0.38	0.30	0.10
G2	4.53	-2.06	-0.55	-0.12	0.02	-0.03	-0.01	0.06	0.65	0.08	0.10	0.01	0.17	-1.60	-0.22	0.24	-0.03	0.05
G1	2.05	1.73	2.78	-0.03	0.01	-0.01	0.01	0.00	4.82	0.01	-0.10	0.00	0.07	-1.63	-0.09	0.06	-0.04	0.00
G9	1.91	-0.56	3.34	0.00	0.00	-0.06	0.00	0.00	2.39	0.00	0.04	0.00	0.00	-1.75	0.00	-0.54	0.00	0.00
G8	0.63	2.36	3.51	0.00	0.00	-0.07	0.00	0.00	4.82	0.00	-0.03	0.00	0.00	-1.42	0.00	-0.17	0.00	0.00
G11	1.76	0.88	-2.08	0.02	-0.00	-0.07	-0.02	0.01	0.36	0.04	-0.00	0.03	0.28	-0.62	0.31	-0.17	-0.07	0.07
N7	1.26	5.57	-1.51	0.00	0.00	-0.05	0.00	0.00	4.78	0.00	-1.02	0.00	0.00	-1.65	0.00	2.17	0.00	0.00
F6	1.65	-2.52	4.87	-0.10	0.02	-0.07	0.04	0.04	2.22	0.05	0.12	-0.01	0.46	-2.66	-0.03	0.20	0.11	0.04
B4	2.12	1.85	-0.65	-0.09	0.02	-0.07	-0.14	0.10	1.90	0.06	-0.06	-0.00	0.21	-1.73	0.02	0.34	-0.11	0.04
B5	1.02	4.42	-5.27	0.00	0.00	-0.06	0.00	0.00	0.60	0.00	-0.22	0.00	0.00	-1.00	0.00	1.72	0.00	0.00
B6	1.54	2.09	-0.51	-0.02	0.03	-0.01	0.04	0.07	1.84	-0.01	0.04	-0.00	0.51	-1.08	-0.17	-0.91	0.10	0.12
B7	2.21	-3.00	1.11	-0.11	0.02	-0.07	0.06	0.08	-2.47	0.06	0.08	0.01	0.18	-3.13	-0.03	0.04	-0.03	0.04
B1	0.00	0.00	0.00	0.00	0.00	0.00	0.00	0.00	0.00	0.00	0.00	0.00	0.00	0.00	0.00	0.00	0.00	0.00
B2	2.56	5.04	-2.43	0.00	0.00	-0.06	0.00	0.00	7.07	0.00	-0.59	0.00	0.00	0.25	0.00	2.30	0.00	0.00
B3	2.94	1.37	-1.08	0.00	0.00	-0.03	-0.07	-0.01	0.89	0.01	-0.04	0.01	0.01	-1.44	0.07	-0.82	-0.04	0.01
B8	2.42	-5.59	6.31	0.03	-0.01	-0.09	-0.80	-0.16	-0.19	0.42	0.17	0.05	1.02	-3.98	-0.32	-1.08	0.76	0.67
B9	0.10	2.84	2.15	0.00	0.00	-0.06	0.00	0.00	2.74	0.00	-0.20	0.00	0.00	-0.76	0.00	-1.33	0.00	0.00
P10	2.42	0.16	-0.48	0.08	0.00	-0.12	-0.09	0.06	1.19	0.01	-0.32	-0.02	0.06	-0.71	-0.21	0.57	-0.23	0.01
P11	3.34	3.33	-4.28	0.00	0.00	-0.11	0.00	0.00	2.24	0.00	-0.37	0.00	0.00	-1.22	0.00	1.54	0.00	0.00
P12	2.29	2.89	-3.27	0.00	0.00	-0.08	0.00	0.00	1.66	0.00	-0.32	0.00	0.00	-1.24	0.00	1.38	0.00	0.00
E9	0.09	-0.30	2.90	-0.30	0.02	-0.10	0.30	0.14	-0.25	0.10	-0.77	-0.12	0.23	-2.65	0.63	-0.55	0.45	-0.33
E8	-0.39	1.19	4.96	-0.16	0.03	0.08	0.13	0.43	3.51	0.02	-0.34	-0.48	0.38	-1.59	0.03	-0.24	-0.18	-0.36
E5	1.98	2.53	2.05	-0.11	0.02	-0.03	0.02	0.10	4.21	0.06	-0.91	0.00	0.16	-2.01	-0.05	0.45	-0.06	0.02
E4	1.84	0.28	4.01	0.04	0.01	-0.05	-0.01	0.00	4.16	0.00	0.08	-0.04	-0.04	-1.50	-0.11	-0.35	0.03	-0.02
E7	3.46	-1.99	3.84	0.05	0.00	-0.07	0.03	0.46	-0.59	-0.16	-0.79	0.11	-0.61	-3.19	-1.00	-0.09	-0.04	-0.60
E6	2.63	1.70	0.23	0.00	0.00	-0.07	0.00	0.00	3.41	0.00	-0.16	0.00	0.00	-0.84	0.00	-0.08	0.00	0.00
E1	2.58	0.95	1.80	0.00	0.00	0.00	0.00	0.00	3.62	0.00	-0.14	0.00	0.00	-1.67	0.00	0.11	0.00	0.00
P8	1.39	1.92	0.13	-0.10	-0.01	-0.11	-0.02	0.02	0.72	0.02	-0.95	0.01	0.12	-1.85	0.07	0.09	-0.02	0.00
E3	3.10	0.76	3.73	0.12	-0.00	-0.15	-0.12	-0.14	3.33	-0.00	-0.17	-0.10	0.10	-5.68	-1.13	-0.16	3.34	-0.16
E2	2.99	2.30	-2.93	-0.03	0.01	-0.05	-0.05	0.03	1.61	0.03	-0.04	-0.00	0.11	-0.76	-0.18	0.29	-0.11	0.03
P2	3.35	0.40	1.43	0.07	0.12	-0.22	0.33	-0.00	3.06	-0.00	0.00	0.08	-0.25	-1.15	0.01	-0.65	-0.53	0.06
P3	3.99	-0.92	-0.51	0.00	0.00	-0.03	0.00	0.00	1.94	0.00	-0.15	0.00	0.00	-0.71	0.00	0.26	0.00	0.00
P1	4.45	-0.04	-0.55	0.00	0.00	-0.08	0.00	0.00	1.91	0.00	-0.22	0.00	0.00	-1.39	0.00	-0.26	0.00	0.00
P6	3.30	4.73	-3.27	0.00	0.00	-0.04	0.00	0.00	4.80	0.00	-0.20	0.00	0.00	-1.27	0.00	1.56	0.00	0.00
P7	3.09	2.81	-1.54	0.00	0.00	-0.04	-0.09	0.01	2.40	0.01	-0.25	0.01	0.01	-1.52	-0.01	-0.13	0.03	0.03
P4	2.57	1.45	0.68	0.02	-0.15	-0.05	0.00	-0.04	4.19	0.06	-0.52	-0.04	0.08	-0.37	-0.30	0.32	0.54	-0.05
P5	2.21	-1.26	1.60	0.01	0.01	-0.07	-0.02	-0.00	2.46	0.02	-0.13	0.00	0.02	-0.69	-0.12	0.84	-0.01	0.06
H10	3.52	-3.82	3.65	0.00	0.00	-0.10	0.00	0.00	-0.09	0.00	-1.40	0.00	0.00	-1.43	0.00	-0.50	0.00	0.00
H11	3.23	-2.78	2.87	0.00	0.00	-0.08	0.00	0.00	0.36	0.00	-1.41	0.00	0.00	-0.91	0.00	-0.56	0.00	0.00
H12	4.69	-2.52	3.98	0.00	0.00	-0.01	0.00	0.00	3.33	0.00	-1.15	0.00	0.00	-1.39	0.00	-0.27	0.00	0.00
P9	1.59	0.90	-0.90	0.00	0.00	-0.06	0.00	0.00	0.26	0.00	-0.24	0.00	0.00	-0.87	0.00	-0.17	0.00	0.00
F12	4.04	-2.10	-2.42	-0.11	0.02	-0.08	-0.00	0.08	-1.14	0.09	0.03	-0.00	0.16	-0.68	-0.01	-0.19	0.01	0.04
F10	3.30	-1.27	0.83	0.00	0.00	-0.01	0.00	0.00	2.15	0.00	-0.26	0.00	0.00	-1.06	0.00	0.62	0.00	0.00
F11	1.84	0.38	-0.79	0.00	0.00	0.07	0.00	0.00	1.41	0.00	-0.03	0.00	0.00	-0.55	0.00	0.48	0.00	0.00
N12	-1.09	7.20	-5.33	-0.01	-0.00	-0.07	-0.01	-0.02	1.27	0.01	-0.17	-0.00	0.04	-0.22	-0.12	1.09	-0.04	0.00
N10	-0.83	8.03	-5.34	0.00	0.00	-0.12	0.00	0.00	0.33	0.00	-1.75	0.00	0.00	-1.26	0.00	1.61	0.00	0.00
N11	1.29	2.53	-3.56	0.00	0.00	-0.10	0.00	0.00	1.66	0.00	0.14	0.00	0.00	-0.45	0.00	1.81	0.00	0.00
H6	-0.07	5.78	-3.93	-0.01	0.00	-0.08	0.02	0.00	2.81	0.00	-0.21	0.00	-0.01	-0.14	0.02	1.50	-0.05	-0.01
H7	-0.46	7.10	-3.98	0.00	0.00	0.00	0.00	0.00	3.22	0.00	-0.07	0.00	0.00	0.24	0.00	0.40	0.00	0.00
H4	0.66	-0.03	-0.92	0.00	0.00	0.00	0.00	0.00	-0.75	0.00	-0.13	0.00	0.00	-0.05	0.00	-0.29	0.00	0.00
H5	0.50	4.73	-4.19	-0.00	0.00	-0.10	0.01	-0.00	1.98	0.01	-0.21	-0.00	-0.00	-0.26	-0.04	1.59	-0.06	0.01
D10	2.23	1.51	1.68	-0.03	0.01	-0.01	-0.02	0.05	3.67	0.02	-0.08	0.00	0.11	-1.91	-0.13	0.28	-0.08	0.03
D11	2.36	-2.31	1.94	-0.00	0.00	-0.05	-0.05	0.06	0.31	0.03	-0.12	-0.00	0.02	-1.15	-0.04	-0.32	-0.04	-0.02
D12	1.74	2.07	0.96	0.01	0.00	-0.08	0.03	0.03	2.40	0.02	-0.11	-0.01	0.32	-2.20	-0.03	-0.40	0.07	-0.01
B12	-0.11	3.63	3.88	-0.12	0.02	-0.05	0.04	0.07	3.49	0.06	0.03	0.02	0.15	-2.70	0.02	-1.56	0.06	0.04
B10	3.90	-2.66	1.24	-0.00	0.00	-0.14	-0.06	-0.01	0.79	-0.01	0.03	-0.05	0.41	-1.94	0.30	-0.33	0.09	0.01
B11	2.43	-0.88	0.11	-0.10	0.02	-0.11	0.03	0.10	1.85	0.06	-0.05	0.00	0.18	0.12	-0.05	0.03	-0.05	0.02
E10	4.64	-2.92	0.69	-0.56	-0.01	-0.25	-0.16	0.14	-0.17	-0.02	-1.55	0.39	-0.18	-1.51	-0.07	0.16	1.02	0.02
E11	1.32	-1.15	3.70	0.00	0.00	-0.05	0.00	0.00	2.08	0.00	0.03	0.00	0.00	-1.30	0.00	-0.47	0.00	0.00
C9	1.26	-0.21	2.41	-0.05	0.01	-0.06	0.04	0.03	1.76	0.03	0.08	0.00	0.14	-1.15	-0.23	-0.50	-0.05	0.01
C8	1.14	0.09	1.57	0.00	0.00	-0.02	-0.03	0.05	-0.10	0.01	0.10	-0.01	0.03	-2.20	-0.06	-0.69	-0.07	-0.02
Q11	2.29	2.85	-1.84	0.00	0.00	-0.08	0.00	0.00	2.50	0.00	-0.56	0.00	0.00	-0.97	0.00	0.83	0.00	0.00
Q10	2.24	2.77	-0.06	0.00	0.00	-0.06	0.00	0.00	3.08	0.00	-0.14	0.00	0.00	-0.94	0.00	-0.74	0.00	0.00
Q12	2.56	0.19	2.36	0.07	0.00	-0.20	-0.10	0.02	2.88	-0.01	0.01	-0.02	0.05	-1.16	-0.25	-0.67	0.00	0.00
C3	3.08	-0.74	-0.02	0.00	0.00	-0.08	0.00	0.00	1.22	0.00	-0.19	0.00	0.00	-0.43	0.00	-0.41	0.00	0.00
C2	2.51	-0.59	0.44	0.00	0.00	-0.05	0.02	0.03	1.57	0.02	-0.18	-0.01	0.03	-0.34	-0.09	-0.26	0.05	-0.02
C1	3.71	-3.44	2.26	-0.12	0.02	-0.09	0.03	0.11	-1.43	0.06	-1.37	0.00	0.11	-2.50	0.05	-0.39	0.08	0.03
C7	1.20	-0.01	3.34	-0.11	0.02	-0.09	0.04	0.12	1.44	0.06	0.40	0.01	0.17	-2.08	-0.15	-1.45	-0.05	0.01
C6	1.40	-0.43	2.36	-0.00	0.00	-0.03	0.00	0.02	0.64	0.01	0.24	0.00	0.03	-1.42	-0.06	-1.48	-0.01	0.01
C5	1.03	-0.26	1.57	0.00	0.00	-0.00	0.00	0.00	0.12	0.00	0.14	0.00	0.00	-0.76	0.00	-1.60	0.00	0.00
C4	2.23	-1.51	2.20	-0.00	0.00	-0.04	0.09	0.01	-0.33	0.03	-0.06	-0.01	0.03	-2.47	-0.06	-0.74	0.00	-0.03
H8	0.95	6.54	-2.17	0.00	0.00	-0.04	0.00	0.00	5.11	0.00	-0.14	0.00	0.00	-0.56	0.00	0.53	0.00	0.00
N8	1.97	-0.01	1.06	0.00	0.00	-0.07	0.00	0.00	0.59	0.00	-1.12	0.00	0.00	-1.49	0.00	0.27	0.00	0.00
N9	1.80	1.34	0.47	0.00	0.00	-0.07	0.00	0.00	1.69	0.00	-0.93	0.00	0.00	-1.80	0.00	0.87	0.00	0.00
H9	-0.03	4.05	-1.87	0.00	0.00	-0.04	0.00	0.00	0.81	0.00	0.01	0.00	0.00	-0.81	0.00	-0.50	0.00	0.00
G12	0.46	2.57	-0.12	0.01	0.00	-0.07	-0.05	0.00	3.14	-0.00	0.02	0.05	0.04	-0.08	0.00	0.39	-0.04	-0.03
N6	0.39	4.24	-1.83	-0.03	0.00	-0.11	-0.04	-0.01	2.49	-0.02	-0.81	-0.01	0.02	-1.13	-0.02	1.85	-0.01	0.00
G10	0.73	2.58	3.38	0.00	0.00	-0.07	0.00	0.00	5.08	0.00	-0.02	0.00	0.00	-1.33	0.00	-0.19	0.00	0.00
F1	3.15	0.83	3.05	0.00	0.00	-0.02	0.00	0.00	4.22	0.00	-0.94	0.00	0.00	-2.19	0.00	0.34	0.00	0.00
F2	0.64	4.67	-0.69	-0.10	0.02	-0.14	-0.05	0.10	3.40	0.08	0.06	-0.00	0.19	-1.24	-0.06	-0.05	-0.07	0.04
F3	1.95	-2.44	5.27	0.01	0.00	-0.03	0.03	0.01	1.40	0.01	-1.03	-0.01	0.32	-2.71	-0.03	-0.05	0.11	-0.01
F4	3.05	-0.45	-0.75	0.00	0.00	-0.06	-0.07	0.08	1.26	0.03	-0.17	-0.00	0.03	0.05	0.00	-0.42	-0.07	0.01
F5	1.53	-1.64	2.53	0.00	0.00	-0.04	0.00	0.00	0.80	0.00	0.03	0.00	0.00	-1.32	0.00	-0.27	0.00	0.00
N5	2.61	3.10	0.81	0.00	0.00	-0.11	0.00	0.00	4.93	0.00	-1.35	0.00	0.00	-1.61	0.00	1.48	0.00	0.00
F7	3.57	1.32	1.89	0.00	0.00	-0.04	0.00	0.00	5.37	0.00	-0.19	0.00	0.00	-1.43	0.00	0.25	0.00	0.00
F8	1.48	4.26	-0.69	-0.10	0.02	-0.05	0.07	0.07	2.60	0.04	0.76	0.01	0.21	-1.78	-0.33	-1.39	-0.02	0.04
F9	3.03	-0.29	-1.12	0.00	0.00	-0.05	0.00	0.00	0.97	0.00	-0.18	0.00	0.00	-0.03	0.00	-0.38	0.00	0.00
Q1	1.71	5.36	-5.80	0.00	0.00	-0.10	0.00	0.00	0.26	0.00	-1.10	0.00	0.00	-1.24	0.00	1.43	0.00	0.00
Q3	2.34	2.63	-1.44	-0.20	-0.00	-0.05	0.28	0.52	3.06	-0.39	-0.84	-0.05	-0.12	-2.83	0.42	2.29	0.53	-0.03
Q2	2.26	3.17	-2.80	0.00	0.00	-0.08	0.00	0.00	3.14	0.00	-0.28	0.00	0.00	-1.21	0.00	2.08	0.00	0.00
Q5	2.13	1.02	1.22	0.17	0.01	-0.09	0.05	0.26	2.56	0.01	0.02	0.07	0.40	-1.64	-0.18	-0.98	0.17	-0.07
Q4	2.36	2.45	-2.87	0.00	0.00	-0.10	0.00	0.00	1.60	0.00	-0.38	0.00	0.00	-1.24	0.00	1.38	0.00	0.00
Q7	3.86	-0.01	0.05	0.09	0.00	-0.09	0.04	0.02	3.68	0.01	-0.30	-0.02	0.04	-0.65	-0.19	0.99	-0.14	-0.02
Q6	3.25	4.13	-1.27	0.00	0.00	-0.05	0.00	0.00	5.88	0.00	-0.57	0.00	0.00	-0.24	0.00	0.62	0.00	0.00
Q9	1.87	2.93	-2.58	0.00	0.00	-0.10	0.00	0.00	2.91	0.00	-0.35	0.00	0.00	-0.91	0.00	2.05	0.00	0.00
Q8	3.36	1.55	1.22	0.03	0.00	-0.07	0.04	0.00	0.70	0.08	-0.11	-0.02	-0.03	-4.44	0.50	-1.43	-0.03	0.05
E12	0.20	1.00	3.87	-0.05	0.01	-0.11	0.01	0.03	1.98	0.03	-2.23	0.01	0.14	-1.46	-0.19	0.74	-0.02	0.01
C12	2.73	1.44	1.68	0.00	0.00	-0.02	0.00	0.00	4.27	0.00	-0.15	0.00	0.00	-1.98	0.00	0.58	0.00	0.00
C11	1.84	3.76	-1.31	-0.07	0.02	-0.12	0.08	0.06	3.89	0.07	0.02	0.01	0.21	-1.10	-0.13	0.56	-0.06	0.05
C10	2.23	2.44	1.31	-0.00	0.00	-0.01	-0.07	0.06	4.39	0.02	-0.13	0.01	0.04	-1.74	-0.04	0.27	-0.03	0.02
A11	0.96	-1.28	0.12	0.06	0.00	-0.05	-0.02	0.02	-1.49	-0.00	-0.17	0.00	-0.01	-1.39	-0.07	0.40	-0.06	-0.01
A10	1.29	2.31	-2.18	-0.11	0.02	-0.04	-0.13	0.14	0.25	0.10	0.15	-0.01	0.16	-0.51	0.04	-1.00	-0.04	0.06
A12	2.33	4.89	-4.68	0.00	0.00	-0.03	0.00	0.00	2.79	0.00	-0.22	0.00	0.00	-1.13	0.00	1.62	0.00	0.00
A1	1.93	1.64	-0.75	0.00	0.00	-0.02	0.00	0.00	2.81	0.00	-0.31	0.00	0.00	-0.96	0.00	1.27	0.00	0.00
A3	0.38	3.57	-5.09	0.00	0.00	-0.09	0.00	0.00	0.22	0.00	-0.13	0.00	0.00	-0.07	0.00	1.65	0.00	0.00
A2	1.66	4.04	-2.86	0.00	0.00	-0.10	0.00	0.00	1.80	0.00	-1.13	0.00	0.00	-1.35	0.00	1.55	0.00	0.00
A5	2.88	3.14	-2.81	0.00	0.00	-0.03	0.00	0.00	3.45	0.00	-0.22	0.00	0.00	-1.33	0.00	1.82	0.00	0.00
A4	-0.62	2.62	-3.08	0.06	-0.00	0.00	-0.03	-0.00	-2.19	0.01	0.01	-0.01	-0.01	-0.83	-0.19	-0.13	-0.01	0.01
A7	3.86	-2.46	1.91	0.11	0.00	-0.17	-0.04	0.03	1.51	0.01	-0.26	-0.01	0.23	-1.78	-0.55	0.71	-0.06	-0.02
A6	1.88	4.02	-2.75	0.00	0.00	-0.08	0.00	0.00	2.63	0.00	-1.12	0.00	0.00	-1.63	0.00	2.31	0.00	0.00
A9	-0.45	1.73	1.87	0.00	0.00	-0.06	0.00	0.00	1.05	0.00	0.27	0.00	0.00	-0.20	0.00	-2.11	0.00	0.00
A8	-1.07	4.30	-2.89	-0.00	0.00	-0.07	-0.11	0.01	-1.68	0.01	-0.27	0.00	0.02	-0.35	-0.04	-1.25	-0.01	0.03
D8	-0.05	0.40	3.95	0.01	0.01	0.10	0.08	0.28	2.89	0.07	0.44	-0.52	-0.23	-1.02	0.24	-0.51	-0.05	-0.33
D9	1.40	-0.45	-0.09	-0.27	-0.00	-0.09	0.06	-0.03	1.00	0.18	-0.03	-0.01	0.17	0.63	-0.19	0.16	-0.53	0.07
D6	1.99	-0.27	1.04	0.00	0.00	-0.07	0.00	0.00	0.64	0.00	0.19	0.00	0.00	-1.60	0.00	-0.64	0.00	0.00
D7	0.73	3.07	-2.65	-0.31	0.00	0.95	-0.03	-0.21	-1.16	0.21	-2.07	0.04	0.04	1.52	-1.00	-0.50	-1.44	0.50
D4	4.10	-3.01	1.43	0.00	0.00	-0.07	0.01	0.01	-0.34	-0.00	-1.54	0.00	0.01	-1.42	0.03	0.12	-0.01	-0.00
D5	3.55	0.29	-0.93	-0.00	0.00	-0.10	0.01	0.04	2.10	0.02	-0.10	0.01	0.03	-0.85	-0.13	0.25	0.01	-0.00
D2	2.99	2.23	0.54	-0.00	0.00	-0.02	0.08	0.01	4.10	0.03	-0.11	0.00	0.03	-1.80	-0.11	0.27	0.01	-0.04
D3	3.08	-0.79	0.00	0.00	0.00	-0.07	0.00	0.00	1.18	0.00	-0.19	0.00	0.00	-0.43	0.00	-0.43	0.00	0.00
D1	0.22	1.09	2.47	0.00	0.00	-0.03	0.00	0.00	1.91	0.00	0.07	0.00	0.00	-0.93	0.00	-0.98	0.00	0.00
