G7	-0.63	1.34	1.96	0.00	0.00	-0.07	0.00	0.00	1.49	0.00	-1.26	0.00	0.00	-0.54	0.00	0.69	0.00	0.00
G6	0.07	0.99	7.22	-0.02	0.05	-0.09	0.06	-0.05	5.51	-0.02	-0.99	0.13	0.39	-4.60	0.05	0.32	1.94	0.05
G5	-0.24	3.12	0.64	0.00	0.00	-0.09	0.00	0.00	3.31	0.00	-0.99	0.00	0.00	-0.16	0.00	1.03	0.00	0.00
G4	3.03	0.90	1.43	0.00	0.00	1.26	0.00	0.00	2.92	0.00	-2.98	0.00	0.00	-2.67	0.00	1.94	0.00	0.00
G3	2.50	-4.84	0.61	0.00	0.00	-0.10	0.00	0.00	-2.41	0.00	-1.04	0.00	0.00	-0.34	0.00	0.79	0.00	0.00
G2	2.12	-4.62	0.94	0.00	0.00	-0.01	0.00	0.00	-3.56	0.00	-1.05	0.00	0.00	-1.30	0.00	0.36	0.00	0.00
G1	-0.16	0.01	1.44	0.00	0.00	-0.01	0.00	0.00	-0.29	0.00	-1.21	0.00	0.00	-0.83	0.00	0.47	0.00	0.00
G9	-0.11	0.94	1.49	0.00	0.00	-0.09	0.00	0.00	2.12	0.00	-1.18	0.00	0.00	0.34	0.00	0.73	0.00	0.00
G8	-0.74	1.93	2.94	-0.01	-0.01	-0.08	-0.03	-0.04	2.56	-0.00	-1.23	0.14	0.34	-0.84	-0.76	0.71	0.18	0.06
G11	2.20	-3.28	1.63	0.00	0.00	-0.07	0.00	0.00	-0.10	0.00	-0.99	0.00	0.00	-0.20	0.00	0.62	0.00	0.00
N7	-0.19	-0.22	3.40	0.00	0.00	-0.02	0.00	0.00	0.54	0.00	-1.59	0.00	0.00	-0.94	0.00	0.11	0.00	0.00
F6	-0.44	-0.77	1.99	0.00	0.00	0.01	0.00	0.00	-2.07	0.00	-1.39	0.00	0.00	-1.81	0.00	0.34	0.00	0.00
B4	1.45	-5.09	3.15	0.00	0.00	-0.02	0.00	0.00	-2.24	0.00	0.06	0.00	0.00	-1.58	0.00	-0.22	0.00	0.00
B5	0.49	-0.04	-1.22	0.00	0.00	-0.01	0.00	0.00	-0.68	0.00	0.16	0.00	0.00	-0.39	0.00	0.33	0.00	0.00
B6	1.21	3.18	-1.11	0.00	0.00	1.18	0.00	0.00	0.76	0.00	-2.99	0.00	0.00	-2.44	0.00	1.74	0.00	0.00
B7	1.59	-1.83	1.38	0.00	0.00	-0.02	0.00	0.00	-0.23	0.00	-1.03	0.00	0.00	-1.01	0.00	0.69	0.00	0.00
B1	0.00	0.00	0.00	0.00	0.00	0.00	0.00	0.00	0.00	0.00	0.00	0.00	0.00	0.00	0.00	0.00	0.00	0.00
B2	0.18	4.99	-2.79	0.00	0.00	0.29	0.00	0.00	2.48	0.00	-0.74	0.00	0.00	-0.59	0.00	1.14	0.00	0.00
B3	0.98	-3.08	2.96	0.00	0.00	-0.02	0.00	0.00	-1.21	0.00	-1.33	0.00	0.00	-1.41	0.00	0.69	0.00	0.00
B8	3.53	-4.45	1.75	0.00	0.00	0.01	0.00	0.00	-0.80	0.00	-1.29	0.00	0.00	-1.38	0.00	1.03	0.00	0.00
B9	0.77	2.85	0.60	0.00	0.00	1.20	0.00	0.00	2.00	0.00	-3.00	0.00	0.00	-2.12	0.00	1.69	0.00	0.00
P10	0.58	-1.66	-0.35	0.00	0.00	-0.02	0.00	0.00	-3.07	0.00	-1.46	0.00	0.00	-1.00	0.00	0.84	0.00	0.00
P11	0.57	-1.15	-1.44	0.00	0.00	-0.02	0.00	0.00	-1.96	0.00	0.14	0.00	0.00	-0.45	0.00	0.39	0.00	0.00
P12	0.66	-2.20	-0.00	0.00	0.00	0.08	0.00	0.00	-1.40	0.00	-0.02	0.00	0.00	-0.49	0.00	0.57	0.00	0.00
E9	-0.28	-0.33	1.83	0.01	-0.04	-0.00	0.02	-0.03	-0.30	-0.02	-0.58	0.07	-0.05	-0.66	-0.15	0.42	-0.54	0.04
E8	-0.99	1.48	3.65	-0.06	-0.03	-0.08	-0.09	-0.03	1.70	0.06	-0.94	-0.06	0.11	-0.90	-1.35	0.72	0.10	0.12
E5	-0.38	-0.52	3.58	0.00	0.00	0.00	0.00	0.00	0.79	0.00	-1.21	0.00	0.00	-1.12	0.00	0.43	0.00	0.00
E4	-0.44	0.67	3.43	0.00	0.00	0.01	0.00	0.00	1.81	0.00	-1.21	0.00	0.00	-1.05	0.00	0.40	0.00	0.00
E7	-0.24	1.28	0.06	0.00	0.00	-0.08	0.00	0.00	0.67	0.00	-1.05	0.00	0.00	-0.25	0.00	0.95	0.00	0.00
E6	1.12	-1.09	2.17	0.00	0.00	0.01	0.00	0.00	1.30	0.00	-1.22	0.00	0.00	-0.55	0.00	0.86	0.00	0.00
E1	-0.45	-0.59	3.55	0.00	0.00	-0.00	0.00	0.00	0.78	0.00	-1.21	0.00	0.00	-1.08	0.00	0.56	0.00	0.00
P8	0.49	-0.71	0.93	0.00	0.00	-0.02	0.00	0.00	-1.02	0.00	-1.48	0.00	0.00	-0.89	0.00	0.66	0.00	0.00
E3	1.55	5.32	-1.77	0.00	0.00	1.15	0.00	0.00	2.96	0.00	-2.95	0.00	0.00	-2.07	0.00	1.72	0.00	0.00
E2	0.50	-1.15	1.57	0.00	0.00	-0.11	0.00	0.00	0.44	0.00	-1.18	0.00	0.00	-0.06	0.00	0.86	0.00	0.00
P2	0.77	-2.31	0.22	0.00	-0.01	-0.05	-0.01	0.01	-3.22	0.01	-1.42	-0.01	0.01	-0.97	-0.02	0.58	-0.02	-0.01
P3	1.31	-2.61	-0.05	0.00	0.00	-0.03	0.00	0.00	-3.28	0.00	-1.49	0.00	0.00	-1.19	0.00	0.77	0.00	0.00
P1	1.01	-1.88	-0.66	0.00	0.00	-0.04	0.00	0.00	-3.50	0.00	-1.50	0.00	0.00	-1.03	0.00	0.59	0.00	0.00
P6	0.88	-1.06	-0.60	0.00	0.00	-0.03	0.00	0.00	-0.53	0.00	0.12	0.00	0.00	-0.21	0.00	0.38	0.00	0.00
P7	0.33	4.45	-6.33	-0.04	0.05	-0.12	0.33	0.09	2.27	-0.10	-1.34	0.10	-0.01	4.12	-0.66	1.53	-0.16	0.05
P4	0.68	-2.05	-0.20	0.00	0.00	-0.02	0.00	0.00	-3.29	0.00	-1.48	0.00	0.00	-0.95	0.00	0.73	0.00	0.00
P5	1.15	-1.62	0.48	0.00	0.00	-0.02	0.00	0.00	-1.78	0.00	-1.49	0.00	0.00	-0.92	0.00	0.65	0.00	0.00
H10	0.78	-3.04	1.43	0.00	0.00	-0.01	0.00	0.00	-3.16	0.00	-1.38	0.00	0.00	-1.44	0.00	0.51	0.00	0.00
H11	0.56	-4.70	1.93	0.00	0.00	-0.03	0.00	0.00	-2.61	0.00	0.07	0.00	0.00	0.38	0.00	-0.82	0.00	0.00
H12	0.64	-4.42	3.80	0.00	0.00	-0.08	0.00	0.00	-1.85	0.00	-1.46	0.00	0.00	0.21	0.00	-0.55	0.00	0.00
P9	-0.26	-2.87	3.25	0.00	0.00	0.01	0.00	0.00	-2.71	0.00	-1.51	0.00	0.00	-1.48	0.00	0.15	0.00	0.00
F12	3.58	-4.36	1.57	0.00	0.00	-0.02	0.00	0.00	-0.97	0.00	-0.88	0.00	0.00	-1.36	0.00	0.50	0.00	0.00
F10	1.95	-3.52	0.51	0.00	0.00	-0.00	0.00	0.00	-3.17	0.00	-1.06	0.00	0.00	-1.35	0.00	0.31	0.00	0.00
F11	2.27	-4.01	3.04	0.04	0.04	-1.04	-0.14	-0.43	-0.62	-0.03	-0.90	0.18	0.52	-3.40	-0.23	1.05	2.53	-0.10
N12	0.75	1.68	-0.78	0.00	0.00	-0.03	0.00	0.00	1.78	0.00	0.13	0.00	0.00	-0.18	0.00	0.21	0.00	0.00
N10	-0.11	0.87	2.79	-0.05	-0.00	-0.13	0.24	-0.03	1.86	-0.07	-1.54	0.03	-0.30	-1.06	0.15	1.10	-0.04	0.01
N11	1.25	0.62	-2.00	0.00	0.00	0.05	0.00	0.00	-0.48	0.00	-1.01	0.00	0.00	-0.09	0.00	0.71	0.00	0.00
H6	0.50	1.45	-0.78	-0.01	-0.00	-0.08	0.01	-0.03	0.81	0.02	0.13	0.02	-0.02	-0.41	-0.10	0.52	-0.45	0.04
H7	0.40	1.15	-0.43	0.00	0.00	-0.04	0.00	0.00	1.38	0.00	0.09	0.00	0.00	-0.22	0.00	0.43	0.00	0.00
H4	-0.52	0.64	1.97	-0.00	-0.01	-0.03	-0.01	0.02	2.97	0.00	-0.06	-0.01	0.03	0.46	0.11	0.33	0.04	0.00
H5	-0.07	1.31	-0.03	0.05	0.00	-0.01	-0.23	-0.00	0.69	0.04	0.14	-0.00	-0.31	-0.63	0.07	0.34	0.03	-0.01
D10	-0.53	-0.39	3.30	0.00	0.00	0.01	0.00	0.00	0.52	0.00	-1.20	0.00	0.00	-1.21	0.00	0.54	0.00	0.00
D11	-0.01	1.36	0.27	-0.01	-0.06	-0.09	0.03	-0.04	1.04	0.03	-0.46	0.08	-0.03	0.25	-0.30	0.60	-0.66	0.06
D12	0.09	-0.04	-1.02	0.00	0.00	-0.06	0.00	0.00	-1.89	0.00	-1.04	0.00	0.00	-0.69	0.00	0.89	0.00	0.00
B12	0.81	5.06	-1.05	0.00	0.00	1.14	0.00	0.00	3.47	0.00	-2.95	0.00	0.00	-1.52	0.00	1.98	0.00	0.00
B10	1.05	3.30	-1.37	0.00	0.00	1.18	0.00	0.00	0.57	0.00	-2.91	0.00	0.00	-2.31	0.00	1.63	0.00	0.00
B11	1.06	2.06	0.82	0.00	0.00	1.20	0.00	0.00	1.64	0.00	-2.98	0.00	0.00	-2.12	0.00	1.59	0.00	0.00
E10	0.90	2.51	0.75	0.00	0.00	1.20	0.00	0.00	1.82	0.00	-3.02	0.00	0.00	-2.15	0.00	1.63	0.00	0.00
E11	-0.23	-0.41	3.44	0.00	0.00	0.04	0.00	0.00	1.83	0.00	-1.12	0.00	0.00	-0.05	0.00	0.15	0.00	0.00
C9	-0.74	1.92	2.87	-0.06	-0.05	-0.07	-0.09	-0.05	1.24	0.06	-0.94	-0.06	0.11	-0.89	-1.54	0.53	0.13	0.11
C8	-0.21	-0.10	1.12	0.04	0.01	0.02	-0.16	-0.01	-0.94	0.02	-1.26	0.15	0.07	-0.81	0.35	0.83	-1.03	0.03
Q11	0.80	-1.81	-1.77	0.00	0.00	-0.02	0.00	0.00	-2.90	0.00	0.11	0.00	0.00	-0.62	0.00	0.42	0.00	0.00
Q10	0.66	-1.87	0.16	0.00	0.00	-0.03	0.00	0.00	-2.88	0.00	-1.48	0.00	0.00	-0.98	0.00	0.67	0.00	0.00
Q12	0.66	-1.97	0.36	0.00	0.00	-0.03	0.00	0.00	-2.77	0.00	-1.49	0.00	0.00	-0.96	0.00	0.65	0.00	0.00
C3	1.07	4.63	-1.59	0.00	0.00	1.14	0.00	0.00	2.35	0.00	-2.88	0.00	0.00	-1.92	0.00	1.90	0.00	0.00
C2	1.06	3.44	-0.54	0.00	0.00	1.18	0.00	0.00	1.72	0.00	-2.93	0.00	0.00	-2.47	0.00	1.98	0.00	0.00
C1	6.88	-6.05	9.72	-0.04	-0.09	-0.94	-1.36	0.66	1.10	0.36	-1.80	-0.01	-0.33	-7.96	-2.31	1.73	1.64	1.00
C7	-0.53	1.99	2.70	0.00	0.00	0.02	0.00	0.00	2.67	0.00	-1.20	0.00	0.00	-0.86	0.00	0.55	0.00	0.00
C6	-0.51	0.92	3.01	0.00	0.00	0.01	0.00	0.00	1.57	0.00	-1.23	0.00	0.00	-1.16	0.00	0.54	0.00	0.00
C5	-0.12	1.47	2.06	0.00	0.00	-0.11	0.00	0.00	2.71	0.00	-1.12	0.00	0.00	-0.35	0.00	0.87	0.00	0.00
C4	-0.32	2.21	0.94	-0.00	0.01	-0.29	-0.08	0.03	2.27	-0.03	-1.24	0.05	0.22	-0.65	0.19	1.05	0.12	0.06
H8	0.42	1.32	-1.04	0.00	0.00	-0.03	0.00	0.00	0.98	0.00	0.08	0.00	0.00	-0.21	0.00	0.43	0.00	0.00
N8	0.69	-1.46	1.43	0.00	0.00	-0.01	0.00	0.00	0.52	0.00	0.14	0.00	0.00	-0.10	0.00	-0.18	0.00	0.00
N9	-0.44	0.05	0.13	0.00	0.00	0.08	0.00	0.00	-1.89	0.00	-0.01	0.00	0.00	-1.55	0.00	-0.14	0.00	0.00
H9	0.38	1.17	-1.12	0.00	0.00	-0.02	0.00	0.00	0.73	0.00	0.08	0.00	0.00	-0.18	0.00	0.42	0.00	0.00
G12	1.70	-2.02	1.83	0.00	0.00	-0.05	0.00	0.00	0.85	0.00	-1.10	0.00	0.00	-0.14	0.00	0.63	0.00	0.00
N6	0.16	0.39	0.79	0.00	0.00	-0.01	0.00	0.00	1.02	0.00	0.18	0.00	0.00	-0.74	0.00	0.26	0.00	0.00
G10	-0.14	1.80	1.58	0.00	0.00	-0.07	0.00	0.00	2.82	0.00	-1.09	0.00	0.00	0.17	0.00	0.57	0.00	0.00
F1	-0.39	-0.03	1.55	0.00	0.00	0.01	0.00	0.00	-0.30	0.00	-1.11	0.00	0.00	-1.04	0.00	0.71	0.00	0.00
F2	1.51	-0.92	-0.84	0.00	0.00	0.04	0.00	0.00	-1.16	0.00	-1.04	0.00	0.00	-0.74	0.00	0.83	0.00	0.00
F3	-0.39	0.08	1.66	0.00	0.00	-0.07	0.00	0.00	-0.16	0.00	-1.38	0.00	0.00	-0.68	0.00	0.62	0.00	0.00
F4	1.12	3.54	-0.58	0.00	0.00	1.06	0.00	0.00	2.94	0.00	-2.95	0.00	0.00	-1.52	0.00	2.27	0.00	0.00
F5	-0.65	1.10	2.70	-0.05	-0.04	-0.10	-0.15	-0.05	0.48	0.04	-0.96	-0.04	0.08	-1.12	-1.06	0.60	0.10	0.10
N5	0.49	-0.42	1.58	0.00	0.00	-0.01	0.00	0.00	1.72	0.00	0.16	0.00	0.00	0.25	0.00	-0.32	0.00	0.00
F7	1.70	-0.39	-0.81	0.00	0.00	-0.02	0.00	0.00	0.31	0.00	-1.01	0.00	0.00	-0.19	0.00	1.03	0.00	0.00
F8	-0.39	-0.28	1.26	0.00	0.00	0.01	-0.02	-0.01	-0.82	0.01	-1.13	0.01	-0.00	-1.09	0.04	0.76	0.02	-0.00
F9	0.86	2.50	0.69	0.00	0.00	1.20	0.00	0.00	1.79	0.00	-3.00	0.00	0.00	-2.11	0.00	1.64	0.00	0.00
Q1	0.58	0.73	-0.01	0.00	0.00	-0.03	0.00	0.00	1.50	0.00	0.14	0.00	0.00	-0.22	0.00	0.31	0.00	0.00
Q3	0.57	-1.33	-1.51	-0.09	-0.03	-0.36	-0.25	-0.13	-0.26	-0.01	-0.12	-0.04	-0.61	4.50	0.93	-0.51	-1.25	-0.03
Q2	0.59	-0.98	-1.08	0.00	0.00	-0.02	0.01	-0.01	-1.31	0.01	0.12	0.00	-0.00	-0.38	0.04	0.39	0.01	-0.00
Q5	0.70	-1.97	0.34	0.00	0.00	-0.03	0.00	0.00	-2.78	0.00	-1.48	0.00	0.00	-0.98	0.00	0.65	0.00	0.00
Q4	-0.14	-2.72	1.41	-0.12	0.02	0.02	0.37	0.13	-2.33	-0.07	-1.69	0.04	-0.23	-0.94	0.24	0.95	0.38	0.00
Q7	2.19	-3.19	-0.79	0.00	0.00	-0.02	0.00	0.00	-2.17	0.00	0.09	0.00	0.00	-0.79	0.00	0.34	0.00	0.00
Q6	2.25	-3.11	-1.84	0.00	0.00	-0.02	0.00	0.00	-3.15	0.00	-1.15	0.00	0.00	-0.16	0.00	0.88	0.00	0.00
Q9	0.91	-1.29	-0.25	0.00	0.00	-0.04	0.00	0.00	-0.67	0.00	0.14	0.00	0.00	-0.64	0.00	0.50	0.00	0.00
Q8	0.76	-3.05	2.12	0.00	0.00	-0.06	0.00	0.00	-2.93	0.00	-1.48	0.00	0.00	-1.68	0.00	0.46	0.00	0.00
E12	-0.28	-0.32	3.08	0.01	-0.03	-0.01	0.01	-0.04	0.69	0.02	-0.57	0.04	-0.04	-0.89	-0.13	0.40	-0.60	0.03
C12	-0.30	-0.43	1.48	0.00	0.00	0.01	0.00	0.00	-0.75	0.00	-1.11	0.00	0.00	-1.07	0.00	0.67	0.00	0.00
C11	1.80	-0.14	-0.56	0.00	0.00	0.02	0.00	0.00	0.13	0.00	-0.82	0.00	0.00	-1.05	0.00	0.89	0.00	0.00
C10	-0.32	-0.74	3.51	-0.00	0.03	0.02	0.02	-0.02	0.72	-0.01	-1.32	0.02	-0.01	-1.07	0.23	0.41	-0.02	-0.00
A11	0.28	-0.34	1.14	0.00	0.00	-0.01	0.00	0.00	-0.51	0.00	-1.45	0.00	0.00	-0.93	0.00	0.80	0.00	0.00
A10	1.86	-6.93	3.60	0.00	0.00	-0.03	0.00	0.00	-2.88	0.00	-1.09	0.00	0.00	-0.77	0.00	0.47	0.00	0.00
A12	0.73	0.60	-0.88	0.00	0.00	-0.03	0.00	0.00	0.81	0.00	0.13	0.00	0.00	-0.15	0.00	0.41	0.00	0.00
A1	0.33	-3.55	1.24	0.00	0.00	0.03	0.00	0.00	-5.81	0.00	-3.03	0.00	0.00	-1.98	0.00	1.15	0.00	0.00
A3	0.57	0.69	-0.89	0.00	0.00	-0.03	0.00	0.00	0.61	0.00	0.14	0.00	0.00	-0.19	0.00	0.31	0.00	0.00
A2	0.52	-0.32	-0.78	0.00	0.00	-0.01	0.00	0.00	-0.53	0.00	0.13	0.00	0.00	-0.42	0.00	0.35	0.00	0.00
A5	0.85	-2.92	0.23	0.00	0.00	0.07	0.00	0.00	-1.83	0.00	-0.02	0.00	0.00	-0.54	0.00	0.49	0.00	0.00
A4	0.04	-0.25	0.60	0.00	0.00	-0.05	0.00	0.00	-1.92	0.00	-1.48	0.00	0.00	-0.81	0.00	0.01	0.00	0.00
A7	1.00	-3.28	0.08	0.00	0.00	0.00	0.00	0.00	-2.70	0.00	0.10	0.00	0.00	-0.69	0.00	0.08	0.00	0.00
A6	0.49	-0.25	-0.79	0.00	0.00	-0.01	0.00	0.00	-0.48	0.00	0.13	0.00	0.00	-0.40	0.00	0.35	0.00	0.00
A9	0.68	0.40	2.42	0.00	0.00	-0.06	0.00	0.00	3.23	0.00	-1.44	0.00	0.00	1.02	0.00	0.21	0.00	0.00
A8	1.28	0.62	0.01	0.00	0.00	-0.03	0.00	0.00	0.12	0.00	-1.49	0.00	0.00	-0.68	0.00	0.42	0.00	0.00
D8	-0.10	0.27	0.93	0.00	-0.03	-0.05	0.00	-0.04	-0.57	0.08	-0.52	0.06	-0.06	-0.88	-0.27	0.59	-0.65	0.09
D9	-0.36	-0.62	1.69	0.00	-0.04	0.00	0.02	-0.05	-0.92	0.02	-0.58	0.07	-0.06	-0.88	-0.02	0.38	-0.55	0.05
D6	1.53	-2.09	2.10	0.00	0.00	0.01	0.00	0.00	-0.20	0.00	-1.24	0.00	0.00	-1.43	0.00	0.93	0.00	0.00
D7	-0.16	0.69	-0.00	0.00	0.00	-0.10	0.00	0.00	0.20	0.00	-1.04	0.00	0.00	-0.30	0.00	1.11	0.00	0.00
D4	2.80	-3.45	2.05	0.00	0.00	0.00	0.00	0.00	0.11	0.00	-1.27	0.00	0.00	-1.27	0.00	1.25	0.00	0.00
D5	1.29	2.88	-1.29	0.00	0.00	1.18	0.00	0.00	0.20	0.00	-3.01	0.00	0.00	-2.51	0.00	1.67	0.00	0.00
D2	0.07	0.34	1.19	0.00	0.00	-0.10	0.00	0.00	2.06	0.00	-1.01	0.00	0.00	0.73	0.00	0.83	0.00	0.00
D3	2.31	-3.29	1.98	0.00	0.00	0.00	0.00	0.00	-0.33	0.00	-1.26	0.00	0.00	-1.25	0.00	1.20	0.00	0.00
D1	-0.53	0.09	4.04	0.00	0.00	-0.01	0.00	0.00	1.91	0.00	-1.20	0.00	0.00	-1.15	0.00	0.66	0.00	0.00
