G7	0.62	1.30	2.08	0.01	0.06	-0.08	0.07	0.11	3.12	-0.02	-0.97	-0.05	0.02	-0.92	0.10	0.65	-0.17	0.32
G6	0.10	3.90	-0.47	0.02	0.00	-0.00	-0.03	-0.01	3.31	0.00	-1.39	0.04	0.13	0.45	-0.49	0.96	0.09	-0.00
G5	0.40	1.68	1.40	0.00	0.00	-0.03	0.00	0.00	1.94	0.00	-1.32	0.00	0.00	-0.63	0.00	0.44	0.00	0.00
G4	5.39	-4.28	0.51	0.00	0.00	-0.07	0.00	0.00	1.40	0.00	-1.05	0.00	0.00	-0.26	0.00	1.15	0.00	0.00
G3	1.42	-2.99	0.83	0.00	0.00	-0.04	0.00	0.00	-1.74	0.00	-1.34	0.00	0.00	-0.55	0.00	0.93	0.00	0.00
G2	1.65	-2.25	2.60	0.00	0.00	-0.03	0.02	0.14	0.59	-0.04	-0.89	-0.01	-0.10	-1.03	-0.33	0.87	-0.01	-0.01
G1	0.55	0.14	2.32	0.00	-0.00	-0.00	-0.01	0.01	1.85	0.00	-0.92	0.00	0.00	-0.80	0.04	0.49	0.03	0.00
G9	0.81	0.77	2.02	0.00	0.00	-0.03	0.00	0.00	2.03	0.00	-0.95	0.00	0.00	-0.95	0.00	0.36	0.00	0.00
G8	0.49	2.13	2.76	0.00	0.00	-0.01	0.00	0.00	4.19	0.00	-0.99	0.00	0.00	-0.72	0.00	0.53	0.00	0.00
G11	2.99	-2.46	1.53	0.01	0.06	-0.14	0.15	-0.00	2.21	0.03	-0.85	-0.06	-0.10	-0.85	0.24	1.49	-0.13	0.30
N7	0.73	0.36	2.57	0.00	0.00	-0.02	0.00	0.00	4.34	0.00	-0.00	0.00	0.00	0.12	0.00	0.60	0.00	0.00
F6	0.75	-0.08	2.03	0.01	0.00	-0.00	-0.01	-0.01	1.29	0.04	-0.91	-0.00	0.00	-0.87	0.02	0.44	-0.10	0.00
B4	2.08	-2.56	2.75	-0.00	0.00	-0.03	0.02	0.02	2.19	0.01	-1.20	0.01	-0.00	-0.08	-0.04	1.26	-0.06	0.02
B5	1.59	-1.31	0.17	0.00	0.00	0.07	0.00	0.00	1.83	0.00	-0.03	0.00	0.00	0.77	0.00	0.57	0.00	0.00
B6	4.43	-2.07	0.42	0.00	0.00	-0.06	0.00	0.00	2.49	0.00	-1.15	0.00	0.00	-0.12	0.00	1.03	0.00	0.00
B7	1.72	-2.32	1.32	0.01	0.04	-0.06	0.10	0.05	-0.20	-0.01	-1.34	-0.09	-0.10	-0.70	0.00	0.95	-0.06	0.29
B1	0.00	0.00	0.00	0.00	0.00	0.00	0.00	0.00	0.00	0.00	0.00	0.00	0.00	0.00	0.00	0.00	0.00	0.00
B2	2.84	-2.52	-3.11	0.00	0.00	0.04	0.00	0.00	-1.86	0.00	0.02	0.00	0.00	0.77	0.00	0.10	0.00	0.00
B3	1.98	-2.92	2.24	0.01	0.00	0.00	-0.03	-0.03	1.09	0.03	-1.22	0.00	0.01	0.08	0.07	1.02	-0.13	-0.01
B8	5.05	-3.64	-0.41	0.00	0.00	0.02	0.00	0.00	0.94	0.00	-1.26	0.00	0.00	0.41	0.00	0.77	0.00	0.00
B9	4.25	-1.72	-0.28	0.00	0.00	-0.03	0.00	0.00	2.73	0.00	-1.22	0.00	0.00	0.26	0.00	1.48	0.00	0.00
P10	2.08	-3.07	1.76	0.00	0.00	0.00	0.00	0.00	0.66	0.00	-1.16	0.00	0.00	0.09	0.00	0.96	0.00	0.00
P11	1.83	-3.28	0.34	-0.00	0.04	0.03	0.11	-0.04	1.21	0.04	-0.10	-0.08	0.06	0.84	0.37	0.84	-0.07	0.28
P12	1.41	-2.40	0.94	0.00	0.07	0.03	0.13	0.07	1.85	0.00	-0.12	-0.09	0.01	0.83	-0.06	0.71	0.03	0.28
E9	0.97	0.35	1.55	0.00	0.00	-0.02	0.00	0.00	1.66	0.00	-0.92	0.00	0.00	-0.84	0.00	0.57	0.00	0.00
E8	0.54	0.32	2.93	0.00	0.00	-0.02	0.00	0.00	2.26	0.00	-0.89	0.00	0.00	-0.99	0.00	0.37	0.00	0.00
E5	0.66	0.38	2.37	0.00	0.00	-0.01	0.00	0.01	2.11	-0.01	-0.90	0.00	0.00	-0.81	-0.01	0.49	-0.05	-0.01
E4	0.38	0.93	2.12	0.00	0.00	-0.01	-0.01	-0.01	1.85	0.00	-0.91	0.01	0.00	-0.98	0.01	0.34	-0.04	-0.01
E7	0.47	0.72	2.57	0.00	-0.00	-0.02	-0.00	0.01	2.09	-0.01	-1.03	0.01	-0.00	-0.99	-0.13	0.46	0.03	-0.01
E6	2.22	-0.53	0.78	0.00	0.00	-0.04	0.00	0.00	1.48	0.00	-1.33	0.00	0.00	-0.53	0.00	0.90	0.00	0.00
E1	0.72	-0.54	2.32	0.00	0.00	-0.01	-0.01	-0.00	0.95	-0.00	-0.89	0.00	0.00	-0.99	0.01	0.35	-0.01	-0.00
P8	1.15	-0.72	3.37	0.00	0.00	-0.06	0.02	0.02	4.21	-0.01	0.03	0.00	0.02	-0.17	0.04	0.51	-0.00	-0.01
E3	4.51	-3.26	0.48	0.00	0.00	-0.05	0.00	0.00	1.26	0.00	-1.14	0.00	0.00	-0.14	0.00	0.87	0.00	0.00
E2	3.95	-3.04	-2.42	0.06	0.03	-0.04	0.03	0.01	0.99	0.03	-1.14	-0.06	-0.23	3.77	0.19	0.54	-0.70	0.04
P2	1.40	-2.72	2.30	0.01	0.00	-0.03	-0.01	0.01	1.14	-0.00	0.04	-0.00	-0.10	-0.14	0.06	0.47	-0.11	-0.01
P3	2.77	-1.58	0.58	0.00	0.00	-0.03	0.00	0.00	1.98	0.00	-0.00	0.00	0.00	0.19	0.00	0.05	0.00	0.00
P1	2.04	-1.17	0.75	0.00	0.00	-0.09	0.00	0.00	2.33	0.00	0.06	0.00	0.00	0.20	0.00	0.55	0.00	0.00
P6	1.66	-3.22	1.04	0.00	0.07	0.06	0.14	0.07	1.39	-0.01	-0.15	-0.09	0.05	0.91	-0.08	0.51	0.14	0.29
P7	2.00	-2.12	2.09	-0.01	-0.00	-0.10	-0.02	-0.01	2.73	-0.01	0.15	-0.00	-0.00	0.30	-0.06	0.51	0.02	0.00
P4	1.02	-2.68	1.96	0.01	0.08	-0.03	0.13	0.05	1.15	0.01	-0.10	-0.10	-0.09	0.04	0.01	0.53	0.01	0.30
P5	2.39	-2.46	2.45	0.00	0.00	-0.00	0.00	0.00	2.49	0.00	-1.13	0.00	0.00	0.64	0.00	0.60	0.00	0.00
H10	1.44	-4.96	2.45	0.00	0.00	0.01	0.00	0.00	-2.08	0.00	-0.04	0.00	0.00	-0.33	0.00	-0.66	0.00	0.00
H11	2.74	-5.66	5.58	0.15	0.05	0.01	-0.30	0.61	-1.70	0.03	-0.97	-0.41	0.16	-4.80	0.28	1.12	-0.95	0.66
H12	1.39	-5.71	4.20	0.00	0.00	-0.01	0.00	0.00	-1.23	0.00	-0.03	0.00	0.00	-0.52	0.00	-0.56	0.00	0.00
P9	1.66	-2.88	2.49	0.00	0.00	0.01	0.00	0.00	1.28	0.00	-1.16	0.00	0.00	0.43	0.00	0.73	0.00	0.00
F12	4.41	-2.84	0.16	0.00	0.00	-0.05	0.00	-0.01	1.14	0.01	-1.25	0.00	-0.00	-0.49	0.09	1.11	0.00	-0.01
F10	1.59	-2.23	1.14	0.00	0.00	-0.03	0.00	0.00	-0.41	0.00	-0.80	0.00	0.00	-0.88	0.00	0.81	0.00	0.00
F11	1.58	-3.04	1.57	0.00	0.00	-0.04	0.00	0.00	-0.73	0.00	-0.81	0.00	0.00	-0.85	0.00	0.86	0.00	0.00
N12	1.38	0.52	1.20	0.00	0.00	0.05	0.00	0.00	4.52	0.00	-0.04	0.00	0.00	0.91	0.00	0.50	0.00	0.00
N10	1.13	0.60	2.98	-0.00	-0.00	-0.04	0.01	-0.01	5.50	0.00	-0.01	-0.01	-0.00	0.04	-0.03	0.80	0.05	-0.02
N11	0.97	0.34	0.27	0.00	0.01	0.03	0.30	-0.02	1.78	-0.04	-1.63	0.02	-0.12	0.18	0.14	0.47	0.82	0.02
H6	1.28	-0.22	1.71	0.00	0.00	0.05	0.00	0.00	4.27	0.00	-0.04	0.00	0.00	0.92	0.00	0.56	0.00	0.00
H7	1.10	0.61	1.88	0.00	0.00	0.00	0.00	0.00	5.19	0.00	-0.00	0.00	0.00	0.79	0.00	0.81	0.00	0.00
H4	-0.30	0.69	-0.42	0.00	0.05	-0.01	0.14	0.09	0.72	0.00	-0.07	-0.10	0.02	0.17	-0.03	0.15	0.03	0.31
H5	1.31	-0.24	1.82	0.00	0.00	0.05	0.00	0.00	4.39	0.00	-0.03	0.00	0.00	0.92	0.00	0.56	0.00	0.00
D10	0.67	-0.33	2.31	0.01	0.04	-0.03	0.11	0.06	1.59	-0.01	-0.93	-0.08	-0.10	-1.01	-0.09	0.79	-0.11	0.29
D11	0.57	-0.09	1.57	-0.00	-0.02	-0.03	0.01	-0.00	0.50	0.01	-0.88	-0.01	-0.01	-1.00	0.03	0.41	-0.09	0.03
D12	0.20	-0.20	2.03	-0.00	-0.00	-0.04	0.06	0.02	0.73	0.00	-1.11	0.01	-0.01	-0.75	0.22	0.27	0.01	0.02
B12	4.07	-2.11	0.47	0.00	0.00	-0.05	0.00	0.00	2.04	0.00	-1.17	0.00	0.00	-0.15	0.00	0.99	0.00	0.00
B10	5.05	-3.97	0.25	0.00	-0.00	0.02	-0.02	0.01	0.85	0.00	-1.24	0.01	0.00	-0.06	0.05	0.78	-0.03	-0.01
B11	4.18	-2.80	1.08	0.00	0.00	-0.05	0.00	0.00	1.83	0.00	-1.11	0.00	0.00	-0.21	0.00	0.73	0.00	0.00
E10	3.49	-1.37	0.27	-0.04	0.00	-0.01	0.03	0.04	1.99	-0.03	-1.18	-0.01	-0.29	-0.14	0.41	0.94	-0.08	-0.03
E11	0.38	0.69	2.13	0.00	0.00	-0.01	0.00	0.00	1.59	0.00	-0.92	0.00	0.00	-1.00	0.00	0.33	0.00	0.00
C9	0.41	1.09	2.12	0.00	0.00	-0.02	0.00	0.00	2.07	0.00	-0.91	0.00	0.00	-1.06	0.00	0.43	0.00	0.00
C8	1.16	-0.26	0.91	-0.00	0.00	-0.03	0.02	0.02	0.55	0.01	-0.94	0.01	-0.00	-0.82	-0.03	0.57	-0.05	-0.01
Q11	1.41	-2.75	1.39	0.00	0.00	-0.05	0.00	0.00	0.51	0.00	0.00	0.00	0.00	-0.18	0.00	0.68	0.00	0.00
Q10	1.08	-3.02	2.29	0.00	0.06	-0.05	0.14	-0.03	1.31	0.02	-0.13	-0.10	0.12	-0.08	0.22	0.45	0.04	0.28
Q12	1.25	-2.62	2.23	0.00	0.00	-0.02	0.00	0.00	1.14	0.00	-0.01	0.00	0.00	-0.03	0.00	0.34	0.00	0.00
C3	3.04	-1.40	0.40	0.00	0.00	-0.03	-0.03	0.02	1.61	0.01	-1.20	-0.01	0.01	-0.23	0.08	0.99	0.01	-0.03
C2	4.43	-2.19	0.34	0.00	0.00	-0.05	0.00	0.00	2.32	0.00	-1.15	0.00	0.00	-0.09	0.00	1.03	0.00	0.00
C1	4.09	-1.65	0.31	0.00	0.00	-0.05	0.00	0.00	2.56	0.00	-1.16	0.00	0.00	-0.09	0.00	1.11	0.00	0.00
C7	-0.23	2.01	1.83	0.00	0.00	-0.01	0.00	0.00	2.16	0.00	-1.35	0.00	0.00	-0.47	0.00	0.39	0.00	0.00
C6	0.34	1.58	1.80	0.00	0.00	-0.01	-0.03	0.00	2.22	-0.01	-0.90	-0.01	0.00	-0.85	-0.00	0.29	0.00	-0.00
C5	0.39	0.89	1.90	0.00	0.00	-0.01	0.00	0.00	1.70	0.00	-0.91	0.00	0.00	-0.95	0.00	0.40	0.00	0.00
C4	-0.13	0.92	1.35	0.00	0.00	-0.01	0.00	0.00	0.60	0.00	-1.35	0.00	0.00	-0.49	0.00	0.32	0.00	0.00
H8	0.89	0.76	1.55	0.00	0.00	0.03	0.01	0.02	4.91	-0.00	-0.04	0.01	0.00	1.01	0.11	0.61	-0.03	-0.02
N8	0.38	0.08	0.65	0.00	0.00	0.01	0.00	0.00	1.02	0.00	-0.00	0.00	0.00	-0.03	0.00	-0.08	0.00	0.00
N9	1.43	-2.93	1.97	0.00	0.05	0.00	0.13	-0.03	0.13	0.05	-1.05	-0.09	-0.09	0.05	0.27	0.11	-0.04	0.29
H9	1.25	1.36	0.88	0.00	0.00	0.00	0.00	0.00	4.64	0.00	-0.03	0.00	0.00	0.58	0.00	0.60	0.00	0.00
G12	2.00	-0.94	1.67	0.00	0.00	-0.04	0.00	0.00	1.88	0.00	-0.88	0.00	0.00	-0.60	0.00	0.66	0.00	0.00
N6	0.17	0.78	2.09	0.00	0.07	-0.03	0.14	0.10	4.32	-0.03	-0.13	-0.09	0.02	0.21	-0.22	0.77	0.17	0.29
G10	-0.40	2.01	0.23	0.00	0.06	-0.08	0.14	0.16	3.24	-0.04	-1.06	-0.06	-0.18	2.87	-0.18	0.17	-0.68	0.31
F1	0.35	0.52	2.59	0.00	0.00	-0.01	0.00	0.00	1.86	0.00	-1.03	0.00	0.00	-0.99	0.00	0.42	0.00	0.00
F2	2.62	-0.02	0.05	0.00	0.00	-0.01	0.00	0.00	2.16	0.00	-1.36	0.00	0.00	-0.21	0.00	1.09	0.00	0.00
F3	0.99	0.14	1.54	0.00	0.00	-0.02	0.00	0.00	1.36	0.00	-0.94	0.00	0.00	-0.88	0.00	0.53	0.00	0.00
F4	4.18	-1.63	-0.29	0.00	0.00	-0.04	0.00	0.00	2.76	0.00	-1.22	0.00	0.00	0.27	0.00	1.48	0.00	0.00
F5	0.50	0.01	1.62	0.00	0.00	-0.01	0.00	0.00	0.46	0.00	-0.94	0.00	0.00	-1.00	0.00	0.29	0.00	0.00
N5	0.35	0.75	0.42	0.00	0.00	0.02	0.00	0.00	1.66	0.00	-0.01	0.00	0.00	0.06	0.00	0.06	0.00	0.00
F7	2.73	-0.11	-0.10	0.00	0.00	-0.02	0.00	0.00	2.03	0.00	-1.36	0.00	0.00	-0.22	0.00	1.10	0.00	0.00
F8	0.57	0.25	2.25	0.00	0.00	-0.03	0.00	0.00	1.50	0.00	-1.10	0.00	0.00	-0.84	0.00	0.39	0.00	0.00
F9	4.19	-1.77	0.26	0.00	0.00	-0.05	0.00	0.00	2.47	0.00	-1.15	0.00	0.00	-0.11	0.00	1.10	0.00	0.00
Q1	1.43	-0.32	1.86	0.00	0.00	-0.03	0.00	0.00	4.10	0.00	0.01	0.00	0.00	0.32	0.00	0.83	0.00	0.00
Q3	1.60	-1.69	1.64	0.00	0.00	0.06	0.00	0.00	2.64	0.00	-0.04	0.00	0.00	0.57	0.00	0.48	0.00	0.00
Q2	1.17	-1.49	1.62	0.00	0.04	-0.04	0.11	0.04	2.77	0.03	-0.09	-0.10	0.02	0.16	0.18	0.99	-0.17	0.30
Q5	1.28	-2.69	2.28	0.00	0.00	-0.04	0.00	0.00	1.24	0.00	0.03	0.00	0.00	-0.09	0.00	0.46	0.00	0.00
Q4	1.75	-2.74	1.07	-0.00	0.06	0.04	0.14	-0.02	2.02	0.03	-0.13	-0.08	0.04	0.72	0.19	0.68	0.01	0.28
Q7	2.97	-5.43	1.29	0.00	0.06	-0.04	0.09	-0.06	-1.95	0.04	-1.64	-0.06	0.15	-0.30	0.27	0.46	-0.01	0.28
Q6	4.70	-5.39	3.21	-0.04	-0.09	0.08	-0.39	-0.35	-1.05	0.24	-2.08	-0.01	-0.84	-2.47	2.49	0.13	-0.27	0.02
Q9	1.14	-1.88	2.09	-0.02	0.00	-0.04	0.08	0.03	2.44	0.02	-0.04	-0.01	0.01	0.13	0.25	0.64	0.03	0.02
Q8	1.70	-3.71	3.01	0.00	0.00	0.02	0.00	0.00	1.76	0.00	-0.03	0.00	0.00	0.16	0.00	0.62	0.00	0.00
E12	0.37	0.28	2.92	-0.00	0.00	-0.02	-0.00	-0.01	2.02	0.01	-0.89	0.01	-0.00	-1.04	0.05	0.35	-0.04	0.02
C12	0.39	0.78	2.32	0.00	0.00	-0.01	0.00	0.00	1.97	0.00	-1.02	0.00	0.00	-1.00	0.00	0.51	0.00	0.00
C11	2.21	-0.69	0.78	0.00	0.00	-0.04	0.00	0.00	1.28	0.00	-1.34	0.00	0.00	-0.54	0.00	0.90	0.00	0.00
C10	0.57	0.42	2.16	0.00	0.00	-0.01	0.00	0.00	2.00	0.00	-0.92	0.00	0.00	-0.78	0.00	0.55	0.00	0.00
A11	1.45	-1.32	2.46	0.00	0.00	0.03	0.00	0.00	2.65	0.00	-1.20	0.00	0.00	0.61	0.00	0.62	0.00	0.00
A10	7.05	-4.68	-0.16	0.00	0.00	-0.06	0.00	0.00	2.41	0.00	-0.84	0.00	0.00	0.09	0.00	1.01	0.00	0.00
A12	1.69	-0.71	2.11	0.00	0.00	-0.06	0.00	0.00	3.84	0.00	0.01	0.00	0.00	-0.01	0.00	0.80	0.00	0.00
A1	1.97	-3.69	2.32	0.02	0.05	0.03	0.04	0.01	0.54	-0.06	-1.18	-0.15	-0.14	0.30	-0.06	0.82	0.06	0.19
A3	1.39	-0.20	1.36	0.00	0.00	-0.04	0.00	0.00	3.50	0.00	0.01	0.00	0.00	0.31	0.00	0.67	0.00	0.00
A2	1.23	-0.89	1.80	-0.00	0.00	-0.04	-0.00	0.01	2.88	0.01	0.00	-0.01	-0.00	0.01	0.05	0.74	-0.07	0.02
A5	2.12	-4.21	3.48	0.00	0.04	0.04	0.11	-0.06	0.69	0.05	-0.10	-0.09	0.23	-3.17	0.42	1.03	0.49	0.29
A4	2.11	-0.57	1.76	0.00	0.00	0.02	0.00	0.00	4.91	0.00	-0.01	0.00	0.00	0.94	0.00	0.67	0.00	0.00
A7	2.29	-5.44	3.58	0.01	0.07	0.01	0.14	0.06	1.33	-0.00	-0.15	-0.08	0.02	0.26	-0.10	0.29	0.09	0.28
A6	0.11	-1.30	2.50	-0.02	0.05	0.02	0.24	-0.05	0.49	-0.10	-1.69	0.04	-0.47	-0.01	0.34	0.10	0.76	-0.02
A9	0.88	-0.18	4.11	0.00	0.00	0.04	-0.02	0.00	6.56	-0.00	-0.02	-0.01	-0.11	0.93	-0.02	0.95	-0.00	0.02
A8	1.96	-0.17	1.88	-0.00	-0.01	0.00	0.00	-0.05	5.33	0.04	-0.01	0.01	-0.00	0.92	0.19	0.75	-0.20	0.02
D8	0.48	0.03	2.78	-0.00	0.00	-0.02	0.01	0.00	1.84	0.00	-0.90	0.00	-0.00	-1.02	0.01	0.43	0.01	0.01
D9	0.91	0.03	1.52	0.00	0.00	-0.02	0.00	0.00	1.06	0.00	-0.97	0.00	0.00	-0.93	0.00	0.51	0.00	0.00
D6	2.63	-0.44	0.57	0.00	0.00	-0.04	0.00	0.00	1.78	0.00	-1.30	0.00	0.00	-0.50	0.00	0.86	0.00	0.00
D7	0.28	-0.29	3.16	0.01	0.04	-0.06	0.11	0.05	1.69	-0.02	-1.16	-0.09	-0.10	-0.79	-0.14	0.51	-0.11	0.29
D4	3.87	-1.79	0.38	-0.00	-0.00	-0.05	0.01	0.02	2.14	0.01	-1.17	0.02	0.00	-0.17	-0.07	1.07	0.03	-0.01
D5	4.13	-2.64	0.49	0.01	0.04	-0.07	0.06	-0.05	2.21	0.02	-1.16	-0.08	-0.09	-0.20	0.29	1.36	-0.18	0.29
D2	0.94	0.40	1.42	0.00	0.00	-0.02	0.00	0.00	1.55	0.00	-0.93	0.00	0.00	-0.85	0.00	0.58	0.00	0.00
D3	3.00	-1.38	0.41	0.00	0.00	-0.04	0.01	-0.02	1.60	0.00	-1.19	-0.01	0.00	-0.18	0.02	0.97	0.01	0.00
D1	0.56	0.33	2.71	0.00	0.00	-0.02	0.00	0.00	2.13	0.00	-0.89	0.00	0.00	-0.98	0.00	0.43	0.00	0.00
