G7	0.09	0.89	0.06	-0.07	0.05	-0.60	-0.09	0.07	0.78	0.09	0.45	-0.10	0.03	-0.72	-0.10	0.78	-0.01	0.06
G6	-0.49	2.18	-0.95	-0.46	0.40	-0.59	-0.52	0.32	1.10	0.36	0.90	-1.14	0.40	-0.59	0.88	1.53	-0.26	0.94
G5	0.13	1.00	-0.65	-0.17	0.22	-0.64	-0.42	1.51	0.40	-0.57	0.51	-1.54	-0.03	-0.24	0.18	0.51	-0.38	0.32
G4	3.48	-1.70	-0.48	-0.07	0.05	-0.59	-0.09	0.07	-0.82	0.09	0.58	-0.10	0.03	-1.45	-0.10	0.72	-0.01	0.06
G3	2.31	-0.79	-1.48	-0.07	0.05	-0.59	-0.09	0.07	-1.00	0.09	0.87	-0.10	0.03	-0.56	-0.10	0.73	-0.01	0.06
G2	2.57	-0.70	-0.22	-0.07	0.05	-0.63	-0.09	0.07	-0.04	0.09	0.79	-0.10	0.03	-1.76	-0.10	1.52	-0.01	0.06
G1	-0.39	-0.04	0.13	-0.07	0.05	-0.60	-0.09	0.07	-0.42	0.09	0.36	-0.10	0.03	-0.57	-0.10	-0.21	-0.01	0.06
G9	0.16	0.70	-0.63	-0.07	0.05	-0.64	-0.09	0.07	0.16	0.09	0.42	-0.10	0.03	-0.33	-0.10	0.78	-0.01	0.06
G8	-0.40	1.14	0.18	-0.07	0.05	-0.61	-0.09	0.07	0.89	0.09	0.39	-0.10	0.03	-0.42	-0.10	0.18	-0.01	0.06
N6	-1.43	0.49	0.70	0.02	-0.31	1.65	0.44	0.82	0.97	0.23	0.26	1.48	0.32	1.07	-0.07	-0.76	-0.11	-0.20
N7	-1.37	0.33	1.02	-0.07	0.05	1.52	-0.09	0.07	1.25	0.09	0.24	-0.10	0.03	1.07	-0.10	0.27	-0.01	0.06
B4	1.36	-0.14	-0.47	-0.46	-0.13	1.74	-0.23	-1.32	0.86	-0.31	0.61	-0.49	0.11	0.84	0.29	0.45	-0.09	0.50
B5	-0.55	0.45	-0.43	-0.07	0.05	1.61	-0.09	0.07	0.52	0.09	0.21	-0.10	0.03	1.24	-0.10	-0.06	-0.01	0.06
B6	1.34	-1.21	1.07	-0.80	-0.31	-0.59	0.68	3.53	-0.09	-0.17	0.44	-0.62	-0.01	-1.07	-1.47	-0.14	-0.20	-2.32
B7	0.33	0.08	-1.45	2.16	0.22	-0.41	-1.02	-3.65	-0.98	-0.44	0.77	-1.01	1.49	-0.22	-1.59	0.68	0.64	-4.69
B1	-0.55	-0.17	0.01	-0.07	0.05	-0.46	-0.09	0.07	-0.06	0.09	0.42	-0.10	0.03	0.99	-0.10	-0.01	-0.01	0.06
B2	3.06	0.14	-1.30	-0.07	0.05	-0.60	-0.09	0.07	0.45	0.09	0.92	-0.10	0.03	-0.87	-0.10	1.52	-0.01	0.06
B3	1.36	-0.92	0.38	-0.07	0.75	1.49	-0.16	-0.31	0.51	0.09	0.19	-1.01	0.42	0.42	-0.07	0.17	-0.46	-0.20
B8	1.78	-1.01	-0.18	-0.07	0.05	-0.64	-0.09	0.07	-0.51	0.09	0.44	-0.10	0.03	-0.76	-0.10	0.56	-0.01	0.06
B9	1.58	-1.74	0.29	5.00	5.00	-0.52	5.00	1.01	0.06	-5.00	3.72	3.11	-3.22	-0.77	2.40	0.01	5.00	-0.56
N5	-0.46	-0.28	0.82	-1.24	0.05	-0.58	0.56	0.00	-0.11	-0.84	-2.11	0.17	-5.00	-0.37	2.51	1.52	-0.02	0.24
P10	0.29	-0.06	-0.42	0.12	0.22	1.84	0.49	1.64	0.93	-0.44	0.29	5.00	1.72	2.17	1.05	-0.16	-0.51	-3.81
P11	0.18	0.75	-1.54	-0.07	0.05	1.63	-0.09	0.07	0.32	0.09	0.73	-0.10	0.03	1.20	-0.10	0.30	-0.01	0.06
P12	-0.57	0.96	-1.87	0.02	0.05	1.62	-0.35	0.51	-0.11	0.03	0.87	-0.03	-0.03	1.41	0.29	-0.14	-0.00	-0.20
E9	-0.11	0.10	-0.23	3.56	-0.13	-0.64	-0.45	1.51	-0.37	-1.31	0.31	2.07	-1.80	-0.65	-0.12	0.40	0.70	-0.64
E8	-0.27	0.26	0.63	-0.07	0.05	-0.62	-0.09	0.07	0.45	0.09	0.38	-0.10	0.03	-0.70	-0.10	0.59	-0.01	0.06
E5	-0.40	0.23	0.27	-0.07	0.05	-0.60	-0.09	0.07	-0.04	0.09	0.36	-0.10	0.03	-0.61	-0.10	-0.08	-0.01	0.06
E4	-0.39	0.67	0.04	-0.07	0.05	-0.62	-0.09	0.07	0.24	0.09	0.37	-0.10	0.03	-0.53	-0.10	-0.01	-0.01	0.06
E7	0.32	0.59	-0.82	-0.07	0.05	-0.61	-0.09	0.07	0.00	0.09	0.62	-0.10	0.03	-0.54	-0.10	1.32	-0.01	0.06
E6	-0.31	0.98	-1.78	-0.07	0.05	-0.58	-0.09	0.07	-0.53	0.09	0.92	-0.10	0.03	-0.23	-0.10	1.84	-0.01	0.06
E1	0.55	-0.35	0.06	-0.07	0.05	-0.63	-0.09	0.07	-0.24	0.09	0.48	-0.10	0.03	-1.15	-0.10	1.64	-0.01	0.06
P8	0.46	-0.59	2.35	-1.92	0.05	1.36	0.34	0.38	2.17	0.43	0.38	-0.29	0.64	0.93	3.02	-1.60	0.20	1.20
E3	1.51	-1.17	-0.29	-0.07	0.05	-0.63	-0.09	0.07	-0.89	0.09	0.44	-0.10	0.03	-0.82	-0.10	0.68	-0.01	0.06
E2	1.51	-1.18	-0.28	-0.07	0.05	-0.63	-0.09	0.07	-0.91	0.09	0.44	-0.10	0.03	-0.84	-0.10	0.69	-0.01	0.06
P2	1.38	-0.35	0.83	-0.07	0.05	1.62	-0.09	0.07	1.82	0.09	1.26	-0.10	0.03	0.91	-0.10	-0.04	-0.01	0.06
P3	1.96	-0.62	0.52	-0.07	0.05	1.64	-0.09	0.07	1.64	0.09	1.32	-0.10	0.03	0.92	-0.10	0.20	-0.01	0.06
P1	1.66	-0.58	0.47	-0.07	0.05	1.92	-0.09	0.07	1.30	0.09	1.13	-0.10	0.03	0.60	-0.10	-0.21	-0.01	0.06
P6	0.75	0.39	-1.03	-0.03	-0.13	0.44	-0.09	0.26	0.40	-0.17	0.49	0.17	-0.15	0.92	-1.12	0.46	0.22	0.76
P7	1.51	-0.88	1.33	-0.07	0.05	1.54	-0.09	0.07	1.55	0.09	0.29	-0.10	0.03	0.75	-0.10	-0.39	-0.01	0.06
P4	1.12	-0.12	0.63	-0.07	0.05	1.51	-0.09	0.07	1.83	0.09	1.55	-0.10	0.03	1.00	-0.10	0.14	-0.01	0.06
P5	0.37	-1.02	0.24	-0.07	0.05	1.51	-0.09	0.07	0.24	0.09	0.37	-0.10	0.03	1.79	-0.10	-0.83	-0.01	0.06
H10	0.31	-2.41	2.03	-0.07	0.05	1.75	-0.09	0.07	-0.08	0.09	-1.67	-0.10	0.03	0.94	-0.10	-0.46	-0.01	0.06
H11	0.25	-2.34	2.16	-0.95	-5.00	-2.28	1.04	-3.08	-0.05	-1.44	0.54	-1.01	-2.41	0.32	-1.99	0.27	5.00	0.59
H12	0.50	-2.80	2.68	-0.07	0.05	2.02	-0.09	0.07	0.11	0.09	-1.77	-0.10	0.03	0.68	-0.10	-0.60	-0.01	0.06
P9	0.26	-0.85	1.52	-0.03	0.05	1.62	-0.14	-0.81	1.16	0.09	0.40	0.10	-0.07	1.00	-0.75	-0.71	-0.15	-0.03
F12	2.47	-0.71	-1.52	-0.12	0.22	-0.54	-0.40	-1.88	-0.75	-1.04	0.77	-0.36	0.54	-0.24	-0.29	0.91	-0.20	2.08
F10	1.74	-0.30	-0.89	-0.07	0.05	-0.63	-0.09	0.07	-0.56	0.09	0.80	-0.10	0.03	-1.40	-0.10	1.22	-0.01	0.06
F11	2.44	-0.65	-0.63	-0.17	0.05	-0.63	-0.16	1.26	-0.39	1.49	0.74	-0.68	0.05	-1.51	-0.10	1.17	-0.15	1.20
N12	-0.58	0.69	0.17	-0.07	0.05	1.58	-0.09	0.07	1.59	0.09	0.24	-0.10	0.03	1.52	-0.10	1.21	-0.01	0.06
H8	-0.39	0.38	0.56	-0.03	-0.13	1.58	-0.73	1.26	1.72	0.23	0.23	-0.75	-0.11	1.36	-0.25	1.42	0.22	1.47
H9	-0.51	0.32	0.36	-0.07	0.05	1.59	-0.09	0.07	1.45	0.09	0.26	-0.10	0.03	1.43	-0.10	1.45	-0.01	0.06
H6	-0.40	0.24	0.35	-0.07	0.05	1.50	-0.09	0.07	1.31	0.09	0.26	-0.10	0.03	1.38	-0.10	0.99	-0.01	0.06
H7	-0.48	0.17	0.64	-0.07	0.05	1.57	-0.09	0.07	1.41	0.09	0.29	-0.10	0.03	1.22	-0.10	1.07	-0.01	0.06
H4	-1.27	1.64	-1.02	-0.07	-0.31	-0.60	-0.25	0.82	0.11	0.03	0.39	0.10	0.11	-0.03	0.62	0.36	0.16	0.50
H5	-0.19	0.40	-0.08	-0.07	0.05	1.55	-0.09	0.07	1.14	0.09	0.20	-0.10	0.03	1.30	-0.10	0.89	-0.01	0.06
D10	-0.29	-0.07	0.00	-0.07	0.05	-0.60	-0.09	0.07	-0.48	0.09	0.37	-0.10	0.03	-0.59	-0.10	0.05	-0.01	0.06
D11	0.40	0.01	-0.51	-0.07	0.05	-0.61	-0.09	0.07	-0.49	0.09	0.40	-0.10	0.03	-0.74	-0.10	0.57	-0.01	0.06
D12	-0.91	1.10	-1.98	-0.07	0.05	-0.61	-0.09	0.07	-1.42	0.09	-0.73	-0.10	0.03	-0.93	-0.10	1.67	-0.01	0.06
B12	1.12	-0.82	0.38	-0.07	0.05	-0.65	-0.09	0.07	-0.40	0.09	0.44	-0.10	0.03	-1.08	-0.10	-0.13	-0.01	0.06
B10	0.94	-1.34	0.05	-0.07	0.05	-0.61	-0.09	0.07	-1.11	0.09	0.39	-0.10	0.03	-0.67	-0.10	-0.05	-0.01	0.06
B11	1.42	-1.20	0.42	-0.07	0.05	-0.61	-0.09	0.07	-0.32	0.09	0.44	-0.10	0.03	-0.58	-0.10	0.27	-0.01	0.06
Q8	0.06	-0.19	0.94	-0.07	0.05	0.62	-0.09	0.07	-0.38	0.09	-0.25	-0.10	0.03	-3.16	-0.10	1.06	-0.01	0.06
Q9	-0.53	0.84	-1.64	-0.07	0.05	1.66	-0.09	0.07	0.21	0.09	0.73	-0.10	0.03	1.28	-0.10	1.59	-0.01	0.06
C9	-0.42	0.76	-0.27	-0.07	0.05	-0.58	-0.09	0.07	0.10	0.09	0.36	-0.10	0.03	-0.44	-0.10	0.09	-0.01	0.06
C8	-0.23	-0.25	-0.71	3.81	-0.31	-0.68	-0.04	2.21	-1.13	-1.84	0.34	0.76	-1.11	-0.62	0.72	0.55	0.62	-1.26
Q11	0.80	0.62	-1.47	-0.07	0.05	1.75	-0.09	0.07	0.62	0.09	0.80	-0.10	0.03	1.13	-0.10	0.63	-0.01	0.06
Q10	1.38	-0.35	0.83	-0.07	0.05	1.62	-0.09	0.07	1.82	0.09	1.26	-0.10	0.03	0.91	-0.10	-0.04	-0.01	0.06
Q12	1.25	-0.43	0.96	-0.07	0.05	1.53	-0.09	0.07	1.66	0.09	1.22	-0.10	0.03	0.80	-0.10	-0.44	-0.01	0.06
C3	0.89	-0.09	-1.77	-0.07	0.05	-0.64	-0.09	0.07	-1.05	0.09	1.01	-0.10	0.03	0.18	-0.10	0.24	-0.01	0.06
C2	1.09	-0.91	0.11	-0.07	0.05	-0.65	-0.09	0.07	-0.52	0.09	0.42	-0.10	0.03	-0.64	-0.10	0.16	-0.01	0.06
C1	1.08	-0.80	0.04	-0.07	0.05	-0.64	-0.09	0.07	-0.50	0.09	0.42	-0.10	0.03	-0.73	-0.10	0.28	-0.01	0.06
C7	-0.46	1.53	0.38	-0.07	0.05	-0.62	-0.09	0.07	1.34	0.09	0.35	-0.10	0.03	-0.58	-0.10	0.13	-0.01	0.06
C6	-0.40	1.28	-0.20	-1.67	-1.37	-0.58	-1.62	2.77	0.91	0.63	0.40	3.96	2.45	-0.31	5.00	-0.26	-0.30	2.79
C5	-0.40	0.74	-0.23	-0.07	0.05	-0.61	-0.09	0.07	0.11	0.09	0.36	-0.10	0.03	-0.45	-0.10	0.10	-0.01	0.06
C4	-0.36	0.76	-0.49	-0.17	0.05	-0.63	0.63	-0.50	0.07	1.16	0.47	-0.23	-0.11	-0.06	0.97	-0.20	-0.21	1.38
N10	-0.54	0.85	0.20	-2.40	0.40	1.44	-0.18	-2.70	1.69	-0.78	0.82	-0.95	-4.19	1.29	0.09	0.26	2.84	0.68
N8	-0.64	-0.35	0.45	-0.07	0.05	-0.62	-0.09	0.07	-0.50	0.09	-1.52	-0.10	0.03	0.32	-0.10	-0.46	-0.01	0.06
N9	-0.76	-0.28	0.48	-0.07	0.05	-0.60	-0.09	0.07	-0.54	0.09	-1.55	-0.10	0.03	-0.38	-0.10	0.87	-0.01	0.06
N11	-0.10	2.01	-2.44	-0.07	0.05	1.89	-0.09	0.07	0.53	0.09	0.27	-0.10	0.03	0.81	-0.10	0.87	-0.01	0.06
G12	1.77	-0.05	-0.47	-0.07	0.05	-0.66	-0.09	0.07	0.06	0.09	0.68	-0.10	0.03	-1.51	-0.10	1.56	-0.01	0.06
G11	2.20	-0.61	-0.38	-0.07	0.05	-0.60	-0.09	0.07	0.01	0.09	1.04	-0.10	0.03	-1.25	-0.10	1.81	-0.01	0.06
G10	0.04	1.05	0.03	-0.07	0.05	-0.61	-0.09	0.07	0.88	0.09	0.39	-0.10	0.03	-0.46	-0.10	0.23	-0.01	0.06
F1	0.10	0.10	-0.16	-0.07	0.05	-0.63	-0.09	0.07	-0.33	0.09	0.41	-0.10	0.03	-0.91	-0.10	0.38	-0.01	0.06
F2	0.17	0.63	-1.00	-0.07	0.05	-0.60	-0.09	0.07	0.02	0.09	1.12	-0.10	0.03	-0.48	-0.10	2.04	-0.01	0.06
F3	-0.09	-0.09	-0.40	3.85	-0.66	-0.64	-0.69	1.07	-0.74	-1.58	0.33	1.61	-1.90	-0.69	-0.99	0.35	0.79	-0.73
F4	1.35	-0.68	0.03	-0.07	0.05	-0.63	-0.09	0.07	-0.26	0.09	0.43	-0.10	0.03	-0.74	-0.10	0.27	-0.01	0.06
F5	-0.25	0.17	-0.53	-0.07	0.05	-0.62	-0.09	0.07	-0.66	0.09	0.40	-0.10	0.03	-0.57	-0.10	0.23	-0.01	0.06
F6	-0.30	-0.20	-0.15	-0.07	0.05	-0.62	-0.09	0.07	-0.70	0.09	0.36	-0.10	0.03	-0.46	-0.10	-0.03	-0.01	0.06
F7	0.19	0.43	-1.09	-0.07	0.05	-0.61	-0.09	0.07	-0.26	0.09	0.72	-0.10	0.03	-0.28	-0.10	1.75	-0.01	0.06
F8	-0.12	-0.03	-0.49	0.99	0.22	-0.66	3.44	0.82	-0.65	-5.00	0.41	1.80	0.52	-0.71	-0.52	0.61	1.12	-4.61
F9	2.18	-0.79	-0.19	-0.07	0.22	-0.65	-0.40	-1.13	-0.06	0.23	0.53	0.17	0.03	-0.73	-2.43	1.07	-0.13	-1.26
Q1	0.76	0.95	-0.13	-0.07	0.05	0.42	-0.09	0.07	1.64	0.09	0.37	-0.10	0.03	1.12	-0.10	-0.64	-0.01	0.06
Q3	-0.48	-0.51	0.60	0.02	0.22	1.52	-0.14	-0.06	0.57	0.36	0.29	0.76	0.01	1.30	-0.03	0.10	-0.25	0.68
Q2	-0.43	0.94	-1.49	-0.07	0.05	1.56	-0.09	0.07	0.40	0.09	0.79	-0.10	0.03	1.26	-0.10	1.15	-0.01	0.06
Q5	1.41	-0.35	0.82	-0.07	0.05	1.62	-0.09	0.07	1.83	0.09	1.25	-0.10	0.03	0.90	-0.10	-0.05	-0.01	0.06
Q4	-0.54	0.96	-1.87	-0.07	0.05	1.64	-0.09	0.07	-0.10	0.09	0.88	-0.10	0.03	1.43	-0.10	-0.15	-0.01	0.06
Q7	0.81	-0.94	-0.59	-0.03	-0.13	1.83	0.20	-0.06	-0.09	0.63	0.88	0.23	0.13	0.77	-0.10	1.60	-0.08	-0.12
Q6	-1.01	1.56	-2.17	-0.07	0.05	1.69	-0.09	0.07	-0.03	0.09	0.33	-0.10	0.03	0.81	-0.10	1.59	-0.01	0.06
E11	-0.35	0.42	-0.12	-0.07	0.05	-0.60	-0.09	0.07	-0.19	0.09	0.36	-0.10	0.03	-0.63	-0.10	-0.10	-0.01	0.06
E10	1.85	-0.56	0.03	0.07	0.22	-0.67	-0.14	-0.18	0.13	0.03	0.47	0.23	0.03	-1.01	-0.65	0.95	0.26	-0.38
E12	-0.13	0.12	0.33	0.12	-0.13	-0.61	-1.07	0.38	0.09	-0.04	0.36	0.04	0.05	-0.91	-0.41	0.96	0.26	-1.00
C12	0.31	0.65	-1.04	-0.07	0.05	-0.62	-0.09	0.07	-0.09	0.09	0.61	-0.10	0.03	-0.48	-0.10	1.44	-0.01	0.06
C11	-0.75	1.19	-2.13	-0.07	0.05	-0.58	-0.09	0.07	-1.21	0.09	-0.67	-0.10	0.03	-0.64	-0.10	1.92	-0.01	0.06
C10	-0.43	0.32	-0.02	-0.07	0.05	-0.60	-0.09	0.07	-0.18	0.09	0.36	-0.10	0.03	-0.54	-0.10	0.02	-0.01	0.06
A11	0.19	-0.53	1.61	-0.07	0.05	1.40	-0.09	0.07	1.42	0.09	0.43	-0.10	0.03	0.91	-0.10	-1.21	-0.01	0.06
A10	2.69	-1.26	-0.55	-0.07	0.05	-0.58	-0.09	0.07	-0.71	0.09	0.71	-0.10	0.03	-1.19	-0.10	0.83	-0.01	0.06
A12	-0.25	0.25	-0.03	-0.07	0.05	1.53	-0.09	0.07	1.05	0.09	0.43	-0.10	0.03	1.44	-0.10	0.67	-0.01	0.06
A1	0.51	-1.23	1.49	-0.07	0.05	1.40	-0.09	0.07	0.75	0.09	0.41	-0.10	0.03	0.89	-0.10	-1.38	-0.01	0.06
A3	-0.67	0.00	0.20	-0.07	0.05	1.50	-0.09	0.07	0.65	0.09	0.27	-0.10	0.03	1.15	-0.10	0.62	-0.01	0.06
A2	-0.27	0.35	0.23	-0.12	-0.48	1.48	0.18	-0.31	1.16	0.36	0.23	-0.29	-0.19	1.28	-1.09	0.03	0.28	0.85
A5	-0.11	-0.35	-0.54	-0.07	0.05	1.52	-0.09	0.07	-0.05	0.09	0.20	-0.10	0.03	1.33	-0.10	0.27	-0.01	0.06
A4	0.53	-0.70	1.28	-0.07	0.05	1.55	-0.09	0.07	1.37	0.09	0.47	-0.10	0.03	0.88	-0.10	0.16	-0.01	0.06
A7	-0.16	-1.61	0.53	-0.07	0.05	1.56	-0.09	0.07	-0.51	0.09	0.38	-0.10	0.03	1.00	-0.10	0.09	-0.01	0.06
A6	-0.26	0.35	0.23	-0.07	0.05	1.49	-0.09	0.07	1.16	0.09	0.19	-0.10	0.03	1.29	-0.10	0.02	-0.01	0.06
A9	1.04	-1.72	3.19	-0.07	0.05	1.61	-0.09	0.07	1.89	0.09	0.38	-0.10	0.03	0.18	-0.10	-0.63	-0.01	0.06
A8	-0.06	-0.38	1.39	-0.07	0.05	1.54	-0.09	0.07	1.42	0.09	0.40	-0.10	0.03	0.84	-0.10	-0.05	-0.01	0.06
D8	-0.10	0.10	0.26	-0.07	0.05	-0.63	-0.09	0.07	0.07	0.09	0.38	-0.10	0.03	-0.91	-0.10	1.19	-0.01	0.06
D9	-0.05	-0.03	-0.70	-0.07	0.05	-0.63	-0.09	0.07	-0.79	0.09	0.39	-0.10	0.03	-0.63	-0.10	1.04	-0.01	0.06
D6	0.20	0.51	-1.12	-0.32	-0.13	-0.55	-0.35	1.33	-0.16	0.09	1.13	0.23	-0.19	-0.57	1.53	2.26	-0.14	-0.82
D7	0.36	0.30	-1.00	-0.07	0.05	-0.61	-0.09	0.07	-0.44	0.09	0.59	-0.10	0.03	-0.60	-0.10	1.34	-0.01	0.06
D4	1.74	-0.73	-0.07	-0.07	0.05	-0.65	-0.09	0.07	-0.15	0.09	0.46	-0.10	0.03	-0.87	-0.10	0.84	-0.01	0.06
D5	-0.12	0.46	-2.49	-0.07	0.05	-0.56	-0.09	0.07	-1.91	0.09	-1.30	-0.10	0.03	0.20	-0.10	0.45	-0.01	0.06
D2	-0.17	0.34	-0.72	-0.03	0.22	-0.64	1.02	0.51	-0.49	0.09	0.35	-0.36	0.03	-0.52	0.28	0.89	-0.30	-0.20
D3	0.90	-0.09	-1.77	-0.07	0.05	-0.66	-0.09	0.07	-1.05	0.09	0.99	-0.10	0.03	0.17	-0.10	0.23	-0.01	0.06
D1	-0.05	0.39	0.26	-0.03	-0.48	-0.64	0.66	-0.37	0.38	-0.84	0.36	0.10	-0.21	-0.77	-1.65	1.10	0.09	-0.91
K12	-0.88	0.39	1.58	-0.07	0.05	-0.59	-0.09	0.07	0.24	0.09	-1.70	-0.10	0.03	-1.56	-0.10	-0.94	-0.01	0.06
K11	-1.55	2.07	-0.00	-1.87	-1.01	-0.49	0.73	2.02	1.43	1.23	0.32	-0.55	0.97	0.75	0.19	-0.84	0.09	2.88
K10	-0.85	-0.31	-0.53	-0.07	0.05	-0.56	-0.09	0.07	-1.10	0.09	0.36	-0.10	0.03	0.73	-0.10	-0.99	-0.01	0.06
M3	-0.72	-0.41	-1.09	-0.07	0.05	-0.61	-0.09	0.07	-1.45	0.09	0.36	-0.10	0.03	1.05	-0.10	-0.71	-0.01	0.06
M2	-0.93	-0.66	-0.55	-0.07	0.05	-0.58	-0.09	0.07	-2.03	0.09	0.34	-0.10	0.03	-0.81	-0.10	-0.45	-0.01	0.06
L10	-0.66	0.01	0.16	-0.07	0.05	-0.55	-0.09	0.07	-0.14	0.09	0.35	-0.10	0.03	0.47	-0.10	-0.71	-0.01	0.06
L11	-0.45	0.15	0.94	-0.07	0.05	-0.69	-0.09	0.07	-0.16	0.09	-1.49	-0.10	0.03	-1.50	-0.10	-0.11	-0.01	0.06
L12	-0.43	-1.49	0.46	-0.07	0.05	-0.61	-0.09	0.07	-1.85	0.09	-1.69	-0.10	0.03	0.17	-0.10	-2.12	-0.01	0.06
K3	-1.43	3.03	-0.49	-0.07	0.05	-0.41	-0.09	0.07	2.15	0.09	0.73	-0.10	0.03	1.13	-0.10	-0.87	-0.01	0.06
K2	-1.48	2.67	-0.65	-0.41	-0.48	-0.54	0.32	-1.63	1.66	0.76	0.32	-0.36	-0.15	1.12	0.56	-0.39	0.19	0.85
K1	-0.48	-0.20	-0.84	-0.56	-0.13	-0.57	1.49	0.51	-1.28	0.23	0.45	-1.14	0.66	0.02	1.55	-0.80	-0.23	-1.79
M6	-0.05	-1.77	0.04	0.02	0.75	-0.60	-0.09	0.57	-2.17	0.56	-1.59	1.21	0.11	0.40	-1.11	-1.89	0.05	0.15
K7	-0.88	-0.81	1.25	-0.07	0.05	-0.60	-0.09	0.07	-1.13	0.09	-1.56	-0.10	0.03	-1.06	-0.10	-1.79	-0.01	0.06
K6	-0.62	-1.09	1.68	-0.07	0.05	-0.59	-0.09	0.07	-1.00	0.09	-1.58	-0.10	0.03	-1.49	-0.10	-1.27	-0.01	0.06
K5	-1.58	1.54	0.87	-0.07	0.05	-0.48	-0.09	0.07	1.29	0.09	-1.87	-0.10	0.03	0.94	-0.10	-1.50	-0.01	0.06
K4	-0.19	-0.89	-0.20	-0.12	0.40	-0.59	-0.59	0.82	-1.66	1.36	-1.69	0.76	-0.25	0.38	-1.13	-2.06	-0.11	0.50
K9	-0.52	-0.28	0.82	-0.07	0.05	-0.60	-0.09	0.07	-0.21	0.09	-1.82	-0.10	0.03	0.41	-0.10	-1.49	-0.01	0.06
K8	-0.13	-0.72	0.54	-0.07	0.05	-0.59	-0.09	0.07	-0.72	0.09	-1.69	-0.10	0.03	0.31	-0.10	-1.47	-0.01	0.06
M9	-1.01	2.14	-0.65	-0.07	0.05	-0.55	-0.09	0.07	1.35	0.09	0.34	-0.10	0.03	1.12	-0.10	-0.42	-0.01	0.06
M8	-1.73	2.11	1.06	-0.07	0.05	-0.58	-0.09	0.07	1.46	0.09	-1.68	-0.10	0.03	-0.44	-0.10	-1.12	-0.01	0.06
I9	-1.17	1.31	0.01	-0.37	-0.31	-0.52	0.13	0.38	0.73	1.56	0.35	-1.01	0.48	0.52	-0.74	-0.70	-0.49	1.56
I8	0.08	-0.46	1.03	-0.07	0.05	-0.65	-0.09	0.07	-0.58	0.09	-2.14	-0.10	0.03	-1.80	-0.10	0.10	-0.01	0.06
I1	-1.01	1.26	-0.38	-0.07	0.93	-0.34	-0.04	0.89	0.99	-0.11	0.34	0.10	-0.01	1.23	2.55	0.51	-0.55	-1.08
I3	-0.52	-0.29	-0.24	0.12	0.58	-0.58	0.03	-0.88	-0.71	-0.17	0.37	-0.42	-0.01	0.56	0.19	-0.81	-0.14	1.29
I2	-1.39	2.45	-0.38	-0.07	0.05	-0.55	-0.09	0.07	1.64	0.09	0.33	-0.10	0.03	0.91	-0.10	-0.33	-0.01	0.06
I5	-0.74	-0.28	1.28	-0.07	0.05	-0.61	-0.09	0.07	-0.60	0.09	-1.72	-0.10	0.03	-1.52	-0.10	-1.00	-0.01	0.06
I4	-1.44	1.52	-0.10	-0.07	0.05	-0.59	-0.09	0.07	0.81	0.09	0.36	-0.10	0.03	0.76	-0.10	-0.82	-0.01	0.06
I7	-0.82	-1.01	0.68	-0.07	0.05	-0.60	-0.09	0.07	-1.43	0.09	-1.79	-0.10	0.03	-0.03	-0.10	-1.86	-0.01	0.06
I6	-0.57	-1.20	0.99	-0.07	0.05	-0.59	-0.09	0.07	-1.20	0.09	-1.81	-0.10	0.03	-0.06	-0.10	-1.63	-0.01	0.06
J12	-0.65	-1.40	1.19	-0.07	0.05	-0.61	-0.09	0.07	-1.69	0.09	-1.69	-0.10	0.03	-1.08	-0.10	-1.82	-0.01	0.06
J10	-0.44	-0.54	0.86	-0.07	0.05	-0.58	-0.09	0.07	-0.38	0.09	-1.12	-0.10	0.03	0.31	-0.10	-1.76	-0.01	0.06
J11	-1.00	0.23	-0.23	-1.34	-0.13	-0.54	-0.18	-1.07	-0.40	0.56	0.34	0.43	0.05	0.57	3.14	-0.94	-0.25	-3.02
I11	-0.85	-0.13	1.22	-0.07	0.05	-0.58	-0.09	0.07	0.07	0.09	-1.31	-0.10	0.03	0.34	-0.10	-2.07	-0.01	0.06
I10	0.02	-2.06	0.74	-0.07	0.05	-0.61	-0.09	0.07	-1.87	0.09	-1.67	-0.10	0.03	-0.04	-0.10	-1.15	-0.01	0.06
I12	-0.25	-1.20	0.14	-0.03	0.05	-0.63	0.13	0.19	-1.73	-0.37	-1.65	0.36	-0.23	0.25	-1.81	-1.83	0.00	-1.61
L6	-0.98	0.28	0.95	-0.07	0.05	-0.59	-0.09	0.07	0.12	0.09	-1.74	-0.10	0.03	0.27	-0.10	-1.80	-0.01	0.06
L7	-0.62	-0.52	-0.02	-0.07	0.05	-0.59	-0.09	0.07	-0.63	0.09	0.41	-0.10	0.03	0.51	-0.10	0.20	-0.01	0.06
L4	-1.43	1.39	0.51	-0.07	0.05	-0.57	-0.09	0.07	0.80	0.09	-1.80	-0.10	0.03	0.68	-0.10	-1.49	-0.01	0.06
L5	-0.32	-0.45	-0.01	-0.07	0.05	-0.58	-0.09	0.07	-1.09	0.09	-1.76	-0.10	0.03	0.41	-0.10	-2.03	-0.01	0.06
L2	-0.45	0.33	-1.21	-0.07	0.05	-0.61	-0.09	0.07	-0.80	0.09	0.31	-0.10	0.03	0.88	-0.10	-0.82	-0.01	0.06
L3	-0.08	0.55	-1.09	0.31	-1.37	-0.56	-0.02	-1.82	-0.53	-1.04	0.47	0.82	1.07	0.31	0.96	-1.13	-0.30	1.29
L1	-1.02	-0.75	0.38	-0.07	0.05	-0.66	-0.09	0.07	-2.28	0.09	-2.33	-0.10	0.03	-2.49	-0.10	0.18	-0.01	0.06
N1	-0.31	-1.37	0.85	-0.07	0.05	-0.61	-0.09	0.07	-1.33	0.09	-1.69	-0.10	0.03	-0.37	-0.10	-0.73	-0.01	0.06
N2	-0.99	1.02	-0.26	-0.07	0.05	-0.56	-0.09	0.07	0.40	0.09	0.37	-0.10	0.03	0.74	-0.10	-0.82	-0.01	0.06
N3	-0.53	-0.96	0.69	-0.07	0.05	-0.64	-0.09	0.07	-1.39	0.09	-1.42	-0.10	0.03	-0.73	-0.10	-1.35	-0.01	0.06
N4	-0.52	1.10	-2.60	2.30	-1.55	2.55	3.53	0.32	-1.40	-1.84	0.19	-5.00	5.00	0.90	2.77	-1.46	-5.00	-2.05
L8	-1.29	1.47	-1.33	-0.07	0.05	-0.48	-0.09	0.07	-0.47	0.09	0.30	-0.10	0.03	0.05	-0.10	-0.50	-0.01	0.06
L9	-1.26	1.10	0.67	-0.17	0.05	-0.51	0.18	-0.37	0.71	0.36	-1.94	0.23	0.22	0.69	-1.53	-1.44	0.04	-0.91
M5	-1.47	1.41	1.09	-0.07	0.05	-0.58	-0.09	0.07	0.83	0.09	-1.68	-0.10	0.03	-0.77	-0.10	-0.97	-0.01	0.06
J8	-0.25	-1.11	0.64	0.12	-0.48	-0.67	-0.16	-0.75	-1.83	-0.17	0.61	-0.23	-0.21	-2.47	-1.68	-0.91	0.33	-0.29
J9	-0.60	0.02	1.41	-0.07	0.05	-0.66	-0.09	0.07	0.02	0.09	-1.53	-0.10	0.03	-1.61	-0.10	0.06	-0.01	0.06
M7	-0.48	-1.52	0.87	-0.07	0.05	-0.64	-0.09	0.07	-1.84	0.09	-1.43	-0.10	0.03	-1.30	-0.10	-0.48	-0.01	0.06
M4	-0.88	0.90	0.93	0.56	-0.84	-0.63	0.70	-0.94	0.37	0.36	-2.11	0.30	-0.01	-1.63	1.87	0.49	-0.05	-0.47
J4	-0.76	-0.27	0.66	-0.07	0.05	-0.63	-0.09	0.07	-0.84	0.09	-1.77	-0.10	0.03	-1.14	-0.10	0.02	-0.01	0.06
J5	-0.14	-1.68	1.41	-0.07	-0.13	-0.59	0.46	-2.58	-1.60	-0.17	-1.67	0.82	0.05	-1.58	2.21	-1.21	-0.58	1.29
J6	-1.19	0.18	1.57	-0.17	0.22	-0.59	-1.72	0.32	-0.08	0.63	-1.67	-0.23	0.13	-1.34	-0.74	-1.23	0.24	3.67
J7	-0.38	-1.37	1.64	-0.07	0.40	-0.60	-1.17	-0.18	-1.17	0.36	-1.53	-0.23	0.09	-1.67	0.77	-0.73	-0.16	1.12
J1	-1.02	-0.04	-0.61	-0.07	0.05	1.53	-0.09	0.07	-0.18	0.09	0.28	-0.10	0.03	1.68	-0.10	-0.15	-0.01	0.06
J2	-1.03	1.70	-1.60	-0.32	-1.01	2.06	0.06	-2.39	0.34	0.63	0.48	-0.62	-3.36	2.71	-3.37	-2.46	-4.09	1.29
J3	-0.47	-0.34	-0.16	-0.07	0.05	-0.64	-0.09	0.07	-0.90	0.09	-1.15	-0.10	0.03	-0.22	-0.10	0.85	-0.01	0.06
M11	-0.14	0.58	-0.32	-1.53	-1.37	-0.56	-3.18	-5.00	0.01	2.49	-1.52	3.31	1.82	0.52	-0.06	-0.65	0.55	-5.00
M10	-0.53	0.45	-0.34	-0.07	0.05	-0.52	-0.09	0.07	-0.02	0.09	0.43	-0.10	0.03	0.70	-0.10	-0.98	-0.01	0.06
M12	-1.22	1.64	1.14	-0.37	0.40	-0.65	-0.71	-1.00	1.16	2.29	-2.07	-0.62	0.38	-1.57	1.31	0.71	0.28	1.47
M1	-0.42	-0.41	-1.52	-0.07	0.05	-0.69	-0.09	0.07	-2.00	0.09	0.42	-0.10	0.03	0.58	-0.10	-1.47	-0.01	0.06
