G7	-0.68	0.80	-0.48	-0.05	0.04	0.79	0.02	-0.14	0.67	-0.03	-1.37	-0.21	0.22	1.01	-0.11	1.08	0.07	0.15
G6	0.35	2.00	-2.48	-0.05	0.04	-1.16	0.02	-0.14	1.05	-0.03	1.08	-0.21	0.22	0.51	-0.11	0.86	0.07	0.15
G5	0.93	0.84	-0.54	0.01	0.04	-0.97	0.04	-0.29	0.62	-0.31	-1.50	-0.27	-3.35	-0.71	0.81	1.52	-0.04	-0.12
G4	1.17	-0.98	-0.69	-0.05	0.04	-1.08	0.02	-0.14	-1.49	-0.03	1.09	-0.21	0.22	-0.19	-0.11	-1.39	0.07	0.15
G3	2.67	-0.90	-0.66	-0.05	0.04	0.69	0.02	-0.14	-0.42	-0.03	-0.79	-0.21	0.22	-0.74	-0.11	1.09	0.07	0.15
G2	1.37	-0.42	-0.51	-0.05	0.04	-1.05	0.02	-0.14	-0.58	-0.03	1.09	-0.21	0.22	-0.43	-0.11	-1.08	0.07	0.15
G1	-0.48	0.12	0.24	-0.05	0.04	0.80	0.02	-0.14	-0.06	-0.03	-0.91	-0.21	0.22	-0.65	-0.11	0.59	0.07	0.15
G9	-0.50	1.11	-2.09	-0.05	0.04	-1.09	0.02	-0.14	-0.38	-0.03	1.09	-0.21	0.22	0.42	-0.11	-0.21	0.07	0.15
G8	-0.87	1.97	-1.97	-0.05	0.04	-1.17	0.02	-0.14	0.71	-0.03	1.04	-0.21	0.22	0.24	-0.11	0.75	0.07	0.15
N6	-1.23	0.16	0.83	-0.43	0.04	0.69	-0.37	0.34	0.57	-0.98	-1.28	-0.41	0.03	1.39	0.13	1.61	-1.57	0.11
N7	0.21	1.11	-0.17	-0.05	0.04	0.72	0.02	-0.14	2.43	-0.03	0.96	-0.21	0.22	1.14	-0.11	1.66	0.07	0.15
B4	3.01	-1.65	2.60	5.00	1.28	0.47	0.53	0.39	0.21	-2.07	-2.93	2.02	-2.77	-1.28	0.44	1.35	-2.72	-5.00
B5	0.01	-0.16	-0.84	5.00	-1.20	0.66	0.02	-0.76	-0.97	0.85	-1.42	1.18	0.84	0.57	-0.29	0.39	-1.21	-1.16
B6	-3.93	0.00	-0.13	-0.96	-3.40	-0.97	5.00	0.90	-0.75	3.12	0.95	3.55	-1.80	-0.61	1.97	0.28	3.71	-5.00
B7	-2.20	0.46	0.46	1.40	-0.24	-0.99	-0.89	5.00	-0.94	-0.88	-0.40	0.94	-3.54	0.51	-5.00	0.18	2.13	1.79
B1	0.07	0.43	-1.96	-1.28	-0.65	-1.14	-2.76	-1.17	-0.35	-1.80	1.14	1.77	0.01	1.07	2.27	0.56	-1.41	-0.36
B2	1.13	0.02	-2.15	-0.05	0.04	-1.16	0.02	-0.14	-0.64	-0.03	1.07	-0.21	0.22	0.50	-0.11	1.26	0.07	0.15
B3	1.73	-0.47	0.47	-0.05	0.04	0.80	0.02	-0.14	0.77	-0.03	-0.62	-0.21	0.22	-0.03	-0.11	0.70	0.07	0.15
B8	0.07	-0.90	-0.05	-0.21	0.45	0.84	0.01	-0.26	-1.14	-0.68	-0.74	-0.40	0.56	0.19	-0.17	-0.07	-0.02	-0.25
B9	-0.56	-0.55	0.67	-0.05	0.04	0.84	0.02	-0.14	-0.79	-0.03	-0.86	-0.21	0.22	-0.47	-0.11	-0.72	0.07	0.15
N5	1.29	0.23	-0.12	-0.05	0.04	-1.12	0.02	-0.14	0.37	-0.03	-0.60	-0.21	0.22	-1.04	-0.11	1.25	0.07	0.15
P10	0.24	-0.88	0.60	-0.05	0.04	0.67	0.02	-0.14	-0.52	-0.03	-1.22	-0.21	0.22	0.48	-0.11	-0.15	0.07	0.15
P11	0.19	-0.56	-0.87	-0.05	0.04	0.75	0.02	-0.14	-1.11	-0.03	-1.65	-0.21	0.22	0.32	-0.11	1.41	0.07	0.15
P12	-0.17	-0.88	-0.11	-0.05	0.04	0.80	0.02	-0.14	-1.22	-0.03	-1.37	-0.21	0.22	0.27	-0.11	0.56	0.07	0.15
E9	-0.17	0.43	-0.39	-0.05	0.04	0.79	0.02	-0.14	-0.02	-0.03	-0.92	-0.21	0.22	-0.65	-0.11	0.65	0.07	0.15
E8	-0.79	0.37	0.71	-0.05	0.04	0.82	0.02	-0.14	1.43	-0.03	1.00	-0.21	0.22	0.98	-0.11	0.41	0.07	0.15
E5	-0.71	0.45	0.06	-0.05	0.04	0.82	0.02	-0.14	0.09	-0.03	-0.74	-0.21	0.22	-0.63	-0.11	0.39	0.07	0.15
E4	-0.87	0.57	-0.15	-0.02	1.55	0.85	-0.89	-0.22	0.74	-0.20	-1.40	0.34	0.22	1.01	0.18	1.15	0.42	0.51
E7	0.44	0.51	-0.05	-0.49	-0.37	0.75	0.04	0.04	0.47	5.00	-0.48	-0.72	1.24	0.12	1.82	0.68	-4.87	0.90
E6	0.07	-0.30	0.10	-0.05	0.04	0.81	0.02	-0.14	-0.40	-0.03	-0.87	-0.21	0.22	-0.53	-0.11	0.43	0.07	0.15
E1	0.60	0.22	-0.39	-0.05	0.04	-1.10	0.02	-0.14	0.19	-0.03	-1.18	-0.21	0.22	0.25	-0.11	1.49	0.07	0.15
P8	-0.26	-0.12	1.62	-0.05	0.04	0.69	0.02	-0.14	1.77	-0.03	1.12	-0.21	0.22	1.17	-0.11	-0.09	0.07	0.15
E3	0.65	-0.66	-0.28	-0.05	0.04	0.72	0.02	-0.14	-0.33	-0.03	1.03	-0.21	0.22	-0.42	-0.11	0.74	0.07	0.15
E2	0.63	-0.66	-0.28	-0.05	0.04	0.71	0.02	-0.14	-0.34	-0.03	1.03	-0.21	0.22	-0.40	-0.11	0.72	0.07	0.15
P2	0.55	-1.35	1.04	-0.17	0.18	0.59	0.33	-0.17	0.18	-0.10	1.23	-0.14	0.36	1.31	-0.10	-0.48	0.10	0.13
P3	0.89	-1.29	0.39	-0.05	0.04	0.62	0.02	-0.14	-0.03	-0.03	1.07	-0.21	0.22	1.22	-0.11	0.19	0.07	0.15
P1	1.36	-1.31	0.43	-0.05	0.04	-0.36	0.02	-0.14	-0.50	-0.03	1.19	-0.21	0.22	0.10	-0.11	-0.59	0.07	0.15
P6	1.26	-0.16	-0.07	-0.05	0.04	0.73	0.02	-0.14	1.28	-0.03	0.97	-0.21	0.22	0.96	-0.11	1.09	0.07	0.15
P7	1.41	-1.18	0.35	-0.04	-0.10	0.61	-0.33	-0.00	0.18	0.14	1.26	-0.16	0.25	1.17	-0.08	-0.66	0.09	0.19
P4	1.66	-1.62	0.90	-0.05	0.04	0.57	0.02	-0.14	0.30	-0.03	1.19	-0.21	0.22	1.30	-0.11	-0.30	0.07	0.15
P5	-0.43	-0.57	0.96	-0.29	-0.10	0.60	-0.30	0.65	0.75	0.03	1.35	0.22	0.66	2.12	-0.85	0.08	-0.44	-0.16
H10	1.42	-0.83	1.51	-0.05	0.04	0.72	0.02	-0.14	0.89	-0.03	-0.91	-0.21	0.22	0.34	-0.11	-0.00	0.07	0.15
H11	1.45	-0.94	1.76	-0.05	0.04	0.98	0.02	-0.14	0.89	-0.03	-0.93	-0.21	0.22	0.66	-0.11	-1.05	0.07	0.15
H12	1.76	-1.04	2.17	-0.05	0.04	0.76	0.02	-0.14	1.22	-0.03	-0.94	-0.21	0.22	0.29	-0.11	-0.34	0.07	0.15
P9	0.16	-0.53	1.04	-0.05	0.04	0.75	0.02	-0.14	1.04	-0.03	1.13	-0.21	0.22	1.16	-0.11	-0.05	0.07	0.15
F12	1.54	-1.45	-0.72	-0.05	0.04	-1.03	0.02	-0.14	-1.83	-0.03	1.09	-0.21	0.22	-0.36	-0.11	-0.79	0.07	0.15
F10	2.50	-0.75	-0.83	0.01	0.18	-1.04	-0.23	-0.32	-0.53	-0.54	-0.69	0.13	-3.13	-0.77	1.75	0.02	0.74	0.53
F11	1.48	-0.81	-0.47	-0.27	0.04	-1.17	-0.18	-0.38	-1.02	0.20	-0.43	0.24	-0.54	-0.19	0.25	-0.51	0.34	0.41
N12	-0.49	1.58	-0.62	-0.05	0.04	0.77	0.02	-0.14	1.43	-0.03	-1.69	-0.21	0.22	0.23	-0.11	1.84	0.07	0.15
H8	-0.10	1.58	-0.54	-0.05	0.04	0.76	0.02	-0.14	2.46	-0.03	0.96	-0.21	0.22	1.10	-0.11	1.20	0.07	0.15
H9	-0.10	1.46	-0.69	-0.05	0.04	0.75	0.02	-0.14	2.19	-0.03	0.96	-0.21	0.22	1.11	-0.11	1.21	0.07	0.15
H6	-0.51	1.41	-0.37	0.20	0.04	0.73	-0.04	-0.30	1.26	-0.03	-1.36	0.19	0.32	0.35	0.40	1.25	-1.05	-0.18
H7	0.43	1.32	-0.49	-0.05	0.04	0.75	0.02	-0.14	2.41	-0.03	0.96	-0.21	0.22	1.09	-0.11	1.16	0.07	0.15
H4	0.19	1.43	-1.61	-0.05	0.04	-1.04	0.02	-0.14	0.91	-0.03	1.07	-0.21	0.22	0.35	-0.11	0.72	0.07	0.15
H5	0.61	1.13	-0.53	-0.05	0.04	0.72	0.02	-0.14	2.21	-0.03	0.96	-0.21	0.22	0.98	-0.11	1.23	0.07	0.15
D10	-0.42	0.13	-0.28	-0.05	0.04	0.81	0.02	-0.14	-0.38	-0.03	-0.90	-0.21	0.22	-0.64	-0.11	0.82	0.07	0.15
D11	0.59	0.09	-0.70	-0.05	0.04	0.73	0.02	-0.14	-0.11	-0.03	-0.78	-0.21	0.22	-0.82	-0.11	1.76	0.07	0.15
D12	1.33	-0.24	-0.87	-0.05	0.04	0.77	0.02	-0.14	-0.34	-0.03	-0.69	-0.21	0.22	-0.49	-0.11	0.92	0.07	0.15
B12	-0.65	-0.45	0.94	-0.05	0.04	0.83	0.02	-0.14	-0.59	-0.03	-0.78	-0.21	0.22	-0.83	-0.11	-0.57	0.07	0.15
B10	0.17	-0.96	0.25	2.97	2.37	0.80	2.09	1.65	-0.53	-1.83	0.93	-0.50	1.10	-0.07	-0.22	0.45	-0.87	-1.20
B11	1.40	-0.74	0.92	-0.15	0.18	-0.91	-0.06	-0.22	0.40	0.03	1.09	-0.00	0.39	0.36	-0.17	-1.34	0.06	0.47
Q8	1.30	-0.45	1.24	-0.05	0.04	-0.07	0.02	-0.14	1.06	-0.03	1.03	-0.21	0.22	-0.92	-0.11	0.47	0.07	0.15
Q9	0.17	-0.46	-0.68	-0.04	-0.10	0.70	-0.37	-0.16	0.05	-0.00	1.00	-0.19	1.49	1.27	-0.42	1.43	0.00	0.27
C9	-0.46	0.90	-0.79	-0.05	0.04	0.75	0.02	-0.14	0.51	-0.03	0.99	-0.21	0.22	-0.73	-0.11	0.72	0.07	0.15
C8	0.01	0.00	-0.88	0.08	1.14	0.74	-0.59	-0.63	-0.11	-0.07	-1.25	0.57	0.11	1.00	0.27	1.07	0.29	0.98
Q11	0.84	-0.97	-0.91	-0.05	0.04	0.76	0.02	-0.14	-0.61	-0.03	0.98	-0.21	0.22	0.99	-0.11	0.87	0.07	0.15
Q10	0.58	-1.35	1.05	-0.05	0.04	0.60	0.02	-0.14	0.18	-0.03	1.23	-0.21	0.22	1.28	-0.11	-0.47	0.07	0.15
Q12	1.09	-1.71	1.38	-0.05	0.04	0.48	0.02	-0.14	0.04	-0.03	1.23	-0.21	0.22	0.74	-0.11	-0.46	0.07	0.15
C3	0.62	-0.00	-0.71	-0.05	0.04	-1.01	0.02	-0.14	-1.02	-0.03	-0.41	-0.21	0.22	-0.88	-0.11	-0.77	0.07	0.15
C2	-0.09	-0.78	0.66	0.14	0.31	0.74	0.30	-0.12	-0.42	-0.81	0.96	-0.28	0.17	-0.78	0.06	-0.27	0.01	0.11
C1	-1.58	0.30	-0.28	-3.17	2.92	1.17	-2.67	-1.21	0.03	4.03	-0.26	-0.11	0.31	0.24	-2.65	-0.97	5.00	-1.24
C7	-1.14	0.87	0.62	-0.05	0.04	0.78	0.02	-0.14	0.68	-0.03	-1.14	-0.21	0.22	-0.65	-0.11	0.17	0.07	0.15
C6	-0.93	0.55	0.22	-0.05	0.04	0.78	0.02	-0.14	0.10	-0.03	-1.13	-0.21	0.22	-0.62	-0.11	0.21	0.07	0.15
C5	-1.01	0.65	-0.53	-0.05	0.04	0.81	0.02	-0.14	0.70	-0.03	1.00	-0.21	0.22	0.78	-0.11	0.76	0.07	0.15
C4	0.81	0.57	-0.00	-0.11	-1.75	-0.96	0.52	0.10	0.39	-0.07	-0.92	-0.45	-3.62	-1.54	0.18	1.47	0.18	-0.32
N10	-1.07	1.23	0.24	-0.71	0.04	0.61	-0.46	1.08	1.74	-0.81	-1.29	0.05	-0.64	1.64	-1.87	2.09	0.93	-0.07
N8	-0.17	-1.12	0.62	-0.05	0.04	0.73	0.02	-0.14	-1.16	-0.03	-0.87	-0.21	0.22	0.19	-0.11	-0.83	0.07	0.15
N9	-0.37	-0.82	0.04	-0.05	0.04	-1.16	0.02	-0.14	-2.16	-0.03	-1.48	-0.21	0.22	-1.25	-0.11	-0.12	0.07	0.15
N11	0.04	-0.05	-0.38	-0.05	0.04	0.76	0.02	-0.14	0.37	-0.03	0.96	-0.21	0.22	0.78	-0.11	0.44	0.07	0.15
G12	0.53	0.21	-2.31	-0.05	0.04	-1.14	0.02	-0.14	-1.39	-0.03	1.06	-0.21	0.22	-0.05	-0.11	-0.43	0.07	0.15
G11	2.00	-0.32	-0.30	-0.05	0.04	0.70	0.02	-0.14	0.30	-0.03	-0.77	-0.21	0.22	-0.77	-0.11	1.32	0.07	0.15
G10	0.64	1.74	-2.41	-0.08	-0.51	-1.90	0.44	0.09	0.80	-0.41	1.42	-0.71	0.31	0.23	0.28	0.97	-0.41	0.21
F1	0.24	-0.02	-0.23	-0.05	0.04	0.75	0.02	-0.14	-0.14	-0.03	-0.63	-0.21	0.22	-0.36	-0.11	0.45	0.07	0.15
F2	-0.50	-0.29	0.12	-0.05	0.04	0.84	0.02	-0.14	-0.67	-0.03	-0.82	-0.21	0.22	-0.55	-0.11	0.29	0.07	0.15
F3	0.01	0.14	-0.31	-0.05	0.04	0.78	0.02	-0.14	-0.18	-0.03	-0.93	-0.21	0.22	-0.48	-0.11	0.60	0.07	0.15
F4	-0.69	-0.64	0.73	-0.05	0.04	0.83	0.02	-0.14	0.29	-0.03	1.01	-0.21	0.22	1.16	-0.11	0.26	0.07	0.15
F5	-0.27	0.17	-0.64	-0.13	-0.65	0.75	0.08	0.08	-0.38	-0.07	-0.84	-0.25	0.52	-0.40	-0.38	1.38	0.07	0.21
F6	-0.02	-0.05	-0.27	-0.45	2.37	0.80	-0.08	-0.18	0.17	0.14	0.92	-0.12	1.32	-0.33	-0.85	1.34	0.29	0.46
F7	0.39	-0.75	-0.55	-0.05	0.04	0.82	0.02	-0.14	-1.30	-0.03	-0.90	-0.21	0.22	-0.48	-0.11	0.47	0.07	0.15
F8	0.46	-0.41	-0.79	-0.05	0.04	0.83	0.02	-0.14	-1.04	-0.03	-0.94	-0.21	0.22	-0.45	-0.11	0.43	0.07	0.15
F9	-0.53	-0.80	0.10	-0.05	0.04	0.86	0.02	-0.14	-0.36	-0.03	1.01	-0.21	0.22	1.14	-0.11	0.13	0.07	0.15
Q1	-0.43	-0.03	-0.08	-0.05	0.04	0.79	0.02	-0.14	-0.10	-0.03	-1.58	-0.21	0.22	0.23	-0.11	1.58	0.07	0.15
Q3	0.96	-0.16	0.46	-0.24	-0.24	0.73	-0.11	0.16	1.30	-0.71	-1.52	-0.25	-0.27	1.44	0.55	2.02	-0.69	-0.07
Q2	-0.30	-0.51	-0.02	0.09	0.45	0.78	0.40	-0.17	-0.69	-0.10	-1.38	-0.21	0.30	0.35	-0.14	0.77	0.02	0.10
Q5	1.08	-1.52	1.04	-0.05	0.04	0.57	0.02	-0.14	0.17	-0.03	1.21	-0.21	0.22	1.11	-0.11	-0.35	0.07	0.15
Q4	-0.52	-0.28	-0.20	-0.05	0.04	0.76	0.02	-0.14	-0.69	-0.03	-1.37	-0.21	0.22	0.29	-0.11	0.62	0.07	0.15
Q7	1.66	-1.65	-0.20	-0.05	0.04	0.71	0.02	-0.14	-0.67	-0.03	1.01	-0.21	0.22	0.53	-0.11	0.73	0.07	0.15
Q6	1.04	-1.36	-0.13	-0.05	0.04	0.73	0.02	-0.14	-0.56	-0.03	0.99	-0.21	0.22	0.71	-0.11	0.48	0.07	0.15
E11	-0.48	0.33	-0.04	-0.05	0.04	0.74	0.02	-0.14	0.05	-0.03	-0.80	-0.21	0.22	-0.89	-0.11	1.23	0.07	0.15
E10	-0.75	-0.15	0.28	-0.05	0.04	0.76	0.02	-0.14	-0.15	-0.03	0.04	-0.21	0.22	-0.26	-0.11	0.56	0.07	0.15
E12	-0.76	0.19	0.31	0.96	-1.20	0.76	0.71	-0.29	0.26	-0.44	-0.55	0.18	3.77	0.03	-0.07	-0.05	-0.20	0.19
C12	0.02	0.28	-1.18	-0.05	0.04	0.78	0.02	-0.14	-0.45	-0.03	-0.36	-0.21	0.22	-0.02	-0.11	0.38	0.07	0.15
C11	0.05	-0.13	-0.62	-0.05	0.04	0.83	0.02	-0.14	-0.77	-0.03	-0.84	-0.21	0.22	-0.49	-0.11	0.35	0.07	0.15
C10	-0.95	0.47	-0.30	-0.05	0.04	0.82	0.02	-0.14	0.69	-0.03	1.00	-0.21	0.22	1.13	-0.11	0.21	0.07	0.15
A11	0.60	0.51	0.91	-0.05	0.04	0.62	0.02	-0.14	2.45	-0.03	1.09	-0.21	0.22	1.37	-0.11	-0.07	0.07	0.15
A10	-0.91	-0.36	-1.47	0.34	1.41	-0.53	-0.47	-0.52	-1.53	3.59	1.32	-2.00	1.80	-0.27	-2.81	-1.60	5.00	2.24
A12	-0.20	0.49	-1.51	-0.05	0.04	0.80	0.02	-0.14	0.34	-0.03	0.98	-0.21	0.22	1.25	-0.11	1.06	0.07	0.15
A1	1.37	-0.74	1.44	-0.05	0.04	0.61	0.02	-0.14	1.65	-0.03	1.10	-0.21	0.22	1.31	-0.11	-0.25	0.07	0.15
A3	0.52	0.90	-0.81	-0.13	0.04	0.72	-0.05	-0.14	1.71	-0.03	0.97	-0.20	0.29	1.01	0.04	1.21	0.03	0.24
A2	-0.68	-0.02	0.40	-0.05	0.04	0.78	0.02	-0.14	0.02	-0.03	-1.38	-0.21	0.22	0.22	-0.11	0.79	0.07	0.15
A5	0.75	-0.46	-0.03	-0.05	0.04	0.76	0.02	-0.14	-0.09	-0.03	-1.57	-0.21	0.22	0.28	-0.11	1.24	0.07	0.15
A4	0.10	0.03	0.28	-0.05	0.04	0.65	0.02	-0.14	1.13	-0.03	1.11	-0.21	0.22	1.33	-0.11	0.02	0.07	0.15
A7	1.37	-1.02	0.03	-0.05	0.04	0.72	0.02	-0.14	0.12	-0.03	1.01	-0.21	0.22	0.53	-0.11	0.64	0.07	0.15
A6	-0.69	-0.02	0.40	-0.05	0.04	0.80	0.02	-0.14	0.01	-0.03	-1.39	-0.21	0.22	0.22	-0.11	0.78	0.07	0.15
A9	0.51	-1.42	2.71	-0.04	-0.79	0.66	0.49	-0.12	0.92	-0.03	-0.81	-0.17	0.18	0.80	0.01	0.25	0.00	-0.27
A8	-0.34	0.59	0.62	-0.05	0.04	0.70	0.02	-0.14	1.77	-0.03	1.37	-0.21	0.22	1.03	-0.11	-0.30	0.07	0.15
D8	-0.36	0.18	-0.01	-0.05	0.04	0.82	0.02	-0.14	-0.12	-0.03	-0.76	-0.21	0.22	-0.64	-0.11	0.47	0.07	0.15
D9	0.09	0.12	-0.70	-0.05	0.04	0.77	0.02	-0.14	-0.50	-0.03	-0.93	-0.21	0.22	-0.61	-0.11	0.73	0.07	0.15
D6	0.23	-0.60	-0.39	-0.05	0.04	0.82	0.02	-0.14	-1.05	-0.03	-0.81	-0.21	0.22	-0.47	-0.11	0.42	0.07	0.15
D7	0.12	0.05	-0.61	-0.05	0.04	0.80	0.02	-0.14	-0.47	-0.03	-0.42	-0.21	0.22	-0.72	-0.11	0.50	0.07	0.15
D4	-0.49	-0.50	0.00	-0.05	0.04	0.84	0.02	-0.14	-1.03	-0.03	-0.84	-0.21	0.22	-0.48	-0.11	0.17	0.07	0.15
D5	0.02	-0.59	-0.31	0.20	-0.65	0.86	-1.43	0.45	-0.89	0.37	-0.84	1.16	-0.43	0.58	0.51	-0.93	-0.11	0.50
D2	0.18	0.59	-0.91	-0.05	0.04	0.80	0.02	-0.14	-0.09	-0.03	-0.88	-0.21	0.22	-0.63	-0.11	0.48	0.07	0.15
D3	-0.92	-0.24	0.10	-0.05	0.04	0.85	0.02	-0.14	0.14	-0.03	0.99	-0.21	0.22	1.15	-0.11	0.09	0.07	0.15
D1	-0.51	0.87	-0.80	-1.06	-2.99	-0.91	5.00	5.00	1.06	-0.81	0.69	5.00	-3.03	1.50	-0.38	0.01	0.23	-3.70
K12	-1.54	0.53	0.98	-0.05	0.04	-1.14	0.02	-0.14	-0.19	-0.03	-0.55	-0.21	0.22	-1.03	-0.11	-0.80	0.07	0.15
K11	-1.60	2.13	-0.89	-0.05	0.04	-1.13	0.02	-0.14	1.22	-0.03	1.09	-0.21	0.22	0.27	-0.11	-0.16	0.07	0.15
K10	-0.71	-0.72	-0.41	-0.05	0.04	-1.07	0.02	-0.14	-1.72	-0.03	1.10	-0.21	0.22	-0.00	-0.11	-1.02	0.07	0.15
M3	-1.29	-0.46	-0.59	-0.05	0.04	-1.10	0.02	-0.14	-1.61	-0.03	1.12	-0.21	0.22	0.50	-0.11	-0.86	0.07	0.15
M2	0.94	-1.35	3.00	0.65	2.79	-4.54	-3.27	2.92	-0.94	1.49	-0.23	5.00	-4.13	-4.38	5.00	-1.61	-4.23	-5.00
L10	-1.05	0.50	-0.47	-0.05	0.04	-1.16	0.02	-0.14	-0.35	-0.03	1.08	-0.21	0.22	0.45	-0.11	-1.18	0.07	0.15
L11	-0.52	-0.19	0.96	-0.05	0.04	-1.17	0.02	-0.14	-1.14	-0.03	-1.30	-0.21	0.22	-2.31	-0.11	-0.43	0.07	0.15
L12	0.22	-1.53	1.10	-0.05	0.04	0.66	0.02	-0.14	-1.29	-0.03	0.03	-0.21	0.22	0.03	-0.11	-2.32	0.07	0.15
K3	-2.12	3.40	-2.18	-0.05	0.04	-1.12	0.02	-0.14	1.66	-0.03	1.07	-0.21	0.22	0.45	-0.11	0.24	0.07	0.15
K2	-2.03	2.50	-1.74	-0.05	0.04	0.68	0.02	-0.14	1.53	-0.03	0.99	-0.21	0.22	1.22	-0.11	0.31	0.07	0.15
K1	0.12	-0.72	-0.10	-0.05	0.04	-1.03	0.02	-0.14	-1.42	-0.03	0.08	-0.21	0.22	-0.77	-0.11	-0.34	0.07	0.15
M6	0.18	-1.59	0.76	-0.05	0.04	0.70	0.02	-0.14	-1.67	-0.03	-0.32	-0.21	0.22	-0.10	-0.11	-1.92	0.07	0.15
K7	-0.35	-0.36	1.20	-0.01	0.18	-1.12	0.15	-0.43	-0.96	0.24	-0.37	-0.30	0.23	-2.03	-0.03	-1.63	0.25	0.12
K6	-0.04	-0.50	1.60	-0.34	-0.24	-1.14	0.26	-0.38	-0.74	-0.51	-0.29	-0.04	-0.02	-2.16	0.04	-1.63	0.07	0.14
K5	-1.38	1.62	-0.16	-0.05	0.04	0.74	0.02	-0.14	1.51	-0.03	-0.54	-0.21	0.22	0.58	-0.11	0.57	0.07	0.15
K4	-1.22	-0.04	-0.45	1.33	0.18	0.53	-3.59	4.45	-0.88	-1.29	-0.77	2.11	-0.13	-0.12	0.31	-0.71	0.50	1.67
K9	0.09	-0.60	0.83	-0.05	0.04	-1.10	0.02	-0.14	-1.14	-0.03	-0.51	-0.21	0.22	-1.00	-0.11	-2.00	0.07	0.15
K8	0.63	-0.46	0.79	-0.05	0.04	-1.12	0.02	-0.14	-0.47	-0.03	-0.19	-0.21	0.22	-0.96	-0.11	-1.10	0.07	0.15
M9	-1.91	2.18	-1.31	-0.05	0.04	0.77	0.02	-0.14	1.67	-0.03	0.99	-0.21	0.22	1.35	-0.11	0.60	0.07	0.15
M8	-1.69	2.23	0.03	-0.05	0.04	-1.16	0.02	-0.14	1.14	-0.03	-0.00	-0.21	0.22	-1.01	-0.11	-1.01	0.07	0.15
I9	-0.92	1.91	-0.41	-0.05	0.04	-1.14	0.02	-0.14	1.70	-0.03	1.30	-0.21	0.22	0.56	-0.11	-0.67	0.07	0.15
I8	0.84	0.20	-0.54	-0.05	0.04	-1.14	0.02	-0.14	-0.08	-0.03	1.05	-0.21	0.22	-0.60	-0.11	-0.56	0.07	0.15
I1	0.29	1.23	-1.52	0.58	-1.47	-0.59	0.50	-1.76	0.81	1.36	0.86	1.41	0.15	1.43	2.69	-0.73	-2.96	-1.59
I3	0.95	-0.43	-0.80	0.12	-5.00	-1.25	-0.11	-0.62	-1.13	1.83	1.23	-0.23	-3.27	0.58	0.84	-0.31	-2.82	-0.15
I2	-2.07	3.01	-1.98	-0.05	0.04	-1.08	0.02	-0.14	1.38	-0.03	1.11	-0.21	0.22	0.34	-0.11	0.45	0.07	0.15
I5	-0.37	0.28	1.81	-0.05	0.04	-1.18	0.02	-0.14	0.64	-0.03	-0.66	-0.21	0.22	-1.51	-0.11	-0.22	0.07	0.15
I4	-1.72	1.66	-1.03	-0.05	0.04	-1.10	0.02	-0.14	0.55	-0.03	1.10	-0.21	0.22	0.57	-0.11	-0.38	0.07	0.15
I7	-0.16	-1.00	0.99	-0.05	0.04	0.70	0.02	-0.14	-0.96	-0.03	-0.30	-0.21	0.22	-0.23	-0.11	-1.86	0.07	0.15
I6	0.63	-0.79	1.19	-0.05	0.04	-1.14	0.02	-0.14	-0.81	-0.03	-0.91	-0.21	0.22	-1.32	-0.11	-0.92	0.07	0.15
J12	-0.97	-0.94	0.73	-0.05	0.04	-1.08	0.02	-0.14	-1.65	-0.03	1.11	-0.21	0.22	-0.37	-0.11	-2.44	0.07	0.15
J10	0.04	0.11	0.92	-0.05	0.04	0.68	0.02	-0.14	0.59	-0.03	-0.68	-0.21	0.22	0.16	-0.11	-1.39	0.07	0.15
J11	-1.51	0.32	-0.56	-0.05	0.04	0.59	0.02	-0.14	-0.08	-0.03	1.02	-0.21	0.22	1.34	-0.11	-0.40	0.07	0.15
I11	-0.31	0.43	1.01	-0.05	0.04	0.64	0.02	-0.14	0.91	-0.03	-0.79	-0.21	0.22	0.16	-0.11	-1.12	0.07	0.15
I10	1.93	-1.76	1.11	-0.05	0.04	0.68	0.02	-0.14	-0.65	-0.03	-0.77	-0.21	0.22	-0.08	-0.11	-0.97	0.07	0.15
I12	-0.04	-0.96	0.73	-0.05	0.04	-1.13	0.02	-0.14	-1.64	-0.03	-0.41	-0.21	0.22	-0.90	-0.11	-1.85	0.07	0.15
L6	-0.26	0.51	0.41	-0.05	0.04	-1.14	0.02	-0.14	-0.13	-0.03	-0.58	-0.21	0.22	-0.72	-0.11	-1.59	0.07	0.15
L7	0.73	-0.85	-0.78	1.49	-0.37	-1.33	-1.61	0.52	-1.43	-0.14	1.25	0.31	-3.80	0.77	1.27	-0.44	-2.26	0.30
L4	-1.28	1.32	-0.20	-0.05	0.04	0.74	0.02	-0.14	0.74	-0.03	-0.87	-0.21	0.22	0.54	-0.11	-0.89	0.07	0.15
L5	0.09	-0.60	0.52	-0.05	0.04	-1.10	0.02	-0.14	-1.33	-0.03	-0.39	-0.21	0.22	-0.88	-0.11	-2.05	0.07	0.15
L2	-0.12	0.45	-1.23	-0.05	0.04	-1.11	0.02	-0.14	-0.38	-0.03	1.10	-0.21	0.22	0.27	-0.11	-0.23	0.07	0.15
L3	-0.64	0.99	-1.15	-0.05	0.04	-1.15	0.02	-0.14	0.07	-0.03	1.08	-0.21	0.22	0.23	-0.11	-0.19	0.07	0.15
L1	-0.27	-0.20	-0.32	-0.05	0.04	-1.12	0.02	-0.14	-0.50	-0.03	1.05	-0.21	0.22	-0.23	-0.11	0.81	0.07	0.15
N1	0.22	-1.26	0.93	-0.05	0.04	-1.15	0.02	-0.14	-1.73	-0.03	-0.48	-0.21	0.22	-0.96	-0.11	-1.69	0.07	0.15
N2	-0.63	1.36	-0.26	-0.05	0.04	-0.76	0.02	-0.14	1.49	-0.03	1.11	-0.21	0.22	0.97	-0.11	-0.46	0.07	0.15
N3	-0.34	-0.58	1.26	-0.05	0.04	-1.14	0.02	-0.14	-1.14	-0.03	-0.39	-0.21	0.22	-1.90	-0.11	-1.38	0.07	0.15
N4	-0.03	-0.79	0.26	-0.05	0.04	0.69	0.02	-0.14	-0.94	-0.03	-1.01	-0.21	0.22	0.25	-0.11	-0.56	0.07	0.15
L8	-0.40	0.77	-0.01	-0.05	0.04	-1.05	0.02	-0.14	0.51	-0.03	-0.53	-0.21	0.22	0.49	-0.11	-0.40	0.07	0.15
L9	-1.04	1.79	-0.41	0.20	0.04	-0.74	3.59	1.81	0.85	-4.00	-0.54	0.56	-2.84	-0.13	-1.29	0.60	-0.04	-1.04
M5	-0.33	1.85	0.29	-0.42	-1.89	-1.45	-4.60	-1.10	1.25	2.64	0.12	2.10	-3.35	-1.12	1.08	-1.12	-0.95	-0.53
J8	0.37	-1.13	1.32	-0.14	0.18	-1.03	0.14	-0.01	-0.64	-0.47	1.13	-0.10	0.21	-0.11	-0.09	-2.29	-0.04	0.33
J9	-2.38	-0.12	2.41	-2.28	5.00	-0.72	1.32	4.93	-0.75	-5.00	-1.28	-1.08	-0.28	-3.14	-0.76	-0.57	1.32	2.64
M7	1.29	-1.96	2.84	-5.00	1.69	-4.41	-1.81	3.29	-1.41	1.70	-0.27	5.00	-4.72	-4.01	5.00	-1.79	-2.65	-5.00
M4	-0.57	1.79	-0.10	-0.05	0.04	-1.16	0.02	-0.14	1.03	-0.03	-0.62	-0.21	0.22	-1.99	-0.11	1.09	0.07	0.15
J4	-0.24	-0.72	1.04	0.21	-0.51	-1.07	-0.20	-0.19	-0.99	0.17	-0.42	-1.11	-0.14	-0.92	0.28	-1.18	0.16	0.06
J5	1.39	-1.01	0.99	-0.05	0.04	-1.15	0.02	-0.14	-1.28	-0.03	-0.59	-0.21	0.22	-2.33	-0.11	-1.55	0.07	0.15
J6	-0.74	0.41	1.73	-0.05	0.04	0.55	0.02	-0.14	0.80	-0.03	-0.07	-0.21	0.22	-0.99	-0.11	-2.02	0.07	0.15
J7	0.56	-0.73	1.40	-0.05	0.04	-1.14	0.02	-0.14	-0.69	-0.03	0.10	-0.21	0.22	-2.17	-0.11	-1.03	0.07	0.15
J1	-0.73	-0.15	-0.76	-0.05	0.04	-0.80	0.02	-0.14	-1.05	-0.03	1.31	-0.21	0.22	0.55	-0.11	-1.16	0.07	0.15
J2	1.25	0.82	-1.35	1.85	-4.22	-1.59	-0.98	-4.34	0.38	2.54	1.20	1.65	-1.93	0.27	1.98	0.22	-2.40	-1.56
J3	-0.45	-0.26	0.16	-0.05	0.04	-1.07	0.02	-0.14	-1.21	-0.03	-0.75	-0.21	0.22	-0.60	-0.11	-1.02	0.07	0.15
M11	-0.93	0.90	-0.32	-0.05	0.04	-0.41	0.02	-0.14	-0.11	-0.03	-0.69	-0.21	0.22	0.50	-0.11	-2.01	0.07	0.15
M10	0.06	1.02	-1.45	-0.07	-0.24	-1.19	-0.47	-0.37	0.43	-0.34	1.07	-0.17	0.18	0.27	-0.29	0.90	0.29	0.33
M12	-1.33	1.80	0.36	-0.05	0.04	0.63	0.02	-0.14	1.31	-0.03	-0.90	-0.21	0.22	-0.76	-0.11	-0.73	0.07	0.15
M1	0.26	-1.00	0.22	-0.05	0.04	0.83	0.02	-0.14	-1.17	-0.03	-0.69	-0.21	0.22	0.26	-0.11	-1.44	0.07	0.15
