G7	-0.29	0.59	-0.59	0.10	-0.03	-0.30	-0.15	0.03	0.13	-0.07	-0.21	0.10	0.11	0.40	0.01	1.22	-0.11	-0.00
G6	-0.93	0.90	-0.70	0.10	-0.03	-0.21	-0.15	0.03	-0.01	-0.07	-0.24	0.10	0.11	0.51	0.01	1.22	-0.11	-0.00
G5	0.13	0.13	-0.51	0.14	-0.63	-0.21	-0.01	-0.09	-0.00	-0.47	-0.21	-0.68	0.21	0.41	0.40	1.10	-0.31	0.18
G4	1.11	-0.89	-0.94	0.10	-0.03	-0.52	-0.15	0.03	-1.11	-0.07	0.04	0.10	0.11	-0.05	0.01	0.43	-0.11	-0.00
G3	0.19	-1.07	-1.21	-1.32	-3.04	0.24	5.00	-5.00	-1.67	5.00	-0.09	-3.15	-1.88	0.58	3.28	0.52	1.64	-4.20
G2	0.10	-0.67	-0.58	-0.00	-0.03	-0.48	0.39	0.12	-1.07	-0.35	-0.09	-2.02	-0.19	-0.09	-0.32	1.07	0.03	-0.03
G1	-0.32	-0.58	0.02	0.10	-0.03	-0.13	-0.15	0.03	-0.72	-0.07	-0.28	0.10	0.11	0.10	0.01	0.12	-0.11	-0.00
G9	-0.38	0.14	-0.49	0.10	-0.03	-0.40	-0.15	0.03	-0.32	-0.07	-0.24	0.10	0.11	0.29	0.01	1.14	-0.11	-0.00
G8	-0.49	0.90	-0.40	0.10	-0.03	-0.33	-0.15	0.03	0.43	-0.07	-0.20	0.10	0.11	0.25	0.01	1.02	-0.11	-0.00
N6	-0.81	0.25	0.40	0.10	-0.03	1.25	-0.15	0.03	0.29	-0.07	-0.16	0.10	0.11	0.74	0.01	-1.09	-0.11	-0.00
N7	-0.66	1.17	-0.79	0.10	-0.03	0.54	-0.15	0.03	0.05	-0.07	-0.58	0.10	0.11	0.17	0.01	0.18	-0.11	-0.00
B4	0.63	-1.04	0.06	0.10	-0.03	1.09	-0.15	0.03	-0.55	-0.07	-0.46	0.10	0.11	0.41	0.01	-0.83	-0.11	-0.00
B5	-0.49	1.38	-1.46	0.10	-0.03	0.43	-0.15	0.03	-0.20	-0.07	-0.37	0.10	0.11	0.39	0.01	0.33	-0.11	-0.00
B6	2.98	-1.04	-0.77	0.10	-0.03	-0.78	-0.15	0.03	0.07	-0.07	0.33	0.10	0.11	0.10	0.01	0.28	-0.11	-0.00
B7	0.31	0.44	-1.66	0.10	-0.03	-0.94	-0.15	0.03	-0.95	-0.07	-0.24	0.10	0.11	0.22	0.01	0.40	-0.11	-0.00
B1	-0.77	0.18	-0.19	0.10	-0.03	-0.08	-0.15	0.03	-0.52	-0.07	-0.18	0.10	0.11	-0.15	0.01	0.14	-0.11	-0.00
B2	0.08	1.84	-2.12	0.10	-0.03	-1.00	-0.15	0.03	0.54	-0.07	0.77	0.10	0.11	1.21	0.01	2.12	-0.11	-0.00
B3	1.07	-1.13	0.14	0.10	-0.03	1.18	-0.15	0.03	-0.16	-0.07	-0.70	0.10	0.11	0.24	0.01	0.37	-0.11	-0.00
B8	0.26	-0.86	-0.44	0.10	-0.03	-0.29	-0.15	0.03	-1.15	-0.07	0.20	0.10	0.11	-0.04	0.01	-0.05	-0.11	-0.00
B9	0.61	-0.55	-0.39	0.10	-0.03	-0.57	-0.15	0.03	-0.70	-0.07	0.15	0.10	0.11	-0.30	0.01	-0.05	-0.11	-0.00
N5	-1.00	0.46	-0.86	0.10	-0.03	-0.11	-0.15	0.03	-1.10	-0.07	-0.12	0.10	0.11	0.41	0.01	-1.45	-0.11	-0.00
P10	0.97	-0.66	1.45	0.10	-0.03	1.26	-0.15	0.03	2.02	-0.07	1.38	0.10	0.11	1.25	0.01	0.39	-0.11	-0.00
P11	0.20	0.37	-0.79	0.10	-0.03	1.21	-0.15	0.03	-0.06	-0.07	0.22	0.10	0.11	0.69	0.01	-0.40	-0.11	-0.00
P12	-0.23	0.09	-0.27	0.10	-0.03	1.21	-0.15	0.03	-0.12	-0.07	0.25	0.10	0.11	0.78	0.01	-0.95	-0.11	-0.00
E9	-0.58	-0.01	-0.53	0.10	-0.03	-0.72	-0.15	0.03	-0.60	-0.07	0.49	0.10	0.11	0.53	0.01	0.67	-0.11	-0.00
E8	-0.47	0.35	-0.22	0.10	-0.03	-0.67	-0.15	0.03	-0.19	-0.07	0.67	0.10	0.11	-0.22	0.01	0.24	-0.11	-0.00
E5	-0.42	-0.23	0.05	0.10	-0.03	-0.16	-0.15	0.03	-0.40	-0.07	-0.29	0.10	0.11	0.14	0.01	0.09	-0.11	-0.00
E4	-0.85	0.00	-0.16	0.10	-0.03	-0.12	-0.15	0.03	-0.66	-0.07	-0.26	0.10	0.11	0.10	0.01	-0.01	-0.11	-0.00
E7	0.68	-0.30	-0.90	0.10	-0.03	-0.46	-0.15	0.03	-0.63	-0.07	0.34	0.10	0.11	0.12	0.01	0.65	-0.11	-0.00
E6	0.36	0.48	-1.20	0.10	-0.03	-0.76	-0.15	0.03	-0.47	-0.07	0.09	0.10	0.11	-0.15	0.01	0.74	-0.11	-0.00
E1	0.37	-0.93	-0.15	0.10	-0.03	-0.14	-0.15	0.03	-0.67	-0.07	0.06	0.10	0.11	0.15	0.01	0.73	-0.11	-0.00
P8	0.05	-0.38	2.11	0.10	-0.03	0.90	-0.15	0.03	2.41	-0.07	1.30	0.10	0.11	1.23	0.01	0.68	-0.11	-0.00
E3	-0.54	-0.25	-1.29	0.10	-0.03	-0.77	-0.15	0.03	-1.81	-0.07	-0.05	0.10	0.11	0.03	0.01	0.37	-0.11	-0.00
E2	-0.54	-0.25	-1.29	0.10	-0.03	-0.77	-0.15	0.03	-1.81	-0.07	-0.05	0.10	0.11	0.03	0.01	0.37	-0.11	-0.00
P2	2.86	-1.45	1.70	0.10	0.58	0.84	-0.17	-0.00	2.52	-0.23	1.53	0.31	0.08	1.24	0.38	-0.20	-0.24	0.05
P3	2.45	-1.30	1.38	0.10	-0.03	0.74	-0.15	0.03	2.24	-0.07	0.87	0.10	0.11	1.10	0.01	1.25	-0.11	-0.00
P1	2.16	-2.88	0.64	0.10	-0.03	1.36	-0.15	0.03	-0.41	-0.07	1.49	0.10	0.11	1.04	0.01	-0.19	-0.11	-0.00
P6	0.28	0.16	-0.32	0.18	-2.44	1.15	0.71	-0.15	0.63	0.13	-0.17	0.24	0.08	0.97	0.22	1.44	-0.63	0.37
P7	1.28	-0.76	1.52	0.08	-0.03	1.22	-0.17	-0.16	2.20	-0.23	1.24	-0.33	0.07	1.24	0.50	0.31	0.44	-0.00
P4	2.53	-1.49	1.61	0.57	1.78	0.94	-0.30	-0.04	2.23	0.25	1.35	-0.04	0.08	1.28	1.13	-0.22	-0.13	-0.85
P5	0.39	-0.80	2.17	-0.00	-0.03	0.24	-1.21	-0.91	2.21	0.29	0.07	-0.47	0.05	1.26	-1.27	1.26	0.19	0.61
H10	0.09	-2.19	2.37	-5.00	-5.00	3.17	4.10	0.83	0.59	-5.00	3.16	0.10	-5.00	1.20	-5.00	-2.89	5.00	-0.45
H11	0.05	-2.50	2.04	-5.00	5.00	1.72	5.00	5.00	0.96	5.00	5.00	-5.00	-5.00	1.79	-5.00	-0.69	5.00	5.00
H12	0.70	-1.37	2.27	0.10	-0.03	-0.08	-0.15	0.03	1.53	-0.07	-1.55	0.10	0.11	0.97	0.01	-0.35	-0.11	-0.00
P9	0.54	-0.75	1.83	0.59	-1.23	0.37	-0.13	0.14	2.04	-0.07	0.07	-0.33	0.23	1.35	-0.08	0.85	-0.30	-0.05
F12	0.53	-0.03	-1.88	0.10	-0.03	-0.87	-0.15	0.03	-1.43	-0.07	0.03	0.10	0.11	0.31	0.01	0.48	-0.11	-0.00
F10	0.02	-0.64	-1.10	0.10	-0.03	-0.54	-0.15	0.03	-1.35	-0.07	-0.18	0.10	0.11	0.36	0.01	1.54	-0.11	-0.00
F11	0.12	-0.88	-0.96	0.10	-0.03	-0.03	-0.15	0.03	-1.32	-0.07	-0.71	0.10	0.11	0.37	0.01	1.95	-0.11	-0.00
N12	-0.88	1.77	-1.32	0.10	-0.03	0.58	-0.15	0.03	0.05	-0.07	-0.74	0.10	0.11	0.33	0.01	0.30	-0.11	-0.00
H8	-1.22	1.64	-0.81	0.10	-0.03	0.87	-0.15	0.03	0.57	-0.07	0.04	0.10	0.11	1.07	0.01	0.43	-0.11	-0.00
H9	-0.97	1.42	-0.89	0.10	-0.03	0.82	-0.15	0.03	0.41	-0.07	0.07	0.10	0.11	1.07	0.01	0.35	-0.11	-0.00
H6	-1.09	1.39	-1.05	0.10	-0.03	0.72	-0.15	0.03	-0.15	-0.07	-1.24	0.10	0.11	0.32	0.01	0.63	-0.11	-0.00
H7	-1.08	1.80	-0.99	0.10	-0.03	0.59	-0.15	0.03	0.27	-0.07	-0.80	0.10	0.11	0.42	0.01	0.03	-0.11	-0.00
H4	-1.47	0.51	-0.19	-0.00	-0.63	-0.21	0.01	0.58	-0.74	-0.19	-0.41	0.31	0.10	-0.32	-1.08	0.10	-0.15	0.05
H5	-1.00	1.37	-1.11	0.10	-0.03	0.52	-0.15	0.03	-0.17	-0.07	-0.70	0.10	0.11	0.37	0.01	0.47	-0.11	-0.00
D10	-0.20	-0.62	-0.12	0.12	1.18	-0.14	0.25	0.46	-0.83	0.66	-0.24	-0.26	0.08	-0.02	-0.43	0.19	0.14	-0.53
D11	-0.21	-0.24	-1.17	0.10	-0.03	-0.55	-0.15	0.03	-1.38	-0.07	-0.03	0.10	0.11	0.08	0.01	0.86	-0.11	-0.00
D12	0.11	-0.46	-1.52	0.10	-0.03	-0.51	-0.15	0.03	-1.69	-0.07	0.03	0.10	0.11	0.36	0.01	0.56	-0.11	-0.00
B12	0.44	-0.33	0.65	0.10	-0.03	-0.52	-0.15	0.03	0.20	-0.07	-0.40	0.10	0.11	-0.84	0.01	-0.17	-0.11	-0.00
B10	2.94	-1.13	-1.43	0.10	-0.03	-0.71	-0.15	0.03	-0.66	-0.07	0.36	0.10	0.11	0.27	0.01	0.16	-0.11	-0.00
B11	0.43	0.12	-0.84	0.10	-0.03	-0.47	-0.15	0.03	-0.24	-0.07	0.75	0.10	0.11	0.72	0.01	-0.33	-0.11	-0.00
Q8	-0.60	0.51	0.73	3.45	-0.63	-2.09	-1.12	0.01	-0.99	-0.23	-1.69	0.03	0.16	-5.00	0.62	2.52	-0.16	0.26
Q9	-0.24	0.15	-0.03	0.10	-0.03	1.13	-0.15	0.03	0.18	-0.07	0.20	0.10	0.11	0.73	0.01	-0.66	-0.11	-0.00
C9	-0.71	0.30	-0.60	0.10	-0.03	-0.27	-0.15	0.03	-0.86	-0.07	-0.26	0.10	0.11	-0.29	0.01	0.01	-0.11	-0.00
C8	-0.43	0.34	-1.76	0.10	-0.03	-0.65	-0.15	0.03	-1.59	-0.07	0.11	0.10	0.11	-0.06	0.01	0.78	-0.11	-0.00
Q11	2.45	0.01	-0.76	0.10	-0.03	1.09	-0.15	0.03	1.22	-0.07	-0.12	0.10	0.11	1.00	0.01	0.55	-0.11	-0.00
Q10	2.83	-1.45	1.70	0.10	-0.03	0.84	-0.15	0.03	2.51	-0.07	1.57	0.10	0.11	1.24	0.01	-0.16	-0.11	-0.00
Q12	2.71	-1.52	1.78	0.10	-0.03	-0.87	-0.15	0.03	2.27	-0.07	1.40	0.10	0.11	1.05	0.01	-0.22	-0.11	-0.00
C3	1.43	-1.29	-1.09	0.10	-0.03	-0.66	-0.15	0.03	-0.97	-0.07	-0.14	0.10	0.11	1.12	0.01	0.93	-0.11	-0.00
C2	2.14	-0.42	-1.50	0.10	-0.03	-1.00	-0.15	0.03	-0.36	-0.07	-0.08	0.10	0.11	0.49	0.01	0.80	-0.11	-0.00
C1	0.70	0.09	-0.51	0.10	-0.03	-0.42	-0.15	0.03	0.19	-0.07	0.04	0.10	0.11	0.48	0.01	0.21	-0.11	-0.00
C7	-1.05	0.57	0.27	0.10	-0.03	-0.20	-0.15	0.03	0.35	-0.07	-0.62	0.10	0.11	0.17	0.01	0.81	-0.11	-0.00
C6	-0.83	0.23	0.07	0.10	-0.03	-0.24	-0.15	0.03	-0.10	-0.07	-0.66	0.10	0.11	0.06	0.01	0.85	-0.11	-0.00
C5	-0.71	0.30	-0.60	0.10	-0.03	-0.27	-0.15	0.03	-0.86	-0.07	-0.26	0.10	0.11	-0.29	0.01	0.01	-0.11	-0.00
C4	-0.24	-0.15	-0.33	0.12	-0.63	-0.40	-0.62	0.49	-0.38	-0.51	0.07	-0.54	0.04	0.25	0.23	1.00	-0.29	0.21
N10	-0.63	1.46	-0.86	0.10	-0.03	0.58	-0.15	0.03	0.39	-0.07	-0.74	0.10	0.11	0.42	0.01	0.41	-0.11	-0.00
N8	-0.43	-0.44	0.09	0.06	-0.03	-0.14	-0.20	0.08	-0.87	-0.51	0.01	0.10	0.05	0.23	0.48	-2.24	0.10	-0.11
N9	-0.59	-0.41	-0.08	0.10	-0.03	-0.24	-0.15	0.03	-1.06	-0.07	0.09	0.10	0.11	0.22	0.01	-1.85	-0.11	-0.00
N11	-0.03	0.80	-1.21	0.10	-0.03	0.67	-0.15	0.03	-0.08	-0.07	-0.11	0.10	0.11	0.62	0.01	0.75	-0.11	-0.00
G12	-0.87	0.95	-1.61	0.10	-0.03	-0.81	-0.15	0.03	-1.05	-0.07	0.29	0.10	0.11	0.17	0.01	0.66	-0.11	-0.00
G11	1.23	-0.15	-1.39	0.10	-0.03	-0.86	-0.15	0.03	-0.76	-0.07	0.15	0.10	0.11	-0.30	0.01	1.05	-0.11	-0.00
G10	-0.34	0.79	-0.63	0.10	-0.03	-0.49	-0.15	0.03	0.26	-0.07	0.50	0.10	0.11	0.37	0.01	1.11	-0.11	-0.00
F1	0.83	-0.40	-0.74	0.10	-0.03	-0.68	-0.15	0.03	-0.24	-0.07	0.57	0.10	0.11	0.75	0.01	0.71	-0.11	-0.00
F2	0.49	-0.69	-0.50	0.10	-0.03	-0.65	-0.15	0.03	-0.72	-0.07	0.57	0.10	0.11	0.26	0.01	0.40	-0.11	-0.00
F3	0.14	-0.46	-0.49	0.10	-0.03	-0.24	-0.15	0.03	-0.85	-0.07	-0.23	0.10	0.11	0.01	0.01	0.15	-0.11	-0.00
F4	1.01	-1.14	0.22	0.10	-0.03	-0.26	-0.15	0.03	-0.23	-0.07	-0.74	0.10	0.11	-0.41	0.01	1.65	-0.11	-0.00
F5	-0.52	0.00	-0.82	0.10	-0.03	-0.18	-0.15	0.03	-1.16	-0.07	-0.05	0.10	0.11	-0.16	0.01	0.20	-0.11	-0.00
F6	-0.16	-0.59	-0.36	0.14	0.58	-0.52	-0.28	0.35	-0.85	-0.19	-0.24	0.31	0.16	0.12	0.46	0.95	-0.22	0.31
F7	0.59	-0.33	-1.12	0.10	-0.03	-0.61	-0.15	0.03	-1.15	-0.07	0.00	0.10	0.11	-0.37	0.01	0.59	-0.11	-0.00
F8	0.06	0.23	-1.04	0.10	-0.03	-0.61	-0.15	0.03	-0.79	-0.07	-0.11	0.10	0.11	-0.27	0.01	0.66	-0.11	-0.00
F9	0.95	-1.23	-0.27	0.10	-0.03	-0.39	-0.15	0.03	-0.81	-0.07	0.18	0.10	0.11	-0.05	0.01	0.70	-0.11	-0.00
Q1	0.20	0.75	-0.15	0.10	-0.03	1.06	-0.15	0.03	1.12	-0.07	0.36	0.10	0.11	0.90	0.01	0.10	-0.11	-0.00
Q3	-0.21	0.65	-0.65	0.10	-0.03	1.30	-0.15	0.03	0.42	-0.07	0.04	0.10	0.11	1.03	0.01	0.78	-0.11	-0.00
Q2	-0.06	0.49	-0.13	0.10	-0.03	1.28	-0.36	0.10	0.88	-0.19	-0.35	0.52	0.11	0.80	0.53	1.38	-0.18	-0.11
Q5	2.89	-1.46	1.70	-0.13	0.58	0.90	-0.24	0.07	2.52	0.05	1.55	-0.11	0.07	1.26	-0.26	-0.16	-0.24	0.02
Q4	-0.25	0.13	-0.30	0.10	-0.03	1.04	-0.15	0.03	-0.13	-0.07	0.23	0.10	0.11	0.76	0.01	-0.92	-0.11	-0.00
Q7	2.58	-1.23	-0.04	0.10	-0.03	0.64	-0.15	0.03	0.09	-0.07	0.13	0.10	0.11	-0.77	0.01	0.19	-0.11	-0.00
Q6	0.87	0.59	-1.53	0.10	-0.03	0.47	-0.15	0.03	0.06	-0.07	0.93	0.10	0.11	0.76	0.01	0.79	-0.11	-0.00
E11	-0.69	-0.21	-0.31	0.10	-0.03	-0.08	-0.15	0.03	-0.92	-0.07	-0.23	0.10	0.11	0.12	0.01	-0.09	-0.11	-0.00
E10	0.79	-0.36	-0.43	0.10	-0.03	-0.55	-0.15	0.03	-0.39	-0.07	-0.09	0.10	0.11	-0.21	0.01	0.14	-0.11	-0.00
E12	-0.12	-0.40	0.25	0.10	-0.03	-0.16	-0.15	0.03	-0.21	-0.07	-0.24	0.10	0.11	0.02	0.01	0.16	-0.11	-0.00
C12	1.06	-0.33	-1.05	0.10	-0.03	-0.59	-0.15	0.03	-0.62	-0.07	0.55	0.10	0.11	0.05	0.01	0.55	-0.11	-0.00
C11	0.51	0.47	-1.39	0.10	-0.03	-0.76	-0.15	0.03	-0.52	-0.07	0.16	0.10	0.11	-0.04	0.01	0.82	-0.11	-0.00
C10	-0.37	-0.16	-0.25	0.10	-0.03	-0.22	-0.15	0.03	-0.61	-0.07	-0.21	0.10	0.11	-0.02	0.01	0.26	-0.11	-0.00
A11	-0.72	-0.06	1.16	0.10	-0.03	1.18	-0.15	0.03	1.22	-0.07	1.10	0.10	0.11	1.19	0.01	0.10	-0.11	-0.00
A10	2.03	-1.27	-1.45	0.10	-0.03	-0.53	-0.15	0.03	-1.08	-0.07	1.02	0.10	0.11	0.50	0.01	1.01	-0.11	-0.00
A12	-0.23	1.27	-1.16	0.10	-0.03	1.33	-0.15	0.03	0.50	-0.07	-0.02	0.10	0.11	1.10	0.01	0.53	-0.11	-0.00
A1	1.96	-1.60	2.48	0.10	-0.03	5.00	-0.15	0.03	4.68	-0.07	5.00	0.10	0.11	5.00	0.01	-1.73	-0.11	-0.00
A3	-0.86	1.24	-1.20	0.10	-0.03	0.55	-0.15	0.03	-0.26	-0.07	-0.66	0.10	0.11	0.51	0.01	0.32	-0.11	-0.00
A2	-0.73	1.09	-0.63	0.10	-0.03	1.37	-0.15	0.03	0.31	-0.07	0.39	0.10	0.11	0.95	0.01	-0.76	-0.11	-0.00
A5	-0.01	-0.25	-0.49	0.10	-0.03	1.11	-0.15	0.03	-0.50	-0.07	0.16	0.10	0.11	0.76	0.01	-0.59	-0.11	-0.00
A4	0.02	0.07	1.05	0.10	-0.03	1.26	-0.15	0.03	1.70	-0.07	0.96	0.10	0.11	1.30	0.01	-0.01	-0.11	-0.00
A7	0.51	-0.85	0.06	0.10	-0.03	0.71	-0.15	0.03	-0.47	-0.07	0.48	0.10	0.11	-0.34	0.01	0.37	-0.11	-0.00
A6	-0.64	0.99	-0.57	0.10	-0.03	1.32	-0.15	0.03	0.32	-0.07	0.34	0.10	0.11	0.97	0.01	-0.82	-0.11	-0.00
A9	0.81	-1.35	2.59	0.10	-0.03	0.80	-0.15	0.03	1.70	-0.07	-0.33	0.10	0.11	-0.01	0.01	-0.24	-0.11	-0.00
A8	-0.49	0.10	1.06	0.10	-0.03	1.02	-0.15	0.03	1.50	-0.07	1.01	0.10	0.11	1.23	0.01	0.65	-0.11	-0.00
D8	0.07	-0.52	0.18	0.10	-0.03	-0.19	-0.15	0.03	-0.25	-0.07	-0.26	0.10	0.11	-0.00	0.01	0.43	-0.11	-0.00
D9	0.28	-0.39	-0.52	0.10	-0.03	-0.57	-0.15	0.03	-0.62	-0.07	0.45	0.10	0.11	-0.06	0.01	0.79	-0.11	-0.00
D6	0.54	0.08	-1.24	0.10	-0.03	-0.50	-0.15	0.03	-0.79	-0.07	0.29	0.10	0.11	-0.17	0.01	0.65	-0.11	-0.00
D7	0.12	0.30	-1.62	0.10	-0.03	-0.68	-0.15	0.03	-1.19	-0.07	-0.02	0.10	0.11	-0.03	0.01	0.61	-0.11	-0.00
D4	1.11	-1.40	0.60	0.10	-0.03	-0.47	-0.15	0.03	-0.49	-0.07	0.27	0.10	0.11	-0.65	0.01	-0.74	-0.11	-0.00
D5	0.83	-1.10	-0.20	0.10	-0.03	-0.68	-0.15	0.03	-0.58	-0.07	-0.16	0.10	0.11	0.07	0.01	1.30	-0.11	-0.00
D2	-0.64	0.08	-0.87	0.10	-0.03	-0.09	-0.15	0.03	-1.03	-0.07	-0.05	0.10	0.11	0.36	0.01	0.07	-0.11	-0.00
D3	0.73	-0.78	-0.25	0.10	-0.03	-0.36	-0.15	0.03	-0.51	-0.07	0.32	0.10	0.11	-0.22	0.01	0.87	-0.11	-0.00
D1	-0.19	-0.05	0.02	0.10	-0.03	-0.27	-0.15	0.03	-0.15	-0.07	-0.19	0.10	0.11	0.06	0.01	0.05	-0.11	-0.00
K12	-0.61	0.81	0.97	0.08	2.99	-0.59	0.18	0.46	0.44	-0.19	-0.74	-0.40	0.13	-1.87	0.07	-0.95	-0.70	-0.71
K11	-1.77	2.16	0.15	0.10	-0.03	-0.27	-0.15	0.03	1.06	-0.07	-0.70	0.10	0.11	-0.62	0.01	0.87	-0.11	-0.00
K10	-1.52	0.29	-0.13	0.41	-0.63	-0.30	-0.30	0.81	-0.78	-0.31	-0.73	0.45	0.02	-0.35	0.22	0.94	-0.37	-0.32
M3	-1.62	0.58	-0.79	0.39	-0.03	-0.63	0.10	0.44	-1.38	-0.96	0.19	0.03	0.16	-0.47	-1.05	0.26	-0.26	0.10
M2	-0.83	-0.31	0.39	0.10	-0.03	-0.17	-0.15	0.03	-0.94	-0.07	-0.28	0.10	0.11	-0.42	0.01	-2.07	-0.11	-0.00
L10	-0.40	0.35	0.80	0.10	-0.03	-0.34	-0.15	0.03	0.75	-0.07	-0.60	0.10	0.11	-0.69	0.01	0.97	-0.11	-0.00
L11	-0.83	0.36	1.20	0.10	-0.03	-0.22	-0.15	0.03	0.12	-0.07	-0.39	0.10	0.11	-1.67	0.01	-1.72	-0.11	-0.00
L12	-0.05	-1.02	0.87	0.10	-0.03	-0.33	-0.15	0.03	-0.77	-0.07	-0.94	0.10	0.11	-0.85	0.01	-1.40	-0.11	-0.00
K3	-1.55	2.78	-0.72	0.10	-3.04	-0.31	-0.34	-0.36	1.18	0.13	0.07	-0.18	0.10	-0.14	-0.49	1.06	0.23	-0.19
K2	-1.37	2.60	-0.82	0.10	-0.03	-0.30	-0.15	0.03	0.99	-0.07	0.05	0.10	0.11	-0.17	0.01	0.96	-0.11	-0.00
K1	0.29	-0.74	-0.11	0.10	-0.03	-0.26	-0.15	0.03	-0.88	-0.07	0.25	0.10	0.11	0.28	0.01	-1.85	-0.11	-0.00
M6	-0.69	-0.11	-0.13	0.10	-0.03	-0.80	-0.15	0.03	-1.31	-0.07	-0.03	0.10	0.11	-1.45	0.01	-0.62	-0.11	-0.00
K7	-0.76	-0.26	1.30	0.10	-0.03	-0.35	-0.15	0.03	-0.38	-0.07	-0.83	0.10	0.11	-1.95	0.01	-1.08	-0.11	-0.00
K6	0.31	-0.73	1.67	0.10	-0.03	-0.40	-0.15	0.03	0.15	-0.07	-0.69	0.10	0.11	-2.11	0.01	-0.87	-0.11	-0.00
K5	-1.52	1.84	-0.08	0.10	-0.03	-0.38	-0.15	0.03	0.44	-0.07	-0.28	0.10	0.11	-0.23	0.01	-1.45	-0.11	-0.00
K4	-0.49	-0.44	0.41	-1.44	-1.23	-0.54	0.60	0.77	-0.63	-0.07	0.59	-0.61	0.02	-0.13	3.77	-2.08	-0.94	-0.37
K9	0.33	-0.56	1.05	0.10	-0.03	-0.22	-0.15	0.03	0.19	-0.07	-0.39	0.10	0.11	-0.52	0.01	-1.69	-0.11	-0.00
K8	0.69	-0.94	0.92	0.10	-0.03	-0.24	-0.15	0.03	-0.16	-0.07	-0.39	0.10	0.11	-0.60	0.01	-1.79	-0.11	-0.00
M9	-0.93	1.65	0.14	0.10	-0.03	-0.15	-0.15	0.03	1.10	-0.07	-0.28	0.10	0.11	-0.32	0.01	0.30	-0.11	-0.00
M8	-2.54	2.29	0.10	0.24	3.59	-0.30	3.16	-4.73	0.54	0.57	0.28	-5.00	0.67	-0.35	-1.55	-1.63	4.21	-4.09
I9	-0.83	1.52	0.46	0.10	-0.03	-0.30	-0.15	0.03	1.31	-0.07	-0.58	0.10	0.11	-0.72	0.01	1.10	-0.11	-0.00
I8	0.50	-0.74	1.31	0.10	-0.03	-0.26	-0.15	0.03	-0.05	-0.07	-0.49	0.10	0.11	-1.50	0.01	-2.03	-0.11	-0.00
I1	-1.29	2.03	-0.60	0.10	-0.03	0.07	-0.15	0.03	0.91	-0.07	-1.18	0.10	0.11	0.10	0.01	2.02	-0.11	-0.00
I3	-0.15	-0.32	0.69	0.10	-0.03	-0.34	-0.15	0.03	0.25	-0.07	-0.58	0.10	0.11	-0.39	0.01	1.03	-0.11	-0.00
I2	-0.64	2.05	-0.54	0.10	-0.03	-0.39	-0.15	0.03	1.28	-0.07	0.06	0.10	0.11	0.04	0.01	1.23	-0.11	-0.00
I5	0.24	0.23	1.21	0.10	-0.03	-0.47	-0.15	0.03	0.72	-0.07	-0.79	0.10	0.11	-1.86	0.01	-0.62	-0.11	-0.00
I4	-1.37	1.62	0.17	0.06	-0.03	-0.24	-0.09	-0.11	0.78	-0.11	-0.79	-0.26	0.05	-0.49	-0.13	0.66	-0.21	0.29
I7	-0.53	-0.56	0.97	0.10	-0.03	-0.33	-0.15	0.03	-0.49	-0.07	-0.90	0.10	0.11	-0.78	0.01	-1.37	-0.11	-0.00
I6	0.51	-0.96	1.25	0.10	-0.03	-0.27	-0.15	0.03	0.06	-0.07	-0.73	0.10	0.11	-0.86	0.01	-1.03	-0.11	-0.00
J12	-0.46	-0.98	1.26	-0.00	-1.23	-0.33	-0.03	0.05	-0.87	1.42	-1.11	2.22	0.10	-2.06	4.03	-0.99	-1.36	0.71
J10	0.30	-0.17	0.82	0.10	-0.03	-0.46	-0.15	0.03	0.44	-0.07	-0.58	0.10	0.11	-0.58	0.01	-0.74	-0.11	-0.00
J11	-1.49	0.99	0.20	0.10	-0.03	-0.26	-0.15	0.03	0.18	-0.07	-0.65	0.10	0.11	-0.38	0.01	0.62	-0.11	-0.00
I11	-0.19	0.10	0.91	-0.72	0.58	-0.32	-0.49	0.37	0.57	0.09	-0.44	-0.89	0.15	-0.21	0.41	-0.88	-0.74	-0.37
I10	1.04	-1.67	1.02	0.10	-0.03	-0.35	-0.15	0.03	-0.59	-0.07	-0.69	0.10	0.11	-0.98	0.01	-1.02	-0.11	-0.00
I12	-1.16	0.32	-0.09	0.10	-0.03	-0.84	-0.15	0.03	-1.07	-0.07	0.00	0.10	0.11	-1.34	0.01	-0.39	-0.11	-0.00
L6	-0.61	0.71	0.52	-1.75	0.58	-0.35	0.41	0.39	0.33	0.17	-0.68	3.20	0.61	-0.56	-2.12	-1.40	0.49	1.19
L7	0.03	-0.61	0.48	0.10	-0.03	-0.33	-0.01	0.01	-0.02	-0.23	-0.48	-0.61	0.15	0.00	0.09	0.90	-0.34	-0.50
L4	-1.33	1.63	-0.13	0.10	-0.03	-0.41	-0.15	0.03	0.28	-0.07	-0.26	0.10	0.11	-0.34	0.01	-1.39	-0.11	-0.00
L5	-0.61	0.03	0.73	0.10	-0.03	-0.23	-0.15	0.03	-0.09	-0.07	-0.38	0.10	0.11	-0.39	0.01	-1.78	-0.11	-0.00
L2	-0.70	0.73	0.17	0.33	-0.03	-0.11	-0.05	0.35	0.41	-0.03	-0.35	1.09	0.18	-0.05	-0.40	0.06	-0.22	-0.00
L3	-1.22	1.47	0.19	0.12	-2.44	-0.05	-0.05	-0.23	0.87	0.49	-0.35	0.24	0.18	0.05	-0.24	0.16	-0.31	-1.48
L1	0.28	-0.91	1.03	0.10	-0.03	-0.10	-0.15	0.03	-0.52	-0.07	-0.21	0.10	0.11	-1.48	0.01	-1.60	-0.11	-0.00
N1	0.70	-1.24	1.16	0.10	-0.03	-0.30	-0.15	0.03	-0.19	-0.07	-0.68	0.10	0.11	-0.94	0.01	-0.89	-0.11	-0.00
N2	-0.49	0.90	0.54	0.10	-0.03	-0.35	-0.15	0.03	1.03	-0.07	-0.59	0.10	0.11	-0.63	0.01	1.16	-0.11	-0.00
N3	-0.48	-0.50	1.21	0.10	-0.03	-0.43	-0.15	0.03	-0.55	-0.07	-0.78	0.10	0.11	-2.02	0.01	-1.02	-0.11	-0.00
N4	0.01	-0.09	-0.32	0.10	-0.03	-0.19	-0.15	0.03	-0.53	-0.07	-0.07	0.10	0.11	0.45	0.01	-1.72	-0.11	-0.00
L8	0.06	0.95	0.24	0.12	0.58	-0.09	0.61	-0.48	0.95	0.09	-1.27	0.24	0.02	-0.69	0.00	0.41	0.16	-0.42
L9	-0.62	0.90	0.25	0.14	1.78	-0.56	-0.18	0.10	0.60	-0.03	0.64	0.03	0.16	-0.16	0.89	-0.78	-0.10	-0.82
M5	-0.74	1.30	0.71	0.10	-0.03	-0.38	-0.15	0.03	0.82	-0.07	-0.28	0.10	0.11	-1.22	0.01	-1.40	-0.11	-0.00
J8	0.97	-1.64	1.44	0.10	-0.03	-0.31	-0.15	0.03	-0.54	-0.07	-0.69	0.10	0.11	-2.09	0.01	-0.76	-0.11	-0.00
J9	0.14	-0.23	1.48	0.10	-0.03	-0.22	-0.15	0.03	0.40	-0.07	-0.44	0.10	0.11	-1.64	0.01	-1.74	-0.11	-0.00
M7	-0.33	-1.08	0.86	0.10	-0.03	-0.62	-0.15	0.03	-1.20	-0.07	-0.79	0.10	0.11	-1.28	0.01	-1.53	-0.11	-0.00
M4	-0.27	0.95	0.51	0.10	-0.03	-0.36	-0.15	0.03	0.95	-0.07	-0.10	0.10	0.11	-0.70	0.01	-0.20	-0.11	-0.00
J4	-0.22	-0.18	1.07	-0.04	2.39	-0.14	0.20	0.16	-0.13	0.45	-0.40	1.44	0.05	-1.45	0.89	-1.96	-0.69	-0.87
J5	0.76	-1.26	1.52	0.10	-0.03	-0.42	-0.15	0.03	-0.29	-0.07	-0.67	0.10	0.11	-2.18	0.01	-0.97	-0.11	-0.00
J6	-0.33	0.30	1.34	0.10	-0.03	-0.51	-0.15	0.03	0.69	-0.07	-0.62	0.10	0.11	-1.47	0.01	-0.82	-0.11	-0.00
J7	0.65	-1.05	1.58	0.10	-0.03	-0.33	-0.15	0.03	-0.00	-0.07	-0.70	0.10	0.11	-2.06	0.01	-0.70	-0.11	-0.00
J1	-1.36	0.45	-0.82	0.33	2.99	-0.80	1.20	0.10	-0.89	-0.23	0.50	1.23	-1.40	0.36	4.13	-0.26	0.46	1.05
J2	-0.29	0.81	0.56	0.10	-0.03	-0.16	-0.15	0.03	1.02	-0.07	-0.33	0.10	0.11	-0.30	0.01	-0.02	-0.11	-0.00
J3	-0.82	0.12	-0.01	0.10	-0.03	-0.14	-0.15	0.03	-0.64	-0.07	-0.35	0.10	0.11	0.32	0.01	-2.05	-0.11	-0.00
M11	-1.17	2.00	-0.09	0.22	-0.03	0.05	0.14	0.08	0.90	-0.47	-1.10	0.66	0.05	-0.84	1.24	0.23	0.09	-0.13
M10	-0.06	0.16	0.42	0.10	-0.03	-0.16	-0.15	0.03	0.49	-0.07	-0.34	0.10	0.11	0.00	0.01	-0.10	-0.11	-0.00
M12	-1.13	1.83	0.20	-0.00	0.58	-0.49	0.04	-0.32	0.74	-0.96	-0.15	-0.26	0.08	-0.70	-1.31	-1.11	-0.54	-0.50
M1	-0.38	-0.25	-0.19	0.10	-0.03	-0.11	-0.15	0.03	-0.96	-0.07	-0.57	0.10	0.11	0.44	0.01	-2.49	-0.11	-0.00
