G7	-0.08	0.59	-0.61	0.06	-0.07	-0.80	0.08	0.01	0.06	0.14	-0.15	-0.02	0.02	-0.02	-0.04	0.39	0.07	0.05
G6	-0.34	0.71	0.51	0.06	-0.07	-0.68	0.08	0.01	1.23	0.14	-0.83	-0.02	0.02	-0.28	-0.04	1.34	0.07	0.05
G5	-0.56	0.51	0.07	0.06	-0.07	-0.84	0.08	0.01	0.46	0.14	-0.58	-0.02	0.02	-0.02	-0.04	1.23	0.07	0.05
G4	-0.21	2.19	-2.37	0.06	-0.07	-0.78	0.08	0.01	0.46	0.14	-0.17	-0.02	0.02	-1.58	-0.04	2.76	0.07	0.05
G3	1.09	-0.35	-1.98	1.21	5.00	-0.79	-5.00	2.60	-1.68	1.64	1.80	3.76	1.65	0.51	-1.41	-0.23	-2.26	3.09
G2	2.11	-0.59	-1.13	0.06	-0.07	-0.85	0.08	0.01	-0.81	0.14	-0.14	-0.02	0.02	0.15	-0.04	0.61	0.07	0.05
G1	-0.36	0.56	-0.20	-0.06	0.18	-0.77	0.16	1.93	0.28	0.59	-0.13	-0.08	0.03	-0.13	0.80	0.29	0.04	-0.00
G9	-0.26	0.77	-0.73	0.06	-0.07	-0.67	0.08	0.01	0.12	0.14	-0.35	-0.02	0.02	0.08	-0.04	0.60	0.07	0.05
G8	-0.19	0.64	-0.46	0.06	-0.07	-0.79	0.08	0.01	0.17	0.14	-0.39	-0.02	0.02	0.06	-0.04	0.41	0.07	0.05
N6	-0.18	-0.24	0.89	0.06	-0.07	1.31	0.08	0.01	1.35	0.14	0.85	-0.02	0.02	1.26	-0.04	-0.77	0.07	0.05
N7	-0.18	-0.32	0.95	0.31	-0.07	1.35	0.37	-0.21	1.20	-0.84	0.80	-0.27	0.38	1.34	-0.52	-1.09	-0.00	0.09
B4	1.39	-1.34	1.23	0.06	-0.07	1.30	0.08	0.01	0.46	0.14	0.03	-0.02	0.02	0.66	-0.04	-1.03	0.07	0.05
B5	-0.25	-0.81	0.45	0.06	-0.07	1.79	0.08	0.01	-0.98	0.14	-1.25	-0.02	0.02	-0.19	-0.04	-0.08	0.07	0.05
B6	1.52	-1.01	0.42	0.06	-0.07	1.18	0.08	0.01	-0.40	0.14	-1.09	-0.02	0.02	-0.14	-0.04	-0.41	0.07	0.05
B7	0.57	0.29	-1.45	0.06	-0.07	-0.55	0.08	0.01	-0.65	0.14	-0.25	-0.02	0.02	-0.65	-0.04	2.11	0.07	0.05
B1	-0.79	0.33	-1.41	0.06	-0.07	-0.24	0.08	0.01	-0.93	0.14	0.99	-0.02	0.02	0.30	-0.04	0.54	0.07	0.05
B2	1.52	0.54	-2.26	0.06	-0.07	-0.88	0.08	0.01	-0.27	0.14	0.93	-0.02	0.02	-0.31	-0.04	1.59	0.07	0.05
B3	0.50	-1.52	1.08	0.08	0.01	1.08	-0.36	0.31	-0.40	0.14	-0.48	-0.52	0.03	0.33	0.92	0.34	0.07	0.01
B8	1.45	-1.14	0.05	0.06	-0.07	1.21	0.08	0.01	-0.91	0.14	-1.12	-0.02	0.02	-0.06	-0.04	-0.07	0.07	0.05
B9	0.72	0.70	-1.07	0.06	-0.07	-0.93	0.08	0.01	0.39	0.14	0.09	-0.02	0.02	-0.97	-0.04	2.17	0.07	0.05
N5	-0.02	-1.12	0.63	0.06	-0.07	0.91	0.08	0.01	-0.09	0.14	0.89	-0.02	0.02	0.90	-0.04	0.05	0.07	0.05
P10	-0.96	-1.32	1.04	0.06	-0.07	1.38	0.08	0.01	-1.48	0.14	-0.81	-0.02	0.02	-0.15	-0.04	-0.35	0.07	0.05
P11	-0.79	-1.22	0.23	0.06	-0.07	1.32	0.08	0.01	-1.53	0.14	0.91	-0.02	0.02	0.16	-0.04	-0.74	0.07	0.05
P12	-0.89	-1.04	0.51	0.06	-0.07	1.34	0.08	0.01	-1.16	0.14	0.91	-0.02	0.02	-0.00	-0.04	-0.99	0.07	0.05
E9	0.09	0.20	-0.47	0.06	-0.07	-0.80	0.08	0.01	-0.28	0.14	-0.11	-0.02	0.02	-0.21	-0.04	0.55	0.07	0.05
E8	-0.25	0.68	-0.05	0.06	-0.07	-0.66	0.08	0.01	0.78	0.14	-0.28	-0.02	0.02	0.12	-0.04	0.62	0.07	0.05
E5	-0.18	0.56	-0.40	0.06	-0.07	-0.67	0.08	0.01	0.22	0.14	-0.32	-0.02	0.02	0.07	-0.04	0.52	0.07	0.05
E4	-0.32	0.85	-0.43	0.06	-0.07	-0.78	0.08	0.01	0.44	0.14	-0.12	-0.02	0.02	-0.14	-0.04	0.35	0.07	0.05
E7	1.17	0.37	-1.38	0.06	-0.07	-0.61	0.08	0.01	-0.16	0.14	0.01	-0.02	0.02	-0.13	-0.04	0.94	0.07	0.05
E6	1.06	0.23	-1.48	0.06	-0.07	-0.53	0.08	0.01	-0.55	0.14	0.05	-0.02	0.02	-0.69	-0.04	1.48	0.07	0.05
E1	-0.02	0.16	-0.18	0.06	-0.07	-0.80	0.08	0.01	-0.14	0.14	-0.11	-0.02	0.02	-0.17	-0.04	0.30	0.07	0.05
P8	-1.00	-1.07	1.65	0.06	-0.07	1.36	0.08	0.01	-0.46	0.14	-0.79	-0.02	0.02	0.08	-0.04	-0.51	0.07	0.05
E3	2.41	-1.09	0.06	0.06	-0.07	1.14	0.08	0.01	-0.31	0.14	-1.19	-0.02	0.02	-0.12	-0.04	-0.04	0.07	0.05
E2	2.08	-1.02	0.02	0.06	-0.07	1.12	0.08	0.01	-0.42	0.14	-1.15	-0.02	0.02	-0.18	-0.04	0.07	0.07	0.05
P2	-1.24	-1.40	2.31	-5.00	-2.73	1.17	-5.00	-2.06	-1.30	-0.09	-1.96	-5.00	-5.00	-0.43	-4.65	-1.03	5.00	-5.00
P3	0.28	-1.83	0.97	0.06	-0.07	1.33	0.08	0.01	-1.56	0.14	-0.87	-0.02	0.02	-0.07	-0.04	-0.28	0.07	0.05
P1	1.28	-1.29	1.00	0.06	-0.07	1.26	0.08	0.01	-0.70	0.14	-2.81	-0.02	0.02	-0.24	-0.04	0.49	0.07	0.05
P6	-0.23	-1.29	0.57	0.06	-0.07	1.82	0.08	0.01	-1.54	0.14	-1.26	-0.02	0.02	-0.08	-0.04	-0.27	0.07	0.05
P7	-0.22	-1.54	1.04	0.06	-0.07	1.96	0.08	0.01	-1.97	0.14	-2.88	-0.02	0.02	-0.59	-0.04	0.29	0.07	0.05
P4	0.22	-1.66	1.24	0.06	-0.07	1.95	0.08	0.01	-1.77	0.14	-2.89	-0.02	0.02	-0.77	-0.04	0.16	0.07	0.05
P5	-0.47	-1.48	1.43	0.06	-0.07	1.41	0.08	0.01	-0.96	0.14	-0.49	-0.02	0.02	-0.07	-0.04	-0.66	0.07	0.05
H10	0.25	-2.32	2.14	0.06	-0.07	1.54	0.08	0.01	-1.24	0.14	-1.25	-0.02	0.02	0.25	-0.04	-1.18	0.07	0.05
H11	0.43	-2.30	2.05	0.06	-0.07	1.55	0.08	0.01	-1.22	0.14	-1.33	-0.02	0.02	0.23	-0.04	-1.08	0.07	0.05
H12	0.68	-2.73	2.60	0.06	-0.07	1.53	0.08	0.01	-0.98	0.14	-1.02	-0.02	0.02	0.38	-0.04	-1.27	0.07	0.05
P9	-1.03	-1.22	1.38	0.06	-0.07	1.33	0.08	0.01	-1.06	0.14	-0.80	-0.02	0.02	-0.22	-0.04	-0.38	0.07	0.05
F12	1.94	-0.65	-1.35	0.06	-0.07	-0.81	0.08	0.01	-1.17	0.14	0.16	-0.02	0.02	-0.17	-0.04	0.84	0.07	0.05
F10	2.15	0.26	-1.96	1.04	5.00	-0.89	-1.94	-3.84	-0.21	-5.00	1.48	5.00	-0.93	0.72	2.43	0.09	-3.38	2.29
F11	0.93	0.25	-1.64	0.87	3.34	-0.87	-3.89	-2.21	-0.91	-2.71	1.38	5.00	0.70	0.91	-1.76	0.03	-4.06	3.13
N12	0.22	-0.25	0.51	0.06	-0.07	1.29	0.20	-1.77	1.22	0.14	0.84	-0.27	0.12	1.32	0.64	-0.65	-0.02	0.11
H8	-0.03	-0.25	0.60	0.06	-0.07	1.37	0.08	0.01	1.14	0.14	0.85	-0.02	0.02	1.16	-0.04	-0.58	0.07	0.05
H9	0.04	-0.34	0.63	0.06	-0.07	1.34	0.08	0.01	1.12	0.14	0.85	-0.02	0.02	1.33	-0.04	-0.70	0.07	0.05
H6	0.17	-0.46	0.69	0.06	-0.07	1.30	0.08	0.01	1.04	0.14	0.85	-0.02	0.02	1.24	-0.04	-0.66	0.07	0.05
H7	-1.10	-0.57	0.68	0.51	-0.15	1.36	0.08	-1.69	-0.36	0.36	0.90	-0.08	0.16	-0.02	0.44	-1.00	0.14	0.13
H4	-1.25	0.64	-1.19	0.06	-0.07	-0.10	0.08	0.01	-0.47	0.14	1.01	-0.02	0.02	0.14	-0.04	0.75	0.07	0.05
H5	-0.75	-0.84	0.76	0.06	-0.07	1.31	0.08	0.01	-0.45	0.14	0.89	-0.02	0.02	0.05	-0.04	-0.82	0.07	0.05
D10	0.10	0.07	-0.33	0.06	-0.07	-0.82	0.08	0.01	-0.26	0.14	-0.21	-0.02	0.02	0.07	-0.04	0.45	0.07	0.05
D11	-0.02	0.34	-0.66	0.06	-0.07	-0.77	0.08	0.01	-0.44	0.14	-0.12	-0.02	0.02	-0.21	-0.04	0.25	0.07	0.05
D12	1.10	0.59	-1.65	0.06	-0.07	-0.46	0.08	0.01	-0.27	0.14	-0.20	-0.02	0.02	-0.65	-0.04	1.42	0.07	0.05
B12	1.26	-0.83	0.54	0.06	-0.07	1.21	0.08	0.01	-0.26	0.14	-1.11	-0.02	0.02	-0.28	-0.04	-0.58	0.07	0.05
B10	1.21	0.12	-0.14	0.06	-0.07	-0.88	0.08	0.01	-0.29	0.14	-1.21	-0.02	0.02	-2.45	-0.04	1.81	0.07	0.05
B11	2.24	-1.09	0.42	0.06	-0.07	1.14	0.08	0.01	-0.06	0.14	-1.13	-0.02	0.02	-0.09	-0.04	-0.28	0.07	0.05
Q8	-0.46	-1.38	1.18	0.06	-0.07	0.75	0.08	0.01	-2.71	0.14	-3.36	-0.02	0.02	-2.15	-0.04	0.40	0.07	0.05
Q9	0.16	-0.61	0.52	0.11	-0.07	1.29	-0.20	0.23	0.58	0.59	0.87	0.60	0.05	1.28	0.10	-0.96	-0.06	0.14
C9	-0.30	0.87	-0.62	0.06	-0.07	-0.68	0.08	0.01	0.42	0.14	-0.24	-0.02	0.02	0.10	-0.04	0.63	0.07	0.05
C8	0.16	0.11	-0.49	0.06	-0.07	-0.80	0.08	0.01	-0.37	0.14	-0.16	-0.02	0.02	-0.23	-0.04	0.66	0.07	0.05
Q11	0.75	-0.85	0.10	0.06	-0.07	1.23	0.08	0.01	0.09	0.14	0.80	-0.02	0.02	1.15	-0.04	-0.81	0.07	0.05
Q10	0.89	-1.35	1.50	0.06	-0.07	1.27	0.08	0.01	-0.53	0.14	-2.93	-0.02	0.02	-0.02	-0.04	0.11	0.07	0.05
Q12	-0.41	-1.37	1.01	0.06	-0.07	1.50	0.08	0.01	-1.66	0.14	-1.38	-0.02	0.02	-0.28	-0.04	-0.93	0.07	0.05
C3	1.98	0.67	-1.30	0.06	-0.07	-0.84	0.08	0.01	1.09	0.14	0.41	-0.02	0.02	-0.94	-0.04	2.57	0.07	0.05
C2	1.39	-1.03	0.33	0.06	-0.07	1.19	0.08	0.01	-0.62	0.14	-1.09	-0.02	0.02	-0.14	-0.04	-0.48	0.07	0.05
C1	1.13	0.43	-0.42	0.06	-0.07	-0.89	0.08	0.01	0.07	0.14	-0.34	-0.02	0.02	-2.66	-0.04	1.88	0.07	0.05
C7	-0.77	0.98	0.36	0.08	-0.15	-0.75	-2.38	4.97	1.24	-1.66	-0.58	-0.02	-0.04	0.02	-0.68	1.15	-0.10	-0.06
C6	-0.58	0.72	0.27	0.04	0.01	-0.82	0.18	-1.47	0.89	2.09	-0.66	-0.02	0.20	0.02	-0.22	1.20	-0.25	0.25
C5	-0.44	1.05	-0.78	0.17	0.01	-0.83	1.14	-3.25	0.60	-5.00	-0.15	-2.32	0.83	0.42	5.00	0.36	-0.94	-0.42
C4	-0.66	1.11	0.05	-0.30	-3.65	-0.78	0.98	-4.88	0.53	3.06	-2.05	-4.49	-0.42	-2.43	2.59	2.11	2.33	-0.89
N10	0.05	-0.27	1.06	0.06	-0.07	1.28	0.08	0.01	1.53	0.14	0.83	-0.02	0.02	1.22	-0.04	-1.04	0.07	0.05
N8	-0.21	-0.58	0.38	0.06	-0.07	-0.98	0.08	0.01	-0.42	0.14	0.86	-0.02	0.02	0.61	-0.04	-0.77	0.07	0.05
N9	-0.55	-0.09	0.24	0.06	-0.07	-0.57	0.08	0.01	-0.24	0.14	0.81	-0.02	0.02	-0.06	-0.04	-0.73	0.07	0.05
N11	0.34	-0.44	0.40	0.06	-0.07	1.31	0.08	0.01	0.89	0.14	0.86	-0.02	0.02	1.20	-0.04	-0.52	0.07	0.05
G12	1.61	-0.89	-0.34	5.00	-0.15	-0.94	1.59	1.49	-0.67	-0.46	-0.40	-2.38	-3.26	0.33	0.40	0.55	-0.12	-0.60
G11	2.06	-0.67	-1.15	0.06	-0.07	-0.86	0.08	0.01	-1.43	0.14	-0.54	-0.02	0.02	-0.61	-0.04	0.58	0.07	0.05
G10	-0.17	0.62	-0.51	0.06	-0.07	-0.77	0.08	0.01	0.08	0.14	-0.43	-0.02	0.02	0.04	-0.04	0.38	0.07	0.05
F1	1.28	0.42	-1.27	0.06	-0.07	-0.55	0.08	0.01	0.19	0.14	0.15	-0.02	0.02	-0.55	-0.04	1.60	0.07	0.05
F2	1.27	0.06	-1.47	0.06	-0.07	-0.67	0.08	0.01	-0.68	0.14	0.03	-0.02	0.02	-0.73	-0.04	1.64	0.07	0.05
F3	-0.03	0.34	-0.41	0.06	-0.07	-0.78	0.08	0.01	-0.09	0.14	-0.11	-0.02	0.02	-0.25	-0.04	0.54	0.07	0.05
F4	1.50	-1.06	0.30	0.06	-0.07	1.18	0.08	0.01	-0.59	0.14	-1.12	-0.02	0.02	-0.21	-0.04	-0.23	0.07	0.05
F5	-0.03	0.49	-0.44	0.06	-0.07	-0.77	0.08	0.01	0.00	0.14	-0.17	-0.02	0.02	-0.16	-0.04	0.19	0.07	0.05
F6	-0.02	0.25	-0.27	0.06	-0.07	-0.80	0.08	0.01	-0.13	0.14	-0.15	-0.02	0.02	-0.14	-0.04	0.24	0.07	0.05
F7	1.39	0.05	-1.61	0.06	-0.07	-0.53	0.08	0.01	-0.75	0.14	0.07	-0.02	0.02	-0.68	-0.04	1.47	0.07	0.05
F8	1.18	0.53	-1.38	0.06	-0.07	-0.44	0.08	0.01	0.06	0.14	0.03	-0.02	0.02	-0.66	-0.04	1.38	0.07	0.05
F9	1.18	0.42	-0.43	0.06	-0.07	-0.92	0.08	0.01	0.06	0.14	-0.34	-0.02	0.02	-2.66	-0.04	1.85	0.07	0.05
Q1	0.17	-0.44	0.82	-0.01	-0.07	1.34	-0.27	-0.80	1.10	0.66	0.84	0.79	0.12	1.23	0.47	-0.97	-0.20	0.05
Q3	-0.14	-0.06	0.17	-0.06	-1.48	1.13	0.20	-0.66	0.93	1.64	1.94	0.10	1.07	3.64	-5.00	-1.51	-3.22	-0.17
Q2	0.09	-0.38	0.52	0.06	-0.07	1.31	0.08	0.01	0.95	0.14	0.86	-0.02	0.02	1.43	-0.04	-0.83	0.07	0.05
Q5	-0.94	-1.56	2.00	-5.00	-2.82	1.11	-5.00	-1.40	-1.36	-1.89	-1.94	2.03	-5.00	0.07	-2.36	-0.97	5.00	-5.00
Q4	-0.88	-1.07	0.57	0.06	-0.07	1.31	0.08	0.01	-1.08	0.14	0.90	-0.02	0.02	0.03	-0.04	-0.87	0.07	0.05
Q7	1.89	-1.67	0.43	0.06	-0.07	1.05	0.08	0.01	-0.97	0.14	-1.00	-0.02	0.02	0.52	-0.04	-0.76	0.07	0.05
Q6	2.42	-1.06	-0.08	0.06	-0.07	1.12	0.08	0.01	-0.18	0.14	-0.91	-0.02	0.02	0.44	-0.04	-0.34	0.07	0.05
E11	-0.09	0.55	-0.46	0.06	-0.07	-0.80	0.08	0.01	0.17	0.14	-0.11	-0.02	0.02	-0.01	-0.04	0.39	0.07	0.05
E10	1.70	-1.00	0.51	0.06	-0.07	1.23	0.08	0.01	-0.16	0.14	-1.17	-0.02	0.02	-0.08	-0.04	-0.32	0.07	0.05
E12	-0.32	0.67	-0.03	0.06	-0.07	-0.67	0.08	0.01	0.72	0.14	-0.28	-0.02	0.02	0.07	-0.04	0.60	0.07	0.05
C12	0.62	0.40	-1.22	0.06	-0.07	-0.44	0.08	0.01	-0.16	0.14	0.12	-0.02	0.02	-0.09	-0.04	0.99	0.07	0.05
C11	0.80	0.32	-1.56	0.06	-0.07	-0.48	0.08	0.01	-0.62	0.14	-0.17	-0.02	0.02	-0.66	-0.04	1.90	0.07	0.05
C10	-0.01	0.36	-0.31	0.06	-0.07	-0.80	0.08	0.01	0.13	0.14	-0.13	-0.02	0.02	-0.02	-0.04	0.56	0.07	0.05
A11	-0.96	-1.02	1.45	0.06	-0.07	1.36	0.08	0.01	-0.63	0.14	-0.82	-0.02	0.02	-0.17	-0.04	-0.34	0.07	0.05
A10	3.63	-0.10	-1.03	0.06	-0.07	-0.86	0.08	0.01	0.01	0.14	-0.46	-0.02	0.02	-3.04	-0.04	2.10	0.07	0.05
A12	-0.06	-0.77	0.43	0.06	-0.07	1.78	0.08	0.01	-0.73	0.14	-1.22	-0.02	0.02	-0.02	-0.04	0.04	0.07	0.05
A1	0.97	-0.05	1.54	0.06	-0.07	3.13	0.08	0.01	5.00	0.14	1.21	-0.02	0.02	5.00	-0.04	0.76	0.07	0.05
A3	0.09	-0.46	0.59	0.06	-0.07	1.30	0.08	0.01	0.90	0.14	0.86	-0.02	0.02	1.32	-0.04	-0.74	0.07	0.05
A2	0.09	-0.29	0.98	0.06	-0.07	1.28	0.08	0.01	1.43	0.14	0.84	-0.02	0.02	1.29	-0.04	-1.15	0.07	0.05
A5	-0.73	-1.34	0.57	0.06	-0.07	1.31	0.08	0.01	-1.43	0.14	0.91	-0.02	0.02	0.06	-0.04	-1.09	0.07	0.05
A4	-0.73	-1.09	1.19	0.06	-0.07	1.34	0.08	0.01	-0.85	0.14	-0.88	-0.02	0.02	0.01	-0.04	-0.42	0.07	0.05
A7	-0.39	-1.67	1.17	0.06	-0.07	1.27	0.08	0.01	-1.16	0.14	1.01	-0.02	0.02	-0.02	-0.04	-1.43	0.07	0.05
A6	-0.36	-0.75	0.83	0.06	-0.07	1.79	0.08	0.01	-0.55	0.14	-1.25	-0.02	0.02	-0.19	-0.04	-0.05	0.07	0.05
A9	0.60	-1.52	2.90	0.06	-0.07	0.97	0.08	0.01	0.40	0.14	-3.19	-0.02	0.02	0.35	-0.04	-0.36	0.07	0.05
A8	-0.25	-0.89	1.20	0.06	-0.07	1.92	0.08	0.01	-0.95	0.14	-2.93	-0.02	0.02	-0.70	-0.04	0.21	0.07	0.05
D8	-0.01	0.28	0.02	0.06	-0.07	-0.80	0.08	0.01	0.30	0.14	-0.14	-0.02	0.02	-0.11	-0.04	0.43	0.07	0.05
D9	0.21	0.02	-0.50	0.06	-0.07	-0.82	0.08	0.01	-0.47	0.14	-0.15	-0.02	0.02	-0.19	-0.04	0.68	0.07	0.05
D6	1.12	0.21	-1.49	0.06	-0.07	-0.52	0.08	0.01	-0.50	0.14	0.10	-0.02	0.02	-0.58	-0.04	1.48	0.07	0.05
D7	1.12	0.54	-1.40	0.06	-0.07	-0.46	0.08	0.01	0.08	0.14	0.10	-0.02	0.02	-0.52	-0.04	1.39	0.07	0.05
D4	0.72	0.27	-1.13	0.06	-0.07	-0.94	0.08	0.01	-0.17	0.14	0.54	-0.02	0.02	-0.09	-0.04	0.94	0.07	0.05
D5	2.13	0.97	-1.24	0.06	-0.07	-0.93	0.08	0.01	1.62	0.14	0.57	-0.02	0.02	-1.16	-0.04	2.50	0.07	0.05
D2	0.11	0.21	-0.55	0.06	-0.07	-0.82	0.08	0.01	-0.32	0.14	-0.11	-0.02	0.02	-0.22	-0.04	0.64	0.07	0.05
D3	1.97	0.67	-1.30	0.06	-0.07	-0.85	0.08	0.01	1.09	0.14	0.44	-0.02	0.02	-0.97	-0.04	2.61	0.07	0.05
D1	-0.09	0.64	-0.09	0.06	-0.07	-0.66	0.08	0.01	0.79	0.14	-0.29	-0.02	0.02	0.11	-0.04	0.69	0.07	0.05
K12	-1.00	0.44	1.02	0.06	-0.07	-0.70	0.08	0.01	0.25	0.14	0.19	-0.02	0.02	-1.36	-0.04	-1.17	0.07	0.05
K11	-1.43	1.71	-0.55	0.06	-0.07	-0.71	0.08	0.01	1.27	0.14	1.01	-0.02	0.02	-0.08	-0.04	0.11	0.07	0.05
K10	-0.94	0.30	-0.82	0.06	-0.07	-0.14	0.08	0.01	-0.09	0.14	0.99	-0.02	0.02	1.54	-0.04	-0.02	0.07	0.05
M3	-0.88	0.00	-0.58	0.43	-0.32	0.22	-0.22	-2.88	-0.62	-0.84	1.06	-0.76	-0.65	0.29	0.94	-0.09	0.05	-0.07
M2	0.06	-0.56	1.03	0.06	-0.07	-1.00	0.08	0.01	-0.41	0.14	0.28	-0.02	0.02	-1.09	-0.04	-0.89	0.07	0.05
L10	-1.35	1.10	-0.87	0.06	-0.07	-0.74	0.08	0.01	0.38	0.14	1.00	-0.02	0.02	1.09	-0.04	-0.39	0.07	0.05
L11	-0.80	1.17	0.92	0.06	-0.07	-0.83	0.08	0.01	1.43	0.14	-0.14	-0.02	0.02	-0.94	-0.04	-0.80	0.07	0.05
L12	-0.59	0.00	0.16	0.06	-0.07	-0.56	0.08	0.01	0.03	0.14	1.01	-0.02	0.02	0.80	-0.04	-1.27	0.07	0.05
K3	-1.34	2.24	-0.69	0.06	-0.07	-0.82	0.08	0.01	2.19	0.14	0.98	-0.02	0.02	-0.49	-0.04	1.70	0.07	0.05
K2	-1.46	2.21	-1.30	0.06	-0.07	-0.65	0.08	0.01	1.78	0.14	1.02	-0.02	0.02	0.87	-0.04	0.96	0.07	0.05
K1	-0.67	-1.26	0.21	0.06	-0.07	-0.15	0.08	0.01	-1.70	0.14	1.02	-0.02	0.02	0.68	-0.04	-1.09	0.07	0.05
M6	0.41	-1.29	1.06	0.06	-0.07	-0.44	0.08	0.01	-1.82	0.14	-0.88	-0.02	0.02	-1.77	-0.04	-0.99	0.07	0.05
K7	-1.01	0.26	1.19	0.06	-0.07	-0.63	0.08	0.01	0.25	0.14	0.25	-0.02	0.02	-1.33	-0.04	-1.03	0.07	0.05
K6	-0.88	0.10	0.88	0.06	-0.07	-0.55	0.08	0.01	-0.04	0.14	1.00	-0.02	0.02	-0.76	-0.04	-2.04	0.07	0.05
K5	-0.81	1.93	-0.97	-0.54	1.59	0.24	2.13	4.82	1.26	-1.96	-1.19	1.16	1.59	0.69	0.32	0.06	-0.18	-0.28
K4	-0.78	0.72	-0.21	0.06	-0.07	-0.68	0.08	0.01	0.73	0.14	0.96	-0.02	0.02	0.72	-0.04	-0.42	0.07	0.05
K9	-0.71	0.61	-0.00	0.06	-0.07	-0.85	0.08	0.01	0.79	0.14	0.81	-0.02	0.02	1.19	-0.04	-0.84	0.07	0.05
K8	-0.75	0.63	-0.46	0.06	-0.07	-0.73	0.08	0.01	0.22	0.14	0.92	-0.02	0.02	0.88	-0.04	-1.00	0.07	0.05
M9	-1.26	2.02	-1.51	0.06	-0.07	-0.73	0.08	0.01	1.31	0.14	0.99	-0.02	0.02	0.73	-0.04	0.98	0.07	0.05
M8	-0.48	1.76	0.45	0.06	-0.07	-1.01	0.08	0.01	2.11	0.14	-0.16	-0.02	0.02	-1.91	-0.04	1.14	0.07	0.05
I9	-1.22	1.50	-0.68	0.06	-0.07	-0.73	0.08	0.01	0.96	0.14	1.01	-0.02	0.02	0.05	-0.04	0.01	0.07	0.05
I8	-1.07	0.38	0.48	0.06	-0.07	-0.85	0.08	0.01	-0.30	0.14	0.12	-0.02	0.02	-1.03	-0.04	-0.78	0.07	0.05
I1	-2.27	1.63	-2.11	-0.68	0.68	0.42	3.00	5.00	-0.61	0.36	1.15	-2.75	-1.92	0.26	-0.65	0.05	-0.10	2.07
I3	-1.07	0.63	-1.08	0.06	-0.07	-0.72	0.08	0.01	-0.24	0.14	1.01	-0.02	0.02	0.90	-0.04	0.32	0.07	0.05
I2	-1.37	2.11	-0.99	0.08	-0.15	-0.90	0.79	-1.54	1.68	-0.91	0.98	0.17	1.68	0.02	-0.54	1.03	0.06	0.24
I5	-0.88	0.21	0.90	0.06	-0.07	-0.83	0.08	0.01	-0.15	0.14	0.23	-0.02	0.02	-1.22	-0.04	-1.33	0.07	0.05
I4	-1.15	1.50	-1.02	0.06	-0.07	-0.73	0.08	0.01	0.98	0.14	1.01	-0.02	0.02	0.69	-0.04	0.35	0.07	0.05
I7	-0.59	0.19	0.29	0.04	0.18	-0.57	-0.10	0.97	0.48	-0.16	1.00	-0.02	-0.00	0.87	0.12	-1.27	0.05	0.14
I6	0.27	-0.15	0.45	-2.77	-0.15	0.13	-0.13	-0.66	-0.08	-3.54	-0.55	0.54	-0.46	1.13	2.97	-0.31	-3.92	-0.17
J12	-0.12	-0.40	0.72	0.06	-0.07	-0.88	0.08	0.01	0.44	0.14	0.90	-0.02	0.02	1.04	-0.04	-0.84	0.07	0.05
J10	-0.50	0.36	0.13	0.06	-0.07	-0.61	0.08	0.01	0.41	0.14	0.99	-0.02	0.02	0.69	-0.04	-1.65	0.07	0.05
J11	-1.60	1.29	-0.71	0.06	-0.07	-0.62	0.08	0.01	0.71	0.14	1.00	-0.02	0.02	1.08	-0.04	-0.36	0.07	0.05
I11	-0.56	0.59	0.29	0.06	-0.07	-0.61	0.08	0.01	0.92	0.14	1.00	-0.02	0.02	0.72	-0.04	-1.57	0.07	0.05
I10	-0.07	-1.55	0.85	0.06	-0.07	0.19	0.08	0.01	-1.31	0.14	1.02	-0.02	0.02	0.35	-0.04	-1.71	0.07	0.05
I12	0.31	-0.88	1.27	0.06	-0.07	-0.47	0.08	0.01	-1.14	0.14	-0.83	-0.02	0.02	-1.88	-0.04	-1.19	0.07	0.05
L6	-0.01	0.04	0.78	0.06	-0.07	-0.60	0.08	0.01	-0.09	0.14	-0.75	-0.02	0.02	-1.40	-0.04	-0.31	0.07	0.05
L7	-0.38	-0.01	-0.89	0.06	-0.07	-0.44	0.08	0.01	-0.94	0.14	1.02	-0.02	0.02	-0.11	-0.04	0.10	0.07	0.05
L4	-1.10	1.51	-0.39	0.06	-0.07	-0.70	0.08	0.01	1.51	0.14	0.95	-0.02	0.02	0.81	-0.04	-0.45	0.07	0.05
L5	-0.87	0.93	0.04	0.11	-0.07	-0.82	-1.21	1.79	1.28	1.41	0.94	0.10	0.05	1.11	1.18	-0.82	0.00	-0.33
L2	-1.35	1.47	-1.03	0.06	-0.07	-0.67	0.08	0.01	0.88	0.14	0.98	-0.02	0.02	1.13	-0.04	0.03	0.07	0.05
L3	-1.50	1.97	-0.74	0.06	-0.07	-0.61	0.08	0.01	1.83	0.14	0.98	-0.02	0.02	1.01	-0.04	0.17	0.07	0.05
L1	-0.46	-0.91	0.66	0.06	-0.07	-0.71	0.08	0.01	-1.07	0.14	0.25	-0.02	0.02	-0.07	-0.04	-0.45	0.07	0.05
N1	0.71	-1.00	0.82	-0.12	-0.07	0.28	2.13	2.30	-0.98	-3.24	-0.86	0.60	3.77	0.63	5.00	-1.74	-4.36	-0.01
N2	-1.22	1.04	-0.82	0.06	-0.07	-0.58	0.08	0.01	0.51	0.14	0.99	-0.02	0.02	1.13	-0.04	-0.22	0.07	0.05
N3	0.16	0.69	0.42	0.06	-0.07	-1.03	0.08	0.01	1.11	0.14	0.93	-0.02	0.02	-2.16	-0.04	0.88	0.07	0.05
N4	-0.09	-0.65	0.04	2.23	0.10	1.35	3.07	-0.06	-1.34	-1.89	-0.81	0.91	5.00	0.43	2.02	-0.94	-4.03	-0.12
L8	-0.83	0.59	-1.15	-0.25	0.43	0.37	-0.29	-0.29	-0.39	-0.24	1.00	1.78	0.02	0.76	-2.49	-0.22	-0.27	0.34
L9	-0.81	1.54	-0.63	0.06	-0.07	-0.92	0.08	0.01	0.80	0.14	-0.13	-0.02	0.02	-0.37	-0.04	0.29	0.07	0.05
M5	-1.23	1.45	0.63	0.06	-0.07	-0.84	0.08	0.01	1.48	0.14	0.20	-0.02	0.02	-0.90	-0.04	-0.57	0.07	0.05
J8	-0.03	-0.52	0.73	0.06	-0.07	-0.97	0.08	0.01	-0.78	0.14	-0.15	-0.02	0.02	-0.72	-0.04	-1.02	0.07	0.05
J9	-0.52	0.82	0.74	0.01	0.18	-0.89	0.95	0.53	0.94	1.04	-0.14	0.04	-0.13	-0.81	0.21	-1.03	0.20	0.13
M7	0.48	-0.19	0.81	0.06	-0.07	-1.04	0.08	0.01	0.06	0.14	0.01	-0.02	0.02	-1.76	-0.04	0.10	0.07	0.05
M4	-0.59	0.79	0.55	0.06	-0.07	-1.02	0.08	0.01	0.69	0.14	0.02	-0.02	0.02	-1.56	-0.04	0.31	0.07	0.05
J4	-0.78	0.66	0.86	0.06	-0.07	-0.92	0.08	0.01	0.71	0.14	-0.17	-0.02	0.02	-0.61	-0.04	-0.93	0.07	0.05
J5	-0.85	-0.35	0.69	0.06	-0.07	-0.58	0.08	0.01	-0.93	0.14	0.99	-0.02	0.02	-0.79	-0.04	-2.13	0.07	0.05
J6	-0.92	0.73	0.84	0.06	-0.07	-0.57	0.08	0.01	0.81	0.14	0.99	-0.02	0.02	-0.68	-0.04	-2.15	0.07	0.05
J7	-0.09	0.08	0.72	0.06	-0.07	-0.96	0.08	0.01	0.05	0.14	-0.18	-0.02	0.02	-0.86	-0.04	-0.81	0.07	0.05
J1	-1.03	0.43	-1.09	0.06	-0.07	0.13	0.08	0.01	-0.53	0.14	0.98	-0.02	0.02	0.72	-0.04	-0.11	0.07	0.05
J2	-1.06	1.76	-1.23	0.06	-0.07	-0.85	0.08	0.01	1.17	0.14	0.97	-0.02	0.02	0.89	-0.04	0.26	0.07	0.05
J3	-0.23	-0.07	0.15	0.06	-0.07	-0.83	0.08	0.01	0.01	0.14	0.83	-0.02	0.02	0.94	-0.04	-1.44	0.07	0.05
M11	-1.71	1.91	-1.48	0.06	-0.07	0.08	0.08	0.01	0.68	0.14	0.97	-0.02	0.02	1.24	-0.04	-1.16	0.07	0.05
M10	-1.04	1.22	-1.16	0.06	-0.07	-0.84	0.08	0.01	0.57	0.14	0.89	-0.02	0.02	0.75	-0.04	0.81	0.07	0.05
M12	-1.08	1.59	-0.17	0.06	-0.07	-0.86	0.08	0.01	0.87	0.14	-0.20	-0.02	0.02	-0.96	-0.04	-0.09	0.07	0.05
M1	0.84	-0.12	-1.10	0.06	-0.07	-0.91	0.08	0.01	-1.42	0.14	-0.38	-0.02	0.02	-0.66	-0.04	0.01	0.07	0.05
