G7	-0.63	1.37	-0.82	-0.14	-0.14	-0.59	-0.10	-0.03	0.71	0.00	0.30	-0.13	-0.18	-1.25	-0.08	1.81	0.08	0.04
G6	-0.98	1.25	-1.23	-0.14	-0.14	-0.66	-0.10	-0.03	-0.01	0.00	-0.49	-0.13	-0.18	-0.35	-0.08	1.33	0.08	0.04
G5	-0.20	1.23	-0.57	-0.14	-0.14	-0.57	-0.10	-0.03	0.57	0.00	0.25	-0.13	-0.18	-1.94	-0.08	1.49	0.08	0.04
G4	2.98	-1.18	-0.90	-0.14	-0.14	-0.62	-0.10	-0.03	-0.57	0.00	-0.17	-0.13	-0.18	0.14	-0.08	0.75	0.08	0.04
G3	2.55	-0.47	-1.80	-0.17	-0.45	-0.58	-0.51	-0.13	-0.52	-0.05	1.04	0.54	-0.17	-0.61	0.59	0.78	-0.22	0.13
G2	2.64	-0.28	-0.92	-0.14	-0.14	-0.56	-0.10	-0.03	0.33	0.00	0.13	-0.13	-0.18	-0.76	-0.08	1.32	0.08	0.04
G1	0.08	0.28	-0.50	0.02	0.50	-0.66	-0.65	0.01	-0.35	0.14	-0.15	-1.37	-0.15	-1.13	0.57	1.33	-0.19	0.04
G9	-0.36	1.15	-0.89	-0.15	0.02	-0.58	-0.80	0.49	0.38	0.25	0.30	-1.00	-0.02	-1.18	-0.98	1.82	-0.15	-0.02
G8	-0.55	1.19	-0.06	0.94	0.02	-0.66	4.35	0.87	1.26	-0.64	-0.19	3.44	-0.34	-1.50	0.00	2.54	0.30	-0.35
N6	-1.01	0.37	0.05	-0.14	-0.14	1.73	-0.10	-0.03	0.74	0.00	0.93	-0.13	-0.18	0.91	-0.08	-0.88	0.08	0.04
N7	-0.48	0.13	0.47	-0.14	-0.14	1.83	-0.10	-0.03	1.45	0.00	0.95	-0.13	-0.18	1.06	-0.08	0.19	0.08	0.04
B4	3.27	-1.15	0.94	-0.14	-0.14	1.67	-0.10	-0.03	1.42	0.00	0.18	-0.13	-0.18	-0.06	-0.08	-0.42	0.08	0.04
B5	0.05	-0.12	-0.39	-0.14	-0.14	1.73	-0.10	-0.03	0.71	0.00	0.92	-0.13	-0.18	1.32	-0.08	0.12	0.08	0.04
B6	0.58	-0.55	0.63	-2.67	-0.30	-0.58	5.00	-2.19	0.03	2.27	0.44	-1.19	-1.80	-0.65	-0.15	2.23	-1.04	-0.24
B7	-0.13	0.05	-1.49	-0.14	-0.14	-0.52	-0.10	-0.03	-1.04	0.00	1.20	-0.13	-0.18	-0.53	-0.08	1.16	0.08	0.04
B1	-0.67	0.82	-1.46	-0.14	-0.14	-0.53	-0.10	-0.03	0.17	0.00	0.96	-0.13	-0.18	0.48	-0.08	1.07	0.08	0.04
B2	0.60	0.30	-2.47	0.05	4.95	-0.55	1.17	-1.47	-0.65	-0.22	0.84	3.48	-0.21	1.37	1.63	0.81	-3.34	0.66
B3	2.55	-1.49	0.99	-0.14	-0.14	1.60	-0.10	-0.03	0.32	0.00	-0.19	-0.13	-0.18	-0.20	-0.08	-0.38	0.08	0.04
B8	1.48	0.12	-0.75	-0.14	-0.14	-0.63	-0.10	-0.03	0.03	0.00	0.06	-0.13	-0.18	-1.65	-0.08	1.96	0.08	0.04
B9	0.06	-0.91	0.84	-0.14	-0.14	-0.53	-0.10	-0.03	-0.80	0.00	-0.31	-0.13	-0.18	0.63	-0.08	-1.36	0.08	0.04
N5	0.38	-0.09	-0.84	-0.14	-0.14	-0.77	-0.10	-0.03	-0.39	0.00	0.99	-0.13	-0.18	0.50	-0.08	-0.64	0.08	0.04
P10	1.07	-1.12	1.51	5.00	-0.14	1.32	0.67	-0.51	0.53	0.08	-2.54	-0.28	5.00	0.96	-0.75	-0.52	-0.54	0.19
P11	1.47	-0.93	0.29	-0.14	-0.14	1.39	-0.10	-0.03	0.05	0.00	-0.67	-0.13	-0.18	0.94	-0.08	-0.89	0.08	0.04
P12	1.15	-1.48	0.76	-0.14	-0.14	1.50	-0.10	-0.03	-0.66	0.00	-0.80	-0.13	-0.18	0.76	-0.08	-0.94	0.08	0.04
E9	-0.54	0.79	-0.61	-0.08	-3.16	-0.73	3.72	-0.40	0.09	-0.11	0.33	-1.94	-1.13	-0.21	-1.79	0.71	0.40	-0.56
E8	-0.05	0.89	0.34	-0.14	-0.14	-0.63	-0.10	-0.03	1.43	0.00	-0.26	-0.13	-0.18	-0.47	-0.08	1.13	0.08	0.04
E5	0.01	0.76	0.11	-0.14	-0.14	-0.63	-0.10	-0.03	0.76	0.00	-0.25	-0.13	-0.18	-1.08	-0.08	1.06	0.08	0.04
E4	-0.30	1.05	-0.21	-0.14	-0.14	-0.63	-0.10	-0.03	0.92	0.00	0.07	-0.13	-0.18	-0.57	-0.08	0.49	0.08	0.04
E7	0.00	0.81	-0.41	-0.14	-0.14	-0.53	-0.10	-0.03	0.66	0.00	-0.09	-0.13	-0.18	-0.92	-0.08	1.66	0.08	0.04
E6	-0.29	0.28	-0.42	-0.07	0.66	-0.54	-0.56	0.24	-0.21	-0.17	-0.15	-0.06	-0.09	-0.41	-0.22	1.30	0.09	-0.27
E1	1.23	0.26	-0.91	-4.08	-5.00	-0.83	-0.44	-3.30	-0.02	0.74	-0.03	4.01	0.90	-1.08	0.80	1.86	-0.40	-1.97
P8	0.16	-0.96	2.27	4.85	0.02	1.44	-0.12	-0.55	0.88	0.66	-2.64	0.24	5.00	1.19	0.05	-0.23	-1.81	-0.18
E3	0.39	-1.14	-0.01	-0.14	-0.14	-0.58	-0.10	-0.03	-1.58	0.00	-0.26	-0.13	-0.18	0.52	-0.08	-0.72	0.08	0.04
E2	0.41	-0.87	-0.50	-0.14	-0.14	-0.74	-0.00	-0.13	-1.67	-0.03	-0.24	-0.51	-0.19	0.26	-0.25	-0.40	0.12	0.47
P2	0.45	-1.69	1.26	4.98	0.02	1.35	0.77	-0.80	-0.93	0.12	-2.60	0.13	5.00	1.20	-1.36	-0.42	-0.85	0.25
P3	0.80	-1.28	0.33	-0.14	-0.14	1.78	-0.10	-0.03	-0.47	0.00	-0.93	-0.13	-0.18	1.21	-0.08	0.29	0.08	0.04
P1	0.36	-1.05	-0.04	-0.14	-0.14	2.01	-0.10	-0.03	-0.94	0.00	-0.96	-0.13	-0.18	1.22	-0.08	-0.77	0.08	0.04
P6	1.20	-1.19	0.88	-0.14	-0.14	1.48	-0.10	-0.03	-0.08	0.00	-0.75	-0.13	-0.18	0.73	-0.08	-0.86	0.08	0.04
P7	0.77	-1.12	-0.04	-2.22	1.93	1.78	0.69	-1.22	0.01	-0.03	-0.49	0.81	0.48	2.00	3.14	1.07	-2.91	-0.24
P4	0.87	-1.37	0.49	-0.14	-0.14	1.79	-0.10	-0.03	-0.51	0.00	-1.10	-0.13	-0.18	1.16	-0.08	0.22	0.08	0.04
P5	0.98	-0.86	1.14	-0.15	-0.14	1.77	-0.05	-0.30	0.92	0.08	-0.99	-0.13	-0.25	0.91	0.02	0.67	0.11	-0.26
H10	1.63	-2.09	1.57	-0.16	3.99	1.76	-0.08	-0.24	0.16	0.40	0.97	-0.13	-0.09	1.62	0.14	-2.56	0.16	-0.07
H11	1.33	-1.75	1.28	-0.25	5.00	2.17	-1.86	0.16	0.02	-1.18	-0.05	-0.02	-0.55	1.23	-0.40	-1.71	1.45	-0.15
H12	1.67	-2.67	2.75	0.12	0.98	2.32	-2.79	0.58	-0.78	-1.66	-2.41	-0.13	-0.80	0.00	0.30	-0.47	1.32	0.57
P9	0.63	-0.91	1.34	0.16	-0.30	1.55	-0.20	-0.09	0.78	0.00	-1.07	-0.10	-0.44	0.88	0.11	0.90	-0.05	0.08
F12	1.77	-0.79	-1.39	1.21	-0.45	-0.49	2.69	-0.19	-0.87	-0.56	0.79	-1.04	0.08	-0.35	-0.75	1.56	0.27	0.20
F10	0.63	0.03	-1.79	0.51	3.99	-0.43	0.72	0.68	0.12	-0.96	0.93	3.03	3.03	0.47	-5.00	0.53	5.00	5.00
F11	2.70	-0.52	-1.58	-0.07	0.98	-0.61	1.66	0.85	-0.33	-0.26	1.05	-0.70	1.07	-0.00	-1.55	-0.32	0.48	-1.29
N12	-0.41	-0.05	0.36	-0.14	-0.14	1.77	-0.10	-0.03	1.02	0.00	1.02	-0.13	-0.18	1.03	-0.08	-0.27	0.08	0.04
H8	-0.69	0.09	0.71	-0.14	-0.14	1.73	-0.10	-0.03	1.48	0.00	0.96	-0.13	-0.18	1.29	-0.08	-0.17	0.08	0.04
H9	-0.51	0.12	0.15	-0.14	-0.14	1.84	-0.10	-0.03	1.20	0.00	0.92	-0.13	-0.18	1.50	-0.08	-0.37	0.08	0.04
H6	-0.69	-0.26	0.53	-0.14	-0.14	1.74	-0.10	-0.03	0.57	0.00	0.96	-0.13	-0.18	1.27	-0.08	-1.11	0.08	0.04
H7	-0.73	0.06	0.68	-0.14	-0.14	1.71	-0.10	-0.03	1.32	0.00	0.95	-0.13	-0.18	1.22	-0.08	-0.25	0.08	0.04
H4	-1.39	1.14	-1.20	0.03	-0.14	-0.63	-0.75	0.37	0.42	0.04	0.99	0.09	0.09	0.53	0.38	0.72	-0.02	0.19
H5	-0.56	-0.44	0.60	-0.14	-0.14	1.73	-0.10	-0.03	0.52	0.00	1.01	-0.13	-0.18	0.86	-0.08	-0.03	0.08	0.04
D10	-0.04	0.32	-0.60	-0.14	-0.14	-0.59	-0.10	-0.03	-0.13	0.00	0.41	-0.13	-0.18	-0.47	-0.08	0.77	0.08	0.04
D11	0.60	0.76	-1.26	-0.14	-0.14	-0.62	-0.10	-0.03	0.28	0.00	-0.07	-0.13	-0.18	-0.69	-0.08	1.57	0.08	0.04
D12	1.11	0.25	-1.83	-0.11	0.02	-0.65	5.00	-1.26	-0.52	4.94	0.20	-2.01	-2.08	-1.10	1.49	2.17	-1.24	1.97
B12	0.03	-0.77	0.99	-0.14	-0.14	-0.49	-0.10	-0.03	-0.40	0.00	-0.39	-0.13	-0.18	0.41	-0.08	-0.57	0.08	0.04
B10	0.93	-0.01	-0.49	-0.14	-0.14	-0.65	-0.10	-0.03	-0.03	0.00	0.02	-0.13	-0.18	-0.09	-0.08	-0.07	0.08	0.04
B11	0.82	-0.80	0.69	-0.14	-0.14	-0.56	-0.10	-0.03	-0.26	0.00	0.01	-0.13	-0.18	-0.05	-0.08	-0.36	0.08	0.04
Q8	0.62	-0.58	1.03	-0.14	-0.14	0.56	-0.10	-0.03	-0.31	0.00	-1.12	-0.13	-0.18	-1.99	-0.08	1.97	0.08	0.04
Q9	0.73	-1.14	0.84	-1.24	-0.14	1.45	0.04	-0.97	-0.25	0.36	-0.83	0.58	-0.95	0.76	0.75	-0.69	0.39	0.11
C9	-0.30	1.36	-0.86	-0.14	-0.14	-0.64	-0.10	-0.03	0.79	0.00	-0.35	-0.13	-0.18	-0.61	-0.08	1.09	0.08	0.04
C8	0.43	0.11	-1.60	-0.14	-0.14	-0.61	-0.10	-0.03	-0.97	0.00	0.47	-0.13	-0.18	-0.24	-0.08	0.46	0.08	0.04
Q11	0.99	-1.55	0.12	0.96	0.18	1.48	-0.63	0.49	-1.15	0.08	-0.73	-0.36	0.03	1.18	-0.04	-0.84	-0.01	0.31
Q10	0.49	-1.67	1.22	5.00	0.18	1.31	0.38	-0.38	-0.90	-0.07	-2.59	-0.02	5.00	1.27	-1.23	-0.43	-1.08	0.22
Q12	0.73	-1.85	1.47	-0.14	-0.14	1.26	-0.10	-0.03	-1.21	0.00	-2.51	-0.13	-0.18	1.11	-0.08	-0.68	0.08	0.04
C3	-0.12	-0.40	0.05	-0.46	0.18	-0.32	0.96	-0.26	-0.58	0.02	-0.33	-0.25	-0.09	0.77	-0.06	-0.87	0.35	0.29
C2	1.24	-0.58	0.23	-0.14	-0.14	-0.55	-0.10	-0.03	-0.07	0.00	-0.00	-0.13	-0.18	-0.41	-0.08	0.44	0.08	0.04
C1	0.55	-0.98	0.49	-0.17	-0.30	-0.63	-0.97	-1.09	-0.79	-0.32	-0.31	-0.06	-0.17	0.60	0.34	-0.53	-0.29	-0.08
C7	0.07	1.24	0.25	-0.13	-0.14	-0.73	-0.94	2.80	1.78	4.34	-0.79	0.88	-0.40	-0.45	0.18	1.01	-1.28	3.31
C6	-0.44	1.12	-0.23	-0.14	-0.14	-0.63	-0.10	-0.03	0.94	0.00	-0.79	-0.13	-0.18	-0.26	-0.08	1.10	0.08	0.04
C5	-0.34	1.42	-0.79	-0.14	-0.14	-0.63	-0.10	-0.03	0.89	0.00	-0.36	-0.13	-0.18	-0.66	-0.08	1.11	0.08	0.04
C4	-0.50	1.04	-1.59	-0.14	0.02	-0.50	-0.41	0.28	-0.57	-0.07	-0.53	-0.66	-0.19	-0.69	0.13	1.03	-0.17	0.17
N10	-0.72	-0.03	1.04	-0.14	-0.14	1.75	-0.10	-0.03	1.40	0.00	1.01	-0.13	-0.18	1.00	-0.08	-0.37	0.08	0.04
N8	-0.32	-0.48	-0.36	0.32	0.18	-0.76	-0.77	-0.21	-1.22	-0.17	1.10	-0.40	-0.12	0.10	-0.39	-0.94	0.22	0.14
N9	-0.56	-0.62	-0.62	-0.14	-0.14	-0.59	-0.10	-0.03	-1.99	0.00	0.38	-0.13	-0.18	-0.04	-0.08	-0.60	0.08	0.04
N11	-0.76	-0.26	-0.19	2.68	-0.61	1.75	0.12	0.03	0.34	-0.05	0.93	0.17	-0.01	1.41	-0.19	0.01	0.25	0.01
G12	2.11	-0.61	-0.32	-0.14	-0.14	-0.67	-0.10	-0.03	0.21	0.00	0.32	-0.13	-0.18	0.18	-0.08	-0.03	0.08	0.04
G11	2.33	0.20	-1.16	-2.87	0.02	-0.56	-2.12	-0.92	0.41	4.42	1.91	-1.94	0.02	-1.17	4.81	1.56	-5.00	-3.21
G10	-0.03	1.18	-0.23	-0.14	-0.14	-0.61	-0.10	-0.03	1.12	0.00	-0.22	-0.13	-0.18	-1.74	-0.08	2.60	0.08	0.04
F1	0.29	0.35	-0.84	-0.14	-0.14	-0.56	-0.10	-0.03	-0.17	0.00	0.05	-0.13	-0.18	-0.86	-0.08	1.66	0.08	0.04
F2	-0.00	-0.32	-0.88	-0.14	-0.14	-0.61	-0.10	-0.03	-1.12	0.00	0.38	-0.13	-0.18	-0.10	-0.08	0.79	0.08	0.04
F3	0.04	0.50	-1.15	-0.14	-0.14	-0.59	-0.10	-0.03	-0.31	0.00	0.36	-0.13	-0.18	-0.38	-0.08	0.52	0.08	0.04
F4	0.36	-1.00	0.39	-0.18	-0.30	-0.60	-0.65	-0.26	-1.11	-0.22	-0.34	-0.47	-0.19	0.21	0.32	-0.51	0.16	0.04
F5	0.18	0.48	-1.13	-0.14	-0.14	-0.64	-0.10	-0.03	-0.11	0.00	0.39	-0.13	-0.18	-0.17	-0.08	0.59	0.08	0.04
F6	0.20	0.08	-0.86	-0.14	-0.14	-0.62	-0.10	-0.03	-0.50	0.00	0.44	-0.13	-0.18	-0.34	-0.08	0.69	0.08	0.04
F7	0.18	-0.18	-1.42	-0.14	-0.14	-0.63	-0.10	-0.03	-1.38	0.00	-0.30	-0.13	-0.18	-0.11	-0.08	1.28	0.08	0.04
F8	0.73	0.21	-1.59	-0.14	-0.14	-0.61	-0.10	-0.03	-0.56	0.00	0.13	-0.13	-0.18	-0.34	-0.08	1.29	0.08	0.04
F9	1.01	-0.73	-0.54	-0.07	-0.77	-0.70	1.80	1.03	-0.96	0.59	-0.25	-1.11	-1.47	0.51	0.47	-0.09	-0.34	-0.56
Q1	0.19	-0.16	0.65	-0.14	-0.14	1.80	-0.10	-0.03	1.59	0.00	0.93	-0.13	-0.18	1.03	-0.08	0.22	0.08	0.04
Q3	0.80	-0.96	1.18	-0.14	-0.14	1.47	-0.10	-0.03	0.38	0.00	-0.75	-0.13	-0.18	0.92	-0.08	-0.77	0.08	0.04
Q2	0.81	-1.12	1.02	-0.14	-0.14	1.50	-0.10	-0.03	-0.15	0.00	-0.81	-0.13	-0.18	0.73	-0.08	-0.99	0.08	0.04
Q5	0.57	-1.70	1.27	4.96	0.50	1.38	0.57	-0.63	-0.91	-0.05	-2.58	0.06	5.00	1.23	-1.85	-0.46	-0.78	-0.10
Q4	1.25	-1.69	0.30	-1.06	1.77	1.44	0.50	-1.51	-0.36	0.00	-0.90	3.59	-0.24	1.39	0.01	-0.87	4.15	0.11
Q7	0.85	-2.30	0.87	0.62	-0.30	1.17	-0.85	-0.47	-1.68	0.31	-0.62	-0.06	1.64	1.11	1.62	-1.46	-0.62	-0.17
Q6	1.00	-1.62	0.15	-0.14	-0.14	1.41	-0.10	-0.03	-1.13	0.00	-0.67	-0.13	-0.18	1.35	-0.08	-0.70	0.08	0.04
E11	0.16	0.72	-0.82	-0.14	-0.14	-0.61	-0.10	-0.03	0.29	0.00	-0.21	-0.13	-0.18	-0.61	-0.08	1.35	0.08	0.04
E10	0.02	-0.58	0.78	-0.15	0.50	-0.66	0.14	-0.49	-0.42	-0.28	-0.27	-0.32	-0.17	0.25	-0.03	-0.56	-0.02	-0.26
E12	-0.26	0.64	0.12	-0.20	-0.93	-0.64	-1.98	0.29	0.85	-0.32	0.20	-0.51	-0.19	-0.08	-0.12	0.54	0.02	-0.29
C12	-0.10	0.79	-0.81	-0.14	-0.14	-0.61	-0.10	-0.03	0.27	0.00	0.13	-0.13	-0.18	-0.34	-0.08	0.53	0.08	0.04
C11	-0.77	0.11	-0.59	1.08	-0.61	-0.55	-0.41	-0.07	-0.71	1.42	0.03	-1.26	0.19	0.24	0.37	-0.01	-0.09	0.50
C10	-0.31	0.67	-0.52	-0.14	-0.14	-0.63	-0.10	-0.03	0.18	0.00	0.22	-0.13	-0.18	-0.46	-0.08	0.50	0.08	0.04
A11	-0.85	-1.17	1.43	-0.33	0.34	2.10	-0.48	0.35	-0.42	0.00	-2.81	-0.47	2.17	-0.42	5.00	0.71	0.90	0.28
A10	2.97	-1.19	-0.90	-0.14	-0.14	-0.62	-0.10	-0.03	-0.58	0.00	-0.18	-0.13	-0.18	0.15	-0.08	0.75	0.08	0.04
A12	1.28	-0.66	0.50	-0.14	-0.14	1.56	0.02	-0.36	0.54	0.14	-0.83	0.17	-0.16	0.93	-0.26	-0.75	0.33	-0.32
A1	1.10	-1.52	1.80	-0.14	-0.14	1.35	-0.10	-0.03	-0.20	0.00	-2.45	-0.13	-0.18	0.78	-0.08	-0.24	0.08	0.04
A3	-0.59	-0.43	0.06	-0.14	-0.14	1.69	-0.10	-0.03	0.13	0.00	0.97	-0.13	-0.18	1.07	-0.08	0.09	0.08	0.04
A2	-0.35	0.04	0.01	-0.14	-0.14	1.69	-0.10	-0.03	0.88	0.00	0.95	-0.13	-0.18	1.24	-0.08	-0.51	0.08	0.04
A5	1.48	-1.37	0.70	-0.14	-0.14	1.49	-0.10	-0.03	-0.36	0.00	-0.76	-0.13	-0.18	0.76	-0.08	-1.04	0.08	0.04
A4	0.44	-0.21	0.80	-0.14	-0.14	1.83	-0.10	-0.03	2.02	0.00	1.00	-0.13	-0.18	1.30	-0.08	0.50	0.08	0.04
A7	0.78	-1.85	1.26	-0.32	-0.14	1.31	0.02	-0.03	-1.29	0.00	-0.74	-0.36	-0.17	0.71	-0.25	-1.86	0.11	0.11
A6	0.23	-0.84	1.41	0.24	0.02	1.24	-0.63	-1.22	0.50	0.80	-0.73	2.69	1.82	1.15	0.99	-0.59	-1.79	-0.94
A9	0.79	-1.06	2.90	-0.14	-0.14	1.52	-0.10	-0.03	1.59	0.00	-1.35	-0.13	-0.18	0.03	-0.08	1.04	0.08	0.04
A8	-0.61	-0.84	1.07	-0.14	-0.14	1.88	-0.10	-0.03	0.05	0.00	-0.84	-0.13	-0.18	1.33	-0.08	0.31	0.08	0.04
D8	0.04	0.63	-0.35	-0.14	-0.14	-0.62	-0.10	-0.03	0.54	0.00	-0.13	-0.13	-0.18	-0.70	-0.08	1.62	0.08	0.04
D9	-0.03	0.52	-1.30	-0.17	0.34	-0.65	0.86	0.81	-0.50	-0.11	0.37	-0.17	-0.21	-0.48	-0.07	0.52	0.00	0.37
D6	-1.36	0.91	-0.87	1.52	4.79	-0.43	-1.28	3.91	-0.64	-5.00	-0.15	-1.15	0.52	-0.41	1.03	1.85	-1.30	-5.00
D7	0.47	0.62	-1.36	-0.14	-0.14	-0.63	-0.10	-0.03	-0.11	0.00	-0.13	-0.13	-0.18	-0.39	-0.08	0.93	0.08	0.04
D4	0.58	-1.15	0.34	-0.20	0.18	-0.61	0.07	0.31	-1.19	0.25	-0.29	-0.58	-0.15	0.42	0.24	-0.55	-0.27	-0.18
D5	0.72	-1.16	0.44	-0.04	0.02	-0.64	-2.07	-0.78	-1.18	-1.77	-0.32	-1.22	-0.07	0.39	0.44	-0.64	-0.28	-1.02
D2	-0.34	0.84	-1.21	-0.14	-0.14	-0.59	-0.10	-0.03	-0.22	0.00	0.25	-0.13	-0.18	-0.52	-0.08	0.48	0.08	0.04
D3	0.16	-0.62	0.40	0.14	0.02	-0.65	-1.45	-0.05	-0.58	-0.49	-0.24	0.02	-0.18	0.28	1.06	-0.85	0.30	-0.15
D1	-0.41	0.86	-0.12	-0.14	-0.14	-0.62	-0.10	-0.03	0.89	0.00	0.15	-0.13	-0.18	-0.15	-0.08	0.54	0.08	0.04
K12	-0.96	0.29	1.80	-0.14	-0.14	-0.79	-0.10	-0.03	0.38	0.00	0.29	-0.13	-0.18	-1.54	-0.08	-1.01	0.08	0.04
K11	-1.78	1.74	-0.02	-0.14	-0.14	-0.54	-0.10	-0.03	1.75	0.00	1.16	-0.13	-0.18	0.57	-0.08	-0.85	0.08	0.04
K10	-0.86	0.04	-0.47	-0.14	-0.14	-0.53	-0.10	-0.03	-0.67	0.00	1.13	-0.13	-0.18	0.60	-0.08	-1.23	0.08	0.04
M3	-0.76	0.27	-1.75	0.34	-0.30	-0.72	1.13	5.00	-0.51	-0.64	1.24	5.00	-1.02	0.68	0.49	1.33	-0.67	2.42
M2	-0.27	0.22	-0.33	-0.15	-0.30	-0.82	-0.48	-0.30	-0.54	-0.03	1.17	0.06	-0.19	-1.30	0.05	0.05	-0.08	0.20
L10	-0.94	0.92	-0.60	-0.14	-0.14	-0.60	-0.10	-0.03	0.40	0.00	0.97	-0.13	-0.18	0.08	-0.08	-0.22	0.08	0.04
L11	-0.84	0.46	1.59	-0.14	-0.14	-0.77	-0.10	-0.03	0.66	0.00	0.22	-0.13	-0.18	-1.50	-0.08	-0.48	0.08	0.04
L12	0.19	-0.69	0.73	-0.14	-0.14	-0.73	-0.10	-0.03	-0.44	0.00	1.02	-0.13	-0.18	0.00	-0.08	-1.58	0.08	0.04
K3	-1.88	2.47	-0.78	-0.15	0.18	-0.53	-0.56	0.06	2.27	0.04	1.14	-0.10	-0.17	0.47	0.30	-0.14	0.10	0.32
K2	-1.82	1.43	0.45	-0.14	-0.14	0.31	-0.10	-0.03	1.61	0.00	1.16	-0.13	-0.18	0.18	-0.08	-0.99	0.08	0.04
K1	0.39	0.26	-1.62	-0.14	-0.14	-0.65	-0.10	-0.03	-0.65	0.00	1.17	-0.13	-0.18	-0.14	-0.08	-0.12	0.08	0.04
M6	-0.43	-0.84	-0.02	-0.14	-0.14	-0.76	-0.10	-0.03	-2.69	0.00	-0.91	-0.13	-0.18	-0.91	-0.08	-1.11	0.08	0.04
K7	-0.87	0.06	1.54	-0.14	-0.14	-0.71	-0.10	-0.03	-0.01	0.00	0.30	-0.13	-0.18	-1.35	-0.08	-0.97	0.08	0.04
K6	-0.80	-0.07	1.36	-0.14	-0.14	-0.61	-0.10	-0.03	-1.02	0.00	-1.09	-0.13	-0.18	-2.05	-0.08	-0.68	0.08	0.04
K5	-1.61	1.73	-0.26	-0.14	-0.14	-0.63	-0.10	-0.03	1.43	0.00	0.94	-0.13	-0.18	0.36	-0.08	-0.94	0.08	0.04
K4	-0.04	-0.07	0.74	-0.14	-0.14	-0.58	-0.10	-0.03	-0.51	0.00	-0.47	-0.13	-0.18	-1.36	-0.08	-0.50	0.08	0.04
K9	-0.82	0.54	-0.22	-0.14	-0.14	-0.61	-0.10	-0.03	0.06	0.00	0.96	-0.13	-0.18	0.00	-0.08	-0.83	0.08	0.04
K8	-0.62	0.72	-0.36	-0.14	-0.14	-0.77	-0.10	-0.03	-0.39	0.00	0.27	-0.13	-0.18	-1.38	-0.08	-0.09	0.08	0.04
M9	-0.92	2.00	-1.05	-0.14	-0.14	-0.59	-0.10	-0.03	2.21	0.00	1.12	-0.13	-0.18	1.25	-0.08	-0.30	0.08	0.04
M8	-1.57	1.49	1.82	-0.14	-0.14	-0.69	-0.10	-0.03	1.85	0.00	0.18	-0.13	-0.18	-0.82	-0.08	-2.12	0.08	0.04
I9	-1.32	1.66	-0.21	-0.14	-0.14	-0.54	-0.10	-0.03	1.67	0.00	1.10	-0.13	-0.18	0.56	-0.08	-1.10	0.08	0.04
I8	-0.55	0.77	-0.05	-0.14	-0.14	-0.73	-0.10	-0.03	0.03	0.00	1.26	-0.13	-0.18	-1.83	-0.08	-0.40	0.08	0.04
I1	-1.06	1.85	-2.22	-0.14	-0.14	-0.33	-0.10	-0.03	0.83	0.00	1.15	-0.13	-0.18	1.15	-0.08	-0.41	0.08	0.04
I3	-0.12	0.44	-0.96	-0.28	0.34	-0.51	-0.99	-0.74	-0.10	0.00	1.05	-0.32	-0.16	0.34	-0.25	-0.56	-0.05	-0.15
I2	-1.23	2.28	-0.80	-0.14	-0.14	-0.57	-0.10	-0.03	2.60	0.00	1.15	-0.13	-0.18	1.13	-0.08	-0.26	0.08	0.04
I5	-0.54	0.40	1.24	0.41	-0.30	-0.86	-1.37	-0.09	0.23	-0.26	0.38	-1.22	-0.63	-2.22	0.58	-0.04	-0.08	-0.33
I4	-1.60	1.22	-0.21	-0.14	-0.14	-0.47	-0.10	-0.03	0.99	0.00	1.16	-0.13	-0.18	0.82	-0.08	-1.14	0.08	0.04
I7	-0.59	-0.23	0.83	-0.14	-0.14	-0.55	-0.10	-0.03	-0.06	0.00	1.13	-0.13	-0.18	0.37	-0.08	-2.10	0.08	0.04
I6	-0.50	-0.20	0.46	-0.14	-0.14	-0.59	-0.10	-0.03	-0.97	0.00	-0.98	-0.13	-0.18	-0.52	-0.08	-0.38	0.08	0.04
J12	-0.17	-0.67	1.40	-0.14	-0.14	-0.72	-0.10	-0.03	-0.48	0.00	1.10	-0.13	-0.18	-1.02	-0.08	-1.48	0.08	0.04
J10	-0.88	0.45	0.33	-0.14	-0.14	-0.60	-0.10	-0.03	-0.43	0.00	-1.00	-0.13	-0.18	-0.50	-0.08	-0.61	0.08	0.04
J11	-1.02	0.53	-1.03	0.49	1.29	-0.57	0.24	5.00	0.22	-0.85	1.14	5.00	-0.24	0.29	3.59	-0.61	0.22	-0.11
I11	-1.09	0.76	0.54	-0.14	-0.14	-0.61	-0.10	-0.03	0.14	0.00	-1.10	-0.13	-0.18	-0.39	-0.08	-0.44	0.08	0.04
I10	0.06	-1.01	0.04	-0.14	-0.14	-0.70	-0.10	-0.03	-2.73	0.00	-2.01	-0.13	-0.18	-0.82	-0.08	-0.55	0.08	0.04
I12	-0.77	-0.32	0.24	-0.14	-0.14	-0.68	-0.10	-0.03	-1.93	0.00	-2.20	-0.13	-0.18	-0.96	-0.08	0.47	0.08	0.04
L6	-0.52	0.73	1.16	-1.05	0.50	0.51	1.34	-1.09	1.00	-0.64	-0.41	0.96	-0.97	1.39	-3.24	-0.54	-4.41	0.16
L7	-0.62	0.24	-0.99	-0.14	-0.14	-0.58	-0.10	-0.03	-0.47	0.00	0.93	-0.13	-0.18	0.24	-0.08	0.61	0.08	0.04
L4	-1.32	1.49	-0.46	-0.14	-0.14	-0.60	-0.10	-0.03	0.81	0.00	-0.04	-0.13	-0.18	0.33	-0.08	-0.66	0.08	0.04
L5	-0.79	0.45	0.39	-0.14	-0.14	-0.59	-0.10	-0.03	0.71	0.00	1.11	-0.13	-0.18	0.48	-0.08	-1.08	0.08	0.04
L2	-0.96	0.66	-0.24	-0.14	-0.14	-0.61	-0.10	-0.03	0.46	0.00	1.14	-0.13	-0.18	0.41	-0.08	-0.54	0.08	0.04
L3	-0.96	1.30	-0.76	-0.14	-0.14	-0.65	-0.10	-0.03	1.12	0.00	0.97	-0.13	-0.18	0.52	-0.08	0.27	0.08	0.04
L1	0.15	0.24	-0.52	-0.14	-0.14	-0.75	-0.10	-0.03	-0.86	0.00	1.33	-0.13	-0.18	-1.83	-0.08	-1.02	0.08	0.04
N1	-0.15	-0.55	0.22	-0.14	-0.14	-0.68	-0.10	-0.03	-2.07	0.00	-2.20	-0.13	-0.18	-1.13	-0.08	0.12	0.08	0.04
N2	-1.35	1.41	-0.75	-0.14	-0.14	-0.60	-0.10	-0.03	1.13	0.00	0.97	-0.13	-0.18	0.70	-0.08	0.20	0.08	0.04
N3	-1.51	-0.15	1.09	-0.14	-0.14	-0.46	0.89	0.45	-1.67	-0.39	-1.83	0.24	0.44	-2.02	-0.24	0.49	0.25	0.13
N4	1.05	-0.94	-1.41	-0.29	-1.41	-0.99	0.43	-0.96	-0.81	0.23	0.99	3.97	0.39	1.19	-1.25	-0.66	4.08	0.66
L8	-0.79	1.09	-1.79	-0.15	-0.14	0.39	-0.32	-0.34	-0.14	0.53	1.05	-0.51	-0.12	1.00	0.14	-2.05	-0.22	-0.24
L9	-1.13	1.59	-0.38	-0.17	-0.14	-0.65	1.29	0.22	1.38	-0.15	-0.19	-0.25	-0.17	0.67	0.34	-0.36	-0.04	-0.41
M5	-1.23	1.68	0.38	-0.19	0.18	-0.68	-0.36	-0.21	1.32	-0.03	-0.07	-0.43	-0.17	-0.84	0.12	-0.55	-0.11	0.02
J8	-0.23	-0.91	0.85	-0.14	-0.14	-0.71	-0.10	-0.03	-2.54	0.00	-1.78	-0.13	-0.18	-2.43	-0.08	0.29	0.08	0.04
J9	-0.74	1.24	0.33	-0.14	-0.14	-0.73	-0.10	-0.03	0.91	0.00	1.26	-0.13	-0.18	-1.94	-0.08	-0.30	0.08	0.04
M7	-0.74	-0.65	0.72	-0.10	0.02	-0.76	0.81	-0.38	-2.42	0.08	-1.69	0.06	-0.16	-2.34	0.08	0.65	0.07	0.10
M4	-1.05	1.40	0.27	-0.14	-0.14	-0.67	-0.10	-0.03	0.92	0.00	-0.04	-0.13	-0.18	-0.80	-0.08	-0.85	0.08	0.04
J4	-0.23	-0.07	1.23	-0.14	-0.14	-0.75	-0.10	-0.03	-0.15	0.00	0.17	-0.13	-0.18	-1.57	-0.08	-0.62	0.08	0.04
J5	-0.55	-0.54	1.09	-0.14	-0.14	-0.65	-0.10	-0.03	-1.88	0.00	-1.04	-0.13	-0.18	-2.24	-0.08	-0.70	0.08	0.04
J6	-1.38	0.83	1.33	-0.14	-0.14	-0.62	-0.10	-0.03	-0.00	0.00	-1.37	-0.13	-0.18	-2.21	-0.08	0.34	0.08	0.04
J7	-0.39	-0.40	1.16	-0.14	-0.14	-0.70	-0.10	-0.03	-1.64	0.00	-1.90	-0.13	-0.18	-2.46	-0.08	0.31	0.08	0.04
J1	-1.41	0.90	-1.36	-0.14	-0.14	-0.57	-0.10	-0.03	-0.33	0.00	0.96	-0.13	-0.18	0.01	-0.08	1.06	0.08	0.04
J2	-1.12	1.76	-0.71	-0.15	0.50	-0.53	-0.41	-0.51	1.80	-0.22	1.00	-0.25	-0.11	0.67	-0.03	0.05	0.04	0.49
J3	-0.27	0.57	-0.80	-0.14	-0.14	-0.57	-0.10	-0.03	0.10	0.00	1.00	-0.13	-0.18	-0.14	-0.08	0.04	0.08	0.04
M11	-1.68	1.23	-0.74	-0.14	-0.14	0.15	-0.10	-0.03	0.40	0.00	1.10	-0.13	-0.18	1.25	-0.08	-2.74	0.08	0.04
M10	-0.77	1.14	-0.88	-0.14	-0.14	-0.53	-0.10	-0.03	0.99	0.00	0.99	-0.13	-0.18	0.88	-0.08	-0.21	0.08	0.04
M12	-1.15	1.01	1.51	0.57	-0.45	-0.53	-0.17	-0.07	1.33	-0.49	0.34	0.32	-0.17	-1.03	0.59	-1.31	-0.21	-0.42
M1	-0.53	-0.62	-0.02	-0.14	-0.14	-0.56	-0.10	-0.03	-1.88	0.00	0.20	-0.13	-0.18	-0.27	-0.08	-1.78	0.08	0.04
