G7	-0.64	1.24	-1.32	0.60	0.24	0.42	0.07	-0.23	0.26	-0.24	0.92	0.32	0.45	0.69	-0.18	0.59	0.20	0.10
G6	-1.24	0.91	-1.05	-0.11	0.13	-0.01	0.01	0.04	-0.73	0.06	0.88	0.14	0.19	0.12	-0.08	0.92	-0.08	0.13
G5	-0.50	0.65	-1.20	-0.11	0.13	-0.13	0.01	0.04	-0.70	0.06	0.97	0.14	0.19	-0.26	-0.08	0.88	-0.08	0.13
G4	2.03	-1.89	0.32	-0.11	0.13	0.50	0.01	0.04	-0.43	0.06	1.12	0.14	0.19	-0.67	-0.08	0.01	-0.08	0.13
G3	1.29	-1.38	0.41	-0.11	0.13	-0.20	0.01	0.04	-0.60	0.06	-0.70	0.14	0.19	-0.20	-0.08	-0.15	-0.08	0.13
G2	1.01	-1.18	0.60	-0.11	0.13	0.57	0.01	0.04	-0.38	0.06	-0.86	0.14	0.19	-0.07	-0.08	-0.58	-0.08	0.13
G1	-0.13	0.42	-0.95	-0.11	0.13	0.41	0.01	0.04	-0.35	0.06	0.88	0.14	0.19	0.89	-0.08	-0.78	-0.08	0.13
G9	-0.20	0.85	-0.98	-0.11	0.13	0.05	0.01	0.04	-0.04	0.06	-0.21	0.14	0.19	-0.30	-0.08	0.96	-0.08	0.13
G8	-1.07	1.67	-1.56	-0.11	0.13	0.46	0.01	0.04	0.08	0.06	0.89	0.14	0.19	0.40	-0.08	0.75	-0.08	0.13
N6	-0.70	-0.73	1.99	-0.98	2.07	-0.96	0.33	-0.63	0.11	0.66	-1.26	-0.52	1.69	0.16	0.61	-1.27	-0.22	-1.07
N7	-0.54	-0.29	0.83	-0.11	0.13	-0.59	0.01	0.04	-0.28	0.06	-0.96	0.14	0.19	-0.13	-0.08	0.05	-0.08	0.13
B4	0.95	-1.15	1.20	-0.11	0.13	-0.42	0.01	0.04	0.44	0.06	-1.10	0.14	0.19	0.96	-0.08	-1.16	-0.08	0.13
B5	-0.82	1.95	-2.06	-0.11	0.13	-0.12	0.01	0.04	-0.14	0.06	0.34	0.14	0.19	-0.13	-0.08	0.97	-0.08	0.13
B6	0.63	-1.12	0.54	-0.34	0.13	0.64	-0.04	-2.98	-0.51	5.00	1.10	-4.33	-0.11	-2.37	5.00	-2.21	-5.00	-1.39
B7	0.73	-0.81	0.35	-0.11	0.13	0.01	0.01	0.04	-0.59	0.06	-1.19	0.14	0.19	-0.94	-0.08	0.28	-0.08	0.13
B1	-0.01	0.68	-0.63	-0.11	0.13	0.13	0.01	0.04	0.79	0.06	1.15	0.14	0.19	0.88	-0.08	-0.05	-0.08	0.13
B2	1.87	-0.35	-0.76	-0.17	0.13	0.22	0.38	-0.01	0.90	0.29	1.16	0.32	0.16	0.75	0.15	-0.20	-0.51	0.43
B3	1.46	-0.78	1.21	-0.11	0.13	-0.73	0.01	0.04	1.31	0.06	-1.36	0.14	0.19	-0.45	-0.08	0.17	-0.08	0.13
B8	-0.09	-0.22	-1.22	-0.20	0.13	0.37	0.09	-0.18	-1.72	-0.01	0.90	-0.04	-0.03	0.71	-0.14	-0.75	-0.10	0.10
B9	1.14	-0.78	0.47	-0.11	0.13	-0.11	0.01	0.04	0.13	0.06	-1.32	0.14	0.19	-0.99	-0.08	0.96	-0.08	0.13
N5	-1.09	0.52	-1.12	-0.11	0.13	0.23	0.01	0.04	-1.60	0.06	1.67	0.14	0.19	0.06	-0.08	-1.11	-0.08	0.13
P10	0.73	0.15	0.30	-0.11	0.13	-0.51	0.01	0.04	1.22	0.06	-1.79	0.14	0.19	-0.51	-0.08	1.98	-0.08	0.13
P11	0.47	0.83	-1.34	-0.16	0.13	-0.30	-0.22	0.50	0.42	0.36	0.13	-0.48	-0.18	-0.46	0.18	1.65	0.20	0.47
P12	0.47	0.79	-1.22	-0.11	0.13	-0.42	0.01	0.04	0.48	0.06	0.11	0.14	0.19	-0.26	-0.08	1.64	-0.08	0.13
E9	-0.30	0.66	-0.67	-0.11	0.13	0.32	0.01	0.04	0.27	0.06	1.10	0.14	0.19	-0.20	-0.08	0.82	-0.08	0.13
E8	-0.61	0.59	-0.29	-0.11	0.13	0.19	0.01	0.04	0.11	0.06	0.85	0.14	0.19	0.45	-0.08	-0.64	-0.08	0.13
E5	-0.28	0.81	-0.80	-0.11	0.13	0.05	0.01	0.04	0.01	0.06	-1.10	0.14	0.19	-0.04	-0.08	1.26	-0.08	0.13
E4	-0.05	0.97	-0.42	-0.11	0.13	0.20	0.01	0.04	1.05	0.06	1.04	0.14	0.19	-1.02	-0.08	1.06	-0.08	0.13
E7	0.15	-0.37	0.29	-0.11	0.13	0.20	0.01	0.04	0.29	0.06	0.84	0.14	0.19	0.14	-0.08	0.49	-0.08	0.13
E6	-0.94	0.41	-0.53	-0.11	0.13	0.51	0.01	0.04	-0.40	0.06	0.90	0.14	0.19	0.50	-0.08	0.75	-0.08	0.13
E1	-0.04	-0.18	-0.39	2.74	0.02	-0.24	0.41	-2.36	-1.23	-0.51	-1.30	0.32	-1.86	-0.76	-0.25	0.75	-0.43	0.01
P8	0.31	0.24	0.50	-0.11	0.13	-0.11	0.01	0.04	1.21	0.06	-0.85	0.14	0.19	-0.01	-0.08	0.44	-0.08	0.13
E3	1.78	-0.92	-0.35	-0.11	0.13	0.64	0.01	0.04	-0.10	0.06	-0.56	0.14	0.19	-0.12	-0.08	0.25	-0.08	0.13
E2	1.95	-1.29	0.09	-0.11	0.13	0.54	0.01	0.04	-0.62	0.06	-1.05	0.14	0.19	-1.70	-0.08	0.28	-0.08	0.13
P2	-0.52	-0.07	-0.10	5.00	-5.00	-0.24	5.00	1.65	0.38	-1.07	-0.69	0.90	-0.85	1.91	-2.26	0.85	2.52	2.63
P3	0.89	-0.77	-0.04	-0.11	0.13	-0.42	0.01	0.04	-0.09	0.06	-0.91	0.14	0.19	0.49	-0.08	1.31	-0.08	0.13
P1	1.26	-1.17	0.33	-0.11	0.13	-0.33	0.01	0.04	-1.06	0.06	-1.69	0.14	0.19	-0.59	-0.08	-1.32	-0.08	0.13
P6	0.56	0.78	-0.87	-0.11	0.13	-0.32	0.01	0.04	1.01	0.06	0.11	0.14	0.19	-0.24	-0.08	1.71	-0.08	0.13
P7	0.81	-0.76	0.52	-0.11	0.13	-0.34	0.01	0.04	-0.01	0.06	-1.15	0.14	0.19	-0.28	-0.08	0.34	-0.08	0.13
P4	0.66	-0.90	0.53	-0.11	0.13	-0.43	0.01	0.04	-0.34	0.06	-1.15	0.14	0.19	-0.55	-0.08	0.88	-0.08	0.13
P5	0.23	0.82	0.09	-0.11	0.13	-0.19	0.01	0.04	1.31	0.06	-0.93	0.14	0.19	-0.33	-0.08	0.17	-0.08	0.13
H10	0.83	-1.78	2.09	-0.11	0.13	0.95	0.01	0.04	-0.01	0.06	-0.69	0.14	0.19	0.13	-0.08	-2.67	-0.08	0.13
H11	-0.04	-1.08	1.45	-0.11	0.13	0.82	0.01	0.04	-0.70	0.06	-1.01	0.14	0.19	-0.17	-0.08	-2.26	-0.08	0.13
H12	0.97	-2.06	2.73	-0.11	0.13	0.66	0.01	0.04	-0.20	0.06	-1.21	0.14	0.19	-0.75	-0.08	-3.69	-0.08	0.13
P9	-0.22	0.72	-0.10	-0.11	0.13	-0.08	0.01	0.04	0.74	0.06	-0.72	0.14	0.19	0.10	-0.08	0.53	-0.08	0.13
F12	1.56	-1.31	0.38	-0.11	0.13	0.46	0.01	0.04	0.17	0.06	1.08	0.14	0.19	-0.20	-0.08	-0.15	-0.08	0.13
F10	0.69	-0.80	-0.35	1.25	-0.33	0.35	0.03	1.20	-0.69	-2.04	0.89	-1.43	2.77	0.99	0.61	-1.94	0.31	-0.83
F11	1.12	-1.17	0.31	-0.11	0.13	0.50	0.01	0.04	-0.13	0.06	1.08	0.14	0.19	-0.01	-0.08	-0.39	-0.08	0.13
N12	-1.00	0.56	-1.27	-0.30	0.02	-0.21	0.43	0.09	-0.86	-0.01	0.89	0.57	0.23	2.45	-0.18	-0.47	-0.08	0.64
H8	-0.74	0.61	-0.65	-0.11	0.13	-0.70	0.01	0.04	-0.45	0.06	-1.61	0.14	0.19	1.56	-0.08	0.24	-0.08	0.13
H9	-1.51	0.49	-1.11	-0.26	0.13	0.11	0.17	0.04	-0.95	0.03	0.85	0.25	-5.00	2.73	-0.44	0.07	2.28	0.23
H6	-1.76	-0.27	-0.90	-1.72	0.13	-0.29	-0.40	0.23	-2.26	0.06	0.82	0.54	-2.20	2.55	-0.07	-0.13	1.81	-0.24
H7	-1.34	0.27	-0.75	-0.11	0.13	-0.21	0.01	0.04	-1.51	0.06	0.91	0.14	0.19	0.88	-0.08	-0.38	-0.08	0.13
H4	-0.11	1.25	-0.76	-0.11	0.13	0.03	0.01	0.04	1.68	0.06	1.22	0.14	0.19	1.08	-0.08	0.78	-0.08	0.13
H5	-1.64	-0.42	-0.97	-0.15	0.13	-0.26	-0.16	-0.10	-2.46	0.06	0.81	0.50	-3.59	2.42	-0.06	-0.14	1.56	0.10
D10	-0.09	0.22	-0.82	-0.11	0.13	0.72	0.01	0.04	-0.50	0.06	-0.40	0.14	0.19	0.45	-0.08	0.68	-0.08	0.13
D11	-0.37	0.23	-1.56	-0.11	0.13	0.50	0.01	0.04	-1.42	0.06	0.91	0.14	0.19	0.67	-0.08	0.44	-0.08	0.13
D12	0.58	-1.09	-0.26	-0.11	0.13	-0.04	0.01	0.04	-1.10	0.06	0.91	0.14	0.19	0.13	-0.08	0.50	-0.08	0.13
B12	0.99	-1.40	1.10	-0.11	0.13	-0.04	0.01	0.04	-0.40	0.06	-1.01	0.14	0.19	-0.61	-0.08	-0.65	-0.08	0.13
B10	1.04	-1.31	0.26	-0.11	0.13	-0.07	0.01	0.04	-1.04	0.06	-1.36	0.14	0.19	-0.64	-0.08	0.57	-0.08	0.13
B11	0.80	-1.39	0.00	2.14	0.13	0.07	0.18	-5.00	-0.90	5.00	-0.07	-3.46	2.33	-2.08	5.00	-0.42	-5.00	-2.00
Q8	-0.39	3.26	-3.18	-0.11	0.13	5.00	0.01	0.04	1.87	0.06	-2.53	0.14	0.19	-0.40	-0.08	3.28	-0.08	0.13
Q9	0.18	0.86	-1.42	-0.11	0.13	-0.36	0.01	0.04	0.08	0.06	0.40	0.14	0.19	-0.17	-0.08	1.41	-0.08	0.13
C9	-1.08	1.00	-1.47	-0.11	0.13	0.60	0.01	0.04	-0.79	0.06	0.86	0.14	0.19	0.89	-0.08	0.31	-0.08	0.13
C8	0.40	-0.34	-0.70	0.59	0.70	-0.21	0.09	-1.50	-0.91	-0.81	-0.43	3.62	-0.82	-0.71	0.96	0.53	0.48	0.18
Q11	0.72	-0.81	-0.31	-0.11	0.13	-0.31	0.01	0.04	-0.15	0.06	1.68	0.14	0.19	0.92	-0.08	0.48	-0.08	0.13
Q10	0.85	-1.17	0.71	-0.11	0.13	-0.03	0.01	0.04	-0.01	0.06	-1.10	0.14	0.19	0.36	-0.08	0.74	-0.08	0.13
Q12	0.99	-1.34	0.96	-0.40	-5.00	-0.92	-0.34	-1.23	-0.40	0.83	-0.60	-0.19	1.13	-2.30	-0.77	1.60	2.75	-0.01
C3	0.93	-1.01	0.21	-0.11	0.13	-0.01	0.01	0.04	-0.86	0.06	-1.16	0.14	0.19	-0.82	-0.08	0.21	-0.08	0.13
C2	1.16	-1.05	0.40	-0.11	0.13	0.68	0.01	0.04	-0.18	0.06	-0.60	0.14	0.19	-0.08	-0.08	-0.46	-0.08	0.13
C1	0.61	-0.57	-0.60	-0.11	0.13	0.29	0.01	0.04	-1.10	0.06	-0.55	0.14	0.19	-0.53	-0.08	0.79	-0.08	0.13
C7	-1.13	0.99	-0.19	-0.11	0.13	0.21	0.01	0.04	0.42	0.06	0.86	0.14	0.19	0.82	-0.08	-0.76	-0.08	0.13
C6	-0.82	0.31	-0.22	-0.11	0.13	0.30	0.01	0.04	-0.71	0.06	-0.84	0.14	0.19	-0.52	-0.08	1.13	-0.08	0.13
C5	-1.08	1.01	-1.47	-0.11	0.13	0.63	0.01	0.04	-0.78	0.06	0.87	0.14	0.19	0.87	-0.08	0.31	-0.08	0.13
C4	-0.55	-0.03	-0.37	-0.11	0.13	-0.24	0.01	0.04	-0.91	0.06	0.88	0.14	0.19	-0.30	-0.08	0.49	-0.08	0.13
N10	-1.36	-0.31	-0.99	0.24	0.24	-0.20	0.05	0.85	-1.41	-0.71	0.81	0.32	-5.00	2.35	2.37	-0.39	3.19	-0.07
N8	-0.32	-0.58	0.93	-0.11	0.13	-0.47	0.01	0.04	-0.09	0.06	1.29	0.14	0.19	0.68	-0.08	-1.83	-0.08	0.13
N9	0.04	-0.38	0.83	-0.11	0.13	-0.73	0.01	0.04	0.25	0.06	0.91	0.14	0.19	0.38	-0.08	-1.90	-0.08	0.13
N11	0.73	0.14	-1.49	-2.46	0.02	-0.83	0.94	2.38	-1.25	-1.31	-1.89	-0.44	-1.15	0.18	-0.64	1.22	-0.44	-0.12
G12	0.46	-0.72	-0.49	-0.11	0.13	0.25	0.01	0.04	-1.42	0.06	-1.30	0.14	0.19	0.79	-0.08	-0.63	-0.08	0.13
G11	0.17	-0.36	-0.69	-0.11	0.13	0.38	0.01	0.04	-1.68	0.06	-0.44	0.14	0.19	0.01	-0.08	-1.44	-0.08	0.13
G10	-0.82	1.20	-1.27	-0.11	0.13	0.09	0.01	0.04	-0.32	0.06	0.94	0.14	0.19	0.84	-0.08	-0.93	-0.08	0.13
F1	0.33	-0.72	0.35	-0.11	0.13	-0.21	0.01	0.04	-0.01	0.06	0.86	0.14	0.19	0.36	-0.08	0.25	-0.08	0.13
F2	0.63	-0.66	0.37	-0.11	0.13	-0.14	0.01	0.04	-0.23	0.06	-1.57	0.14	0.19	-0.42	-0.08	0.78	-0.08	0.13
F3	-0.25	0.33	-0.87	-0.17	0.02	0.49	-0.26	0.71	-0.50	-0.41	1.08	-1.21	-0.11	-0.24	0.48	0.17	0.14	-0.21
F4	1.07	-1.05	0.73	-0.11	0.13	-0.04	0.01	0.04	-0.03	0.06	-1.39	0.14	0.19	-0.76	-0.08	0.72	-0.08	0.13
F5	-0.22	0.27	-1.63	-0.11	0.13	-0.37	0.01	0.04	-1.66	0.06	-0.79	0.14	0.19	0.90	-0.08	0.35	-0.08	0.13
F6	0.17	0.16	-1.08	-0.11	0.13	0.11	0.01	0.04	-0.87	0.06	-0.24	0.14	0.19	-0.14	-0.08	0.65	-0.08	0.13
F7	0.90	0.14	-0.07	-3.85	-0.90	-1.64	-5.00	-5.00	-0.84	-5.00	-0.17	-5.00	-3.10	-1.00	-3.98	0.63	3.46	-5.00
F8	0.75	-0.40	-0.78	-0.11	0.13	-0.05	0.01	0.04	-0.53	0.06	0.93	0.14	0.19	-0.33	-0.08	0.95	-0.08	0.13
F9	1.34	-1.16	-0.02	-0.11	0.13	0.10	0.01	0.04	-0.86	0.06	-1.39	0.14	0.19	-0.64	-0.08	0.50	-0.08	0.13
Q1	-0.98	0.97	-0.44	-0.11	0.13	-0.26	0.01	0.04	0.31	0.06	1.05	0.14	0.19	0.96	-0.08	-0.61	-0.08	0.13
Q3	0.28	0.85	-0.98	-0.11	0.13	-0.49	0.01	0.04	0.72	0.06	0.18	0.14	0.19	0.02	-0.08	1.46	-0.08	0.13
Q2	0.40	0.92	-0.98	-0.11	0.13	-0.37	0.01	0.04	0.91	0.06	0.12	0.14	0.19	-0.31	-0.08	1.70	-0.08	0.13
Q5	0.86	-1.19	0.74	-0.11	0.13	-0.12	0.01	0.04	-0.02	0.06	-1.13	0.14	0.19	0.38	-0.08	0.68	-0.08	0.13
Q4	0.49	0.69	-1.10	-0.11	0.13	-0.46	0.01	0.04	0.52	0.06	0.20	0.14	0.19	-0.20	-0.08	1.67	-0.08	0.13
Q7	2.11	-2.63	1.95	-0.09	0.24	-0.61	-0.08	0.04	-0.44	0.13	-1.54	0.17	0.12	0.11	-0.08	-2.28	-0.21	0.18
Q6	1.19	-1.04	-0.12	-0.11	0.13	-0.32	0.01	0.04	0.25	0.06	1.71	0.14	0.19	0.94	-0.08	0.63	-0.08	0.13
E11	0.31	0.92	-0.73	-0.11	0.13	0.47	0.01	0.04	0.61	0.06	-0.42	0.14	0.19	-1.32	-0.08	1.22	-0.08	0.13
E10	0.91	-1.09	0.62	-0.11	0.13	-0.08	0.01	0.04	-0.38	0.06	-1.09	0.14	0.19	-0.64	-0.08	0.39	-0.08	0.13
E12	-0.37	0.43	-0.60	-0.11	0.13	0.43	0.01	0.04	-0.11	0.06	0.90	0.14	0.19	0.82	-0.08	-0.56	-0.08	0.13
C12	0.17	-0.51	-0.09	-0.11	0.13	-0.24	0.01	0.04	-0.51	0.06	0.89	0.14	0.19	0.30	-0.08	-0.15	-0.08	0.13
C11	0.62	-0.21	0.11	-0.11	0.13	0.30	0.01	0.04	0.30	0.06	-0.88	0.14	0.19	-0.92	-0.08	1.39	-0.08	0.13
C10	0.09	0.67	-0.80	-0.11	0.13	0.45	0.01	0.04	0.39	0.06	0.88	0.14	0.19	0.68	-0.08	-0.70	-0.08	0.13
A11	-1.00	-0.71	-0.18	-1.63	-5.00	0.03	0.01	0.17	-2.24	0.06	-4.11	-0.04	-2.87	1.34	0.19	0.74	3.90	-0.14
A10	1.78	-2.28	0.90	-0.11	0.13	0.14	0.01	0.04	-1.25	0.06	-0.69	0.14	0.19	-0.79	-0.08	-0.94	-0.08	0.13
A12	-0.42	0.73	-0.21	-0.04	0.24	-0.21	-0.00	-0.15	0.62	0.13	1.06	0.35	0.19	0.59	-0.08	-0.90	-0.04	-0.06
A1	0.05	0.73	-0.17	-0.11	0.13	-0.02	0.01	0.04	0.83	0.06	-0.80	0.14	0.19	-0.24	-0.08	0.51	-0.08	0.13
A3	-0.71	-0.23	-1.26	-0.11	0.13	-0.31	0.01	0.04	-1.70	0.06	0.87	0.14	0.19	1.50	-0.08	1.17	-0.08	0.13
A2	0.29	1.04	-1.08	-0.11	0.13	-0.43	0.01	0.04	0.83	0.06	0.12	0.14	0.19	-0.21	-0.08	1.48	-0.08	0.13
A5	0.75	0.65	-1.11	-0.11	0.13	-0.48	0.01	0.04	0.67	0.06	0.11	0.14	0.19	-0.19	-0.08	1.54	-0.08	0.13
A4	-0.29	0.47	0.60	-0.14	0.02	-0.33	-0.13	-0.55	0.54	0.23	-1.58	0.10	0.49	-0.39	0.08	-0.56	-0.16	0.16
A7	1.22	-0.44	0.74	-0.11	0.13	-0.60	0.01	0.04	1.44	0.06	0.21	0.14	0.19	-0.41	-0.08	0.48	-0.08	0.13
A6	-0.74	1.79	-1.67	-0.11	0.13	-0.31	0.01	0.04	0.15	0.06	0.36	0.14	0.19	-0.05	-0.08	0.83	-0.08	0.13
A9	0.06	-0.18	1.41	-0.09	0.13	-0.63	0.40	0.77	1.55	0.06	1.02	-0.12	0.49	0.18	-0.07	-0.64	-0.48	-0.09
A8	-0.28	-0.39	-0.74	-0.11	0.13	-0.33	0.01	0.04	-1.59	0.06	-1.52	0.14	0.19	0.64	-0.08	1.56	-0.08	0.13
D8	-0.35	0.29	-0.93	-0.11	0.13	0.55	0.01	0.04	-0.55	0.06	1.02	0.14	0.19	0.41	-0.08	0.48	-0.08	0.13
D9	-0.38	0.51	-1.26	-0.11	0.13	0.13	0.01	0.04	-1.10	0.06	-0.99	0.14	0.19	-0.20	-0.08	1.42	-0.08	0.13
D6	-0.98	0.05	-0.71	4.82	-1.24	-0.23	2.29	0.42	-1.33	-2.54	0.90	-5.00	-5.00	0.12	-0.97	1.17	1.44	-2.40
D7	-0.39	-0.35	0.02	5.00	0.59	-0.03	-4.80	5.00	-0.84	-5.00	0.85	-0.70	-2.20	0.24	-1.84	0.32	2.61	-5.00
D4	0.97	-1.25	0.30	-0.11	0.13	-0.03	0.01	0.04	-1.04	0.06	-1.15	0.14	0.19	-0.65	-0.08	0.11	-0.08	0.13
D5	0.96	-1.25	0.30	-0.11	0.13	-0.05	0.01	0.04	-1.05	0.06	-1.14	0.14	0.19	-0.64	-0.08	0.10	-0.08	0.13
D2	-0.36	0.77	-1.17	0.07	0.13	-0.03	0.25	0.50	-0.22	-0.27	1.01	0.17	-0.56	-0.43	-0.22	1.53	0.12	-0.16
D3	0.92	-1.01	0.20	-0.11	0.13	-0.00	0.01	0.04	-0.87	0.06	-1.18	0.14	0.19	-0.81	-0.08	0.21	-0.08	0.13
D1	-0.72	0.69	-0.76	-0.11	0.13	0.22	0.01	0.04	-0.41	0.06	0.84	0.14	0.19	0.67	-0.08	-0.82	-0.08	0.13
K12	-1.23	0.52	0.15	-0.11	0.13	-0.66	0.01	0.04	-1.03	0.06	-0.58	0.14	0.19	-0.28	-0.08	-1.91	-0.08	0.13
K11	-1.91	1.62	0.43	-0.11	0.13	0.14	0.01	0.04	1.22	0.06	1.14	0.14	0.19	0.27	-0.08	-0.86	-0.08	0.13
K10	-1.22	0.01	0.31	-0.11	0.13	0.22	0.01	0.04	-0.73	0.06	1.17	0.14	0.19	0.19	-0.08	-0.75	-0.08	0.13
M3	0.31	0.64	0.04	-0.11	0.13	-0.73	0.01	0.04	1.06	0.06	0.27	0.14	0.19	-1.41	-0.08	0.85	-0.08	0.13
M2	0.51	0.41	-0.30	-0.11	0.13	-0.48	0.01	0.04	0.41	0.06	0.66	0.14	0.19	-1.10	-0.08	-0.31	-0.08	0.13
L10	-0.62	0.73	0.37	-0.11	0.13	0.47	0.01	0.04	1.73	0.06	1.18	0.14	0.19	0.68	-0.08	1.09	-0.08	0.13
L11	-0.49	1.51	-0.22	-0.11	0.13	0.24	0.01	0.04	1.14	0.06	0.55	0.14	0.19	-2.06	-0.08	0.70	-0.08	0.13
L12	-0.26	-1.11	0.76	-0.11	0.13	-0.29	0.01	0.04	-1.16	0.06	-0.73	0.14	0.19	1.24	-0.08	-1.41	-0.08	0.13
K3	-2.18	2.24	-0.56	-0.11	0.13	0.48	0.01	0.04	0.97	0.06	0.93	0.14	0.19	0.87	-0.08	-0.39	-0.08	0.13
K2	-2.14	1.76	-0.72	0.07	-0.33	0.57	-0.13	0.47	0.04	-0.14	0.97	0.17	0.08	0.87	-0.14	-0.48	-0.22	0.25
K1	0.29	-0.81	0.77	-0.11	0.13	0.02	0.01	0.04	-0.15	0.06	-0.49	0.14	0.19	0.35	-0.08	-0.64	-0.08	0.13
M6	1.87	-1.80	2.16	-0.27	0.24	-0.15	-0.78	0.28	1.33	0.66	-0.43	-0.26	0.19	-0.34	-0.26	-1.05	0.81	-0.02
K7	-0.13	0.66	1.22	-0.11	0.13	-0.57	0.01	0.04	1.61	0.06	-0.03	0.14	0.19	-1.86	-0.08	-0.38	-0.08	0.13
K6	-0.34	-0.15	1.56	-0.11	0.13	-0.51	0.01	0.04	0.56	0.06	-0.01	0.14	0.19	-1.25	-0.08	-1.23	-0.08	0.13
K5	-1.12	0.59	0.33	-0.11	0.13	-0.06	0.01	0.04	0.12	0.06	-0.53	0.14	0.19	0.40	-0.08	-0.25	-0.08	0.13
K4	-0.48	-0.09	-0.28	-0.11	0.13	0.11	0.01	0.04	-0.94	0.06	-0.92	0.14	0.19	1.48	-0.08	-1.09	-0.08	0.13
K9	-0.74	0.31	-0.09	-0.11	0.13	0.44	0.01	0.04	-1.34	0.06	-1.76	0.14	0.19	-2.04	-0.08	0.41	-0.08	0.13
K8	-0.50	-0.08	-0.13	-0.11	0.13	0.51	0.01	0.04	-1.66	0.06	-1.69	0.14	0.19	-1.89	-0.08	0.45	-0.08	0.13
M9	-1.59	1.47	-0.48	-0.11	0.13	0.43	0.01	0.04	0.56	0.06	0.88	0.14	0.19	1.10	-0.08	-0.36	-0.08	0.13
M8	-1.75	1.75	-0.47	-0.11	0.13	-0.61	0.01	0.04	0.36	0.06	0.84	0.14	0.19	-0.67	-0.08	0.58	-0.08	0.13
I9	-1.54	1.71	0.01	-0.11	0.13	0.08	0.01	0.04	1.74	0.06	1.05	0.14	0.19	1.31	-0.08	-0.00	-0.08	0.13
I8	-0.07	0.27	0.08	-0.11	0.13	0.14	0.01	0.04	-0.13	0.06	0.50	0.14	0.19	-2.26	-0.08	0.41	-0.08	0.13
I1	-0.11	1.88	-0.58	-0.10	0.13	0.39	-0.49	0.34	2.86	0.33	1.24	-0.12	-0.11	0.78	0.20	0.68	0.04	-0.21
I3	-0.43	-0.45	1.39	0.13	0.02	-0.44	-0.29	0.25	1.10	-0.91	1.03	-0.34	0.19	0.76	0.43	-0.44	0.73	0.40
I2	-1.83	2.34	-1.04	-0.11	0.13	0.25	0.01	0.04	1.37	0.06	1.06	0.14	0.19	1.63	-0.08	0.47	-0.08	0.13
I5	-0.54	-0.40	1.52	-0.11	0.13	-0.44	0.01	0.04	-0.00	0.06	-0.31	0.14	0.19	-1.28	-0.08	-0.68	-0.08	0.13
I4	-1.83	1.12	0.32	-0.11	0.13	0.17	0.01	0.04	0.32	0.06	1.15	0.14	0.19	0.16	-0.08	-0.97	-0.08	0.13
I7	-0.59	-0.88	1.17	-0.11	0.13	-0.32	0.01	0.04	-0.76	0.06	-0.43	0.14	0.19	1.41	-0.08	-2.41	-0.08	0.13
I6	-0.26	-0.78	0.89	-0.11	0.13	-0.05	0.01	0.04	-0.77	0.06	-0.36	0.14	0.19	-0.10	-0.08	-1.08	-0.08	0.13
J12	0.28	-0.16	1.35	-0.11	0.13	-0.52	0.01	0.04	0.93	0.06	-0.24	0.14	0.19	-1.44	-0.08	-0.72	-0.08	0.13
J10	-0.62	-0.02	0.53	-0.11	0.13	-0.36	0.01	0.04	-0.14	0.06	-0.54	0.14	0.19	0.64	-0.08	-0.77	-0.08	0.13
J11	-1.89	0.75	0.57	-0.11	0.13	0.02	0.01	0.04	0.15	0.06	1.03	0.14	0.19	0.61	-0.08	-0.85	-0.08	0.13
I11	-0.71	-0.19	1.47	-0.11	0.13	-0.35	0.01	0.04	0.38	0.06	-0.38	0.14	0.19	0.01	-0.08	-1.23	-0.08	0.13
I10	1.77	-1.69	2.17	-0.11	0.13	-0.31	0.01	0.04	1.30	0.06	-0.54	0.14	0.19	-0.42	-0.08	-1.17	-0.08	0.13
I12	1.86	-1.76	2.24	-0.11	0.13	-0.24	0.01	0.04	1.33	0.06	-0.28	0.14	0.19	-0.49	-0.08	-1.48	-0.08	0.13
L6	-0.57	-0.12	1.35	-0.13	0.36	-0.34	0.12	0.77	0.57	-0.04	-0.37	0.06	-0.33	0.23	-0.06	-1.12	-0.36	0.26
L7	0.60	-0.39	0.65	-0.11	0.13	-0.03	0.01	0.04	0.87	0.06	1.14	0.14	0.19	0.11	-0.08	-0.87	-0.08	0.13
L4	-0.99	0.47	0.29	-0.11	0.13	-0.17	0.01	0.04	0.08	0.06	-0.66	0.14	0.19	0.70	-0.08	-0.20	-0.08	0.13
L5	-0.96	-0.06	-0.13	-0.11	0.13	0.04	0.01	0.04	-1.25	0.06	-0.55	0.14	0.19	0.98	-0.08	-0.88	-0.08	0.13
L2	-1.94	0.73	-0.61	-0.11	0.13	0.32	0.01	0.04	-1.35	0.06	0.90	0.14	0.19	0.76	-0.08	-0.78	-0.08	0.13
L3	-1.35	0.82	-0.27	-0.11	0.13	0.47	0.01	0.04	-0.10	0.06	0.91	0.14	0.19	1.14	-0.08	-1.07	-0.08	0.13
L1	1.36	-0.57	1.62	-0.11	0.13	-1.09	0.01	0.04	2.07	0.06	-0.17	0.14	0.19	-1.19	-0.08	0.42	-0.08	0.13
N1	1.78	-1.67	2.31	-0.11	0.13	-0.25	0.01	0.04	1.47	0.06	-0.28	0.14	0.19	-0.59	-0.08	-1.37	-0.08	0.13
N2	-1.27	0.88	0.63	-0.11	0.13	-0.34	0.01	0.04	1.12	0.06	0.93	0.14	0.19	0.74	-0.08	-0.51	-0.08	0.13
N3	0.91	-0.36	1.26	-0.11	0.13	-1.08	0.01	0.04	0.72	0.06	-0.66	0.14	0.19	-2.92	-0.08	0.12	-0.08	0.13
N4	1.51	-1.30	1.10	-0.11	0.13	-0.18	0.01	0.04	0.55	0.06	-0.67	0.14	0.19	-0.05	-0.08	-0.59	-0.08	0.13
L8	0.83	0.90	0.09	-0.11	0.13	0.47	0.01	0.04	2.97	0.06	1.03	0.14	0.19	1.57	-0.08	-0.66	-0.08	0.13
L9	-0.54	0.82	0.14	-0.11	0.13	0.17	0.01	0.04	0.66	0.06	-0.32	0.14	0.19	0.06	-0.08	-0.72	-0.08	0.13
M5	-1.55	1.62	-0.64	-0.11	0.13	-0.50	0.01	0.04	0.55	0.06	1.51	0.14	0.19	0.02	-0.08	0.63	-0.08	0.13
J8	1.82	-1.33	2.84	-0.08	-0.44	-1.09	-0.95	-0.69	2.56	-0.01	-0.22	0.35	-0.07	-1.73	0.00	-0.06	0.11	0.32
J9	-0.36	0.96	-0.17	-0.11	0.13	-0.07	0.01	0.04	0.47	0.06	1.02	0.14	0.19	-2.37	-0.08	0.74	-0.08	0.13
M7	1.96	-1.48	2.82	-0.11	0.13	-1.08	0.01	0.04	2.44	0.06	-0.16	0.14	0.19	-1.78	-0.08	-0.10	-0.08	0.13
M4	-0.91	0.85	-0.08	-0.11	0.13	-0.40	0.01	0.04	-0.07	0.06	0.11	0.14	0.19	-1.05	-0.08	0.12	-0.08	0.13
J4	-0.99	0.39	-0.52	-0.11	0.13	-0.26	0.01	0.04	-1.14	0.06	0.84	0.14	0.19	-0.46	-0.08	-0.25	-0.08	0.13
J5	0.29	-0.68	1.57	-0.11	0.13	-0.44	0.01	0.04	0.38	0.06	-0.16	0.14	0.19	-1.41	-0.08	-0.98	-0.08	0.13
J6	-1.28	0.93	0.55	-0.11	0.02	-0.37	0.08	-0.42	0.49	1.03	-0.60	-0.30	-0.37	-0.41	0.24	-0.18	-0.44	0.11
J7	0.84	-0.23	1.39	-0.11	0.13	-1.12	0.01	0.04	1.07	0.06	-0.65	0.14	0.19	-2.79	-0.08	0.20	-0.08	0.13
J1	0.04	0.52	-0.59	3.00	0.02	0.22	-0.07	-0.63	0.95	-0.71	1.22	-0.26	-1.45	0.68	0.84	-0.36	1.40	0.16
J2	-1.50	1.24	-0.40	-0.11	0.13	0.56	0.01	0.04	0.94	0.06	0.97	0.14	0.19	2.01	-0.08	0.51	-0.08	0.13
J3	1.05	-0.83	1.03	-0.04	-0.21	0.13	-0.00	-0.04	0.70	-0.37	-0.51	0.32	0.45	0.04	-0.36	-1.00	0.24	0.40
M11	1.12	0.39	0.73	-0.11	0.13	0.28	0.01	0.04	2.50	0.06	-0.33	0.14	0.19	0.22	-0.08	-0.62	-0.08	0.13
M10	-1.08	0.43	-0.61	-0.11	0.13	0.42	0.01	0.04	-0.36	0.06	0.99	0.14	0.19	1.57	-0.08	0.26	-0.08	0.13
M12	-1.91	1.49	-0.75	-0.11	0.13	-0.28	0.01	0.04	-0.23	0.06	1.29	0.14	0.19	0.15	-0.08	0.24	-0.08	0.13
M1	1.11	-0.90	1.00	-0.11	0.13	0.13	0.01	0.04	0.68	0.06	-0.59	0.14	0.19	0.16	-0.08	-0.91	-0.08	0.13
