G7	-0.19	1.30	-1.09	-0.09	0.06	-0.56	-0.02	-0.07	0.42	-0.07	0.22	-0.10	0.05	-0.75	-0.20	0.68	-0.01	-0.13
G6	-1.80	1.04	-0.78	2.11	-0.02	-0.11	-0.93	-0.88	-0.05	0.31	0.56	-0.18	0.07	0.55	-1.40	-0.71	0.73	0.47
G5	1.33	0.80	-0.38	-0.00	0.14	-0.47	0.82	1.72	1.33	-0.88	0.57	-1.19	0.04	-0.40	1.53	-0.53	-0.27	0.24
G4	1.86	-1.39	-0.49	-0.09	0.06	-0.51	-0.02	-0.07	-2.11	-0.07	0.44	-0.10	0.05	-0.06	-0.20	-0.54	-0.01	-0.13
G3	2.18	-1.20	-0.98	-0.09	0.06	-0.53	-0.02	-0.07	-2.10	-0.07	0.44	-0.10	0.05	-0.00	-0.20	-0.23	-0.01	-0.13
G2	2.23	-1.20	-0.27	-0.09	0.06	-0.53	-0.02	-0.07	-1.87	-0.07	-0.89	-0.10	0.05	-0.76	-0.20	-0.01	-0.01	-0.13
G1	0.70	0.65	-0.52	-0.09	0.06	-0.56	-0.02	-0.07	0.34	-0.07	0.40	-0.10	0.05	-0.70	-0.20	-0.23	-0.01	-0.13
G9	0.71	0.75	-0.77	-0.09	0.14	-0.55	0.32	-0.80	0.21	0.67	0.46	0.13	-0.00	-0.86	-0.02	-0.10	0.41	-0.06
G8	-0.99	1.84	-1.30	-0.09	0.06	-0.56	-0.02	-0.07	0.57	-0.07	0.46	-0.10	0.05	-0.73	-0.20	0.36	-0.01	-0.13
N6	-0.72	-0.12	0.49	-0.03	-0.02	1.61	-0.37	1.07	1.30	-0.18	0.24	-0.26	0.06	1.09	0.44	0.85	-0.28	-0.21
N7	-0.65	-0.11	-0.07	-0.09	0.06	1.54	-0.02	-0.07	0.78	-0.07	0.17	-0.10	0.05	2.00	-0.20	-0.24	-0.01	-0.13
B4	1.59	-1.91	1.79	-0.09	0.06	1.64	-0.02	-0.07	-0.04	-0.07	0.20	-0.10	0.05	1.14	-0.20	-3.22	-0.01	-0.13
B5	-0.51	-0.12	0.03	-0.09	0.06	1.47	-0.02	-0.07	1.17	-0.07	0.19	-0.10	0.05	1.56	-0.20	1.27	-0.01	-0.13
B6	0.25	0.95	-1.33	0.06	0.22	-0.65	0.32	0.66	-0.56	0.21	-0.99	-0.02	0.05	-1.78	0.68	2.25	-0.09	-0.24
B7	-0.18	0.01	-0.68	-0.09	0.06	-0.56	-0.02	-0.07	-0.86	-0.07	0.19	-0.10	0.05	-0.45	-0.20	1.32	-0.01	-0.13
B1	-0.65	0.62	-1.14	-0.09	0.06	-0.54	-0.02	-0.07	-0.18	-0.07	0.29	-0.10	0.05	0.55	-0.20	1.04	-0.01	-0.13
B2	-0.63	1.31	-2.01	-0.09	0.06	-0.57	-0.02	-0.07	-1.39	-0.07	-0.69	-0.10	0.05	-1.63	-0.20	1.57	-0.01	-0.13
B3	0.63	-0.94	0.87	-0.09	0.06	1.63	-0.02	-0.07	0.80	-0.07	0.20	-0.10	0.05	1.68	-0.20	-1.31	-0.01	-0.13
B8	1.58	0.88	-1.48	-0.09	0.06	-0.67	-0.02	-0.07	0.02	-0.07	-0.99	-0.10	0.05	-1.60	-0.20	2.54	-0.01	-0.13
B9	0.61	0.93	-1.32	-0.09	0.06	-0.65	-0.02	-0.07	-0.21	-0.07	-0.99	-0.10	0.05	-1.37	-0.20	2.27	-0.01	-0.13
N5	-0.88	-0.98	0.55	-0.61	0.06	-0.31	-0.34	-0.47	-0.84	-1.20	0.37	-0.02	0.57	1.03	1.64	-0.09	-0.20	0.32
P10	0.79	-0.40	0.83	-0.09	0.06	1.46	-0.02	-0.07	1.95	-0.07	0.29	-0.10	0.05	1.45	-0.20	-0.16	-0.01	-0.13
P11	0.09	-0.40	-0.04	-0.06	0.06	1.53	-0.62	-0.63	0.99	-0.25	0.16	-0.10	-0.01	1.60	0.88	1.19	0.05	-0.47
P12	0.22	-1.62	1.44	-0.09	0.06	1.48	-0.02	-0.07	-0.78	-0.07	-2.89	-0.10	0.05	0.44	-0.20	0.53	-0.01	-0.13
E9	0.54	0.80	-0.91	-0.09	0.06	-0.57	-0.02	-0.07	0.03	-0.07	0.20	-0.10	0.05	-0.83	-0.20	0.22	-0.01	-0.13
E8	0.09	0.64	-0.11	-0.09	0.06	-0.57	-0.02	-0.07	0.37	-0.07	0.50	-0.10	0.05	-0.78	-0.20	-0.47	-0.01	-0.13
E5	0.16	0.88	-0.67	-0.29	0.06	-0.54	0.35	2.44	0.41	0.24	0.31	-0.57	-0.12	-0.56	2.34	-0.10	-0.76	-0.17
E4	0.06	0.80	-0.66	-0.09	0.06	-0.56	-0.02	-0.07	0.17	-0.07	0.49	-0.10	0.05	-0.50	-0.20	-0.28	-0.01	-0.13
E7	0.28	0.19	-0.60	-0.09	0.06	-0.54	-0.02	-0.07	-0.43	-0.07	0.40	-0.10	0.05	-0.69	-0.20	0.83	-0.01	-0.13
E6	0.22	0.28	-0.85	-0.09	0.06	-0.56	-0.02	-0.07	-0.25	-0.07	0.30	-0.10	0.05	-0.30	-0.20	1.45	-0.01	-0.13
E1	0.47	-0.04	-0.20	-0.09	0.06	-0.53	-0.02	-0.07	-0.48	-0.07	0.52	-0.10	0.05	-0.59	-0.20	-0.28	-0.01	-0.13
P8	0.38	-0.16	1.23	-0.09	0.06	1.48	-0.02	-0.07	2.50	-0.07	0.29	-0.10	0.05	1.31	-0.20	-0.32	-0.01	-0.13
E3	-0.22	-0.17	-0.40	-0.09	0.06	-0.56	-0.02	-0.07	-1.08	-0.07	0.19	-0.10	0.05	-0.52	-0.20	0.72	-0.01	-0.13
E2	-0.17	-0.22	-0.36	-0.09	0.06	-0.57	-0.02	-0.07	-1.07	-0.07	0.19	-0.10	0.05	-0.52	-0.20	0.68	-0.01	-0.13
P2	0.05	-0.69	1.22	-0.09	0.06	1.63	-0.02	-0.07	1.75	-0.07	0.31	-0.10	0.05	2.09	-0.20	-0.74	-0.01	-0.13
P3	0.20	-0.22	0.38	0.32	3.38	1.56	-0.31	-2.50	1.94	0.07	0.95	-0.57	0.14	1.23	1.58	1.08	0.26	0.32
P1	0.51	-0.07	-0.18	-0.09	0.06	1.89	-0.02	-0.07	1.24	-0.07	0.55	-0.10	0.05	1.38	-0.20	-0.10	-0.01	-0.13
P6	0.41	-0.90	0.81	-0.09	0.06	1.62	-0.02	-0.07	0.51	-0.07	-1.13	-0.10	0.05	1.84	-0.20	-1.06	-0.01	-0.13
P7	0.42	-0.77	1.02	1.99	-0.42	1.48	-3.25	-2.17	1.75	0.91	0.26	-1.58	0.58	2.17	2.71	-0.72	0.43	-0.02
P4	1.15	-1.55	1.29	-0.09	0.06	1.77	-0.02	-0.07	1.15	-0.07	1.11	-0.10	0.05	1.56	-0.20	-0.16	-0.01	-0.13
P5	1.56	-0.31	1.20	-0.09	0.06	1.51	-0.02	-0.07	2.83	-0.07	0.17	-0.10	0.05	0.79	-0.20	0.50	-0.01	-0.13
H10	0.79	-2.61	2.46	-0.09	0.22	2.02	0.54	0.01	-1.05	-1.06	-1.92	-0.10	0.10	0.29	-0.61	-1.02	0.34	0.02
H11	0.92	-2.46	2.33	-0.09	0.06	2.01	-0.02	-0.07	-0.93	-0.07	-1.96	-0.10	0.05	0.29	-0.20	-1.13	-0.01	-0.13
H12	0.69	-2.79	3.33	-0.09	0.06	2.06	-0.02	-0.07	-1.34	-0.07	-3.83	-0.10	0.05	-0.71	-0.20	-1.06	-0.01	-0.13
P9	0.33	-0.54	1.33	-0.09	0.06	1.63	-0.02	-0.07	1.82	-0.07	0.34	-0.10	0.05	1.28	-0.20	-0.88	-0.01	-0.13
F12	2.10	-1.34	-0.81	-0.09	0.06	-0.53	-0.02	-0.07	-2.27	-0.07	0.46	-0.10	0.05	-0.13	-0.20	-0.34	-0.01	-0.13
F10	3.07	-1.31	-0.76	4.68	-0.34	-0.87	-2.09	-4.20	-1.41	-0.39	0.86	-1.66	0.51	0.10	-0.28	-0.04	-1.23	-0.02
F11	2.12	-1.09	-0.85	-0.09	0.06	-0.51	-0.02	-0.07	-1.77	-0.07	0.43	-0.10	0.05	0.12	-0.20	-0.39	-0.01	-0.13
N12	-1.40	-1.04	0.61	-0.09	0.06	1.66	-0.02	-0.07	-1.25	-0.07	0.43	-0.10	0.05	1.02	-0.20	-1.59	-0.01	-0.13
H8	-1.71	-0.85	0.77	-0.09	0.06	1.68	-0.02	-0.07	-0.95	-0.07	0.42	-0.10	0.05	0.80	-0.20	-1.39	-0.01	-0.13
H9	-1.69	-0.98	0.62	-0.09	0.06	1.72	-0.02	-0.07	-1.28	-0.07	0.41	-0.10	0.05	0.94	-0.20	-1.44	-0.01	-0.13
H6	-1.50	-1.29	0.91	-0.09	0.06	1.64	-0.02	-0.07	-1.41	-0.07	0.44	-0.10	0.05	0.85	-0.20	-1.52	-0.01	-0.13
H7	-1.65	-1.00	0.84	-0.09	0.06	1.71	-0.02	-0.07	-1.14	-0.07	0.42	-0.10	0.05	0.76	-0.20	-1.54	-0.01	-0.13
H4	-1.46	1.13	-0.99	-0.09	0.06	-0.51	-0.02	-0.07	0.54	-0.07	0.31	-0.10	0.05	0.79	-0.20	1.04	-0.01	-0.13
H5	-1.55	-1.25	0.83	-0.09	0.06	1.68	-0.02	-0.07	-1.45	-0.07	0.44	-0.10	0.05	0.84	-0.20	-1.49	-0.01	-0.13
D10	-0.21	0.78	-0.72	-0.59	0.69	-0.60	1.64	3.50	-0.05	-5.00	0.33	0.60	0.95	-0.65	0.41	-0.16	1.55	0.80
D11	0.31	0.01	-0.61	-0.09	0.06	-0.48	-0.02	-0.07	-0.81	-0.07	0.54	-0.10	0.05	-0.21	-0.20	-0.45	-0.01	-0.13
D12	0.20	-0.09	-0.69	-1.05	-0.10	-0.61	1.54	2.77	-0.90	-0.85	0.19	0.29	1.23	-0.48	-0.84	0.99	-0.02	0.80
B12	1.23	0.20	-0.81	-0.09	0.06	-0.59	-0.02	-0.07	0.03	-0.07	0.41	-0.10	0.05	-0.37	-0.20	0.87	-0.01	-0.13
B10	1.51	0.18	-0.87	-0.09	0.06	-0.57	-0.02	-0.07	0.29	-0.07	0.81	-0.10	0.05	-0.92	-0.20	2.13	-0.01	-0.13
B11	1.85	0.81	-1.31	-0.09	0.06	-0.68	-0.02	-0.07	0.26	-0.07	-0.89	-0.10	0.05	-1.56	-0.20	2.43	-0.01	-0.13
Q8	0.61	-0.27	1.28	-0.09	0.06	0.41	-0.02	-0.07	1.00	-0.07	0.42	-0.10	0.05	-2.65	-0.20	2.52	-0.01	-0.13
Q9	1.32	-0.11	-0.22	-0.79	0.06	1.47	0.57	2.36	1.85	2.18	0.27	-0.49	0.34	0.99	-0.78	1.93	-0.66	0.84
C9	0.01	0.76	-0.79	-0.03	0.30	-0.52	0.19	0.34	0.06	0.03	0.46	0.29	0.07	-0.44	2.08	-0.17	-0.57	-0.35
C8	1.38	0.27	-0.61	-0.09	0.06	-0.60	-0.02	-0.07	0.06	-0.07	0.21	-0.10	0.05	-0.62	-0.20	0.13	-0.01	-0.13
Q11	2.37	-2.12	1.67	-1.46	-0.57	2.11	-0.34	-1.04	-0.26	0.67	-3.20	-0.10	-5.00	0.27	5.00	-0.16	3.62	0.84
Q10	0.05	-0.69	1.22	-0.09	0.06	1.63	-0.02	-0.07	1.75	-0.07	0.31	-0.10	0.05	2.09	-0.20	-0.74	-0.01	-0.13
Q12	-0.16	-0.76	1.33	-0.09	0.06	1.45	-0.02	-0.07	1.55	-0.07	0.31	-0.10	0.05	1.96	-0.20	-0.73	-0.01	-0.13
C3	0.73	0.14	-0.83	-0.09	0.06	-0.58	-0.02	-0.07	-0.09	-0.07	0.43	-0.10	0.05	-0.37	-0.20	1.74	-0.01	-0.13
C2	1.60	0.08	-0.70	-0.09	0.06	-0.59	-0.02	-0.07	0.28	-0.07	0.75	-0.10	0.05	-1.00	-0.20	2.03	-0.01	-0.13
C1	1.21	0.55	-0.94	0.23	0.30	-0.61	-0.09	2.28	-0.25	-0.39	-1.18	-0.10	0.23	-1.44	-1.14	1.91	-0.30	0.13
C7	-1.13	1.27	-0.11	-0.09	0.06	-0.55	-0.02	-0.07	0.90	-0.07	0.46	-0.10	0.05	-0.63	-0.20	-0.30	-0.01	-0.13
C6	-1.00	1.02	-0.13	-0.03	0.14	-0.59	-0.27	1.55	0.62	-0.14	0.31	-0.49	0.06	-0.58	-0.27	0.03	0.46	-0.09
C5	0.03	0.80	-0.79	-0.09	0.06	-0.55	-0.02	-0.07	0.05	-0.07	0.52	-0.10	0.05	-0.47	-0.20	-0.15	-0.01	-0.13
C4	0.01	0.27	-0.03	-0.09	0.06	-0.20	-0.02	-0.07	0.34	-0.07	0.56	-0.10	0.05	0.07	-0.20	-0.60	-0.01	-0.13
N10	-0.66	-0.22	0.65	-0.09	-0.02	1.62	-0.56	0.26	1.72	0.10	0.32	-0.34	0.05	1.38	1.67	1.16	-0.03	-0.35
N8	0.18	0.40	-0.89	-0.09	0.06	-0.62	-0.02	-0.07	-0.46	-0.07	0.35	-0.10	0.05	-0.22	-0.20	0.23	-0.01	-0.13
N9	-0.18	0.39	-0.74	-0.09	0.06	-0.63	-0.02	-0.07	-0.69	-0.07	0.35	-0.10	0.05	-0.39	-0.20	-0.15	-0.01	-0.13
N11	-0.89	-0.57	0.06	-0.09	0.06	1.65	-0.02	-0.07	0.12	-0.07	0.37	-0.10	0.05	1.47	-0.20	0.71	-0.01	-0.13
G12	1.16	-1.11	-0.64	-0.09	0.06	-0.49	-0.02	-0.07	-1.81	-0.07	0.55	-0.10	0.05	0.87	-0.20	-0.98	-0.01	-0.13
G11	2.10	-0.77	-0.85	-0.09	0.06	-0.52	-0.02	-0.07	-1.11	-0.07	0.51	-0.10	0.05	0.45	-0.20	-0.60	-0.01	-0.13
G10	-1.15	1.60	-1.08	-0.09	0.06	-0.38	-0.02	-0.07	0.06	-0.07	0.54	-0.10	0.05	-1.22	-0.20	0.08	-0.01	-0.13
F1	0.40	0.23	-0.69	-0.09	0.06	-0.55	-0.02	-0.07	-0.33	-0.07	0.29	-0.10	0.05	-0.65	-0.20	1.14	-0.01	-0.13
F2	0.43	0.34	-0.89	-0.09	0.06	-0.57	-0.02	-0.07	-0.05	-0.07	0.36	-0.10	0.05	-0.32	-0.20	1.52	-0.01	-0.13
F3	0.56	0.72	-0.89	0.09	0.06	-0.59	1.10	0.01	-0.02	-0.04	0.20	-0.26	0.07	-0.80	1.48	0.11	-0.91	0.95
F4	0.48	0.93	-1.30	-0.09	0.06	-0.65	-0.02	-0.07	-0.28	-0.07	-1.01	-0.10	0.05	-1.38	-0.20	2.22	-0.01	-0.13
F5	0.57	0.23	-0.65	-0.09	0.06	-0.52	-0.02	-0.07	-0.39	-0.07	0.53	-0.10	0.05	-0.23	-0.20	-0.48	-0.01	-0.13
F6	1.44	0.18	-0.51	-0.21	0.06	-0.57	0.26	1.55	-0.03	0.60	0.43	-0.57	-0.00	-0.58	-1.58	-0.35	-0.00	0.21
F7	0.75	0.06	-0.89	-0.06	-0.10	-0.57	0.85	0.18	-0.37	0.07	0.37	0.05	0.04	-0.39	-0.98	1.51	0.25	0.58
F8	0.74	-0.15	-0.67	-0.09	0.06	-0.56	-0.02	-0.07	-0.70	-0.07	0.18	-0.10	0.05	-0.49	-0.20	1.05	-0.01	-0.13
F9	1.40	0.44	-0.88	0.53	0.61	-0.69	0.26	0.26	-0.17	-0.78	-0.97	0.60	-0.00	-1.24	0.68	1.34	0.63	-0.50
Q1	0.21	-0.88	0.69	-0.09	0.06	1.63	-0.02	-0.07	0.74	-0.07	0.33	-0.10	0.05	1.37	-0.20	0.11	-0.01	-0.13
Q3	-0.44	-1.66	1.72	-0.67	-0.10	1.52	-0.31	-0.07	-0.62	0.17	-2.95	0.60	0.43	0.36	1.46	0.64	2.74	0.73
Q2	0.42	-0.50	0.49	-0.09	0.06	1.68	-0.02	-0.07	1.20	-0.07	-1.10	-0.10	0.05	1.63	-0.20	0.58	-0.01	-0.13
Q5	0.05	-0.71	1.23	-0.09	0.06	1.62	-0.02	-0.07	1.79	-0.07	0.33	-0.10	0.05	2.10	-0.20	-0.62	-0.01	-0.13
Q4	0.09	-1.52	1.35	-0.09	0.06	1.48	-0.02	-0.07	-0.73	-0.07	-2.82	-0.10	0.05	0.61	-0.20	0.35	-0.01	-0.13
Q7	0.81	-2.72	1.82	-0.15	-0.02	2.07	0.70	-0.55	-1.97	-0.43	-3.13	-0.34	-1.00	0.40	0.12	-0.16	0.38	0.47
Q6	0.53	-2.25	1.21	-0.59	0.06	2.07	0.13	1.63	-1.92	0.03	-3.04	-0.26	-0.29	0.55	0.34	-0.44	2.37	0.24
E11	0.11	0.72	-0.56	-0.09	0.06	-0.55	-0.02	-0.07	0.23	-0.07	0.49	-0.10	0.05	-0.37	-0.20	-0.36	-0.01	-0.13
E10	0.72	0.26	-0.78	-0.21	-0.02	-0.64	-0.31	0.09	0.30	1.02	0.50	-0.88	0.14	-0.15	-0.02	1.63	0.77	-1.29
E12	0.14	0.67	-0.35	-0.09	0.30	-0.55	-0.43	-0.47	0.26	-0.18	0.21	0.21	0.07	-0.63	0.46	-0.29	-0.23	1.03
C12	0.23	0.21	-0.72	-0.09	0.14	-0.50	-0.74	0.34	-0.54	-0.21	0.38	-0.49	0.04	-0.64	0.11	0.89	-0.08	-0.69
C11	0.13	0.25	-0.89	-0.09	0.06	-0.57	-0.02	-0.07	-0.39	-0.07	0.29	-0.10	0.05	-0.27	-0.20	1.45	-0.01	-0.13
C10	0.18	0.92	-0.78	-0.21	0.30	-0.66	-0.43	2.61	0.30	0.45	0.37	-0.49	-0.16	-0.60	2.23	-0.12	-0.61	-0.35
A11	-0.35	-0.45	1.13	-0.09	0.06	1.46	-0.02	-0.07	2.29	-0.07	0.28	-0.10	0.05	2.01	-0.20	1.05	-0.01	-0.13
A10	1.91	-1.41	-0.48	0.03	0.06	-0.51	-0.81	-0.07	-2.10	0.67	0.43	0.05	0.05	-0.09	0.34	-0.55	0.07	-0.39
A12	0.60	-1.26	0.90	-0.09	0.06	1.52	-0.02	-0.07	-0.15	-0.07	-2.66	-0.10	0.05	1.25	-0.20	0.43	-0.01	-0.13
A1	0.64	-2.13	1.84	-0.09	0.06	1.77	-0.02	-0.07	0.18	-0.07	0.80	-0.10	0.05	1.55	-0.20	-1.19	-0.01	-0.13
A3	-2.83	-1.24	0.58	-3.01	0.06	1.75	0.45	-2.34	-1.54	-0.07	0.26	2.31	-2.24	2.05	2.11	-1.62	5.00	-0.32
A2	-0.17	-1.40	1.79	-0.06	-0.02	1.48	-0.02	0.26	-0.30	-0.53	-2.87	1.30	0.04	0.39	0.21	0.30	-0.41	-0.24
A5	0.48	-1.56	0.89	0.03	0.06	1.67	0.04	0.01	-0.26	-0.07	0.35	-0.18	-0.07	0.82	0.12	0.11	0.15	-0.35
A4	1.62	-0.26	0.75	-0.09	0.06	1.52	-0.02	-0.07	2.53	-0.07	0.34	-0.10	0.05	1.47	-0.20	-0.37	-0.01	-0.13
A7	-0.09	-1.27	0.98	-0.09	0.06	1.51	-0.02	-0.07	0.45	-0.07	0.23	-0.10	0.05	1.47	-0.20	0.62	-0.01	-0.13
A6	-0.18	-1.41	1.78	-0.12	0.06	1.48	0.73	-0.39	-0.30	0.10	-2.87	-0.26	0.11	0.34	1.18	0.30	-0.71	0.09
A9	0.43	-1.29	2.35	2.93	-5.00	1.43	5.00	-0.55	1.42	-0.07	-5.00	5.00	0.88	1.66	-1.68	1.50	1.47	-0.21
A8	-0.51	-0.37	0.74	-0.09	0.06	1.70	-0.02	-0.07	1.36	-0.07	0.27	-0.10	0.05	1.92	-0.20	-0.55	-0.01	-0.13
D8	0.27	0.43	-0.23	-0.09	0.06	-0.55	-0.02	-0.07	0.12	-0.07	0.23	-0.10	0.05	-0.57	-0.20	-0.22	-0.01	-0.13
D9	1.28	0.04	-0.98	5.00	-1.60	-0.49	-5.00	5.00	-0.34	5.00	0.24	5.00	1.23	-0.22	1.21	0.59	-5.00	5.00
D6	0.66	-0.05	-0.73	-0.09	0.06	-0.58	-0.02	-0.07	-0.48	-0.07	0.22	-0.10	0.05	-0.34	-0.20	1.32	-0.01	-0.13
D7	0.32	0.15	-0.66	-0.09	0.06	-0.54	-0.02	-0.07	-0.49	-0.07	0.40	-0.10	0.05	-0.63	-0.20	0.91	-0.01	-0.13
D4	1.31	0.18	-0.74	-0.09	0.06	-0.63	-0.02	-0.07	0.54	-0.07	0.57	-0.10	0.05	-0.23	-0.20	1.80	-0.01	-0.13
D5	1.33	0.17	-0.73	-0.09	0.06	-0.64	-0.02	-0.07	0.55	-0.07	0.57	-0.10	0.05	-0.23	-0.20	1.78	-0.01	-0.13
D2	0.58	0.81	-1.02	-0.09	0.06	-0.55	-0.02	-0.07	-0.02	-0.07	0.20	-0.10	0.05	-0.78	-0.20	0.29	-0.01	-0.13
D3	0.73	0.13	-0.82	-0.09	0.06	-0.59	-0.02	-0.07	-0.10	-0.07	0.43	-0.10	0.05	-0.37	-0.20	1.73	-0.01	-0.13
D1	0.12	0.75	-0.49	-0.09	0.06	-0.59	-0.02	-0.07	0.25	-0.07	0.21	-0.10	0.05	-0.62	-0.20	-0.08	-0.01	-0.13
K12	-0.44	0.25	1.26	-0.09	0.06	-0.69	-0.02	-0.07	0.18	-0.07	-0.86	-0.10	0.05	-1.57	-0.20	-0.96	-0.01	-0.13
K11	-1.67	1.73	-0.64	-0.09	0.06	-0.66	-0.02	-0.07	1.30	-0.07	0.33	-0.10	0.05	0.47	-0.20	-0.08	-0.01	-0.13
K10	-1.22	0.12	-0.03	-0.09	0.06	-0.69	-0.02	-0.07	-0.29	-0.07	0.60	-0.10	0.05	0.69	-0.20	-0.39	-0.01	-0.13
M3	-1.00	0.52	-0.70	-0.09	0.06	-0.58	-0.02	-0.07	-0.29	-0.07	0.26	-0.10	0.05	0.34	-0.20	0.56	-0.01	-0.13
M2	-0.58	0.66	-0.31	-0.09	0.06	-0.76	-0.02	-0.07	-0.61	-0.07	0.40	-0.10	0.05	-1.40	-0.20	-0.40	-0.01	-0.13
L10	-1.35	0.29	0.06	-0.03	0.22	-0.67	-0.27	0.26	-0.16	-0.11	0.45	-0.80	0.20	0.31	-1.28	-0.18	0.66	-0.28
L11	-0.57	0.66	1.00	-0.09	0.06	-0.71	-0.02	-0.07	0.65	-0.07	-1.30	-0.10	0.05	-1.68	-0.20	0.16	-0.01	-0.13
L12	-0.44	-0.64	0.85	-0.09	0.06	-0.54	-0.02	-0.07	-0.68	-0.07	0.52	-0.10	0.05	0.10	-0.20	-1.53	-0.01	-0.13
K3	-1.89	2.38	-1.35	-0.09	0.06	-0.17	-0.02	-0.07	1.84	-0.07	0.58	-0.10	0.05	0.98	-0.20	-0.09	-0.01	-0.13
K2	-1.31	2.15	-1.48	-0.09	-0.02	-0.52	0.35	-0.15	1.33	-0.74	0.57	0.68	0.04	0.68	-1.76	0.02	0.04	-0.02
K1	0.27	0.07	-0.92	-0.09	0.06	-0.62	-0.02	-0.07	-1.10	-0.07	0.34	-0.10	0.05	-0.04	-0.20	-0.41	-0.01	-0.13
M6	0.04	-0.12	-0.17	-0.09	0.06	-0.61	-1.62	5.00	-0.91	0.56	0.58	0.13	0.04	-0.89	-0.06	-0.00	-0.93	0.32
K7	-0.81	-0.26	1.80	-0.09	0.06	-0.81	-0.02	-0.07	0.01	-0.07	-1.10	-0.10	0.05	-1.36	-0.20	-0.40	-0.01	-0.13
K6	-0.56	-0.47	1.60	-0.09	0.06	-0.74	-0.02	-0.07	-0.82	-0.07	-1.27	-0.10	0.05	-1.26	-0.20	-1.62	-0.01	-0.13
K5	-0.86	1.68	-0.75	-0.09	0.06	-0.67	-0.02	-0.07	1.04	-0.07	0.38	-0.10	0.05	-0.74	-0.20	0.44	-0.01	-0.13
K4	0.10	0.36	-0.10	-0.09	0.06	-0.70	-0.02	-0.07	0.13	-0.07	0.29	-0.10	0.05	-0.45	-0.20	-0.14	-0.01	-0.13
K9	-0.28	-0.02	0.30	-0.09	0.06	-0.76	-0.02	-0.07	-0.10	-0.07	0.34	-0.10	0.05	0.18	-0.20	-0.89	-0.01	-0.13
K8	0.01	-0.27	0.27	-0.09	0.14	-0.74	1.10	-0.63	-0.40	0.17	0.36	0.13	-0.11	0.18	0.23	-0.94	-0.67	-0.35
M9	-1.24	1.65	-1.39	-0.09	0.06	-0.52	-0.02	-0.07	0.67	-0.07	0.56	-0.10	0.05	0.69	-0.20	-0.14	-0.01	-0.13
M8	-0.80	1.57	0.38	-0.09	0.06	-0.68	-0.02	-0.07	1.90	-0.07	0.46	-0.10	0.05	-1.12	-0.20	-0.24	-0.01	-0.13
I9	-1.49	1.21	-0.49	-0.09	0.06	-0.67	-0.02	-0.07	0.61	-0.07	0.34	-0.10	0.05	0.32	-0.20	-0.19	-0.01	-0.13
I8	-0.85	-0.35	0.86	-0.03	-0.65	-0.63	-1.90	-4.28	-0.61	0.56	0.32	-0.10	0.08	-0.41	1.53	-1.11	0.03	0.43
I1	-1.58	2.28	-2.20	-0.09	0.06	-0.42	0.51	-2.42	0.54	0.49	0.51	1.53	0.04	0.56	-0.26	0.08	0.13	-1.21
I3	-1.20	-0.11	-0.25	-0.09	0.06	-0.54	-0.02	-0.07	-1.01	-0.07	0.54	-0.10	0.05	0.63	-0.20	-0.57	-0.01	-0.13
I2	-1.62	2.00	-1.36	-0.09	0.06	-0.48	-0.02	-0.07	1.15	-0.07	0.57	-0.10	0.05	0.79	-0.20	-0.13	-0.01	-0.13
I5	-0.78	-0.65	1.38	-0.09	0.06	-0.77	-0.02	-0.07	-1.00	-0.07	0.36	-0.10	0.05	-1.08	-0.20	-1.57	-0.01	-0.13
I4	-1.40	1.03	-0.52	-0.09	0.06	-0.68	-0.02	-0.07	0.52	-0.07	0.41	-0.10	0.05	0.71	-0.20	-0.28	-0.01	-0.13
I7	-0.66	-0.29	0.86	-0.09	0.06	-0.53	-0.02	-0.07	-0.22	-0.07	0.53	-0.10	0.05	0.08	-0.20	-1.50	-0.01	-0.13
I6	-0.39	-0.76	0.94	-0.09	0.06	-0.55	-0.02	-0.07	-0.86	-0.07	0.52	-0.10	0.05	-0.11	-0.20	-1.50	-0.01	-0.13
J12	-0.54	-0.81	1.75	-0.09	0.06	-0.86	-0.02	-0.07	-1.10	-0.07	-1.40	-0.10	0.05	-1.39	-0.20	-0.95	-0.01	-0.13
J10	-0.35	-0.25	0.53	-0.09	0.06	-0.56	-0.02	-0.07	-0.51	-0.07	0.51	-0.10	0.05	-0.10	-0.20	-1.59	-0.01	-0.13
J11	-1.49	0.71	0.02	-0.09	0.06	-0.69	-0.02	-0.07	0.51	-0.07	0.60	-0.10	0.05	0.52	-0.20	-0.38	-0.01	-0.13
I11	-0.00	-0.28	0.94	-0.18	0.22	-0.76	-0.93	-1.61	0.04	0.07	0.39	-0.18	0.04	-0.60	0.48	-0.93	0.45	1.03
I10	0.53	-1.24	0.65	-0.09	0.06	-0.65	-0.02	-0.07	-1.37	-0.07	0.24	-0.10	0.05	-0.09	-0.20	-0.80	-0.01	-0.13
I12	0.11	0.07	-0.02	-0.09	0.06	-0.64	-0.02	-0.07	-0.47	-0.07	0.31	-0.10	0.05	-0.77	-0.20	-0.40	-0.01	-0.13
L6	-0.43	0.25	0.40	-0.09	0.06	-0.62	-0.02	-0.07	0.21	-0.07	0.27	-0.10	0.05	0.13	-0.20	-1.43	-0.01	-0.13
L7	-0.75	0.01	-0.58	-0.09	0.06	-0.60	-0.02	-0.07	-0.95	-0.07	0.26	-0.10	0.05	0.36	-0.20	0.24	-0.01	-0.13
L4	-0.42	1.28	-0.65	-0.09	0.06	-0.70	-0.02	-0.07	0.87	-0.07	0.29	-0.10	0.05	-0.30	-0.20	0.12	-0.01	-0.13
L5	-0.17	0.65	-0.04	-0.09	0.06	-0.70	-0.02	-0.07	0.48	-0.07	0.30	-0.10	0.05	-0.44	-0.20	-0.34	-0.01	-0.13
L2	-0.86	1.23	-0.94	-0.09	0.06	-0.55	-0.02	-0.07	0.56	-0.07	0.51	-0.10	0.05	0.28	-0.20	0.03	-0.01	-0.13
L3	-0.85	1.35	-0.72	-0.09	0.06	-0.66	-0.02	-0.07	1.13	-0.07	0.38	-0.10	0.05	0.36	-0.20	0.40	-0.01	-0.13
L1	-0.36	0.32	-0.23	-0.09	0.06	-0.76	-0.02	-0.07	-0.95	-0.07	0.40	-0.10	0.05	-1.42	-0.20	-0.41	-0.01	-0.13
N1	0.33	-0.56	0.42	-0.09	0.06	-0.69	-0.02	-0.07	-0.89	-0.07	0.27	-0.10	0.05	-1.19	-0.20	0.31	-0.01	-0.13
N2	-1.22	0.60	-0.48	-0.09	0.06	-0.67	-0.02	-0.07	-0.13	-0.07	0.36	-0.10	0.05	0.58	-0.20	-0.28	-0.01	-0.13
N3	-0.40	0.30	0.63	-0.09	0.06	-0.82	-0.02	-0.07	-0.22	-0.07	0.34	-0.10	0.05	-1.79	-0.20	-0.54	-0.01	-0.13
N4	0.80	0.45	-1.04	-0.12	-0.02	-0.65	-0.21	-0.23	-0.18	-0.21	0.38	0.05	0.12	-0.09	0.64	0.19	-1.11	0.13
L8	-1.65	1.20	-1.27	-0.09	0.06	-0.51	-0.02	-0.07	-0.98	-0.07	0.31	-0.10	0.05	0.21	-0.20	-1.69	-0.01	-0.13
L9	-0.62	0.86	-0.20	-0.09	0.06	-0.74	-0.02	-0.07	0.70	-0.07	0.35	-0.10	0.05	0.35	-0.20	-0.78	-0.01	-0.13
M5	-1.12	1.30	0.11	-0.09	0.06	-0.68	-0.02	-0.07	1.26	-0.07	0.28	-0.10	0.05	0.04	-0.20	-1.13	-0.01	-0.13
J8	-0.06	-0.42	0.71	-0.09	0.06	-0.81	-0.02	-0.07	-1.28	-0.07	0.33	-0.10	0.05	-2.01	-0.20	-0.64	-0.01	-0.13
J9	-0.90	0.36	0.74	-0.09	0.06	-0.72	-0.02	-0.07	0.43	-0.07	0.25	-0.10	0.05	-0.10	-0.20	-1.36	-0.01	-0.13
M7	-0.33	-0.05	0.60	-0.09	0.06	-0.81	-0.02	-0.07	-0.93	-0.07	0.34	-0.10	0.05	-1.99	-0.20	-0.60	-0.01	-0.13
M4	-0.20	0.71	0.60	-0.12	-0.42	-0.71	5.00	-1.20	0.53	2.07	-1.23	-3.68	-0.45	-1.21	-0.48	-0.18	-3.15	2.67
J4	-0.49	0.03	0.80	-0.09	0.06	-0.66	-0.02	-0.07	0.04	-0.07	0.31	-0.10	0.05	-0.52	-0.20	-1.10	-0.01	-0.13
J5	-0.29	-1.18	1.95	-0.09	0.06	-0.82	-0.02	-0.07	-1.52	-0.07	-1.47	-0.10	0.05	-1.73	-0.20	-0.93	-0.01	-0.13
J6	-0.79	0.07	1.49	-0.09	0.06	-0.76	-0.02	-0.07	0.17	-0.07	-1.14	-0.10	0.05	-1.29	-0.20	-0.59	-0.01	-0.13
J7	-0.15	-0.14	0.83	-0.09	0.06	-0.68	-0.02	-0.07	-0.56	-0.07	0.29	-0.10	0.05	-1.98	-0.20	-0.26	-0.01	-0.13
J1	-0.92	1.13	-1.19	-0.09	0.06	-0.52	-0.02	-0.07	0.51	-0.07	0.29	-0.10	0.05	0.46	-0.20	1.39	-0.01	-0.13
J2	-0.92	0.97	-0.62	-0.09	0.06	-0.68	-0.02	-0.07	0.46	-0.07	0.37	-0.10	0.05	0.23	-0.20	0.30	-0.01	-0.13
J3	-0.15	0.77	-0.91	0.12	-0.02	-0.61	-0.34	0.58	-0.19	1.19	0.43	-0.34	-0.00	-0.27	-1.13	-0.24	0.47	0.47
M11	-2.40	2.18	-1.43	0.03	0.30	-0.41	0.60	1.72	0.11	-0.57	0.30	2.78	-0.00	0.36	-0.51	-1.78	-0.58	-0.21
M10	-1.10	0.73	-0.79	-0.91	0.69	-0.56	-0.31	-2.17	-0.07	-0.07	0.43	2.93	2.25	0.29	1.40	-0.04	0.45	-0.50
M12	-0.60	1.32	0.15	-0.09	0.06	-0.68	-0.02	-0.07	1.36	-0.07	0.27	-0.10	0.05	-1.26	-0.20	0.31	-0.01	-0.13
M1	0.02	0.48	-1.03	-0.09	0.06	-0.63	-0.02	-0.07	-0.66	-0.07	0.36	-0.10	0.05	0.02	-0.20	-0.43	-0.01	-0.13
