G7	0.80	1.22	-0.75	0.05	-0.01	0.34	0.05	-0.10	1.58	0.13	0.57	-0.01	0.14	0.33	-0.18	0.57	-0.01	-0.03
G6	-1.34	0.46	0.25	-0.08	0.65	-3.48	2.63	0.78	-1.52	1.31	0.36	-5.00	-5.00	-2.13	1.91	-0.05	4.01	-0.72
G5	-0.26	1.21	-0.70	0.05	-0.01	-1.55	0.05	-0.10	0.32	0.13	0.99	-0.01	0.14	-0.18	-0.18	0.45	-0.01	-0.03
G4	1.97	0.45	-1.87	0.05	-0.01	0.28	0.05	-0.10	-0.32	0.13	-0.13	-0.01	0.14	-0.68	-0.18	1.78	-0.01	-0.03
G3	1.27	0.26	-2.80	-0.06	1.98	2.57	-0.63	2.89	-0.58	-5.00	0.99	2.24	-1.05	2.09	-1.25	0.35	-3.02	3.84
G2	1.85	-0.58	0.05	0.05	-0.01	-1.52	0.05	-0.10	-0.69	0.13	-0.51	-0.01	0.14	-2.68	-0.18	2.57	-0.01	-0.03
G1	0.58	-0.02	0.08	0.05	-0.01	-1.49	0.05	-0.10	0.09	0.13	0.73	-0.01	0.14	-0.41	-0.18	0.14	-0.01	-0.03
G9	-0.02	1.01	-1.08	0.05	-0.01	0.48	0.05	-0.10	0.71	0.13	1.13	-0.01	0.14	0.10	-0.18	1.35	-0.01	-0.03
G8	-0.23	1.68	0.79	-0.24	-4.66	-3.63	1.24	0.58	1.17	-1.64	-0.39	-1.14	1.07	-3.86	3.73	3.15	3.35	-1.18
N6	-0.19	0.15	0.52	0.06	2.64	0.54	0.51	-0.25	1.43	0.45	0.56	-0.01	0.11	0.86	0.12	-0.04	-0.10	-0.03
N7	-0.45	0.42	0.64	0.05	-0.01	0.48	0.05	-0.10	1.17	0.13	0.56	-0.01	0.14	0.09	-0.18	-0.29	-0.01	-0.03
B4	1.14	-0.42	-0.46	0.05	-0.01	0.70	0.08	0.02	-0.14	0.45	1.10	-0.12	0.23	0.22	-0.30	-1.21	0.02	-0.03
B5	0.72	-0.17	-0.55	0.05	-0.01	0.48	0.05	-0.10	0.47	0.13	0.56	-0.01	0.14	1.13	-0.18	-0.01	-0.01	-0.03
B6	1.99	0.33	-1.51	0.05	-0.01	-1.46	0.05	-0.10	-1.12	0.13	-0.56	-0.01	0.14	-1.05	-0.18	0.45	-0.01	-0.03
B7	-1.37	1.55	-2.04	0.05	-0.01	0.36	0.05	-0.10	-1.69	0.13	0.04	-0.01	0.14	-0.71	-0.18	0.36	-0.01	-0.03
B1	-0.58	0.28	-0.44	0.05	-0.01	-1.42	0.05	-0.10	0.03	0.13	0.74	-0.01	0.14	0.35	-0.18	1.74	-0.01	-0.03
B2	0.22	1.75	-1.88	0.05	-0.01	-1.39	0.05	-0.10	-0.52	0.13	-0.33	-0.01	0.14	-0.54	-0.18	0.93	-0.01	-0.03
B3	1.40	-0.60	-0.52	0.05	-0.01	0.62	0.05	-0.10	0.07	0.13	1.10	-0.01	0.14	0.21	-0.18	-0.03	-0.01	-0.03
B8	0.71	0.92	-2.05	0.05	-0.01	0.21	0.05	-0.10	-0.84	0.13	-0.20	-0.01	0.14	-1.08	-0.18	2.38	-0.01	-0.03
B9	0.47	-0.84	-0.19	0.05	-0.01	0.52	0.05	-0.10	-0.23	0.13	1.19	-0.01	0.14	0.07	-0.18	0.74	-0.01	-0.03
N5	-0.10	-0.08	0.47	0.05	-0.01	0.38	0.05	-0.10	-0.23	0.13	-1.30	-0.01	0.14	-0.49	-0.18	-0.35	-0.01	-0.03
P10	0.36	-0.73	0.62	0.06	3.97	0.75	-0.22	0.02	0.71	0.35	0.69	0.10	0.20	0.62	-0.37	-0.27	-0.02	-0.44
P11	0.78	-0.67	-0.04	0.05	-0.01	0.44	0.05	-0.10	0.39	0.13	0.59	-0.01	0.14	0.67	-0.18	0.36	-0.01	-0.03
P12	0.61	-0.68	0.16	0.05	-0.01	0.43	0.05	-0.10	0.38	0.13	0.60	-0.01	0.14	0.56	-0.18	0.09	-0.01	-0.03
E9	0.95	-0.13	-0.13	0.05	-0.01	0.40	0.05	-0.10	1.11	0.13	0.66	-0.01	0.14	0.57	-0.18	0.86	-0.01	-0.03
E8	-0.07	-0.24	1.13	0.05	-0.01	0.31	0.05	-0.10	0.08	0.13	-1.09	-0.01	0.14	-1.15	-0.18	-0.28	-0.01	-0.03
E5	0.06	-0.39	0.53	0.05	-0.01	0.34	0.05	-0.10	-0.79	0.13	-1.05	-0.01	0.14	-1.21	-0.18	-0.42	-0.01	-0.03
E4	0.43	0.24	-0.47	0.05	-0.01	0.41	0.05	-0.10	0.83	0.13	0.65	-0.01	0.14	0.78	-0.18	0.49	-0.01	-0.03
E7	0.02	0.67	-0.71	0.05	-0.01	-1.50	0.05	-0.10	-0.83	0.13	-0.08	-0.01	0.14	-1.13	-0.18	0.72	-0.01	-0.03
E6	-0.35	1.24	-1.17	0.05	-0.01	-1.42	0.05	-0.10	-0.69	0.13	-0.46	-0.01	0.14	-0.92	-0.18	1.45	-0.01	-0.03
E1	1.19	-0.32	0.30	0.05	-0.01	-1.60	0.05	-0.10	-0.23	0.13	0.88	-0.01	0.14	-2.00	-0.18	1.08	-0.01	-0.03
P8	0.52	-0.46	1.00	0.05	-0.01	0.73	0.05	-0.10	1.34	0.13	0.68	-0.01	0.14	0.52	-0.18	-0.83	-0.01	-0.03
E3	-0.37	0.70	-0.82	0.05	-0.01	-1.57	0.05	-0.10	-1.06	0.13	-0.09	-0.01	0.14	-1.17	-0.18	1.24	-0.01	-0.03
E2	1.09	-1.31	-0.56	0.05	-0.01	-1.65	0.05	-0.10	-2.20	0.13	-0.20	-0.01	0.14	-1.28	-0.18	1.47	-0.01	-0.03
P2	0.55	-0.47	0.62	0.05	-0.01	0.76	0.05	-0.10	1.28	0.13	1.18	-0.01	0.14	0.62	-0.18	-0.19	-0.01	-0.03
P3	1.39	-0.44	0.02	0.05	-0.01	0.75	0.05	-0.10	1.17	0.13	1.09	-0.01	0.14	0.68	-0.18	-0.07	-0.01	-0.03
P1	1.26	-0.20	-0.42	0.05	-0.01	0.88	0.05	-0.10	0.69	0.13	1.13	-0.01	0.14	0.47	-0.18	-0.31	-0.01	-0.03
P6	1.03	-1.16	1.15	0.05	-0.01	0.43	0.05	-0.10	0.53	0.13	0.60	-0.01	0.14	-0.71	-0.18	0.10	-0.01	-0.03
P7	-0.26	-0.62	0.94	0.08	-3.99	0.74	-0.19	0.25	0.86	0.19	1.58	-0.01	0.12	0.01	-0.25	0.24	-0.21	-0.20
P4	0.55	-0.70	0.80	0.05	-0.01	0.63	0.05	-0.10	1.35	0.13	1.09	-0.01	0.14	0.63	-0.18	0.32	-0.01	-0.03
P5	0.42	-0.38	1.26	0.05	-0.01	0.72	0.05	-0.10	1.28	0.13	0.76	-0.01	0.14	-0.88	-0.18	0.41	-0.01	-0.03
H10	0.24	-2.11	1.29	0.05	-0.01	0.88	0.05	-0.10	-0.22	0.13	0.94	-0.01	0.14	0.53	-0.18	-0.64	-0.01	-0.03
H11	-0.36	-0.65	1.12	0.05	-0.01	0.54	0.05	-0.10	0.68	0.13	0.29	-0.01	0.14	0.34	-0.18	-0.21	-0.01	-0.03
H12	-0.09	-0.55	2.24	0.05	-0.01	0.67	0.05	-0.10	1.49	0.13	-0.08	-0.01	0.14	-0.80	-0.18	-0.47	-0.01	-0.03
P9	0.22	-1.02	1.46	0.05	-0.01	0.42	0.05	-0.10	1.20	0.13	0.73	-0.01	0.14	0.39	-0.18	0.08	-0.01	-0.03
F12	1.72	-1.12	0.32	-0.23	0.65	-3.51	1.00	-0.48	-1.88	-0.73	-0.98	-1.81	-2.90	-3.35	1.43	1.83	3.41	-0.93
F10	0.99	-0.17	-1.26	0.05	-0.01	-1.51	0.05	-0.10	-1.39	0.13	-0.28	-0.01	0.14	-0.72	-0.18	1.71	-0.01	-0.03
F11	1.21	-0.78	-0.89	0.05	-0.01	0.49	0.05	-0.10	-0.39	0.13	1.01	-0.01	0.14	0.34	-0.18	0.88	-0.01	-0.03
N12	-1.46	0.91	-0.35	0.05	-0.01	0.50	0.05	-0.10	0.38	0.13	0.55	-0.01	0.14	0.64	-0.18	0.14	-0.01	-0.03
H8	-1.61	0.90	0.20	0.05	-0.01	0.54	0.05	-0.10	0.99	0.13	0.59	-0.01	0.14	0.59	-0.18	0.32	-0.01	-0.03
H9	-1.11	0.66	0.09	0.05	-0.01	0.54	0.05	-0.10	0.82	0.13	0.59	-0.01	0.14	0.74	-0.18	-0.14	-0.01	-0.03
H6	-1.37	0.56	0.02	0.05	-0.01	0.48	0.05	-0.10	0.41	0.13	0.56	-0.01	0.14	0.55	-0.18	0.11	-0.01	-0.03
H7	-1.20	0.68	0.46	0.05	-0.01	0.48	0.05	-0.10	1.13	0.13	0.58	-0.01	0.14	0.56	-0.18	-0.04	-0.01	-0.03
H4	-1.56	0.46	-0.23	0.05	-0.01	0.43	0.05	-0.10	0.17	0.13	0.54	-0.01	0.14	0.96	-0.18	0.36	-0.01	-0.03
H5	-1.14	0.32	0.09	0.05	-0.01	0.46	0.05	-0.10	0.30	0.13	0.56	-0.01	0.14	0.50	-0.18	0.03	-0.01	-0.03
D10	0.38	-0.55	0.13	0.05	-0.01	0.33	0.05	-0.10	-1.05	0.13	-1.10	-0.01	0.14	-0.68	-0.18	-0.70	-0.01	-0.03
D11	0.46	0.00	-1.10	0.05	-0.01	-1.60	0.05	-0.10	-1.07	0.13	1.01	-0.01	0.14	-0.54	-0.18	1.21	-0.01	-0.03
D12	0.42	0.12	-1.00	0.05	-0.01	-1.50	0.05	-0.10	-1.56	0.13	-0.08	-0.01	0.14	-1.10	-0.18	0.69	-0.01	-0.03
B12	1.58	-1.47	0.47	0.05	-0.01	0.37	0.05	-0.10	0.21	0.13	0.66	-0.01	0.14	-0.17	-0.18	0.74	-0.01	-0.03
B10	1.94	0.37	-1.81	0.05	-0.01	-1.40	0.05	-0.10	-1.25	0.13	-0.50	-0.01	0.14	-0.28	-0.18	-0.37	-0.01	-0.03
B11	-0.07	0.45	-0.18	0.05	-0.01	-1.58	0.05	-0.10	-0.49	0.13	-0.02	-0.01	0.14	-0.99	-0.18	0.54	-0.01	-0.03
Q8	0.47	-1.32	2.10	0.06	-0.67	-0.72	0.15	-0.33	0.20	-0.46	0.82	0.22	0.15	-2.82	1.35	1.37	-0.12	-0.17
Q9	1.07	-0.68	0.68	0.05	-0.01	0.43	0.05	-0.10	0.75	0.13	0.60	-0.01	0.14	-0.56	-0.18	0.45	-0.01	-0.03
C9	0.47	0.26	-0.62	0.05	-0.01	0.42	0.05	-0.10	0.73	0.13	0.65	-0.01	0.14	0.80	-0.18	0.60	-0.01	-0.03
C8	0.20	-0.97	-0.12	0.05	-0.01	0.35	0.05	-0.10	-1.76	0.13	-2.10	-0.01	0.14	0.15	-0.18	-0.87	-0.01	-0.03
Q11	-0.29	0.20	-0.45	0.05	-2.67	0.44	-0.36	0.40	-0.65	0.02	-0.07	0.78	0.21	-0.45	-0.11	0.08	-0.14	0.08
Q10	0.55	-0.47	0.62	0.05	-0.01	0.76	0.05	-0.10	1.28	0.13	1.18	-0.01	0.14	0.62	-0.18	-0.19	-0.01	-0.03
Q12	0.22	-0.50	0.68	-0.02	-0.01	0.70	1.22	0.19	1.14	0.29	1.70	-0.23	0.20	0.62	0.42	-0.59	-0.55	0.36
C3	3.24	0.15	-1.48	0.05	-0.01	-1.54	0.05	-0.10	-0.15	0.13	-0.13	-0.01	0.14	-1.40	-0.18	2.07	-0.01	-0.03
C2	2.29	0.33	-1.56	0.05	-0.01	-1.45	0.05	-0.10	-1.00	0.13	-0.54	-0.01	0.14	-1.03	-0.18	0.39	-0.01	-0.03
C1	1.41	-1.56	0.21	0.05	-0.01	0.26	0.05	-0.10	-0.06	0.13	0.51	-0.01	0.14	0.18	-0.18	1.15	-0.01	-0.03
C7	-1.22	1.37	-0.57	0.05	-0.01	-1.56	0.05	-0.10	-0.46	0.13	-0.32	-0.01	0.14	-0.95	-0.18	1.22	-0.01	-0.03
C6	-0.41	0.93	-0.50	0.05	-0.01	0.46	0.05	-0.10	0.78	0.13	0.60	-0.01	0.14	0.56	-0.18	-0.04	-0.01	-0.03
C5	0.45	0.28	-0.63	0.05	-0.01	0.40	0.05	-0.10	0.74	0.13	0.65	-0.01	0.14	0.81	-0.18	0.62	-0.01	-0.03
C4	-1.09	0.65	-1.09	0.05	-0.01	-1.58	0.05	-0.10	-1.90	0.13	-0.39	-0.01	0.14	-1.11	-0.18	1.32	-0.01	-0.03
N10	-1.35	0.74	-0.02	0.05	-0.01	0.43	0.05	-0.10	0.62	0.13	0.56	-0.01	0.14	0.57	-0.18	0.25	-0.01	-0.03
N8	-0.16	-0.16	0.07	0.05	-0.01	0.33	0.05	-0.10	0.05	0.13	0.51	-0.01	0.14	0.51	-0.18	-0.79	-0.01	-0.03
N9	-0.44	-0.64	0.67	0.05	-0.01	0.35	0.05	-0.10	-0.65	0.13	-0.87	-0.01	0.14	-0.51	-0.18	0.02	-0.01	-0.03
N11	-0.62	-0.27	-0.76	0.05	-0.01	0.48	0.05	-0.10	-1.05	0.13	0.57	-0.01	0.14	0.12	-0.18	0.78	-0.01	-0.03
G12	0.09	2.22	-2.55	-0.37	-0.67	0.48	-0.48	0.05	-0.67	1.04	-0.57	-1.92	-5.00	0.12	-0.37	0.96	-3.18	-0.51
G11	2.32	-0.21	-0.52	0.05	-0.01	0.64	0.05	-0.10	0.83	0.13	1.13	-0.01	0.14	-1.17	-0.18	1.65	-0.01	-0.03
G10	0.48	1.56	-0.91	0.05	-0.01	0.32	0.05	-0.10	1.51	0.13	0.58	-0.01	0.14	0.31	-0.18	0.40	-0.01	-0.03
F1	0.27	0.63	-0.68	0.05	-0.01	-1.49	0.05	-0.10	-0.66	0.13	-0.09	-0.01	0.14	-1.07	-0.18	0.68	-0.01	-0.03
F2	0.08	0.62	-0.60	0.05	-0.01	-1.56	0.05	-0.10	-0.63	0.13	-0.16	-0.01	0.14	-1.29	-0.18	1.44	-0.01	-0.03
F3	-0.10	-0.94	-0.10	0.05	-0.01	0.27	0.05	-0.10	-1.90	0.13	-0.55	-0.01	0.14	-0.64	-0.18	-0.65	-0.01	-0.03
F4	2.08	0.34	-1.57	0.05	-0.01	-1.46	0.05	-0.10	-1.06	0.13	-0.57	-0.01	0.14	-0.96	-0.18	0.51	-0.01	-0.03
F5	0.62	-0.33	-0.70	0.05	-0.01	0.45	0.05	-0.10	0.01	0.13	0.65	-0.01	0.14	0.57	-0.18	0.89	-0.01	-0.03
F6	0.09	-0.66	0.11	0.13	1.98	0.42	1.07	1.72	-1.07	0.99	-2.13	-0.57	1.00	0.01	0.54	-0.47	-0.15	-1.52
F7	-1.00	1.05	-0.94	0.05	-0.01	-1.46	0.05	-0.10	-1.17	0.13	-0.08	-0.01	0.14	-1.48	-0.18	1.76	-0.01	-0.03
F8	1.25	-0.20	-0.31	0.05	-0.01	-1.56	0.05	-0.10	-0.24	0.13	0.87	-0.01	0.14	-0.53	-0.18	0.07	-0.01	-0.03
F9	-0.44	0.97	-0.83	0.05	-0.01	-1.56	0.05	-0.10	-0.71	0.13	-0.14	-0.01	0.14	-1.06	-0.18	1.35	-0.01	-0.03
Q1	1.28	0.22	0.32	0.05	-0.01	0.47	0.05	-0.10	1.34	0.13	-1.17	-0.01	0.14	0.25	-0.18	-0.07	-0.01	-0.03
Q3	0.33	-0.76	0.76	0.05	-0.01	0.45	0.05	-0.10	0.77	0.13	0.59	-0.01	0.14	0.53	-0.18	-0.02	-0.01	-0.03
Q2	0.89	-0.68	0.94	0.05	-0.01	0.43	0.05	-0.10	0.73	0.13	0.59	-0.01	0.14	-0.69	-0.18	0.00	-0.01	-0.03
Q5	0.55	-0.47	0.62	0.05	-0.01	0.76	0.05	-0.10	1.28	0.13	1.18	-0.01	0.14	0.63	-0.18	-0.19	-0.01	-0.03
Q4	0.19	-0.60	0.19	-0.10	-2.00	0.43	-0.17	-0.33	0.35	0.13	0.64	0.89	0.57	0.53	1.51	0.07	0.17	0.53
Q7	-0.24	-0.81	-0.20	0.05	-0.01	0.40	0.05	-0.10	-1.46	0.13	-0.11	-0.01	0.14	-0.53	-0.18	0.33	-0.01	-0.03
Q6	0.19	0.50	-0.97	0.05	-0.01	0.47	0.05	-0.10	-0.04	0.13	0.06	-0.01	0.14	-0.46	-0.18	1.90	-0.01	-0.03
E11	0.34	0.32	-0.53	0.05	-0.01	-1.53	0.05	-0.10	-0.07	0.13	0.93	-0.01	0.14	-0.59	-0.18	1.42	-0.01	-0.03
E10	1.18	-0.90	-0.06	0.05	-0.01	0.46	0.05	-0.10	0.33	0.13	1.13	-0.01	0.14	-0.19	-0.18	1.50	-0.01	-0.03
E12	1.11	0.09	0.72	0.05	-0.01	-1.56	0.05	-0.10	0.54	0.13	0.79	-0.01	0.14	-1.92	-0.18	0.49	-0.01	-0.03
C12	-0.08	0.96	-0.95	0.05	-0.01	-1.48	0.05	-0.10	-0.98	0.13	-0.10	-0.01	0.14	-0.82	-0.18	-0.28	-0.01	-0.03
C11	-0.48	1.97	-1.98	0.05	-0.01	0.26	0.05	-0.10	-0.33	0.13	-0.60	-0.01	0.14	-0.49	-0.18	1.42	-0.01	-0.03
C10	0.86	1.20	-1.55	-0.51	1.32	0.44	-0.14	0.60	0.68	-0.67	0.63	-1.47	-5.00	1.66	-0.90	0.01	-3.14	-0.24
A11	-1.18	0.13	0.58	0.05	-0.01	0.71	0.05	-0.10	0.57	0.13	0.70	-0.01	0.14	0.49	-0.18	-0.50	-0.01	-0.03
A10	0.13	-1.07	-0.83	0.90	-1.34	-1.59	0.37	-0.01	-1.93	-5.00	-0.58	5.00	-1.42	-0.42	2.87	0.90	5.00	-1.25
A12	-0.07	-0.62	0.37	0.05	-0.01	0.50	0.05	-0.10	-0.34	0.13	0.58	-0.01	0.14	0.77	-0.18	-2.34	-0.01	-0.03
A1	2.02	-1.61	2.45	0.05	-0.01	1.98	0.05	-0.10	5.00	0.13	2.16	-0.01	0.14	3.22	-0.18	0.58	-0.01	-0.03
A3	-0.90	0.13	-0.06	0.08	-0.01	0.48	0.59	0.05	0.04	0.13	0.56	0.33	0.26	0.49	-0.79	-0.09	0.44	-0.17
A2	0.81	-0.19	0.15	0.05	-0.01	0.52	0.05	-0.10	1.15	0.13	0.57	-0.01	0.14	0.93	-0.18	-0.26	-0.01	-0.03
A5	0.38	-1.11	0.44	0.05	-0.01	0.44	0.05	-0.10	0.04	0.13	0.61	-0.01	0.14	0.49	-0.18	0.14	-0.01	-0.03
A4	2.35	-0.15	0.62	-5.00	0.65	0.28	-3.72	-1.95	2.40	-0.62	0.46	2.69	2.95	0.39	5.00	-1.03	2.03	-3.02
A7	0.79	-2.09	1.00	0.05	-0.01	0.37	0.05	-0.10	-0.67	0.13	0.63	-0.01	0.14	0.18	-0.18	-0.98	-0.01	-0.03
A6	0.80	-0.19	0.15	0.05	-0.01	0.53	0.05	-0.10	1.15	0.13	0.57	-0.01	0.14	0.93	-0.18	-0.26	-0.01	-0.03
A9	1.01	-1.58	2.84	0.08	0.65	0.39	-0.12	0.02	1.86	0.13	0.62	-1.25	0.18	-0.49	0.97	-1.02	-0.06	-1.31
A8	-1.05	0.10	0.13	0.05	-0.01	0.76	0.05	-0.10	0.30	0.13	0.68	-0.01	0.14	0.57	-0.18	0.07	-0.01	-0.03
D8	1.16	-0.36	0.62	0.05	-0.01	0.40	0.05	-0.10	1.00	0.13	0.61	-0.01	0.14	-0.70	-0.18	0.42	-0.01	-0.03
D9	0.23	-0.64	-0.09	0.05	-0.01	0.35	0.05	-0.10	-1.37	0.13	-2.04	-0.01	0.14	-0.07	-0.18	-0.59	-0.01	-0.03
D6	-0.09	0.87	-1.49	0.05	-0.01	-1.48	0.05	-0.10	-1.13	0.13	-0.37	-0.01	0.14	-0.39	-0.18	1.11	-0.01	-0.03
D7	-0.02	0.74	-1.04	0.05	-0.01	-1.47	0.05	-0.10	-1.24	0.13	-0.04	-0.01	0.14	-0.83	-0.18	-0.14	-0.01	-0.03
D4	1.67	0.39	-1.57	0.05	-0.01	-1.45	0.05	-0.10	-1.26	0.13	-0.59	-0.01	0.14	-1.00	-0.18	0.54	-0.01	-0.03
D5	1.66	0.42	-1.59	0.05	-0.01	-1.46	0.05	-0.10	-1.25	0.13	-0.57	-0.01	0.14	-0.97	-0.18	0.53	-0.01	-0.03
D2	-0.21	-0.57	-0.67	0.05	-0.01	0.27	0.05	-0.10	-2.27	0.13	-0.57	-0.01	0.14	-0.60	-0.18	-0.87	-0.01	-0.03
D3	1.09	-1.08	-0.01	0.05	-0.01	0.35	0.05	-0.10	-0.01	0.13	0.77	-0.01	0.14	-0.22	-0.18	1.41	-0.01	-0.03
D1	1.51	-0.47	2.33	-0.40	0.65	-3.51	-1.26	-0.68	1.01	-0.67	0.71	-1.70	-2.91	-4.26	0.19	1.98	4.06	-0.51
K12	-1.00	0.46	0.72	0.05	-0.01	0.18	0.05	-0.10	0.06	0.13	-1.00	-0.01	0.14	-0.06	-0.18	-1.53	-0.01	-0.03
K11	-1.48	1.55	-0.52	0.05	-0.01	0.47	0.05	-0.10	0.99	0.13	0.57	-0.01	0.14	1.45	-0.18	-1.13	-0.01	-0.03
K10	-1.14	-0.60	0.14	0.05	-0.01	0.32	0.05	-0.10	-0.91	0.13	0.55	-0.01	0.14	1.40	-0.18	-2.29	-0.01	-0.03
M3	-1.36	-0.94	-0.01	0.05	-0.01	0.31	0.05	-0.10	-1.38	0.13	0.55	-0.01	0.14	1.31	-0.18	-1.34	-0.01	-0.03
M2	-0.34	-0.49	0.83	0.05	-0.01	0.39	0.05	-0.10	-0.61	0.13	-0.67	-0.01	0.14	-0.42	-0.18	-1.72	-0.01	-0.03
L10	-1.16	-0.59	0.61	0.05	-0.01	0.42	0.05	-0.10	-0.17	0.13	0.61	-0.01	0.14	0.81	-0.18	-0.68	-0.01	-0.03
L11	-1.30	0.56	0.70	0.05	-0.01	0.27	0.05	-0.10	0.16	0.13	-0.81	-0.01	0.14	-0.12	-0.18	-0.99	-0.01	-0.03
L12	0.51	-0.65	-0.21	-0.15	-1.34	2.58	0.15	-0.71	-0.91	-1.05	-3.48	-2.04	-2.84	1.62	1.83	-1.59	-3.33	-0.10
K3	-1.86	2.54	-1.30	0.05	-0.01	0.61	0.05	-0.10	0.87	0.13	0.56	-0.01	0.14	1.29	-0.18	-1.19	-0.01	-0.03
K2	-1.26	2.81	-1.60	0.05	-0.01	-0.71	0.05	-0.10	0.78	0.13	0.94	-0.01	0.14	0.91	-0.18	-1.25	-0.01	-0.03
K1	0.07	-0.81	-0.08	0.05	-0.01	0.46	0.05	-0.10	-0.68	0.13	-0.69	-0.01	0.14	0.81	-0.18	-0.25	-0.01	-0.03
M6	0.17	-1.59	0.65	0.05	-0.01	0.27	0.05	-0.10	-1.16	0.13	-0.81	-0.01	0.14	0.77	-0.18	-1.67	-0.01	-0.03
K7	-0.74	-0.53	1.32	0.02	-0.01	0.18	-0.02	-0.01	-0.31	0.29	-0.77	0.22	0.08	-0.27	-0.27	-1.63	-0.16	0.95
K6	-0.53	-1.42	1.85	0.05	-0.01	0.24	0.05	-0.10	-0.31	0.13	-0.81	-0.01	0.14	-0.25	-0.18	-0.83	-0.01	-0.03
K5	-1.51	1.51	-0.54	0.05	-0.01	0.29	0.05	-0.10	0.21	0.13	-1.04	-0.01	0.14	1.03	-0.18	-1.12	-0.01	-0.03
K4	-0.65	0.12	0.09	0.05	-0.01	0.41	0.05	-0.10	-0.37	0.13	-1.52	-0.01	0.14	0.23	-0.18	-0.17	-0.01	-0.03
K9	-0.70	0.38	-0.69	-1.59	-5.00	1.50	-1.19	-0.86	0.04	-0.40	1.23	2.02	-4.24	0.66	1.78	0.17	-0.93	-0.34
K8	-0.19	-0.50	0.40	0.05	-0.01	0.31	0.05	-0.10	0.19	0.13	-0.67	-0.01	0.14	0.74	-0.18	0.34	-0.01	-0.03
M9	-1.02	1.92	-1.13	0.05	-0.01	0.65	0.05	-0.10	1.06	0.13	0.59	-0.01	0.14	1.39	-0.18	-0.85	-0.01	-0.03
M8	-1.73	1.69	0.29	0.05	-0.01	0.28	0.05	-0.10	0.73	0.13	-0.92	-0.01	0.14	0.03	-0.18	-1.14	-0.01	-0.03
I9	-1.01	1.25	-0.34	0.05	-0.01	0.53	0.05	-0.10	0.83	0.13	0.59	-0.01	0.14	0.75	-0.18	-0.89	-0.01	-0.03
I8	-0.53	-0.05	0.89	0.05	-0.01	0.45	0.05	-0.10	0.63	0.13	-0.84	-0.01	0.14	0.10	-0.18	0.09	-0.01	-0.03
I1	-1.84	2.66	-1.35	0.05	-0.01	-1.48	0.05	-0.10	0.77	0.13	0.72	-0.01	0.14	0.44	-0.18	1.14	-0.01	-0.03
I3	-0.32	-1.21	0.70	0.05	-0.01	0.37	0.05	-0.10	0.33	0.13	0.61	-0.01	0.14	1.39	-0.18	0.21	-0.01	-0.03
I2	-1.49	1.91	-0.96	0.05	-0.01	0.62	0.05	-0.10	0.73	0.13	0.58	-0.01	0.14	0.91	-0.18	-0.67	-0.01	-0.03
I5	-0.76	-0.01	1.27	0.05	-0.01	0.34	0.05	-0.10	0.55	0.13	-0.87	-0.01	0.14	0.02	-0.18	-1.14	-0.01	-0.03
I4	-1.25	1.02	-0.60	0.05	-0.01	0.46	0.05	-0.10	0.39	0.13	0.57	-0.01	0.14	1.46	-0.18	-1.23	-0.01	-0.03
I7	-0.74	-0.75	0.73	0.05	-0.01	0.19	0.05	-0.10	-0.90	0.13	-0.91	-0.01	0.14	0.44	-0.18	-1.72	-0.01	-0.03
I6	-0.57	-1.57	1.22	0.05	-0.01	0.27	0.05	-0.10	-0.97	0.13	-0.94	-0.01	0.14	0.34	-0.18	-0.92	-0.01	-0.03
J12	-0.71	-1.23	1.30	0.05	-0.01	0.29	0.05	-0.10	-1.07	0.13	0.53	-0.01	0.14	-0.25	-0.18	-2.70	-0.01	-0.03
J10	0.19	-0.66	1.40	0.05	-0.01	0.30	0.05	-0.10	-0.01	0.13	-3.13	-0.01	0.14	-0.60	-0.18	0.16	-0.01	-0.03
J11	-1.14	0.19	0.13	0.05	-0.01	0.35	0.05	-0.10	0.43	0.13	0.57	-0.01	0.14	1.47	-0.18	-0.95	-0.01	-0.03
I11	-0.29	0.03	0.74	0.05	-0.01	0.28	0.05	-0.10	0.46	0.13	-1.02	-0.01	0.14	0.44	-0.18	-1.08	-0.01	-0.03
I10	1.49	-2.63	1.68	0.05	-0.01	0.34	0.05	-0.10	-1.15	0.13	-3.25	-0.01	0.14	-0.45	-0.18	-0.12	-0.01	-0.03
I12	-0.56	-1.10	0.63	0.05	-0.01	0.20	0.05	-0.10	-1.23	0.13	-0.89	-0.01	0.14	0.46	-0.18	-1.51	-0.01	-0.03
L6	-0.44	-0.98	2.05	3.09	4.64	0.33	3.14	1.31	-0.28	-1.58	-3.14	1.90	0.78	-1.02	-0.48	-1.34	2.12	-1.14
L7	-0.30	-1.20	0.50	0.05	-0.01	0.32	0.05	-0.10	0.03	0.13	0.54	-0.01	0.14	1.33	-0.18	0.14	-0.01	-0.03
L4	-0.97	1.23	-0.26	0.05	-0.01	0.26	0.05	-0.10	0.20	0.13	-1.53	-0.01	0.14	0.08	-0.18	-0.08	-0.01	-0.03
L5	-0.57	0.22	0.18	0.05	-0.01	-1.49	0.05	-0.10	-1.32	0.13	-2.77	-0.01	0.14	-0.85	-0.18	0.27	-0.01	-0.03
L2	-0.82	0.28	-0.23	0.05	-0.01	0.42	0.05	-0.10	-0.10	0.13	0.54	-0.01	0.14	1.06	-0.18	-1.56	-0.01	-0.03
L3	-0.76	1.29	-0.69	0.05	-0.01	0.39	0.05	-0.10	0.69	0.13	0.55	-0.01	0.14	0.90	-0.18	-0.78	-0.01	-0.03
L1	-0.22	-0.78	0.83	0.05	-0.01	0.35	0.05	-0.10	-0.22	0.13	-1.05	-0.01	0.14	-0.02	-0.18	0.10	-0.01	-0.03
N1	-0.35	-1.98	1.14	0.05	-0.01	0.27	0.05	-0.10	-1.34	0.13	-0.93	-0.01	0.14	0.42	-0.18	-0.93	-0.01	-0.03
N2	-0.89	0.49	0.32	0.05	-0.01	0.52	0.05	-0.10	0.90	0.13	0.60	-0.01	0.14	0.66	-0.18	-0.42	-0.01	-0.03
N3	-0.57	-0.93	1.28	0.05	-0.01	0.23	0.05	-0.10	-0.58	0.13	-0.77	-0.01	0.14	-0.16	-0.18	-1.50	-0.01	-0.03
N4	0.24	-0.17	-0.42	0.05	-0.01	0.29	0.05	-0.10	-0.18	0.13	0.58	-0.01	0.14	0.32	-0.18	-0.07	-0.01	-0.03
L8	-0.35	1.14	-0.17	0.05	-0.01	0.46	0.05	-0.10	1.65	0.13	0.54	-0.01	0.14	1.24	-0.18	-0.57	-0.01	-0.03
L9	-0.92	0.61	0.14	0.05	-0.01	0.34	0.05	-0.10	-0.41	0.13	-3.93	-0.01	0.14	0.14	-0.18	0.45	-0.01	-0.03
M5	-1.58	1.39	0.23	0.05	-0.01	0.39	0.05	-0.10	0.75	0.13	-0.82	-0.01	0.14	0.18	-0.18	-0.41	-0.01	-0.03
J8	0.29	-2.03	1.84	0.05	-0.01	0.29	0.05	-0.10	-0.47	0.13	-0.88	-0.01	0.14	-0.13	-0.18	-0.87	-0.01	-0.03
J9	-1.15	0.01	0.89	0.05	-0.01	0.43	0.05	-0.10	0.25	0.13	-0.74	-0.01	0.14	0.06	-0.18	-0.18	-0.01	-0.03
M7	-0.42	-1.46	0.99	0.05	-0.01	0.31	0.05	-0.10	-1.27	0.13	0.54	-0.01	0.14	-0.20	-0.18	-2.02	-0.01	-0.03
M4	-1.22	1.22	0.30	0.05	-0.01	0.37	0.05	-0.10	0.85	0.13	-0.98	-0.01	0.14	0.29	-0.18	-0.50	-0.01	-0.03
J4	-0.62	-0.18	1.05	0.05	-0.01	0.33	0.05	-0.10	-0.22	0.13	-1.30	-0.01	0.14	-0.36	-0.18	-1.38	-0.01	-0.03
J5	-0.04	-1.67	1.94	0.05	-0.01	0.26	0.05	-0.10	-0.06	0.13	-0.99	-0.01	0.14	-0.12	-0.18	-0.51	-0.01	-0.03
J6	-0.89	0.31	1.27	0.05	-0.01	-1.53	0.05	-0.10	0.12	0.13	-0.74	-0.01	0.14	-0.66	-0.18	-1.00	-0.01	-0.03
J7	-0.35	-1.79	1.76	0.05	-0.01	0.26	0.05	-0.10	-0.69	0.13	-0.80	-0.01	0.14	-0.18	-0.18	-0.83	-0.01	-0.03
J1	-1.32	-0.10	-0.51	0.05	-0.01	0.48	0.05	-0.10	-0.88	0.13	0.55	-0.01	0.14	1.29	-0.18	-1.07	-0.01	-0.03
J2	-1.22	1.45	-0.85	0.05	-0.01	0.35	0.05	-0.10	0.86	0.13	0.54	-0.01	0.14	1.05	-0.18	0.51	-0.01	-0.03
J3	-0.93	-0.21	-0.04	0.05	-0.01	0.31	0.05	-0.10	-0.97	0.13	-0.90	-0.01	0.14	0.53	-0.18	-0.81	-0.01	-0.03
M11	-1.58	2.29	-1.10	0.05	-0.01	0.50	0.05	-0.10	0.50	0.13	0.52	-0.01	0.14	0.58	-0.18	-1.39	-0.01	-0.03
M10	-0.61	1.08	-0.65	0.05	-0.01	0.30	0.05	-0.10	1.28	0.13	0.59	-0.01	0.14	1.21	-0.18	0.98	-0.01	-0.03
M12	-1.44	1.50	0.27	0.05	-0.01	0.31	0.05	-0.10	0.70	0.13	-1.04	-0.01	0.14	0.13	-0.18	-1.07	-0.01	-0.03
M1	0.07	0.25	-1.55	3.66	5.00	2.18	-5.00	5.00	-1.00	-2.01	-2.42	-2.82	3.20	1.84	5.00	-1.13	-5.00	5.00
