G7	0.04	1.40	-1.10	-0.02	0.28	0.90	-0.18	0.26	1.15	-0.07	-0.25	-0.00	-0.01	-0.01	0.21	0.96	-0.02	0.22
G6	-0.81	1.54	-1.20	-0.03	-0.07	-0.89	-0.05	0.01	0.28	-0.05	-1.87	0.09	0.11	0.68	0.08	1.38	-0.09	0.16
G5	-0.36	1.42	-1.26	1.72	-0.60	-0.97	-3.34	-1.08	0.21	-1.96	-1.85	5.00	0.40	-0.24	1.00	1.68	-0.21	1.08
G4	2.59	-1.65	-1.23	-0.25	0.10	-0.91	-0.89	0.08	-2.24	-0.37	-0.84	0.29	-0.14	-1.21	0.58	1.78	-0.07	-0.43
G3	1.95	-1.00	-0.72	-0.03	-0.07	-1.01	-0.05	0.01	-1.41	-0.05	0.67	0.09	0.11	-1.35	0.08	0.27	-0.09	0.16
G2	0.52	-0.41	-0.55	-0.03	-0.07	-1.06	-0.05	0.01	-1.12	-0.05	-0.65	0.09	0.11	-0.86	0.08	1.46	-0.09	0.16
G1	0.68	-0.07	-0.73	-0.03	-0.07	0.86	-0.05	0.01	-0.23	-0.05	0.53	0.09	0.11	-0.40	0.08	0.23	-0.09	0.16
G9	0.01	0.95	-1.24	-0.03	-0.07	-0.99	-0.05	0.01	-0.20	-0.05	-0.99	0.09	0.11	-0.27	0.08	1.46	-0.09	0.16
G8	-1.30	1.91	-0.78	-0.03	-0.07	0.88	-0.05	0.01	1.35	-0.05	0.67	0.09	0.11	-0.13	0.08	0.57	-0.09	0.16
N6	-1.60	-0.34	1.14	-1.48	-0.60	0.96	-0.38	0.49	0.73	-1.06	0.66	0.09	-0.11	2.08	-1.58	-0.75	1.32	0.21
N7	-0.84	0.30	0.54	-0.03	-0.07	1.02	-0.05	0.01	1.10	-0.05	0.56	0.09	0.11	0.76	0.08	-0.25	-0.09	0.16
B4	1.76	-1.14	0.38	-0.03	-0.07	0.79	-0.05	0.01	-0.08	-0.05	-0.66	0.09	0.11	-0.45	0.08	0.27	-0.09	0.16
B5	-0.61	-0.27	0.02	-0.03	-0.07	0.96	-0.05	0.01	-0.18	-0.05	0.59	0.09	0.11	0.97	0.08	-0.81	-0.09	0.16
B6	0.06	-0.57	0.47	-0.03	-0.07	-1.02	-0.05	0.01	-0.79	-0.05	0.62	0.09	0.11	-1.39	0.08	0.28	-0.09	0.16
B7	0.46	0.63	-2.30	-0.03	-0.07	-0.99	-0.05	0.01	-0.81	-0.05	0.98	0.09	0.11	-0.54	0.08	2.36	-0.09	0.16
B1	-1.00	0.40	-0.32	0.02	-1.49	-0.43	-0.82	1.70	-0.63	-0.48	0.53	-0.25	-3.05	-0.24	1.35	-0.02	-0.90	0.17
B2	2.52	-0.33	-2.38	-0.26	0.10	-1.06	0.76	-0.12	-0.97	-0.03	0.63	0.09	-2.27	0.54	0.87	1.04	-0.45	-0.23
B3	0.53	-0.79	0.80	-0.03	-0.07	0.91	-0.05	0.01	0.47	-0.05	-1.53	0.09	0.11	1.16	0.08	-0.07	-0.09	0.16
B8	-0.29	0.50	-1.15	1.83	-2.02	-1.72	1.56	-2.15	-0.73	-1.36	1.23	1.59	-1.11	-0.76	2.37	0.14	1.31	-2.22
B9	1.37	-0.02	-0.18	-0.07	-0.43	-0.94	-0.79	0.39	-0.36	-0.14	-1.32	-0.29	0.18	-2.16	1.14	1.37	-0.59	-0.17
N5	0.08	0.58	-0.59	-0.03	-0.07	-1.08	-0.05	0.01	0.01	-0.05	0.62	0.09	0.11	0.21	0.08	-0.66	-0.09	0.16
P10	-0.57	-1.03	1.48	-0.04	-0.07	0.98	-0.08	0.01	-0.29	-0.18	-2.09	-0.20	0.09	0.48	0.18	-0.16	-0.15	0.29
P11	-0.41	-0.39	-0.41	-0.03	-0.07	0.99	-0.05	0.01	-0.39	-0.05	0.56	0.09	0.11	1.24	0.08	-0.27	-0.09	0.16
P12	-0.43	-0.55	0.36	-0.03	-0.07	0.98	-0.05	0.01	-0.11	-0.05	0.57	0.09	0.11	0.87	0.08	-0.79	-0.09	0.16
E9	1.05	0.22	-0.82	-0.03	-0.07	-0.77	-0.05	0.01	-0.18	-0.05	0.60	0.09	0.11	-0.92	0.08	0.49	-0.09	0.16
E8	0.09	0.51	0.01	-0.03	-0.07	-0.65	-0.05	0.01	0.30	-0.05	0.65	0.09	0.11	-1.35	0.08	0.40	-0.09	0.16
E5	0.55	0.05	-0.58	-0.03	-0.07	0.85	-0.05	0.01	0.04	-0.05	0.53	0.09	0.11	-0.46	0.08	0.37	-0.09	0.16
E4	-0.44	0.57	-0.82	-0.03	-0.07	0.92	-0.05	0.01	-0.15	-0.05	0.69	0.09	0.11	-0.42	0.08	0.25	-0.09	0.16
E7	0.65	0.44	-0.94	-0.03	-0.07	-1.09	-0.05	0.01	0.01	-0.05	0.68	0.09	0.11	-0.74	0.08	1.26	-0.09	0.16
E6	1.31	-0.22	-0.87	-0.03	-0.07	-0.99	-0.05	0.01	-0.54	-0.05	0.62	0.09	0.11	-0.85	0.08	0.87	-0.09	0.16
E1	1.17	-0.20	-0.73	-0.17	1.16	-0.88	-1.29	-1.62	-0.82	-0.59	-1.81	1.55	0.59	-0.19	1.62	0.54	-1.30	0.71
P8	-0.31	-0.48	1.79	-0.03	-0.07	0.99	-0.05	0.01	0.88	-0.05	-1.67	0.09	0.11	0.27	0.08	-0.44	-0.09	0.16
E3	0.87	-0.49	-0.83	-0.03	-0.07	-1.06	-0.05	0.01	-1.40	-0.05	0.64	0.09	0.11	-1.07	0.08	0.44	-0.09	0.16
E2	0.89	-0.52	-0.81	-0.03	-0.07	-1.05	-0.05	0.01	-1.39	-0.05	0.64	0.09	0.11	-1.08	0.08	0.44	-0.09	0.16
P2	-0.57	-1.52	1.04	-1.81	5.00	0.65	-0.11	-2.86	-0.67	5.00	-0.93	-4.17	-2.43	2.46	-5.00	-0.42	5.00	-5.00
P3	-0.46	-1.44	1.56	-0.03	-0.07	0.98	-0.05	0.01	-0.85	-0.05	-1.81	0.09	0.11	0.04	0.08	-0.27	-0.09	0.16
P1	-0.83	-1.31	1.18	-0.03	-0.07	1.16	-0.05	0.01	-1.43	-0.05	-1.95	0.09	0.11	-0.04	0.08	-0.41	-0.09	0.16
P6	-0.41	-0.48	0.30	-0.03	-0.07	1.02	-0.05	0.01	0.22	-0.05	0.57	0.09	0.11	0.96	0.08	-0.10	-0.09	0.16
P7	-0.48	-1.14	1.33	0.10	-0.07	1.00	0.12	0.44	-0.44	-0.14	-2.24	0.19	0.31	0.59	-0.14	0.14	-0.12	0.16
P4	-0.46	-1.31	1.38	-0.03	-0.07	1.02	-0.05	0.01	-0.69	-0.05	-1.67	0.09	0.11	0.23	0.08	-0.11	-0.09	0.16
P5	-0.52	-0.48	1.39	-0.03	-0.07	1.05	-0.05	0.01	0.25	-0.05	-1.64	0.09	0.11	0.21	0.08	-0.57	-0.09	0.16
H10	-0.36	-1.16	0.95	-0.97	0.99	1.40	0.66	-0.02	-0.76	-0.74	-1.96	0.09	0.37	0.61	0.61	-0.44	-0.05	0.24
H11	-0.08	-0.90	0.70	0.38	-5.00	1.36	0.39	0.18	-0.32	0.27	-1.74	0.14	0.51	1.74	-1.18	-0.90	-0.24	-0.04
H12	0.49	-2.67	2.47	-0.03	-0.07	1.30	-0.05	0.01	-1.54	-0.05	-3.54	0.09	0.11	-0.27	0.08	-0.67	-0.09	0.16
P9	-0.66	-0.79	1.55	-0.03	-0.07	0.96	-0.05	0.01	0.03	-0.05	-2.07	0.09	0.11	0.53	0.08	-0.27	-0.09	0.16
F12	2.62	-1.93	-1.02	-0.03	-0.07	-0.96	-0.05	0.01	-2.15	-0.05	0.64	0.09	0.11	-0.61	0.08	0.43	-0.09	0.16
F10	1.05	-0.82	-0.66	0.92	-0.07	-1.07	0.25	1.20	-1.33	-0.67	0.75	0.09	-0.32	-0.84	0.08	0.60	-0.05	-0.40
F11	1.51	-1.26	-0.34	-0.03	-0.07	-1.04	-0.05	0.01	-1.52	-0.05	0.63	0.09	0.11	-1.28	0.08	0.56	-0.09	0.16
N12	-0.44	-0.34	0.90	-0.03	-0.07	0.97	-0.05	0.01	1.02	-0.05	0.58	0.09	0.11	0.87	0.08	-0.01	-0.09	0.16
H8	-0.67	-0.46	1.30	-0.03	-0.07	0.97	-0.05	0.01	1.16	-0.05	0.59	0.09	0.11	0.90	0.08	-0.04	-0.09	0.16
H9	-0.60	-0.64	1.20	-0.03	-0.07	0.96	-0.05	0.01	0.85	-0.05	0.59	0.09	0.11	0.91	0.08	-0.04	-0.09	0.16
H6	-0.45	-0.65	1.19	-0.03	-0.07	0.93	-0.05	0.01	0.98	-0.05	0.58	0.09	0.11	1.00	0.08	-0.01	-0.09	0.16
H7	0.43	0.44	-0.65	-0.03	-0.07	1.02	-0.05	0.01	1.10	-0.05	0.59	0.09	0.11	1.33	0.08	-0.15	-0.09	0.16
H4	-1.93	0.65	-0.74	0.12	-0.96	1.06	-0.52	1.15	-0.59	-1.40	0.51	-0.39	0.50	0.40	-0.06	0.12	0.19	0.16
H5	-1.04	0.27	-0.48	-0.03	-0.07	0.98	-0.05	0.01	-0.08	-0.05	0.56	0.09	0.11	1.15	0.08	-0.39	-0.09	0.16
D10	-0.04	-0.18	-0.80	-0.03	-0.07	-1.00	-0.05	0.01	-1.41	-0.05	0.63	0.09	0.11	-0.99	0.08	0.72	-0.09	0.16
D11	0.46	0.44	-1.74	0.06	-0.25	-1.03	1.46	-0.37	-1.03	0.03	0.79	0.04	0.15	-0.68	-0.23	0.93	0.07	0.26
D12	0.86	-0.21	-1.18	-0.03	-0.07	-1.08	-0.05	0.01	-1.14	-0.05	0.68	0.09	0.11	-1.16	0.08	1.37	-0.09	0.16
B12	1.78	-0.28	0.27	-0.03	-0.07	-1.06	-0.05	0.01	0.03	-0.05	-1.24	0.09	0.11	-2.03	0.08	1.32	-0.09	0.16
B10	1.56	-0.53	0.03	-0.03	-0.07	-1.03	-0.05	0.01	-0.36	-0.05	-1.31	0.09	0.11	-2.15	0.08	2.57	-0.09	0.16
B11	0.47	-0.59	-0.05	-0.03	-0.07	-1.06	-0.05	0.01	-1.03	-0.05	-1.13	0.09	0.11	-0.86	0.08	1.30	-0.09	0.16
Q8	-0.92	-0.70	1.27	-0.03	-0.07	0.13	-0.05	0.01	-1.36	-0.05	-2.13	0.09	0.11	-1.19	0.08	-0.36	-0.09	0.16
Q9	-0.10	-0.28	0.19	-0.03	-0.07	1.03	-0.05	0.01	0.61	-0.05	0.56	0.09	0.11	1.07	0.08	-0.10	-0.09	0.16
C9	-0.44	0.99	-1.24	-0.03	-0.07	0.97	-0.05	0.01	0.04	-0.05	0.67	0.09	0.11	-0.43	0.08	0.50	-0.09	0.16
C8	0.64	-0.27	-1.13	-0.11	0.99	0.88	1.60	0.54	-0.44	1.30	0.75	-1.22	3.92	0.41	-0.18	0.18	-1.17	0.26
Q11	-0.44	-1.06	0.42	-0.03	-0.07	0.96	-0.05	0.01	-0.74	-0.05	0.59	0.09	0.11	0.83	0.08	-0.77	-0.09	0.16
Q10	-0.55	-1.51	1.05	-1.88	5.00	0.62	-0.72	-3.22	-0.65	5.00	-0.94	-4.65	-2.29	2.40	-5.00	-0.44	5.00	-5.00
Q12	3.00	-1.66	1.20	-0.03	-0.07	0.83	-0.05	0.01	1.22	-0.05	-1.92	0.09	0.11	0.61	0.08	0.61	-0.09	0.16
C3	1.65	-0.05	-0.22	-0.03	-0.07	-1.05	-0.05	0.01	-0.13	-0.05	-1.02	0.09	0.11	-1.99	0.08	1.54	-0.09	0.16
C2	1.52	-0.10	-0.23	-0.13	-0.96	-0.99	-1.83	0.03	-0.34	0.05	-1.26	-0.29	0.12	-2.11	1.10	1.55	-0.40	0.15
C1	1.27	-0.35	-0.12	-0.03	-0.07	-1.05	-0.05	0.01	-0.53	-0.05	-1.39	0.09	0.11	-2.18	0.08	2.58	-0.09	0.16
C7	-0.63	1.46	-0.37	-0.03	-0.07	-0.94	-0.05	0.01	1.08	-0.05	-1.20	0.09	0.11	0.19	0.08	1.12	-0.09	0.16
C6	-0.60	1.20	-0.56	-0.03	-0.07	-0.90	-0.05	0.01	0.57	-0.05	-1.11	0.09	0.11	0.12	0.08	1.20	-0.09	0.16
C5	-0.47	0.62	-1.13	-0.03	-0.07	0.92	-0.05	0.01	-0.41	-0.05	0.70	0.09	0.11	-0.50	0.08	0.43	-0.09	0.16
C4	-0.01	1.04	-0.95	-0.22	0.10	-1.03	1.60	-0.88	-0.02	0.85	-1.80	-1.36	0.03	-0.25	0.08	1.44	-0.12	-0.15
N10	0.21	0.26	0.07	-0.03	-0.07	1.03	-0.05	0.01	1.57	-0.05	0.58	0.09	0.11	1.08	0.08	0.35	-0.09	0.16
N8	0.12	-0.15	-0.37	-0.03	-0.07	-1.07	-0.05	0.01	-0.60	-0.05	0.60	0.09	0.11	0.29	0.08	-0.46	-0.09	0.16
N9	0.20	-0.17	-0.31	-0.03	-0.07	-1.08	-0.05	0.01	-0.43	-0.05	0.62	0.09	0.11	0.44	0.08	-0.42	-0.09	0.16
N11	0.69	-0.89	-0.58	-0.03	-0.07	0.99	-0.05	0.01	-1.48	-0.05	-1.98	0.09	0.11	0.28	0.08	0.29	-0.09	0.16
G12	0.12	-0.05	-0.72	-0.03	-0.07	-1.01	-0.05	0.01	-1.04	-0.05	0.61	0.09	0.11	-0.93	0.08	0.69	-0.09	0.16
G11	0.99	-0.03	-0.23	-0.03	-0.07	-0.89	-0.05	0.01	-0.02	-0.05	-0.16	0.09	0.11	-1.03	0.08	0.95	-0.09	0.16
G10	0.96	1.69	-0.95	2.75	-1.13	-0.69	-0.22	-0.37	0.76	-1.32	-2.06	1.06	-2.29	-0.98	2.19	0.49	-2.29	-0.77
F1	1.16	0.29	-1.37	-0.03	-0.07	-1.06	-0.05	0.01	-0.53	-0.05	0.73	0.09	0.11	-1.16	0.08	1.15	-0.09	0.16
F2	0.97	-0.23	-0.90	-0.03	0.10	-0.90	1.36	-1.67	-0.67	-0.42	0.62	0.14	0.13	-0.69	0.45	0.81	0.14	-0.11
F3	0.92	0.20	-0.94	-0.03	-0.07	-1.03	-0.05	0.01	-0.22	-0.05	-0.88	0.09	0.11	-0.17	0.08	1.44	-0.09	0.16
F4	1.41	-0.51	0.06	-0.03	-0.07	-1.05	-0.05	0.01	-0.12	-0.05	-1.46	0.09	0.11	-1.35	0.08	2.44	-0.09	0.16
F5	-0.08	-0.10	-1.14	-0.03	-0.07	0.89	-0.05	0.01	-1.13	-0.05	0.69	0.09	0.11	-0.32	0.08	0.26	-0.09	0.16
F6	0.71	-0.35	-0.79	-0.03	-0.07	0.86	-0.05	0.01	-0.55	-0.05	0.53	0.09	0.11	-0.26	0.08	0.34	-0.09	0.16
F7	1.19	-0.32	-0.89	-0.03	-0.07	-0.93	-0.05	0.01	-0.81	-0.05	0.61	0.09	0.11	-0.89	0.08	0.81	-0.09	0.16
F8	1.14	-0.20	-0.97	-0.03	-0.07	-1.02	-0.05	0.01	-0.82	-0.05	0.61	0.09	0.11	-0.84	0.08	0.60	-0.09	0.16
F9	1.52	-0.46	-0.24	-0.03	-0.07	-1.07	-0.05	0.01	-0.77	-0.05	-1.35	0.09	0.11	-1.96	0.08	1.87	-0.09	0.16
Q1	-1.39	0.02	0.66	3.75	-0.25	0.99	-2.90	-0.27	0.70	-0.27	0.74	1.59	0.94	1.86	-1.97	-0.70	-0.23	-0.61
Q3	-0.08	-0.61	0.63	-0.03	-0.07	1.00	-0.05	0.01	0.57	-0.05	0.56	0.09	0.11	0.88	0.08	-0.11	-0.09	0.16
Q2	-0.10	-0.36	0.39	-0.03	-0.07	1.01	-0.05	0.01	0.77	-0.05	0.56	0.09	0.11	1.06	0.08	0.04	-0.09	0.16
Q5	-0.65	-1.49	1.04	-1.75	5.00	0.61	-0.92	-2.58	-0.67	5.00	-0.95	-4.17	-2.37	2.44	-5.00	-0.46	5.00	-5.00
Q4	-0.45	-0.21	-0.27	-0.03	-0.07	0.98	-0.05	0.01	-0.13	-0.05	0.55	0.09	0.11	1.19	0.08	-0.51	-0.09	0.16
Q7	1.87	-2.20	0.72	-0.03	-0.07	1.04	-0.05	0.01	0.11	-0.05	0.61	0.09	0.11	0.76	0.08	0.86	-0.09	0.16
Q6	0.76	-2.09	0.02	-0.03	-0.07	1.01	-0.05	0.01	-1.29	-0.05	0.77	0.09	0.11	0.85	0.08	0.54	-0.09	0.16
E11	0.03	0.36	-0.75	-0.03	-0.07	-0.91	-0.05	0.01	-0.62	-0.05	0.83	0.09	0.11	-1.23	0.08	0.72	-0.09	0.16
E10	1.80	-0.09	-0.04	-0.03	-0.07	-1.05	-0.05	0.01	0.02	-0.05	-1.14	0.09	0.11	-2.06	0.08	1.47	-0.09	0.16
E12	0.13	0.19	-0.07	-0.03	-0.07	-0.91	-0.05	0.01	-0.06	-0.05	0.82	0.09	0.11	-1.25	0.08	0.65	-0.09	0.16
C12	1.27	0.64	-1.08	-0.02	0.10	-1.01	0.93	0.21	0.40	0.27	0.60	0.09	-0.05	-0.83	0.10	0.96	-0.26	0.42
C11	1.10	-0.23	-1.06	-0.03	-0.07	-1.05	-0.05	0.01	-0.57	-0.05	0.66	0.09	0.11	-0.57	0.08	1.51	-0.09	0.16
C10	0.56	0.17	-0.85	-0.03	-0.07	0.85	-0.05	0.01	0.01	-0.05	0.53	0.09	0.11	-0.27	0.08	0.45	-0.09	0.16
A11	-1.10	-0.49	1.09	-0.03	-0.07	1.00	-0.05	0.01	-0.33	-0.05	-1.92	0.09	0.11	0.58	0.08	-0.38	-0.09	0.16
A10	0.76	-2.41	-0.44	-0.03	-0.07	1.17	-0.05	0.01	-3.08	-0.05	0.75	0.09	0.11	0.40	0.08	-1.54	-0.09	0.16
A12	-0.04	0.19	-0.24	-0.03	-0.07	1.03	-0.05	0.01	0.69	-0.05	0.57	0.09	0.11	0.86	0.08	-0.18	-0.09	0.16
A1	0.05	-0.76	1.94	-0.03	-0.07	3.29	-0.05	0.01	4.10	-0.05	1.45	0.09	0.11	3.83	0.08	0.19	-0.09	0.16
A3	-0.92	-0.25	0.02	-0.03	-0.07	0.94	-0.05	0.01	-0.38	-0.05	0.57	0.09	0.11	0.84	0.08	-0.65	-0.09	0.16
A2	-0.33	-0.17	0.56	-0.10	-0.25	1.02	0.36	-0.05	0.97	-0.25	0.54	0.09	0.04	1.06	0.35	-0.26	-0.23	0.20
A5	-0.12	-1.15	0.50	-0.03	-0.07	0.96	-0.05	0.01	-0.59	-0.05	0.58	0.09	0.11	0.88	0.08	-0.92	-0.09	0.16
A4	-0.26	-0.40	1.23	-0.03	-0.07	1.01	-0.05	0.01	0.15	-0.05	-1.47	0.09	0.11	-0.14	0.08	-0.81	-0.09	0.16
A7	0.06	-1.19	0.81	-0.08	-0.43	1.18	-0.15	0.01	-0.04	-0.05	0.47	0.53	1.22	0.74	1.05	-0.93	-0.25	0.21
A6	-0.45	0.23	-0.08	-0.03	-0.07	1.02	-0.05	0.01	0.96	-0.05	0.55	0.09	0.11	1.38	0.08	0.02	-0.09	0.16
A9	0.76	-1.54	3.22	-0.03	-0.07	0.97	-0.05	0.01	1.61	-0.05	-2.21	0.09	0.11	0.38	0.08	-0.55	-0.09	0.16
A8	-0.93	0.01	0.56	-0.02	-0.07	1.02	0.02	-0.10	-0.18	-0.05	-2.09	0.19	0.12	0.59	0.10	-0.45	0.01	0.12
D8	-0.24	-0.01	-0.28	-0.03	-0.07	0.88	-0.05	0.01	-0.16	-0.05	0.66	0.09	0.11	-0.53	0.08	0.58	-0.09	0.16
D9	0.79	-0.21	-0.99	-0.07	-0.78	0.82	-0.35	-0.30	-0.49	-0.20	0.58	0.04	0.00	-0.33	0.39	0.51	-0.15	-0.07
D6	1.43	-0.01	-0.95	-0.03	-0.07	-0.96	-0.05	0.01	-0.32	-0.05	0.62	0.09	0.11	-1.01	0.08	0.92	-0.09	0.16
D7	0.15	0.30	-0.73	-0.03	-0.07	-0.61	-0.05	0.01	-0.62	-0.05	0.78	0.09	0.11	-1.36	0.08	0.67	-0.09	0.16
D4	1.69	-0.29	-0.15	-0.03	-0.07	-1.05	-0.05	0.01	-0.42	-0.05	-1.28	0.09	0.11	-2.07	0.08	1.67	-0.09	0.16
D5	0.99	-0.53	-0.22	-0.03	-0.07	-1.04	-0.05	0.01	-0.81	-0.05	-1.46	0.09	0.11	-1.26	0.08	2.09	-0.09	0.16
D2	1.30	0.50	-1.16	-0.11	0.28	-0.69	1.70	0.08	-0.14	-0.40	0.44	-0.39	-4.08	-0.97	1.02	0.54	0.06	-0.07
D3	-0.62	0.52	-0.71	-5.00	0.63	-0.67	-1.66	5.00	-1.21	0.97	-1.51	0.87	5.00	-1.15	-4.82	2.97	-0.49	-4.65
D1	-0.20	0.78	-0.55	-0.03	-0.07	0.94	-0.05	0.01	0.66	-0.05	0.56	0.09	0.11	-0.48	0.08	0.64	-0.09	0.16
K12	-0.81	0.79	1.58	-0.03	-0.07	0.79	-0.05	0.01	1.56	-0.05	-0.45	0.09	0.11	-0.44	0.08	-1.73	-0.09	0.16
K11	-1.74	1.82	0.74	-0.03	-0.07	0.92	-0.05	0.01	2.36	-0.05	0.92	0.09	0.11	0.07	0.08	-0.73	-0.09	0.16
K10	0.20	-1.08	1.02	-0.03	-0.07	-0.55	-0.05	0.01	-0.64	-0.05	1.03	0.09	0.11	-0.67	0.08	-0.96	-0.09	0.16
M3	-0.99	-0.22	0.53	-0.03	-0.07	1.03	-0.05	0.01	0.07	-0.05	0.69	0.09	0.11	0.19	0.08	-0.23	-0.09	0.16
M2	-0.14	0.01	0.42	-0.03	-0.07	0.79	-0.05	0.01	-0.13	-0.05	-0.64	0.09	0.11	-0.01	0.08	-1.54	-0.09	0.16
L10	-0.21	-0.22	1.30	-0.03	-0.07	-0.40	-0.05	0.01	0.60	-0.05	0.96	0.09	0.11	-0.52	0.08	-1.09	-0.09	0.16
L11	-0.45	0.81	-0.04	-0.03	-0.07	-1.10	-0.05	0.01	0.17	-0.05	0.76	0.09	0.11	-0.72	0.08	-0.67	-0.09	0.16
L12	0.17	-1.03	-0.31	-0.03	-0.07	-0.92	-0.05	0.01	-1.74	-0.05	0.87	0.09	0.11	0.62	0.08	-1.39	-0.09	0.16
K3	-2.35	2.72	-0.81	-0.03	-0.07	0.97	-0.05	0.01	1.82	-0.05	0.65	0.09	0.11	0.55	0.08	-0.10	-0.09	0.16
K2	-2.15	1.92	-1.04	-0.02	-0.60	0.96	0.56	-1.29	0.62	-0.10	0.56	-0.15	0.40	0.47	-0.31	-0.04	0.55	0.39
K1	0.05	-0.38	-0.57	-0.03	-0.07	-1.07	-0.05	0.01	-0.97	-0.05	0.62	0.09	0.11	0.87	0.08	-0.64	-0.09	0.16
M6	1.63	-0.46	-0.03	1.16	-0.60	-0.58	4.05	0.13	-0.30	0.29	-0.85	-0.10	-2.89	-0.23	-1.74	0.19	-0.02	-0.12
K7	0.12	0.01	1.72	-0.03	-0.07	-1.05	-0.05	0.01	0.66	-0.05	-0.06	0.09	0.11	-1.20	0.08	-1.65	-0.09	0.16
K6	0.09	0.02	1.91	-0.03	-0.07	-1.04	-0.05	0.01	0.94	-0.05	-0.16	0.09	0.11	-1.11	0.08	-1.46	-0.09	0.16
K5	-0.49	1.75	-0.58	0.10	0.46	-0.10	2.37	-0.50	2.10	-0.20	0.54	0.29	-0.16	1.61	0.04	-0.51	-0.04	-0.13
K4	-0.22	0.22	-0.85	-0.03	-0.07	-1.00	-0.05	0.01	-0.74	-0.05	0.82	0.09	0.11	0.49	0.08	-0.60	-0.09	0.16
K9	-0.02	0.17	-0.04	-0.03	-0.07	0.82	-0.05	0.01	0.83	-0.05	0.57	0.09	0.11	1.53	0.08	-1.19	-0.09	0.16
K8	-0.02	0.54	-1.09	2.26	-0.25	-0.99	0.79	0.79	-0.22	-0.76	0.59	0.09	0.22	0.91	0.42	-0.76	-0.14	0.02
M9	-1.97	1.37	-0.82	-0.03	-0.07	1.02	-0.05	0.01	0.19	-0.05	0.65	0.09	0.11	0.52	0.08	-0.29	-0.09	0.16
M8	-1.14	2.11	-0.03	-0.03	-0.07	0.81	-0.05	0.01	1.61	-0.05	-0.61	0.09	0.11	0.05	0.08	-1.44	-0.09	0.16
I9	-1.46	2.14	0.66	-0.03	-0.07	-0.71	-0.05	0.01	2.32	-0.05	0.96	0.09	0.11	-0.54	0.08	-0.64	-0.09	0.16
I8	-0.31	0.52	0.01	-0.03	-0.07	-1.13	-0.05	0.01	-0.07	-0.05	0.67	0.09	0.11	-0.77	0.08	-0.49	-0.09	0.16
I1	-1.93	2.09	-1.15	-0.03	-0.07	-0.11	-0.05	0.01	0.36	-0.05	0.90	0.09	0.11	0.29	0.08	-0.83	-0.09	0.16
I3	-0.03	-1.18	1.21	-0.03	-0.07	-0.75	-0.05	0.01	-0.55	-0.05	0.76	0.09	0.11	-0.21	0.08	-0.77	-0.09	0.16
I2	-2.35	2.67	-0.70	-0.03	-0.07	0.98	-0.05	0.01	1.89	-0.05	0.64	0.09	0.11	0.58	0.08	-0.12	-0.09	0.16
I5	-0.69	0.08	1.60	-0.03	-0.07	0.85	-0.05	0.01	0.88	-0.05	-0.46	0.09	0.11	-0.28	0.08	-1.47	-0.09	0.16
I4	-1.29	0.66	0.94	-0.15	0.28	0.87	0.12	0.03	1.37	0.05	0.87	-0.20	-0.07	0.09	-0.16	-0.50	-0.01	0.55
I7	-0.27	-0.99	0.03	-0.03	-0.07	-1.12	-0.05	0.01	-1.71	-0.05	0.67	0.09	0.11	0.63	0.08	-1.47	-0.09	0.16
I6	0.70	-0.59	1.42	0.62	-0.43	-1.05	-1.32	-0.48	1.19	0.08	0.73	-0.05	0.30	0.49	-0.37	-0.78	0.21	0.18
J12	0.18	-0.68	1.23	0.84	0.99	-0.91	-1.05	2.59	-0.59	-0.27	-0.14	-0.05	-1.40	-0.57	-1.49	-1.16	-0.07	-0.61
J10	-0.04	0.30	0.80	-0.03	-0.07	-0.95	-0.05	0.01	1.20	-0.05	0.78	0.09	0.11	0.47	0.08	-0.93	-0.09	0.16
J11	0.59	0.05	0.55	0.38	3.99	-0.43	-5.00	0.31	0.45	-1.72	1.10	1.74	0.04	0.02	1.15	-2.22	-1.88	1.06
I11	-2.25	1.66	1.09	-1.04	-0.96	-1.03	4.15	-2.86	1.74	-0.89	0.89	-5.00	-0.52	0.62	-3.90	-0.39	1.94	1.47
I10	0.44	-1.04	0.75	-0.03	-0.07	-1.08	-0.05	0.01	-0.21	-0.05	0.66	0.09	0.11	0.87	0.08	-0.89	-0.09	0.16
I12	0.58	-0.32	0.40	-0.03	-0.07	-1.10	-0.05	0.01	0.55	-0.05	0.72	0.09	0.11	0.12	0.08	0.37	-0.09	0.16
L6	-0.87	0.31	-0.36	-0.03	-0.07	-1.11	-0.05	0.01	-0.73	-0.05	0.69	0.09	0.11	0.73	0.08	-1.40	-0.09	0.16
L7	-0.98	-1.05	1.47	-0.33	0.28	-0.76	-0.92	0.84	-0.65	0.18	0.35	-0.10	-3.00	-0.23	-0.50	0.30	0.45	0.86
L4	-0.33	1.54	-0.89	-0.03	-0.07	0.99	-0.05	0.01	1.78	-0.05	0.55	0.09	0.11	1.68	0.08	-0.70	-0.09	0.16
L5	0.21	1.00	-0.86	0.26	-1.31	-0.82	0.93	-1.01	0.60	-0.16	0.40	-0.54	-3.29	1.06	1.01	-0.73	-0.31	-0.18
L2	-0.89	-0.30	-0.28	-0.03	-0.07	1.05	-0.05	0.01	-0.95	-0.05	0.70	0.09	0.11	0.39	0.08	-0.78	-0.09	0.16
L3	-1.60	1.95	-1.31	-0.03	-0.07	-0.62	-0.05	0.01	0.70	-0.05	0.63	0.09	0.11	0.75	0.08	0.55	-0.09	0.16
L1	-0.52	-0.40	0.66	-0.03	-0.07	0.81	-0.05	0.01	-0.83	-0.05	-0.56	0.09	0.11	-0.21	0.08	-1.84	-0.09	0.16
N1	0.41	-0.03	0.86	-0.03	-0.07	-1.02	-0.05	0.01	1.01	-0.05	0.64	0.09	0.11	0.31	0.08	-0.85	-0.09	0.16
N2	-1.45	0.87	0.82	-0.31	-1.49	0.90	1.06	-1.11	1.32	0.18	0.86	-0.25	-0.23	-0.01	0.70	-0.86	-0.11	0.13
N3	0.17	-0.20	1.74	-0.03	-0.07	0.72	-0.05	0.01	1.03	-0.05	-0.50	0.09	0.11	-0.44	0.08	-1.73	-0.09	0.16
N4	0.61	-0.54	-0.49	-0.03	-0.07	0.72	-0.05	0.01	-0.21	-0.05	0.53	0.09	0.11	1.28	0.08	-0.72	-0.09	0.16
L8	-0.70	2.37	-1.60	-0.03	-0.07	-1.02	-0.05	0.01	1.02	-0.05	0.61	0.09	0.11	0.81	0.08	-0.81	-0.09	0.16
L9	-1.05	1.96	-1.00	-0.03	-0.07	0.83	-0.05	0.01	1.65	-0.05	0.57	0.09	0.11	1.66	0.08	-0.90	-0.09	0.16
M5	-1.12	2.11	0.03	-0.03	-0.07	0.79	-0.05	0.01	1.70	-0.05	-0.63	0.09	0.11	0.07	0.08	-1.42	-0.09	0.16
J8	-0.18	-1.20	2.11	-0.03	-0.07	0.78	-0.05	0.01	-0.35	-0.05	-0.39	0.09	0.11	-0.70	0.08	-2.13	-0.09	0.16
J9	-0.38	0.82	0.16	-0.03	-0.07	-1.11	-0.05	0.01	0.46	-0.05	0.75	0.09	0.11	-0.72	0.08	-0.62	-0.09	0.16
M7	0.26	-0.76	1.90	-0.03	-0.07	0.85	-0.05	0.01	0.60	-0.05	-0.45	0.09	0.11	-0.38	0.08	-1.66	-0.09	0.16
M4	-1.01	0.82	0.18	-0.03	-0.07	0.88	-0.05	0.01	0.34	-0.05	-0.59	0.09	0.11	0.18	0.08	-1.26	-0.09	0.16
J4	-1.76	0.70	-0.23	-0.03	-0.43	-1.80	-2.87	1.81	-0.90	-1.27	0.91	2.03	-0.19	-0.52	0.04	-0.12	0.10	0.06
J5	-0.36	-1.31	1.13	-0.02	-0.07	-1.15	0.09	-0.12	-2.29	-0.12	-0.23	0.33	0.04	-1.26	0.28	-2.06	-0.08	-0.12
J6	-0.87	1.31	1.62	-0.03	-0.07	0.76	-0.05	0.01	2.28	-0.05	-0.48	0.09	0.11	-0.42	0.08	-1.68	-0.09	0.16
J7	-0.25	-0.25	2.02	-0.03	-0.07	0.72	-0.05	0.01	0.91	-0.05	-0.56	0.09	0.11	-0.62	0.08	-1.66	-0.09	0.16
J1	-0.79	0.28	-0.35	-0.06	0.28	-0.37	0.29	0.01	-0.50	0.70	0.47	-0.97	-3.65	0.04	0.02	0.59	-0.17	-0.09
J2	-1.35	1.85	-0.95	-0.11	-0.25	-0.77	-0.32	0.31	1.03	-0.35	0.83	0.24	0.03	0.52	0.19	0.48	-0.11	0.49
J3	1.04	0.06	-0.81	5.00	0.63	-2.54	5.00	1.50	0.45	-1.34	0.62	-1.07	1.06	-0.09	2.55	1.38	-1.75	-0.74
M11	-1.38	2.40	-2.53	0.64	2.05	1.30	0.99	-1.59	0.77	-0.57	0.60	-5.00	0.51	1.88	1.95	-0.60	-1.03	0.83
M10	-0.84	0.54	-0.54	-0.03	-0.07	-0.40	-0.05	0.01	-0.38	-0.05	0.85	0.09	0.11	-0.09	0.08	-0.20	-0.09	0.16
M12	-1.06	1.53	0.09	-0.03	-0.07	0.83	-0.05	0.01	1.00	-0.05	-0.59	0.09	0.11	0.05	0.08	-1.51	-0.09	0.16
M1	0.39	0.21	-0.70	-0.03	-0.07	-1.08	-0.05	0.01	0.08	-0.05	0.65	0.09	0.11	0.76	0.08	0.03	-0.09	0.16
