G7	0.10	0.57	-0.58	-0.03	-0.14	0.80	0.05	-0.02	0.49	0.01	0.51	-0.01	0.17	0.27	-0.15	-0.39	-0.08	0.01
G6	-0.89	0.90	-0.14	-0.03	-0.14	-0.31	0.05	-0.02	0.72	0.01	0.68	-0.01	0.17	-0.12	-0.15	-0.14	-0.08	0.01
G5	-0.30	0.79	-0.51	-0.03	-0.14	-0.32	0.05	-0.02	0.41	0.01	0.63	-0.01	0.17	0.02	-0.15	-0.15	-0.08	0.01
G4	1.45	0.97	-0.76	-0.03	-0.14	-0.94	0.05	-0.02	0.42	0.01	-0.61	-0.01	0.17	-2.68	-0.15	2.55	-0.08	0.01
G3	1.89	-0.40	-1.08	-0.03	-0.14	0.83	0.05	-0.02	-0.10	0.01	0.37	-0.01	0.17	0.98	-0.15	0.41	-0.08	0.01
G2	1.59	-0.01	-0.82	1.04	-0.35	0.77	1.41	-0.45	0.44	1.49	0.39	0.13	0.14	0.58	-1.35	0.52	-0.41	-0.00
G1	-0.06	-0.07	-0.13	-0.03	-0.14	-0.68	0.05	-0.02	-0.47	0.01	0.67	-0.01	0.17	-0.37	-0.15	-0.08	-0.08	0.01
G9	0.14	0.33	-0.72	-0.03	-0.14	0.81	0.05	-0.02	-0.03	0.01	0.52	-0.01	0.17	0.33	-0.15	-0.39	-0.08	0.01
G8	-0.09	0.65	-0.52	-0.03	-0.14	0.83	0.05	-0.02	0.64	0.01	0.51	-0.01	0.17	0.45	-0.15	-0.50	-0.08	0.01
N6	-0.25	-0.57	0.95	-0.03	-0.14	1.11	0.05	-0.02	0.63	0.01	0.47	-0.01	0.17	1.05	-0.15	-1.79	-0.08	0.01
N7	-0.43	-0.36	0.98	-0.03	-0.14	1.17	0.05	-0.02	1.13	0.01	0.49	-0.01	0.17	1.42	-0.15	-1.70	-0.08	0.01
B4	-0.61	-0.21	0.70	1.37	2.18	1.26	-5.00	4.37	1.39	-4.78	0.31	1.02	2.35	0.84	-3.85	-1.29	2.45	3.96
B5	-0.17	-0.77	0.20	-0.03	-0.14	1.21	0.05	-0.02	-0.22	0.01	0.53	-0.01	0.17	1.10	-0.15	-0.58	-0.08	0.01
B6	1.84	0.60	-1.82	0.55	1.34	-1.15	-1.59	-0.85	0.01	3.44	1.16	0.50	0.35	0.09	0.47	3.08	-2.99	0.05
B7	-0.21	0.44	-1.08	2.12	0.71	-0.85	0.58	0.17	-0.96	0.43	0.44	-0.26	0.14	-0.77	1.89	0.85	-0.32	0.23
B1	-0.69	0.09	-1.12	-0.03	-0.14	-0.10	0.05	-0.02	-1.54	0.01	0.60	-0.01	0.17	0.33	-0.15	-0.04	-0.08	0.01
B2	2.78	0.61	-1.67	-0.72	0.07	-0.95	-0.18	-0.23	0.59	-0.12	0.44	-0.12	-0.04	-0.31	1.72	1.42	0.05	-0.06
B3	0.82	-1.46	1.48	-0.03	-0.14	1.21	0.05	-0.02	0.39	0.01	0.55	-0.01	0.17	0.53	-0.15	-1.93	-0.08	0.01
B8	0.02	-0.66	-0.45	-0.03	-0.14	0.78	0.05	-0.02	-1.49	0.01	0.53	-0.01	0.17	0.04	-0.15	-0.70	-0.08	0.01
B9	1.94	-0.36	-0.65	0.03	-0.14	-1.03	0.82	0.31	-0.31	-0.04	0.46	-0.17	0.17	-0.55	1.27	0.83	-0.22	-0.02
N5	-0.11	-1.14	0.54	-0.03	-0.14	0.86	0.05	-0.02	-0.12	0.01	0.45	-0.01	0.17	1.82	-0.15	-0.82	-0.08	0.01
P10	-0.21	-1.73	1.36	-0.03	-0.14	1.05	0.05	-0.02	-1.39	0.01	-0.94	-0.01	0.17	-0.81	-0.15	-0.07	-0.08	0.01
P11	0.08	-0.76	0.27	-0.03	-0.14	1.11	0.05	-0.02	-0.16	0.01	0.48	-0.01	0.17	1.36	-0.15	-1.43	-0.08	0.01
P12	0.00	-1.06	0.11	2.57	4.07	1.24	-0.03	-0.39	0.03	0.01	0.40	2.77	-2.48	1.39	4.55	0.02	0.99	-0.42
E9	-0.13	-0.02	-0.49	-0.03	-0.14	0.78	0.05	-0.02	-0.51	0.01	0.53	-0.01	0.17	0.13	-0.15	-0.40	-0.08	0.01
E8	0.03	0.43	-0.31	-0.52	-0.14	-0.81	-0.66	0.96	-0.11	-1.27	0.41	-0.14	-2.92	-0.40	1.72	0.12	-0.05	0.01
E5	-0.07	0.08	-0.08	-0.03	-0.14	-0.72	0.05	-0.02	-0.17	0.01	0.67	-0.01	0.17	-0.37	-0.15	-0.04	-0.08	0.01
E4	-0.53	0.35	-0.50	-0.03	-0.14	0.80	0.05	-0.02	-0.16	0.01	0.53	-0.01	0.17	0.27	-0.15	-0.57	-0.08	0.01
E7	0.24	-0.05	-0.84	-0.03	-0.14	0.67	0.05	-0.02	-0.59	0.01	0.41	-0.01	0.17	0.35	-0.15	0.18	-0.08	0.01
E6	0.68	0.23	-1.18	-0.00	0.07	-1.02	0.27	-0.32	-0.72	-0.08	0.38	-0.37	0.27	-0.19	0.88	1.08	-0.21	0.01
E1	-0.42	-0.15	-0.55	-0.03	-0.14	0.76	0.05	-0.02	-0.92	0.01	0.53	-0.01	0.17	0.34	-0.15	-0.56	-0.08	0.01
P8	-0.24	-1.18	1.99	-0.03	-0.14	1.66	0.05	-0.02	-0.55	0.01	-3.41	-0.01	0.17	-1.19	-0.15	0.05	-0.08	0.01
E3	-0.18	-0.60	-0.41	-0.03	-0.14	0.79	0.05	-0.02	-1.55	0.01	0.55	-0.01	0.17	-0.09	-0.15	-0.80	-0.08	0.01
E2	-0.47	1.63	-0.98	-0.03	-0.14	-0.90	0.05	-0.02	0.01	0.01	-0.42	-0.01	0.17	-2.57	-0.15	2.23	-0.08	0.01
P2	0.42	-2.05	2.63	-5.00	0.71	0.71	-4.40	-1.18	-0.26	-2.45	-2.19	-2.67	-5.00	-1.22	-0.62	-0.77	5.00	-5.00
P3	0.90	-1.27	1.37	-0.03	-0.14	0.68	0.05	-0.02	0.02	0.01	-3.19	-0.01	0.17	0.61	-0.15	0.68	-0.08	0.01
P1	0.94	-1.04	0.71	-0.03	-0.14	1.29	0.05	-0.02	-0.05	0.01	-1.61	-0.01	0.17	0.29	-0.15	0.38	-0.08	0.01
P6	0.06	-0.83	0.52	-0.03	-0.14	1.12	0.05	-0.02	0.01	0.01	0.49	-0.01	0.17	1.58	-0.15	-1.93	-0.08	0.01
P7	0.41	-1.79	1.40	-0.03	-0.14	1.73	0.05	-0.02	-1.64	0.01	-3.35	-0.01	0.17	-0.98	-0.15	0.49	-0.08	0.01
P4	1.39	-1.31	1.46	-0.03	-0.14	0.81	0.05	-0.02	0.20	0.01	-3.20	-0.01	0.17	0.21	-0.15	0.61	-0.08	0.01
P5	0.80	-0.80	1.06	-0.03	-0.14	1.09	0.05	-0.02	1.13	0.01	-1.42	-0.01	0.17	0.30	-0.15	1.52	-0.08	0.01
H10	0.35	-2.26	1.58	-0.03	-0.14	1.47	0.05	-0.02	-2.00	0.01	-2.88	-0.01	0.17	-0.45	-0.15	-0.10	-0.08	0.01
H11	0.52	-2.37	1.73	-0.03	-0.14	1.49	0.05	-0.02	-1.77	0.01	-2.77	-0.01	0.17	-0.49	-0.15	0.08	-0.08	0.01
H12	0.51	-2.28	1.92	-0.03	-0.14	1.43	0.05	-0.02	-1.62	0.01	-2.91	-0.01	0.17	-0.62	-0.15	-0.26	-0.08	0.01
P9	-0.23	-1.18	1.58	-0.03	-0.14	0.95	0.05	-0.02	-0.01	0.01	-1.27	-0.01	0.17	-0.39	-0.15	0.42	-0.08	0.01
F12	3.71	-2.02	-0.57	-0.91	-1.61	0.28	5.00	3.36	-1.86	5.00	1.25	3.09	-3.17	0.47	4.70	-0.37	-5.00	5.00
F10	1.52	0.17	-1.09	-0.03	-0.14	0.74	0.05	-0.02	0.39	0.01	0.37	-0.01	0.17	0.53	-0.15	0.60	-0.08	0.01
F11	1.69	-1.50	-0.70	-0.03	-0.14	0.79	0.05	-0.02	-1.87	0.01	0.51	-0.01	0.17	0.70	-0.15	-0.79	-0.08	0.01
N12	0.24	-0.02	0.51	-0.00	-0.14	1.14	0.33	-0.12	1.37	-0.21	0.49	0.02	0.19	1.53	-0.80	-1.80	-0.05	0.11
H8	0.04	-0.09	0.71	-0.03	-0.14	1.21	0.05	-0.02	1.49	0.01	0.50	-0.01	0.17	1.45	-0.15	-1.63	-0.08	0.01
H9	-0.88	-0.40	0.78	-0.03	-0.14	1.65	0.05	-0.02	-0.46	0.01	-1.83	-0.01	0.17	0.29	-0.15	-0.85	-0.08	0.01
H6	-0.59	-0.59	0.90	-0.03	-0.14	1.62	0.05	-0.02	-0.19	0.01	-1.84	-0.01	0.17	0.05	-0.15	0.20	-0.08	0.01
H7	-0.74	-0.36	0.93	-0.03	-0.14	1.59	0.05	-0.02	-0.15	0.01	-1.84	-0.01	0.17	0.21	-0.15	-0.86	-0.08	0.01
H4	-0.86	0.87	-1.12	-0.03	-0.14	0.88	0.05	-0.02	0.27	0.01	0.47	-0.01	0.17	1.17	-0.15	0.24	-0.08	0.01
H5	-0.54	-0.51	0.64	-0.03	-0.14	1.20	0.05	-0.02	0.63	0.01	0.58	-0.01	0.17	0.90	-0.15	-0.21	-0.08	0.01
D10	0.09	-0.17	-0.20	-0.33	-0.35	-0.77	-0.15	-0.04	-0.62	0.13	0.64	-0.07	0.13	-0.33	0.27	0.01	-0.16	0.10
D11	-0.16	-0.02	-0.60	-0.03	-0.14	-0.56	0.05	-0.02	-1.14	0.01	0.67	-0.01	0.17	-0.39	-0.15	-0.23	-0.08	0.01
D12	0.50	0.08	-1.07	-0.03	-0.14	-0.90	0.05	-0.02	-1.11	0.01	0.62	-0.01	0.17	-0.58	-0.15	0.82	-0.08	0.01
B12	-0.26	-0.23	-0.03	-0.03	-0.14	0.78	0.05	-0.02	-0.41	0.01	0.54	-0.01	0.17	0.23	-0.15	-1.00	-0.08	0.01
B10	1.78	0.62	-1.23	-0.03	-0.14	-0.98	0.05	-0.02	-0.02	0.01	-0.36	-0.01	0.17	-1.82	-0.15	2.82	-0.08	0.01
B11	3.44	0.13	-1.57	-0.03	-0.14	-1.00	0.05	-0.02	0.02	0.01	-0.11	-0.01	0.17	-0.71	-0.15	1.84	-0.08	0.01
Q8	0.35	-1.02	1.39	-0.03	-0.14	-0.01	0.05	-0.02	-1.26	0.01	-3.75	-0.01	0.17	-1.84	-0.15	1.14	-0.08	0.01
Q9	0.33	-0.83	0.60	-0.03	-0.14	1.09	0.05	-0.02	0.23	0.01	0.46	-0.01	0.17	1.32	-0.15	-1.69	-0.08	0.01
C9	-0.16	0.37	-0.45	-0.03	-0.14	-0.67	0.05	-0.02	-0.32	0.01	0.66	-0.01	0.17	-0.37	-0.15	-0.11	-0.08	0.01
C8	-0.07	-0.10	-0.60	-0.03	-0.14	0.77	0.05	-0.02	-0.77	0.01	0.53	-0.01	0.17	0.09	-0.15	-0.38	-0.08	0.01
Q11	2.02	-1.91	1.00	-4.43	-0.98	1.18	-1.55	0.52	-0.62	0.05	-0.65	0.02	-5.00	-0.51	2.49	-0.39	2.64	-0.07
Q10	-0.32	-1.90	1.61	-0.03	-0.14	1.06	0.05	-0.02	-1.22	0.01	-0.86	-0.01	0.17	-0.42	-0.15	-0.26	-0.08	0.01
Q12	0.28	-1.82	1.22	-0.03	-0.14	1.10	0.05	-0.02	-1.27	0.01	-1.08	-0.01	0.17	-0.12	-0.15	-0.45	-0.08	0.01
C3	1.16	0.55	-1.35	-0.03	-0.14	-0.99	0.05	-0.02	-0.20	0.01	0.67	-0.01	0.17	-0.81	-0.15	1.69	-0.08	0.01
C2	1.75	0.58	-1.31	-0.03	-0.14	-0.97	0.05	-0.02	-0.22	0.01	-0.37	-0.01	0.17	-1.74	-0.15	2.66	-0.08	0.01
C1	1.83	0.47	-1.66	-1.14	-0.14	-1.03	-1.08	0.47	-0.13	0.05	0.46	-0.10	0.40	-0.11	0.10	1.61	-0.12	0.27
C7	-0.77	0.87	-0.05	-0.03	-0.14	-0.31	0.05	-0.02	0.87	0.01	0.64	-0.01	0.17	-0.43	-0.15	0.32	-0.08	0.01
C6	-0.90	0.80	-0.14	-0.03	-0.14	-0.32	0.05	-0.02	0.64	0.01	0.65	-0.01	0.17	0.07	-0.15	-0.14	-0.08	0.01
C5	-0.19	0.42	-0.42	-0.03	-0.14	-0.67	0.05	-0.02	-0.19	0.01	0.66	-0.01	0.17	-0.37	-0.15	-0.07	-0.08	0.01
C4	-0.76	0.44	-0.25	-0.03	-0.14	-0.28	0.05	-0.02	-0.18	0.01	0.68	-0.01	0.17	-0.28	-0.15	-0.26	-0.08	0.01
N10	-0.16	-0.20	1.06	-0.03	-0.14	1.08	0.05	-0.02	1.49	0.01	0.48	-0.01	0.17	1.10	-0.15	-1.66	-0.08	0.01
N8	-0.29	-0.96	0.55	-0.03	-0.14	0.77	0.05	-0.02	-0.43	0.01	0.42	-0.01	0.17	0.65	-0.15	-0.53	-0.08	0.01
N9	-0.12	-0.87	0.84	-0.03	-0.14	-0.94	0.05	-0.02	-1.29	0.01	-0.51	-0.01	0.17	-0.52	-0.15	-1.17	-0.08	0.01
N11	0.23	-0.33	0.50	-0.03	-0.14	1.11	0.05	-0.02	1.05	0.01	0.49	-0.01	0.17	1.56	-0.15	-1.36	-0.08	0.01
G12	1.15	-1.00	-0.44	-0.03	-0.14	0.79	0.05	-0.02	-0.99	0.01	0.53	-0.01	0.17	0.91	-0.15	-0.91	-0.08	0.01
G11	1.36	0.21	-0.87	0.59	-0.35	-0.95	-0.35	-0.16	-0.27	-0.21	0.40	-0.21	-0.08	-0.73	-0.89	1.04	-0.08	0.12
G10	0.31	0.71	-0.62	-0.03	-0.14	0.82	0.05	-0.02	0.77	0.01	0.51	-0.01	0.17	0.25	-0.15	-0.40	-0.08	0.01
F1	1.06	0.13	-0.84	-0.16	-0.14	-1.00	-0.56	-0.13	-0.64	-0.84	0.23	-0.14	-3.16	-0.47	1.31	0.83	0.19	0.02
F2	1.16	-0.11	-1.21	-0.03	-0.14	0.52	0.05	-0.02	0.07	0.01	0.41	-0.01	0.17	1.25	-0.15	1.24	-0.08	0.01
F3	0.24	0.00	-0.33	-0.03	-0.14	-0.84	0.05	-0.02	-0.55	0.01	0.65	-0.01	0.17	-0.56	-0.15	0.05	-0.08	0.01
F4	1.98	0.45	-1.29	-0.03	-0.14	-0.95	0.05	-0.02	0.33	0.01	0.89	-0.01	0.17	-1.15	-0.15	2.23	-0.08	0.01
F5	-0.45	0.15	-0.65	-0.03	-0.14	0.81	0.05	-0.02	-0.62	0.01	0.54	-0.01	0.17	0.33	-0.15	-0.59	-0.08	0.01
F6	-0.33	-0.21	-0.40	-0.03	-0.14	0.80	0.05	-0.02	-0.68	0.01	0.53	-0.01	0.17	0.40	-0.15	-0.48	-0.08	0.01
F7	1.11	0.29	-1.51	0.10	-0.14	-1.01	-0.11	-0.32	-0.71	-0.04	0.41	-0.07	0.16	-0.25	0.01	1.64	-0.16	0.12
F8	0.57	-0.16	-0.99	-0.03	-0.14	0.64	0.05	-0.02	-0.75	0.01	0.40	-0.01	0.17	0.42	-0.15	0.21	-0.08	0.01
F9	2.32	0.31	-1.41	-0.03	-0.14	-0.99	0.05	-0.02	0.22	0.01	0.91	-0.01	0.17	-1.40	-0.15	2.78	-0.08	0.01
Q1	-0.15	0.06	0.36	-0.03	-0.14	1.13	0.05	-0.02	1.22	0.01	0.39	-0.01	0.17	1.52	-0.15	-1.26	-0.08	0.01
Q3	-0.18	-1.17	0.82	-0.03	-0.14	1.25	0.05	-0.02	-0.30	0.01	0.59	-0.01	0.17	1.06	-0.15	-1.58	-0.08	0.01
Q2	0.04	-0.62	0.62	-0.03	-0.14	1.09	0.05	-0.02	0.39	0.01	0.48	-0.01	0.17	1.24	-0.15	-1.68	-0.08	0.01
Q5	0.04	-2.01	2.59	-2.64	5.00	0.71	-4.61	-1.26	-0.38	-2.16	-2.23	-2.69	-4.82	-1.24	-1.24	-0.68	5.00	-5.00
Q4	-0.23	-0.93	0.43	2.60	3.02	1.23	-0.14	-0.21	-0.05	0.01	0.39	0.02	-2.63	0.79	2.78	-0.00	0.51	-0.13
Q7	1.31	-1.01	-0.12	-0.03	-0.14	0.91	0.05	-0.02	0.10	0.01	0.37	-0.01	0.17	1.12	-0.15	0.53	-0.08	0.01
Q6	1.60	-0.37	-0.69	-0.03	-0.14	0.95	0.05	-0.02	0.75	0.01	0.36	-0.01	0.17	1.52	-0.15	0.82	-0.08	0.01
E11	-0.51	0.26	-0.50	-0.03	-0.14	0.80	0.05	-0.02	-0.27	0.01	0.53	-0.01	0.17	0.35	-0.15	-0.60	-0.08	0.01
E10	1.49	0.47	-1.55	0.36	1.76	-1.09	0.00	-0.04	-0.25	-0.16	0.41	0.02	0.52	-0.13	-0.14	1.45	-0.15	0.03
E12	-1.03	0.19	-0.43	2.28	0.49	0.78	0.25	-0.24	-0.30	-0.50	0.76	-0.12	3.46	0.38	-0.93	-0.78	-0.07	0.06
C12	0.34	-0.11	-0.93	-0.03	-0.14	0.66	0.05	-0.02	-0.74	0.01	0.42	-0.01	0.17	0.39	-0.15	0.20	-0.08	0.01
C11	0.20	0.38	-1.23	-0.59	1.76	-0.97	1.89	1.15	-0.57	-5.00	0.45	-1.58	1.25	0.21	-1.58	1.42	0.12	-0.81
C10	-0.05	0.01	-0.22	-0.03	-0.14	-0.74	0.05	-0.02	-0.38	0.01	0.67	-0.01	0.17	-0.26	-0.15	0.08	-0.08	0.01
A11	-0.98	-1.15	1.60	-0.03	-0.14	1.07	0.05	-0.02	-0.49	0.01	-0.87	-0.01	0.17	-0.55	-0.15	-0.13	-0.08	0.01
A10	0.43	0.98	-0.80	5.00	-0.98	-0.99	-1.41	0.52	-0.03	-1.05	-0.19	0.72	1.26	-2.36	-0.25	1.77	-0.06	0.20
A12	0.05	-0.84	0.68	-0.03	-0.14	1.58	0.05	-0.02	-0.73	0.01	-1.86	-0.01	0.17	0.51	-0.15	-1.06	-0.08	0.01
A1	0.84	-0.33	1.42	-0.03	-0.14	3.07	0.05	-0.02	5.00	0.01	1.12	-0.01	0.17	5.00	-0.15	0.43	-0.08	0.01
A3	-0.69	-0.65	0.78	-0.03	-0.14	1.58	0.05	-0.02	-0.48	0.01	-1.84	-0.01	0.17	0.14	-0.15	0.21	-0.08	0.01
A2	-0.63	-0.87	1.08	-0.03	-0.14	1.59	0.05	-0.02	-0.86	0.01	-1.84	-0.01	0.17	0.03	-0.15	-1.20	-0.08	0.01
A5	0.13	-0.89	0.29	-0.03	-0.14	1.11	0.05	-0.02	0.22	0.01	0.48	-0.01	0.17	1.28	-0.15	0.26	-0.08	0.01
A4	-0.01	-0.89	1.33	-0.03	-0.56	1.70	0.03	-0.00	-0.69	0.34	-3.42	-0.07	0.14	-0.72	-0.45	-0.02	0.00	-0.15
A7	-0.28	-2.03	1.22	-0.03	-0.14	1.03	0.05	-0.02	-1.20	0.01	0.65	-0.01	0.17	0.26	-0.15	-0.57	-0.08	0.01
A6	-0.39	-0.99	1.20	-0.03	-0.14	1.58	0.05	-0.02	-0.73	0.01	-1.84	-0.01	0.17	0.11	-0.15	-1.26	-0.08	0.01
A9	0.72	-1.00	2.07	-0.03	-0.14	0.79	0.05	-0.02	2.10	0.01	-1.90	-0.01	0.17	0.59	-0.15	1.57	-0.08	0.01
A8	-0.88	-1.19	1.41	-0.03	-0.14	1.05	0.05	-0.02	-0.80	0.01	-0.84	-0.01	0.17	-0.61	-0.15	-0.20	-0.08	0.01
D8	-0.11	0.28	-0.45	-0.03	-0.14	-0.91	0.05	-0.02	-0.44	0.01	0.62	-0.01	0.17	-0.47	-0.15	0.17	-0.08	0.01
D9	0.00	-0.20	-0.60	-0.03	-0.14	0.80	0.05	-0.02	-0.79	0.01	0.53	-0.01	0.17	0.22	-0.15	-0.36	-0.08	0.01
D6	0.86	0.06	-1.14	-0.03	-0.14	-1.04	0.05	-0.02	-0.84	0.01	0.40	-0.01	0.17	0.08	-0.15	0.76	-0.08	0.01
D7	0.66	0.02	-0.99	-0.03	-0.14	-0.94	0.05	-0.02	-0.97	0.01	0.60	-0.01	0.17	-0.52	-0.15	0.87	-0.08	0.01
D4	1.49	0.56	-1.36	0.03	0.07	-1.00	0.08	0.14	0.15	0.51	0.78	-0.10	0.21	-1.07	1.45	2.11	-0.21	0.18
D5	1.81	0.48	-1.32	-0.03	-0.14	-0.90	0.05	-0.02	0.36	0.01	0.69	-0.01	0.17	-1.06	-0.15	2.66	-0.08	0.01
D2	0.19	0.06	-0.33	-0.03	-0.14	-0.68	0.05	-0.02	-0.48	0.01	0.57	-0.01	0.17	-0.44	-0.15	-0.11	-0.08	0.01
D3	1.22	0.56	-1.34	-0.03	-0.14	-1.02	0.05	-0.02	-0.11	0.01	0.66	-0.01	0.17	-0.89	-0.15	1.90	-0.08	0.01
D1	0.15	0.43	-0.47	-3.13	0.71	-0.82	-0.79	0.30	-0.26	-1.27	0.35	-0.01	-2.51	-0.36	0.50	0.38	0.15	0.04
K12	-1.17	0.60	0.78	-0.03	-0.14	-0.79	0.05	-0.02	0.47	0.01	-0.19	-0.01	0.17	-1.00	-0.15	-0.32	-0.08	0.01
K11	-1.54	1.91	-0.40	-0.03	-0.14	-1.10	0.05	-0.02	1.84	0.01	0.51	-0.01	0.17	0.49	-0.15	0.72	-0.08	0.01
K10	-1.53	0.83	-0.69	-0.03	-0.14	-0.70	0.05	-0.02	0.10	0.01	0.66	-0.01	0.17	1.14	-0.15	0.33	-0.08	0.01
M3	-0.73	-0.08	-0.59	-0.03	-0.14	0.12	0.05	-0.02	-1.22	0.01	0.67	-0.01	0.17	0.43	-0.15	-0.86	-0.08	0.01
M2	-0.34	0.92	-0.58	-0.03	-0.14	-0.96	0.05	-0.02	-0.93	0.01	-0.26	-0.01	0.17	-2.76	-0.15	0.96	-0.08	0.01
L10	-1.50	0.96	-0.58	-0.03	-0.14	-0.84	0.05	-0.02	0.30	0.01	0.65	-0.01	0.17	0.71	-0.15	0.51	-0.08	0.01
L11	-1.35	0.80	1.11	-0.03	-0.14	-0.95	0.05	-0.02	1.14	0.01	-0.06	-0.01	0.17	-0.92	-0.15	-0.48	-0.08	0.01
L12	-0.37	-0.77	1.83	-0.03	-0.14	-1.01	0.05	-0.02	0.36	0.01	-0.13	-0.01	0.17	-0.25	-0.15	-1.13	-0.08	0.01
K3	-1.60	2.71	-0.60	-0.03	-0.14	-1.03	0.05	-0.02	3.03	0.01	0.56	-0.01	0.17	0.88	-0.15	0.82	-0.08	0.01
K2	-1.82	2.17	-1.07	-0.03	-0.14	0.77	0.05	-0.02	2.08	0.01	0.48	-0.01	0.17	1.88	-0.15	0.18	-0.08	0.01
K1	0.21	-0.94	0.15	-0.03	-0.14	0.73	0.05	-0.02	-1.24	0.01	-0.52	-0.01	0.17	0.69	-0.15	-1.28	-0.08	0.01
M6	0.65	-0.97	0.61	-0.03	-0.14	-0.77	0.05	-0.02	-1.35	0.01	-0.73	-0.01	0.17	-0.72	-0.15	-0.90	-0.08	0.01
K7	-0.57	0.35	2.05	-0.03	-0.14	-1.05	0.05	-0.02	1.85	0.01	-0.27	-0.01	0.17	-1.10	-0.15	-1.11	-0.08	0.01
K6	-1.09	-0.16	1.09	-0.03	-0.14	-0.89	0.05	-0.02	-0.35	0.01	-0.19	-0.01	0.17	-1.16	-0.15	-0.41	-0.08	0.01
K5	-1.55	1.61	0.05	-0.03	-0.14	-0.94	0.05	-0.02	1.68	0.01	0.62	-0.01	0.17	0.22	-0.15	-0.16	-0.08	0.01
K4	-0.69	0.43	-0.00	-0.03	-0.14	-0.94	0.05	-0.02	0.18	0.01	0.61	-0.01	0.17	0.11	-0.15	-0.31	-0.08	0.01
K9	-1.10	0.39	0.26	-0.03	-0.14	-0.96	0.05	-0.02	0.18	0.01	0.61	-0.01	0.17	0.05	-0.15	-0.42	-0.08	0.01
K8	0.38	-0.45	-0.17	0.13	-0.14	-0.84	0.82	-0.10	-1.04	0.01	0.60	0.11	0.39	0.01	-0.66	-1.06	-0.06	-0.06
M9	0.06	2.26	-1.54	5.00	-5.00	-0.15	5.00	-5.00	1.30	1.23	0.10	-5.00	-2.99	0.62	-3.02	0.81	-0.77	2.21
M8	-1.17	1.74	0.97	-0.03	-0.14	-1.03	0.05	-0.02	2.20	0.01	-0.25	-0.01	0.17	-1.22	-0.15	-0.75	-0.08	0.01
I9	-1.33	1.53	-0.48	-0.03	-0.14	-1.09	0.05	-0.02	1.24	0.01	0.51	-0.01	0.17	0.47	-0.15	0.60	-0.08	0.01
I8	-0.09	0.57	0.42	-0.03	-0.14	-1.07	0.05	-0.02	0.37	0.01	-0.48	-0.01	0.17	-1.17	-0.15	-0.14	-0.08	0.01
I1	-1.61	2.36	-2.40	-0.03	-0.14	0.12	0.05	-0.02	0.22	0.01	0.62	-0.01	0.17	1.17	-0.15	0.29	-0.08	0.01
I3	0.39	0.66	-0.82	-0.03	-0.14	-1.05	0.05	-0.02	0.35	0.01	0.45	-0.01	0.17	0.25	-0.15	0.70	-0.08	0.01
I2	-1.45	2.42	-0.75	-0.03	-0.14	-1.01	0.05	-0.02	2.36	0.01	0.52	-0.01	0.17	0.70	-0.15	0.82	-0.08	0.01
I5	-1.00	0.20	0.78	-0.20	0.07	-0.91	1.69	-1.15	-0.14	1.83	-0.25	0.27	-0.68	-1.05	-0.24	-0.47	0.03	0.64
I4	-1.31	1.44	-0.59	-0.03	-0.14	-1.09	0.05	-0.02	1.06	0.01	0.52	-0.01	0.17	0.78	-0.15	0.49	-0.08	0.01
I7	-0.41	-0.19	1.77	-0.03	-0.14	-1.07	0.05	-0.02	1.04	0.01	-0.48	-0.01	0.17	-0.33	-0.15	-0.95	-0.08	0.01
I6	-0.63	-0.33	0.48	-0.03	-0.14	-1.06	0.05	-0.02	-0.55	0.01	0.51	-0.01	0.17	0.28	-0.15	-1.13	-0.08	0.01
J12	-1.15	-0.30	1.09	-0.03	-0.14	-0.68	0.05	-0.02	-0.46	0.01	-0.33	-0.01	0.17	-0.81	-0.15	-0.45	-0.08	0.01
J10	-0.18	-0.87	0.65	-1.24	1.13	-1.03	-4.40	5.00	0.01	3.44	0.79	5.00	0.29	-0.53	5.00	-1.09	1.74	-1.05
J11	-1.78	1.44	-0.58	-0.03	-0.14	-0.63	0.05	-0.02	0.88	0.01	0.65	-0.01	0.17	0.73	-0.15	0.38	-0.08	0.01
I11	-0.63	0.43	0.32	-0.03	-0.14	-1.04	0.05	-0.02	0.49	0.01	0.48	-0.01	0.17	0.13	-0.15	-0.67	-0.08	0.01
I10	0.91	-1.42	0.70	-0.03	-0.14	-1.03	0.05	-0.02	-1.43	0.01	-0.49	-0.01	0.17	-0.24	-0.15	-0.60	-0.08	0.01
I12	0.34	-0.80	1.13	-0.03	-0.14	-1.08	0.05	-0.02	-0.61	0.01	-0.63	-0.01	0.17	-0.72	-0.15	-0.96	-0.08	0.01
L6	-0.69	0.58	0.15	-0.03	-0.14	-0.94	0.05	-0.02	0.47	0.01	0.63	-0.01	0.17	-0.04	-0.15	-0.54	-0.08	0.01
L7	-0.65	0.59	-1.17	-0.03	-0.14	-1.02	0.05	-0.02	-0.40	0.01	0.44	-0.01	0.17	1.17	-0.15	0.82	-0.08	0.01
L4	-1.36	1.38	-0.17	-0.03	-0.14	-0.92	0.05	-0.02	1.14	0.01	0.62	-0.01	0.17	0.21	-0.15	-0.12	-0.08	0.01
L5	-1.04	0.65	0.40	-0.03	0.28	-1.03	-0.35	0.12	0.92	0.13	0.47	-0.17	0.17	0.49	0.57	-0.60	-0.15	0.03
L2	0.40	1.54	-1.40	-0.03	-0.14	-1.08	0.05	-0.02	1.06	0.01	0.53	-0.01	0.17	0.50	-0.15	0.77	-0.08	0.01
L3	-1.57	1.84	-0.75	-0.03	-0.14	-0.40	0.05	-0.02	1.53	0.01	0.58	-0.01	0.17	0.64	-0.15	0.78	-0.08	0.01
L1	0.12	0.48	-0.43	-0.03	-0.14	-1.00	0.05	-0.02	-0.65	0.01	-0.62	-0.01	0.17	-1.46	-0.15	0.96	-0.08	0.01
N1	0.27	-0.98	0.74	-0.03	-0.14	-0.59	0.05	-0.02	-1.38	0.01	-0.69	-0.01	0.17	-0.80	-0.15	-0.87	-0.08	0.01
N2	-1.07	1.11	-0.70	-0.03	-0.14	-1.09	0.05	-0.02	0.48	0.01	0.49	-0.01	0.17	0.71	-0.15	0.44	-0.08	0.01
N3	-0.46	0.33	0.66	-0.03	-0.14	-1.14	0.05	-0.02	0.75	0.01	0.42	-0.01	0.17	-0.14	-0.15	-0.64	-0.08	0.01
N4	-0.20	-1.06	0.34	-0.03	-0.14	0.85	0.05	-0.02	-0.40	0.01	0.45	-0.01	0.17	1.73	-0.15	-0.83	-0.08	0.01
L8	-1.26	1.90	-1.73	-0.03	-0.14	-0.61	0.05	-0.02	-0.19	0.01	0.45	-0.01	0.17	0.14	-0.15	-0.01	-0.08	0.01
L9	-0.88	1.48	-0.31	-0.03	-0.14	-0.95	0.05	-0.02	1.18	0.01	0.61	-0.01	0.17	0.06	-0.15	-0.47	-0.08	0.01
M5	-1.23	1.38	0.80	-0.03	-0.14	-1.05	0.05	-0.02	1.47	0.01	-0.34	-0.01	0.17	-0.81	-0.15	-0.91	-0.08	0.01
J8	0.86	0.05	-0.15	-0.03	-0.14	-1.04	0.05	-0.02	-0.16	0.01	0.68	-0.01	0.17	-1.43	-0.15	0.49	-0.08	0.01
J9	-0.37	-0.25	1.34	-0.03	5.00	-1.01	-0.60	-1.27	0.82	-0.42	-0.11	-2.10	-0.10	-1.55	5.00	-0.91	1.90	0.67
M7	1.12	0.46	-0.09	-0.03	-0.14	-1.10	0.05	-0.02	0.33	0.01	0.93	-0.01	0.17	-2.51	-0.15	0.65	-0.08	0.01
M4	-0.87	0.87	0.13	-0.03	-0.14	-1.00	0.05	-0.02	0.25	0.01	-0.27	-0.01	0.17	-0.98	-0.15	0.19	-0.08	0.01
J4	-0.26	0.69	0.26	-0.03	-0.14	-1.08	0.05	-0.02	0.29	0.01	-0.50	-0.01	0.17	-1.36	-0.15	0.33	-0.08	0.01
J5	-0.98	-0.57	0.92	-0.03	-0.14	-1.00	0.05	-0.02	-1.15	0.01	-0.31	-0.01	0.17	-0.95	-0.15	-0.45	-0.08	0.01
J6	-1.10	0.52	1.01	-0.03	-0.14	-0.93	0.05	-0.02	0.54	0.01	-0.19	-0.01	0.17	-1.28	-0.15	-0.35	-0.08	0.01
J7	-0.30	-0.13	0.66	-0.03	-0.14	-1.04	0.05	-0.02	-0.17	0.01	0.47	-0.01	0.17	-0.38	-0.15	-1.30	-0.08	0.01
J1	-0.68	0.19	-1.01	-0.03	-0.14	0.87	0.05	-0.02	-0.81	0.01	0.54	-0.01	0.17	1.13	-0.15	-0.64	-0.08	0.01
J2	-1.42	1.64	-0.60	-0.03	-0.14	-0.75	0.05	-0.02	1.44	0.01	0.54	-0.01	0.17	0.96	-0.15	0.38	-0.08	0.01
J3	0.21	-0.25	0.63	-0.03	-0.14	-1.17	0.05	-0.02	-0.22	0.01	-0.67	-0.01	0.17	-0.72	-0.15	0.10	-0.08	0.01
M11	-1.73	2.39	-1.43	-0.03	-0.14	-0.38	0.05	-0.02	0.75	0.01	0.44	-0.01	0.17	0.27	-0.15	-0.27	-0.08	0.01
M10	-1.54	1.08	-1.01	-0.03	-0.14	0.75	0.05	-0.02	0.57	0.01	0.46	-0.01	0.17	1.85	-0.15	0.05	-0.08	0.01
M12	-1.49	1.13	0.77	-0.03	-0.14	0.67	0.05	-0.02	1.48	0.01	-0.66	-0.01	0.17	0.00	-0.15	-1.13	-0.08	0.01
M1	0.15	0.74	-1.07	-0.03	-0.14	-0.96	0.05	-0.02	-1.29	0.01	-0.30	-0.01	0.17	-1.81	-0.15	0.59	-0.08	0.01
