G7	5.2950	-74.3880	0.0000	56.6060	0.0000	0.0000	-3.6130	0.0000	0.0000	-39.6420	0.0000	0.0000	0.0000	-2.3170	0.0000	0.0000	-13.4730	0.0000	-7.7510	0.0000	0.0000
G6	3.6840	-75.1470	0.0000	57.2730	0.0750	-0.0010	-3.4290	-0.0290	-0.0100	-40.4700	0.0000	0.0000	0.0110	-2.1680	-0.0010	0.0020	-12.2090	-0.1000	-8.5160	0.0780	0.0160
G5	6.8230	-75.8770	0.0000	58.1640	0.0030	0.0010	-3.5740	0.0270	0.0220	-38.0400	0.0000	0.0000	-0.0230	-2.1620	-0.0140	-0.0010	-13.1360	0.1440	-8.4200	-0.0270	0.0100
G4	7.3560	-82.3500	0.0000	57.9150	0.0000	0.0000	-3.5910	0.0000	0.0000	-44.1180	0.0000	0.0000	0.0000	-2.2200	0.0000	0.0000	-12.8030	0.0000	-8.4240	0.0000	0.0000
G3	7.6690	-81.7880	0.0000	56.8310	0.0000	0.0000	-3.5980	0.0000	0.0000	-44.1040	0.0000	0.0000	0.0000	-2.2190	0.0000	0.0000	-12.7470	0.0000	-8.2500	0.0000	0.0000
G2	7.7230	-81.7940	0.0000	58.4060	0.0000	0.0000	-3.5980	0.0000	0.0000	-43.6880	0.0000	0.0000	0.0000	-2.8080	0.0000	0.0000	-13.4880	0.0000	-8.1290	0.0000	0.0000
G1	6.1940	-76.3150	0.0000	57.8620	0.0000	0.0000	-3.6120	0.0000	0.0000	-39.7850	0.0000	0.0000	0.0000	-2.2380	0.0000	0.0000	-13.4260	0.0000	-8.2500	0.0000	0.0000
G9	6.2040	-76.0160	0.0000	57.2960	0.0000	0.0010	-3.6070	0.0110	-0.0090	-40.0140	0.0000	0.0000	0.0210	-2.2140	0.0030	-0.0040	-13.5810	0.0150	-8.1820	0.0440	0.0020
G8	4.5020	-72.7980	0.0000	56.1280	0.0000	0.0000	-3.6100	0.0000	0.0000	-39.3690	0.0000	0.0000	0.0000	-2.2120	0.0000	0.0000	-13.4520	0.0000	-7.9260	0.0000	0.0000
N6	4.7710	-78.5970	0.0000	60.0760	0.0020	-0.0010	-2.7240	-0.0110	0.0140	-38.0920	0.0000	0.0000	-0.0030	-2.3110	-0.0020	0.0010	-11.6740	0.0530	-7.6530	-0.0280	-0.0020
N7	4.8360	-78.5590	0.0000	58.8550	0.0000	0.0000	-2.7540	0.0000	0.0000	-39.0070	0.0000	0.0000	0.0000	-2.3390	0.0000	0.0000	-10.7870	0.0000	-8.2580	0.0000	0.0000
B4	7.0800	-83.9110	0.0000	62.9440	0.0000	0.0000	-2.7140	0.0000	0.0000	-40.4590	0.0000	0.0000	0.0000	-2.3260	0.0000	0.0000	-11.6310	0.0000	-9.9010	0.0000	0.0000
B5	4.9740	-78.5940	0.0000	59.0690	0.0000	0.0000	-2.7810	0.0000	0.0000	-38.3090	0.0000	0.0000	0.0000	-2.3320	0.0000	0.0000	-11.2200	0.0000	-7.4260	0.0000	0.0000
B6	5.7430	-75.4290	0.0000	56.0710	0.0050	0.0020	-3.6500	0.0110	0.0090	-41.3740	0.0000	0.0000	0.0080	-2.8500	0.0010	0.0000	-14.4770	0.0730	-6.8820	-0.0080	-0.0030
B7	5.3130	-78.2020	0.0000	57.5060	0.0000	0.0000	-3.6120	0.0000	0.0000	-41.9020	0.0000	0.0000	0.0000	-2.3300	0.0000	0.0000	-13.1790	0.0000	-7.3980	0.0000	0.0000
B1	4.8360	-76.3870	0.0000	56.4890	0.0000	0.0000	-3.6040	0.0000	0.0000	-40.7050	0.0000	0.0000	0.0000	-2.2870	0.0000	0.0000	-12.2020	0.0000	-7.5500	0.0000	0.0000
B2	4.8580	-74.3500	0.0000	54.5720	0.0000	0.0000	-3.6150	0.0000	0.0000	-42.8430	0.0000	0.0000	0.0000	-2.7210	0.0000	0.0000	-14.3330	0.0000	-7.2560	0.0000	0.0000
B3	6.1200	-81.0140	0.0000	60.9220	0.0000	0.0000	-2.7170	0.0000	0.0000	-38.9720	0.0000	0.0000	0.0000	-2.3280	0.0000	0.0000	-11.1040	0.0000	-8.8500	0.0000	0.0000
B8	7.0760	-75.6230	0.0000	55.7290	0.0000	0.0000	-3.6580	0.0000	0.0000	-40.3520	0.0000	0.0000	0.0000	-2.8490	0.0000	0.0000	-14.3070	0.0000	-6.7210	0.0000	0.0000
B9	6.1050	-75.4930	0.0000	56.0870	0.0000	0.0000	-3.6480	0.0000	0.0000	-40.7520	0.0000	0.0000	0.0000	-2.8500	0.0000	0.0000	-14.0810	0.0000	-6.8720	0.0000	0.0000
N5	4.6120	-81.1540	0.0000	60.2210	-0.0180	0.0000	-3.5100	-0.0100	-0.0050	-41.8730	0.0000	0.0000	-0.0320	-2.2510	0.0010	0.0430	-11.7390	0.1530	-8.1770	-0.0200	0.0120
P10	6.2760	-79.4290	0.0000	60.8380	0.0000	0.0000	-2.7860	0.0000	0.0000	-36.9290	0.0000	0.0000	0.0000	-2.2850	0.0000	0.0000	-11.3280	0.0000	-8.2140	0.0000	0.0000
P11	5.5760	-79.4300	0.0000	58.9190	0.0010	0.0000	-2.7580	-0.0190	-0.0070	-38.6310	0.0000	0.0000	-0.0050	-2.3440	0.0000	-0.0050	-11.1760	0.0900	-7.4680	0.0060	-0.0090
P12	5.7050	-83.0310	0.0000	62.1750	0.0000	0.0000	-2.7770	0.0000	0.0000	-41.7640	0.0000	0.0000	0.0000	-3.6870	0.0000	0.0000	-12.3140	0.0000	-7.8350	0.0000	0.0000
E9	6.0320	-75.8750	0.0000	56.9970	0.0000	0.0000	-3.6140	0.0000	0.0000	-40.3390	0.0000	0.0000	0.0000	-2.3260	0.0000	0.0000	-13.5490	0.0000	-8.0040	0.0000	0.0000
E8	5.5760	-76.3520	0.0000	58.7530	0.0000	0.0000	-3.6140	0.0000	0.0000	-39.7230	0.0000	0.0000	0.0000	-2.1940	0.0000	0.0000	-13.5050	0.0000	-8.3870	0.0000	0.0000
E5	5.6470	-75.6330	0.0000	57.5170	-0.0070	0.0000	-3.6050	0.0120	0.0310	-39.6670	0.0000	0.0000	0.0090	-2.2790	-0.0060	-0.0140	-13.2890	0.2110	-8.1810	-0.0780	-0.0010
E4	5.5520	-75.8560	0.0000	57.5440	0.0000	0.0000	-3.6110	0.0000	0.0000	-40.0860	0.0000	0.0000	0.0000	-2.1990	0.0000	0.0000	-13.2330	0.0000	-8.2820	0.0000	0.0000
E7	5.7710	-77.6660	0.0000	57.6760	0.0000	0.0000	-3.6040	0.0000	0.0000	-41.1440	0.0000	0.0000	0.0000	-2.2380	0.0000	0.0000	-13.4160	0.0000	-7.6670	0.0000	0.0000
E6	5.7060	-77.4050	0.0000	57.1200	0.0000	0.0000	-3.6120	0.0000	0.0000	-40.8350	0.0000	0.0000	0.0000	-2.2820	0.0000	0.0000	-13.0350	0.0000	-7.3270	0.0000	0.0000
E1	5.9600	-78.3670	0.0000	58.5650	0.0000	0.0000	-3.6010	0.0000	0.0000	-41.2280	0.0000	0.0000	0.0000	-2.1870	0.0000	0.0000	-13.3190	0.0000	-8.2790	0.0000	0.0000
P8	5.8700	-78.7140	0.0000	61.7190	0.0000	0.0000	-2.7770	0.0000	0.0000	-35.9580	0.0000	0.0000	0.0000	-2.2880	0.0000	0.0000	-11.4660	0.0000	-8.3040	0.0000	0.0000
E3	5.2650	-78.7510	0.0000	58.1180	0.0000	0.0000	-3.6130	0.0000	0.0000	-42.2920	0.0000	0.0000	0.0000	-2.3300	0.0000	0.0000	-13.2520	0.0000	-7.7290	0.0000	0.0000
E2	5.3230	-78.8770	0.0000	58.2100	0.0000	0.0000	-3.6150	0.0000	0.0000	-42.2820	0.0000	0.0000	0.0000	-2.3300	0.0000	0.0000	-13.2460	0.0000	-7.7480	0.0000	0.0000
P2	5.5410	-80.2860	0.0000	61.6870	0.0000	0.0000	-2.7180	0.0000	0.0000	-37.2890	0.0000	0.0000	0.0000	-2.2800	0.0000	0.0000	-10.7010	0.0000	-8.5330	0.0000	0.0000
P3	5.6910	-78.8910	0.0000	59.8430	0.0140	0.0420	-2.7450	-0.0090	-0.0300	-36.9530	0.0000	0.0000	0.0040	-1.9960	-0.0060	0.0080	-11.5370	0.1480	-7.5280	0.0280	0.0120
P1	6.0040	-78.4510	0.0000	58.6170	0.0000	0.0000	-2.6100	0.0000	0.0000	-38.1860	0.0000	0.0000	0.0000	-2.1720	0.0000	0.0000	-11.3930	0.0000	-8.1790	0.0000	0.0000
P6	5.9040	-80.8970	0.0000	60.7960	0.0000	0.0000	-2.7210	0.0000	0.0000	-39.4880	0.0000	0.0000	0.0000	-2.9130	0.0000	0.0000	-10.9440	0.0000	-8.7120	0.0000	0.0000
P7	5.9090	-80.5070	0.0000	61.2580	0.0710	-0.0060	-2.7790	-0.1030	-0.0260	-37.2850	0.0000	0.0000	0.0280	-2.3020	-0.0190	0.0440	-10.6230	0.2420	-8.5210	0.0460	0.0030
P4	6.6380	-82.8280	0.0000	61.8470	0.0000	0.0000	-2.6600	0.0000	0.0000	-38.3600	0.0000	0.0000	0.0000	-1.9240	0.0000	0.0000	-11.2220	0.0000	-8.2120	0.0000	0.0000
P5	7.0470	-79.1490	0.0000	61.6510	0.0000	0.0000	-2.7670	0.0000	0.0000	-35.3740	0.0000	0.0000	0.0000	-2.3400	0.0000	0.0000	-11.9660	0.0000	-7.8490	0.0000	0.0000
H10	6.2810	-85.9820	0.0000	64.4310	0.0000	0.0020	-2.5590	0.0180	0.0010	-42.2350	0.0000	0.0000	-0.0280	-3.2630	0.0000	0.0040	-12.4580	-0.0340	-8.6900	0.0370	0.0040
H11	6.4130	-85.5340	0.0000	64.1360	0.0000	0.0000	-2.5620	0.0000	0.0000	-42.0340	0.0000	0.0000	0.0000	-3.2790	0.0000	0.0000	-12.4560	0.0000	-8.7510	0.0000	0.0000
H12	6.1770	-86.5070	0.0000	66.3650	0.0000	0.0000	-2.5400	0.0000	0.0000	-42.7510	0.0000	0.0000	0.0000	-4.1030	0.0000	0.0000	-13.4370	0.0000	-8.7080	0.0000	0.0000
P9	5.8210	-79.8330	0.0000	61.9380	0.0000	0.0000	-2.7160	0.0000	0.0000	-37.1590	0.0000	0.0000	0.0000	-2.2640	0.0000	0.0000	-11.4950	0.0000	-8.6100	0.0000	0.0000
F12	7.5930	-82.2170	0.0000	57.2200	0.0000	0.0000	-3.6010	0.0000	0.0000	-44.3980	0.0000	0.0000	0.0000	-2.2100	0.0000	0.0000	-12.8680	0.0000	-8.3150	0.0000	0.0000
F10	8.5620	-82.1230	0.0000	57.3320	0.1630	-0.0050	-3.7370	-0.0660	-0.0510	-42.8700	0.0000	0.0000	-0.0090	-2.0350	-0.0200	0.0380	-12.6410	-0.0070	-8.1490	-0.1280	0.0030
F11	7.6140	-81.4630	0.0000	57.1210	0.0000	0.0000	-3.5910	0.0000	0.0000	-43.5120	0.0000	0.0000	0.0000	-2.2240	0.0000	0.0000	-12.6270	0.0000	-8.3430	0.0000	0.0000
N12	4.0860	-81.3350	0.0000	60.3420	0.0000	0.0000	-2.7030	0.0000	0.0000	-42.5890	0.0000	0.0000	0.0000	-2.2250	0.0000	0.0000	-11.7490	0.0000	-9.0050	0.0000	0.0000
H8	3.7740	-80.7540	0.0000	60.6930	0.0000	0.0000	-2.6950	0.0000	0.0000	-42.0710	0.0000	0.0000	0.0000	-2.2300	0.0000	0.0000	-11.9650	0.0000	-8.8950	0.0000	0.0000
H9	3.7960	-81.1520	0.0000	60.3680	0.0000	0.0000	-2.6780	0.0000	0.0000	-42.6400	0.0000	0.0000	0.0000	-2.2320	0.0000	0.0000	-11.8230	0.0000	-8.9190	0.0000	0.0000
H6	3.9890	-82.0760	0.0000	61.0120	0.0000	0.0000	-2.7130	0.0000	0.0000	-42.8820	0.0000	0.0000	0.0000	-2.2220	0.0000	0.0000	-11.9110	0.0000	-8.9620	0.0000	0.0000
H7	3.8370	-81.1950	0.0000	60.8560	0.0000	0.0000	-2.6850	0.0000	0.0000	-42.3950	0.0000	0.0000	0.0000	-2.2290	0.0000	0.0000	-12.0020	0.0000	-8.9750	0.0000	0.0000
H4	4.0270	-74.8870	0.0000	56.8160	0.0000	0.0000	-3.5900	0.0000	0.0000	-39.4260	0.0000	0.0000	0.0000	-2.2770	0.0000	0.0000	-11.9660	0.0000	-7.5500	0.0000	0.0000
H5	3.9410	-81.9560	0.0000	60.8460	0.0000	0.0000	-2.6960	0.0000	0.0000	-42.9560	0.0000	0.0000	0.0000	-2.2220	0.0000	0.0000	-11.9190	0.0000	-8.9500	0.0000	0.0000
D10	5.2770	-75.9180	0.0000	57.4050	-0.0170	0.0080	-3.6270	0.0530	0.0440	-40.4700	0.0000	0.0000	-0.1570	-2.2690	0.0090	0.0750	-13.3790	0.0510	-8.2130	0.1640	0.0250
D11	5.8040	-78.1970	0.0000	57.6480	0.0000	0.0000	-3.5770	0.0000	0.0000	-41.8200	0.0000	0.0000	0.0000	-2.1770	0.0000	0.0000	-12.9520	0.0000	-8.3710	0.0000	0.0000
D12	5.6930	-78.4980	0.0000	57.4750	-0.0330	-0.0020	-3.6310	0.0500	0.0350	-41.9810	0.0000	0.0000	-0.0220	-2.3310	0.0050	0.0980	-13.2090	-0.0530	-7.5800	-0.0010	0.0250
B12	6.7160	-77.6540	0.0000	57.2130	0.0000	0.0000	-3.6230	0.0000	0.0000	-40.3280	0.0000	0.0000	0.0000	-2.2320	0.0000	0.0000	-13.1040	0.0000	-7.6460	0.0000	0.0000
B10	6.9970	-77.6900	0.0000	57.0930	0.0000	0.0000	-3.6170	0.0000	0.0000	-39.8640	0.0000	0.0000	0.0000	-2.0560	0.0000	0.0000	-13.6380	0.0000	-6.9510	0.0000	0.0000
B11	7.3420	-75.8430	0.0000	56.1060	0.0000	0.0000	-3.6610	0.0000	0.0000	-39.9170	0.0000	0.0000	0.0000	-2.8070	0.0000	0.0000	-14.2710	0.0000	-6.7820	0.0000	0.0000
Q8	6.0980	-79.0290	0.0000	61.8220	0.0000	0.0000	-3.2170	0.0000	0.0000	-38.6190	0.0000	0.0000	0.0000	-2.2280	0.0000	0.0000	-15.3290	0.0000	-6.7350	0.0000	0.0000
Q9	6.8120	-78.5660	0.0000	58.5290	-0.0240	0.0000	-2.7820	0.0190	0.0300	-37.1170	0.0000	0.0000	0.0640	-2.2960	-0.0050	0.0240	-11.7750	-0.0480	-7.0570	-0.0680	0.0260
C9	5.4990	-75.9840	0.0000	57.2560	0.0020	0.0030	-3.5950	0.0070	0.0050	-40.2710	0.0000	0.0000	0.0030	-2.2130	0.0050	0.0020	-13.1710	0.1900	-8.2170	-0.0590	-0.0060
C8	6.8670	-77.4460	0.0000	57.6670	0.0000	0.0000	-3.6270	0.0000	0.0000	-40.2710	0.0000	0.0000	0.0000	-2.3220	0.0000	0.0000	-13.3530	0.0000	-8.0560	0.0000	0.0000
Q11	7.8580	-84.5210	0.0000	62.6810	-0.0470	-0.0080	-2.5220	-0.0100	-0.0120	-40.8530	0.0000	0.0000	0.0210	-3.8260	0.0000	-1.0890	-12.4760	0.9040	-8.2110	0.3800	0.0260
Q10	5.5410	-80.2860	0.0000	61.6870	0.0000	0.0000	-2.7180	0.0000	0.0000	-37.2890	0.0000	0.0000	0.0000	-2.2800	0.0000	0.0000	-10.7010	0.0000	-8.5330	0.0000	0.0000
Q12	5.3250	-80.4830	0.0000	61.9430	0.0000	0.0000	-2.7890	0.0000	0.0000	-37.6410	0.0000	0.0000	0.0000	-2.2790	0.0000	0.0000	-10.8290	0.0000	-8.5290	0.0000	0.0000
C3	6.2240	-77.8290	0.0000	57.1760	0.0000	0.0000	-3.6210	0.0000	0.0000	-40.5420	0.0000	0.0000	0.0000	-2.2230	0.0000	0.0000	-13.1060	0.0000	-7.1620	0.0000	0.0000
C2	7.0870	-78.0070	0.0000	57.4520	0.0000	0.0000	-3.6250	0.0000	0.0000	-39.8980	0.0000	0.0000	0.0000	-2.0820	0.0000	0.0000	-13.7170	0.0000	-7.0070	0.0000	0.0000
C1	6.7010	-76.6200	0.0000	56.9300	0.0110	0.0030	-3.6300	-0.0020	0.0290	-40.8320	0.0000	0.0000	-0.0090	-2.9340	0.0000	0.0150	-14.1540	-0.0780	-7.0710	-0.0300	0.0070
C7	4.3550	-74.4600	0.0000	58.7690	0.0000	0.0000	-3.6060	0.0000	0.0000	-38.8010	0.0000	0.0000	0.0000	-2.2100	0.0000	0.0000	-13.3580	0.0000	-8.2920	0.0000	0.0000
C6	4.4900	-75.2250	0.0000	58.7090	0.0020	0.0010	-3.6240	-0.0080	0.0200	-39.2900	0.0000	0.0000	-0.0020	-2.2760	-0.0050	0.0010	-13.3090	-0.0060	-8.1080	0.0490	0.0010
C5	5.5150	-75.8590	0.0000	57.2540	0.0000	0.0000	-3.6070	0.0000	0.0000	-40.3000	0.0000	0.0000	0.0000	-2.1870	0.0000	0.0000	-13.2050	0.0000	-8.2100	0.0000	0.0000
C4	5.5000	-77.4430	0.0000	58.9340	0.0000	0.0000	-3.4640	0.0000	0.0000	-39.7800	0.0000	0.0000	0.0000	-2.1700	0.0000	0.0000	-12.6770	0.0000	-8.4590	0.0000	0.0000
N10	4.8330	-78.8830	0.0000	60.4480	0.0000	-0.0010	-2.7210	-0.0170	0.0040	-37.3410	0.0000	0.0000	0.0050	-2.2740	-0.0030	0.0000	-11.3930	0.1560	-7.4860	-0.0020	-0.0060
N8	5.6740	-77.0600	0.0000	57.0340	0.0000	0.0000	-3.6370	0.0000	0.0000	-41.1970	0.0000	0.0000	0.0000	-2.2590	0.0000	0.0000	-12.9530	0.0000	-7.9970	0.0000	0.0000
N9	5.3060	-77.0700	0.0000	57.3800	0.0000	0.0000	-3.6390	0.0000	0.0000	-41.6130	0.0000	0.0000	0.0000	-2.2610	0.0000	0.0000	-13.1210	0.0000	-8.2090	0.0000	0.0000
N11	4.6030	-79.9240	0.0000	59.1380	0.0000	0.0000	-2.7080	0.0000	0.0000	-40.1760	0.0000	0.0000	0.0000	-2.2510	0.0000	0.0000	-11.3030	0.0000	-7.7310	0.0000	0.0000
G12	6.6530	-81.5260	0.0000	57.6010	0.0000	0.0000	-3.5810	0.0000	0.0000	-43.5860	0.0000	0.0000	0.0000	-2.1740	0.0000	0.0000	-11.8970	0.0000	-8.6640	0.0000	0.0000
G11	7.5890	-80.5080	0.0000	57.1250	0.0000	0.0000	-3.5970	0.0000	0.0000	-42.3430	0.0000	0.0000	0.0000	-2.1900	0.0000	0.0000	-12.3050	0.0000	-8.4570	0.0000	0.0000
G10	4.3380	-73.5060	0.0000	56.6240	0.0000	0.0000	-3.5390	0.0000	0.0000	-40.2730	0.0000	0.0000	0.0000	-2.1750	0.0000	0.0000	-13.9350	0.0000	-8.0800	0.0000	0.0000
F1	5.8890	-77.5660	0.0000	57.4770	0.0000	0.0000	-3.6060	0.0000	0.0000	-40.9720	0.0000	0.0000	0.0000	-2.2890	0.0000	0.0000	-13.3820	0.0000	-7.4940	0.0000	0.0000
F2	5.9160	-77.2210	0.0000	57.0450	0.0000	0.0000	-3.6140	0.0000	0.0000	-40.4690	0.0000	0.0000	0.0000	-2.2540	0.0000	0.0000	-13.0550	0.0000	-7.2850	0.0000	0.0000
F3	6.0510	-76.1050	0.0000	57.0410	0.0060	0.0000	-3.6220	0.0360	0.0010	-40.4290	0.0000	0.0000	0.0010	-2.3280	-0.0020	0.0020	-13.5230	0.1400	-8.0640	-0.0940	0.0290
F4	5.9650	-75.4880	0.0000	56.1380	0.0000	0.0000	-3.6470	0.0000	0.0000	-40.8830	0.0000	0.0000	0.0000	-2.8590	0.0000	0.0000	-14.0920	0.0000	-6.9010	0.0000	0.0000
F5	6.0580	-77.5630	0.0000	57.5700	0.0000	0.0000	-3.5940	0.0000	0.0000	-41.0690	0.0000	0.0000	0.0000	-2.1820	0.0000	0.0000	-12.9680	0.0000	-8.3880	0.0000	0.0000
F6	6.9320	-77.7130	0.0000	57.8740	-0.0040	0.0000	-3.6160	0.0090	0.0200	-40.4450	0.0000	0.0000	0.0190	-2.2270	-0.0060	-0.0040	-13.3100	-0.1150	-8.3160	0.0010	0.0090
F7	6.2380	-78.0500	0.0000	57.0370	0.0010	-0.0020	-3.6160	0.0280	0.0030	-41.0460	0.0000	0.0000	0.0040	-2.2510	0.0020	-0.0010	-13.1260	-0.0650	-7.2940	0.0270	0.0190
F8	6.2280	-78.6740	0.0000	57.5340	0.0000	0.0000	-3.6120	0.0000	0.0000	-41.6290	0.0000	0.0000	0.0000	-2.3340	0.0000	0.0000	-13.2240	0.0000	-7.5470	0.0000	0.0000
F9	6.8870	-76.9480	0.0000	57.0530	0.0210	0.0070	-3.6650	0.0090	0.0040	-40.6930	0.0000	0.0000	-0.0200	-2.8430	0.0090	-0.0040	-13.9530	0.0730	-7.3830	0.0670	-0.0100
Q1	5.6980	-80.8330	0.0000	60.5190	0.0000	0.0000	-2.7170	0.0000	0.0000	-39.0710	0.0000	0.0000	0.0000	-2.2690	0.0000	0.0000	-11.4020	0.0000	-8.0670	0.0000	0.0000
Q3	5.0490	-83.1600	0.0000	62.8110	-0.0200	-0.0020	-2.7630	-0.0090	0.0000	-41.4790	0.0000	0.0000	0.0070	-3.7170	0.0090	0.0320	-12.3900	0.1380	-7.7730	0.2880	0.0230
Q2	5.9110	-79.7170	0.0000	60.0910	0.0000	0.0000	-2.6980	0.0000	0.0000	-38.2700	0.0000	0.0000	0.0000	-2.9010	0.0000	0.0000	-11.1510	0.0000	-7.8050	0.0000	0.0000
Q5	5.5410	-80.3400	0.0000	61.7230	0.0000	0.0000	-2.7210	0.0000	0.0000	-37.2250	0.0000	0.0000	0.0000	-2.2700	0.0000	0.0000	-10.6880	0.0000	-8.4700	0.0000	0.0000
Q4	5.5830	-82.7350	0.0000	61.9940	0.0000	0.0000	-2.7790	0.0000	0.0000	-41.6690	0.0000	0.0000	0.0000	-3.6560	0.0000	0.0000	-12.1470	0.0000	-7.9300	0.0000	0.0000
Q7	6.3030	-86.2900	0.0000	63.0250	-0.0020	-0.0010	-2.5360	0.0230	-0.0060	-43.8680	0.0000	0.0000	-0.0100	-3.7950	-0.0030	-0.0870	-12.3560	0.0270	-8.2150	0.0410	0.0160
Q6	6.0230	-84.9080	0.0000	61.6820	-0.0170	0.0000	-2.5390	0.0050	0.0210	-43.7810	0.0000	0.0000	0.0030	-3.7540	-0.0020	-0.0280	-12.2030	0.0450	-8.3700	0.2500	0.0100
E11	5.5960	-76.0960	0.0000	57.7580	0.0000	0.0000	-3.6080	0.0000	0.0000	-39.9740	0.0000	0.0000	0.0000	-2.2000	0.0000	0.0000	-13.1000	0.0000	-8.3240	0.0000	0.0000
E10	6.2120	-77.4720	0.0000	57.2800	-0.0040	-0.0010	-3.6460	-0.0090	0.0020	-39.8500	0.0000	0.0000	0.0310	-2.1930	-0.0100	0.0080	-12.8900	0.0150	-7.2230	0.0820	-0.0310
E12	5.6310	-76.2560	0.0000	58.2260	0.0000	0.0030	-3.6060	-0.0130	-0.0050	-39.9180	0.0000	0.0000	-0.0030	-2.3210	0.0040	0.0020	-13.3580	0.0550	-8.2830	-0.0230	0.0310
C12	5.7220	-77.6280	0.0000	57.4230	0.0000	0.0010	-3.5880	-0.0230	0.0050	-41.3380	0.0000	0.0000	-0.0040	-2.2460	-0.0050	-0.0010	-13.3630	0.0260	-7.6350	-0.0070	-0.0150
C11	5.6200	-77.4970	0.0000	57.0340	0.0000	0.0000	-3.6140	0.0000	0.0000	-41.0740	0.0000	0.0000	0.0000	-2.2850	0.0000	0.0000	-13.0080	0.0000	-7.3230	0.0000	0.0000
C10	5.6680	-75.5090	0.0000	57.2720	-0.0040	0.0030	-3.6520	-0.0130	0.0330	-39.8510	0.0000	0.0000	0.0150	-2.2530	-0.0050	-0.0170	-13.3310	0.2020	-8.1900	-0.0630	-0.0060
A11	5.1420	-79.5680	0.0000	61.4910	0.0000	0.0000	-2.7880	0.0000	0.0000	-36.3340	0.0000	0.0000	0.0000	-2.2920	0.0000	0.0000	-10.7770	0.0000	-7.5430	0.0000	0.0000
A10	7.4030	-82.4120	0.0000	57.9360	0.0040	0.0000	-3.5910	-0.0250	0.0000	-44.1030	0.0000	0.0000	0.0210	-2.2270	0.0020	0.0000	-12.8290	0.0450	-8.4300	0.0080	-0.0070
A12	6.0880	-81.9630	0.0000	60.9800	0.0000	0.0000	-2.7600	0.0000	0.0000	-40.6530	0.0000	0.0000	0.0000	-3.5880	0.0000	0.0000	-11.5230	0.0000	-7.8860	0.0000	0.0000
A1	6.9140	-80.1590	0.0000	63.3200	0.0000	0.0000	-1.8920	0.0000	0.0000	-28.3050	0.0000	0.0000	0.0000	-1.3690	0.0000	0.0000	-7.2370	0.0000	-7.8810	0.0000	0.0000
A3	2.6550	-81.9010	0.0000	60.2830	-0.1000	0.0000	-2.6690	0.0150	-0.0280	-43.1100	0.0000	0.0000	0.0000	-2.2980	0.0310	-0.1900	-10.7370	0.1920	-9.0210	0.6620	-0.0050
A2	5.3190	-82.3970	0.0000	62.9570	0.0010	-0.0010	-2.7800	0.0000	0.0040	-40.9090	0.0000	0.0000	-0.0130	-3.6790	0.0180	-0.0010	-12.3650	0.0340	-7.9590	-0.0420	-0.0030
A5	5.9670	-82.8610	0.0000	60.9770	0.0040	0.0000	-2.7000	0.0020	0.0010	-40.8490	0.0000	0.0000	0.0000	-2.2610	-0.0010	-0.0100	-11.9440	0.0270	-8.0630	0.0170	-0.0060
A4	7.1110	-79.0120	0.0000	60.6530	0.0000	0.0000	-2.7610	0.0000	0.0000	-35.9160	0.0000	0.0000	0.0000	-2.2660	0.0000	0.0000	-11.3110	0.0000	-8.3300	0.0000	0.0000
A7	5.4010	-81.9890	0.0000	61.1630	0.0000	0.0000	-2.7660	0.0000	0.0000	-39.5950	0.0000	0.0000	0.0000	-2.3150	0.0000	0.0000	-11.3070	0.0000	-7.7820	0.0000	0.0000
A6	5.3080	-82.4060	0.0000	62.9340	-0.0010	0.0000	-2.7760	0.0240	-0.0040	-40.9110	0.0000	0.0000	0.0050	-3.6780	-0.0020	0.0050	-12.4110	0.1150	-7.9610	-0.0730	0.0060
A9	5.9240	-82.0670	0.0000	64.1990	0.1030	-0.1660	-2.8000	0.2900	-0.0060	-37.8710	0.0000	0.0000	0.0000	-5.1570	0.1280	0.0690	-11.1200	-0.1230	-7.2990	0.1550	-0.0020
A8	4.9830	-79.3270	0.0000	60.6440	0.0000	0.0000	-2.6900	0.0000	0.0000	-37.9850	0.0000	0.0000	0.0000	-2.2960	0.0000	0.0000	-10.8690	0.0000	-8.4290	0.0000	0.0000
D8	5.7600	-76.9690	0.0000	58.5060	0.0000	0.0000	-3.6080	0.0000	0.0000	-40.1700	0.0000	0.0000	0.0000	-2.3150	0.0000	0.0000	-13.2980	0.0000	-8.2460	0.0000	0.0000
D9	6.7730	-78.1330	0.0000	56.8410	0.3970	-0.0210	-3.5820	-0.2050	0.0660	-40.9830	0.0000	0.0000	0.3320	-2.3070	0.0810	0.0980	-12.9550	0.1170	-7.7990	-1.0310	0.3480
D6	6.1500	-78.3780	0.0000	57.3950	0.0000	0.0000	-3.6190	0.0000	0.0000	-41.2400	0.0000	0.0000	0.0000	-2.3160	0.0000	0.0000	-13.0750	0.0000	-7.3980	0.0000	0.0000
D7	5.8070	-77.7790	0.0000	57.5380	0.0000	0.0000	-3.6050	0.0000	0.0000	-41.2580	0.0000	0.0000	0.0000	-2.2400	0.0000	0.0000	-13.3580	0.0000	-7.6220	0.0000	0.0000
D4	6.7970	-77.6900	0.0000	57.3720	0.0000	0.0000	-3.6400	0.0000	0.0000	-39.4220	0.0000	0.0000	0.0000	-2.1620	0.0000	0.0000	-12.9660	0.0000	-7.1330	0.0000	0.0000
D5	6.8230	-77.7250	0.0000	57.4020	0.0000	0.0000	-3.6450	0.0000	0.0000	-39.4190	0.0000	0.0000	0.0000	-2.1630	0.0000	0.0000	-12.9690	0.0000	-7.1410	0.0000	0.0000
D2	6.0690	-75.8410	0.0000	56.7530	0.0000	0.0000	-3.6080	0.0000	0.0000	-40.4230	0.0000	0.0000	0.0000	-2.3280	0.0000	0.0000	-13.5030	0.0000	-7.9650	0.0000	0.0000
D3	6.2220	-77.8420	0.0000	57.1830	0.0000	0.0000	-3.6220	0.0000	0.0000	-40.5590	0.0000	0.0000	0.0000	-2.2230	0.0000	0.0000	-13.1080	0.0000	-7.1700	0.0000	0.0000
D1	5.6110	-76.0080	0.0000	57.9120	0.0000	0.0000	-3.6230	0.0000	0.0000	-39.9480	0.0000	0.0000	0.0000	-2.3200	0.0000	0.0000	-13.3480	0.0000	-8.1710	0.0000	0.0000
K12	5.0470	-77.5090	0.0000	61.7870	0.0000	0.0000	-3.6640	0.0000	0.0000	-40.0620	0.0000	0.0000	0.0000	-2.7920	0.0000	0.0000	-14.2750	0.0000	-8.6560	0.0000	0.0000
K11	3.8170	-73.1220	0.0000	57.5870	0.0000	0.0000	-3.6510	0.0000	0.0000	-38.0940	0.0000	0.0000	0.0000	-2.2700	0.0000	0.0000	-12.2860	0.0000	-8.1670	0.0000	0.0000
K10	4.2710	-77.8740	0.0000	58.9360	0.0000	0.0000	-3.6630	0.0000	0.0000	-40.8920	0.0000	0.0000	0.0000	-2.1490	0.0000	0.0000	-12.0720	0.0000	-8.3410	0.0000	0.0000
M3	4.4880	-76.7020	0.0000	57.4690	0.0000	0.0000	-3.6190	0.0000	0.0000	-40.8930	0.0000	0.0000	0.0000	-2.3000	0.0000	0.0000	-12.4150	0.0000	-7.8150	0.0000	0.0000
M2	4.9060	-76.2960	0.0000	58.3090	0.0000	0.0000	-3.6920	0.0000	0.0000	-41.4630	0.0000	0.0000	0.0000	-2.2380	0.0000	0.0000	-14.1070	0.0000	-8.3450	0.0000	0.0000
L10	4.1340	-77.3810	0.0000	59.1310	0.0020	0.0020	-3.6560	-0.0080	0.0040	-40.6720	0.0000	0.0000	-0.0010	-2.2150	-0.0090	0.0130	-12.4390	-0.0900	-8.2250	0.0700	-0.0040
L11	4.9230	-76.2910	0.0000	61.2220	0.0000	0.0000	-3.6740	0.0000	0.0000	-39.2300	0.0000	0.0000	0.0000	-2.9890	0.0000	0.0000	-14.3820	0.0000	-8.0380	0.0000	0.0000
L12	5.0470	-80.1250	0.0000	60.8850	0.0000	0.0000	-3.6030	0.0000	0.0000	-41.5940	0.0000	0.0000	0.0000	-2.1840	0.0000	0.0000	-12.6470	0.0000	-8.9670	0.0000	0.0000
K3	3.5970	-71.1910	0.0000	56.0330	0.0000	0.0000	-3.4530	0.0000	0.0000	-37.1330	0.0000	0.0000	0.0000	-2.1580	0.0000	0.0000	-11.7900	0.0000	-8.1720	0.0000	0.0000
K2	4.1750	-71.8720	0.0000	55.7270	0.0000	-0.0010	-3.5930	0.0120	-0.0010	-38.0410	0.0000	0.0000	-0.0190	-2.1650	0.0100	-0.0010	-12.0810	-0.1300	-8.1120	0.0050	0.0030
K1	5.7580	-78.0160	0.0000	56.9650	0.0000	0.0000	-3.6370	0.0000	0.0000	-42.3330	0.0000	0.0000	0.0000	-2.2670	0.0000	0.0000	-12.7820	0.0000	-8.3530	0.0000	0.0000
M6	5.5250	-78.5920	0.0000	58.6330	0.0000	0.0000	-3.6310	-0.0510	0.0680	-41.9910	0.0000	0.0000	0.0180	-2.1570	0.0030	-0.0010	-13.6100	0.0120	-8.1260	-0.0960	0.0120
K7	4.6830	-79.0040	0.0000	62.9790	0.0000	0.0000	-3.7140	0.0000	0.0000	-40.3670	0.0000	0.0000	0.0000	-2.8980	0.0000	0.0000	-14.0690	0.0000	-8.3450	0.0000	0.0000
K6	4.9270	-79.6390	0.0000	62.5350	0.0000	0.0000	-3.6830	0.0000	0.0000	-41.8320	0.0000	0.0000	0.0000	-2.9730	0.0000	0.0000	-13.9780	0.0000	-9.0210	0.0000	0.0000
K5	4.6300	-73.2540	0.0000	57.3440	0.0000	0.0000	-3.6560	0.0000	0.0000	-38.5390	0.0000	0.0000	0.0000	-2.2490	0.0000	0.0000	-13.4700	0.0000	-7.8840	0.0000	0.0000
K4	5.5850	-77.1850	0.0000	58.7820	0.0000	0.0000	-3.6690	0.0000	0.0000	-40.1520	0.0000	0.0000	0.0000	-2.2880	0.0000	0.0000	-13.1780	0.0000	-8.2000	0.0000	0.0000
K9	5.2070	-78.2980	0.0000	59.6630	0.0000	0.0000	-3.6910	0.0000	0.0000	-40.5680	0.0000	0.0000	0.0000	-2.2650	0.0000	0.0000	-12.5680	0.0000	-8.6150	0.0000	0.0000
K8	5.4970	-79.0350	0.0000	59.6040	0.0000	0.0010	-3.6860	0.0360	-0.0070	-41.0930	0.0000	0.0000	0.0070	-2.2570	0.0030	-0.0130	-12.5650	0.0360	-8.6420	-0.0690	-0.0060
M9	4.2490	-73.3470	0.0000	55.9250	0.0000	0.0000	-3.5940	0.0000	0.0000	-39.2050	0.0000	0.0000	0.0000	-2.1700	0.0000	0.0000	-12.0680	0.0000	-8.2000	0.0000	0.0000
M8	4.6880	-73.5810	0.0000	59.8460	0.0000	0.0000	-3.6610	0.0000	0.0000	-37.0200	0.0000	0.0000	0.0000	-2.2130	0.0000	0.0000	-13.8410	0.0000	-8.2580	0.0000	0.0000
I9	3.9950	-74.6520	0.0000	57.9290	0.0000	0.0000	-3.6570	0.0000	0.0000	-39.3070	0.0000	0.0000	0.0000	-2.2650	0.0000	0.0000	-12.4280	0.0000	-8.2310	0.0000	0.0000
I8	4.6370	-79.2800	0.0000	60.9040	0.0020	-0.0090	-3.6410	-0.0600	-0.0520	-41.4680	0.0000	0.0000	0.0180	-2.2720	0.0000	0.0030	-13.1410	0.1440	-8.7390	0.0040	0.0150
I1	3.9120	-71.4880	0.0000	54.1560	0.0000	0.0000	-3.5540	0.0170	-0.0290	-39.4370	0.0000	0.0000	0.0160	-2.1900	0.0210	-0.0010	-12.1970	-0.0050	-8.0800	0.0150	-0.0290
I3	4.2840	-78.5500	0.0000	58.4440	0.0000	0.0000	-3.6030	0.0000	0.0000	-42.1730	0.0000	0.0000	0.0000	-2.1770	0.0000	0.0000	-12.1310	0.0000	-8.4420	0.0000	0.0000
I2	3.8640	-72.3190	0.0000	56.0100	0.0000	0.0000	-3.5780	0.0000	0.0000	-38.3490	0.0000	0.0000	0.0000	-2.1640	0.0000	0.0000	-11.9670	0.0000	-8.1950	0.0000	0.0000
I5	4.7070	-80.1650	0.0000	62.0460	0.0000	0.0000	-3.6970	0.0000	0.0000	-42.1550	0.0000	0.0000	0.0000	-2.2570	0.0000	0.0000	-13.7960	0.0000	-8.9930	0.0000	0.0000
I4	4.0860	-75.1730	0.0000	57.8500	0.0000	0.0000	-3.6620	0.0000	0.0000	-39.4700	0.0000	0.0000	0.0000	-2.2360	0.0000	0.0000	-12.0530	0.0000	-8.2820	0.0000	0.0000
I7	4.8280	-79.1090	0.0000	60.9120	0.0000	0.0000	-3.6010	0.0000	0.0000	-40.7690	0.0000	0.0000	0.0000	-2.1810	0.0000	0.0000	-12.6650	0.0000	-8.9540	0.0000	0.0000
I6	5.1000	-80.4900	0.0000	61.0860	0.0000	0.0000	-3.6080	0.0000	0.0000	-41.9000	0.0000	0.0000	0.0000	-2.1860	0.0000	0.0000	-12.8490	0.0000	-8.9530	0.0000	0.0000
J12	4.9490	-80.6340	0.0000	62.8630	0.0000	0.0000	-3.7320	0.0000	0.0000	-42.3360	0.0000	0.0000	0.0000	-3.0340	0.0000	0.0000	-14.0970	0.0000	-8.6510	0.0000	0.0000
J10	5.1420	-78.9790	0.0000	60.1820	0.0000	0.0000	-3.6120	0.0000	0.0000	-41.2940	0.0000	0.0000	0.0000	-2.1890	0.0000	0.0000	-12.8360	0.0000	-9.0010	0.0000	0.0000
J11	3.9970	-76.1480	0.0000	59.0470	0.0000	0.0000	-3.6640	0.0000	0.0000	-39.4840	0.0000	0.0000	0.0000	-2.1500	0.0000	0.0000	-12.2320	0.0000	-8.3340	0.0000	0.0000
I11	5.4880	-79.0830	0.0000	61.0870	-0.0030	0.0020	-3.6930	-0.0290	-0.0190	-40.3220	0.0000	0.0000	0.0040	-2.2420	-0.0010	-0.0010	-13.3310	0.0570	-8.6360	0.0480	0.0310
I10	6.0210	-81.9140	0.0000	60.4440	0.0000	0.0000	-3.6500	0.0000	0.0000	-42.8080	0.0000	0.0000	0.0000	-2.3110	0.0000	0.0000	-12.8330	0.0000	-8.5650	0.0000	0.0000
I12	5.6010	-78.0170	0.0000	58.9620	0.0000	0.0000	-3.6440	0.0000	0.0000	-41.2230	0.0000	0.0000	0.0000	-2.2800	0.0000	0.0000	-13.4990	0.0000	-8.3450	0.0000	0.0000
L6	5.0580	-77.5040	0.0000	59.8950	0.0000	0.0000	-3.6370	0.0000	0.0000	-40.0090	0.0000	0.0000	0.0000	-2.2940	0.0000	0.0000	-12.6130	0.0000	-8.9130	0.0000	0.0000
L7	4.7350	-78.2210	0.0000	57.7230	0.0000	0.0000	-3.6260	0.0000	0.0000	-42.0700	0.0000	0.0000	0.0000	-2.2990	0.0000	0.0000	-12.3860	0.0000	-7.9950	0.0000	0.0000
L4	5.0690	-74.4400	0.0000	57.5800	0.0000	0.0000	-3.6690	0.0000	0.0000	-38.8440	0.0000	0.0000	0.0000	-2.2870	0.0000	0.0000	-13.0370	0.0000	-8.0600	0.0000	0.0000
L5	5.3220	-76.3260	0.0000	58.9130	0.0000	0.0000	-3.6670	0.0000	0.0000	-39.5290	0.0000	0.0000	0.0000	-2.2830	0.0000	0.0000	-13.1770	0.0000	-8.3110	0.0000	0.0000
L2	4.6260	-74.5800	0.0000	56.9350	0.0000	0.0000	-3.6080	0.0000	0.0000	-39.3980	0.0000	0.0000	0.0000	-2.1920	0.0000	0.0000	-12.4730	0.0000	-8.1060	0.0000	0.0000
L3	4.6390	-74.2510	0.0000	57.4210	0.0000	0.0000	-3.6530	0.0000	0.0000	-38.3810	0.0000	0.0000	0.0000	-2.2480	0.0000	0.0000	-12.3880	0.0000	-7.9020	0.0000	0.0000
L1	5.1310	-77.2810	0.0000	58.4910	0.0000	0.0000	-3.6910	0.0000	0.0000	-42.0730	0.0000	0.0000	0.0000	-2.2390	0.0000	0.0000	-14.1310	0.0000	-8.3530	0.0000	0.0000
N1	5.8200	-79.8930	0.0000	59.9220	0.0000	0.0000	-3.6660	0.0000	0.0000	-41.9670	0.0000	0.0000	0.0000	-2.2960	0.0000	0.0000	-13.9010	0.0000	-7.9520	0.0000	0.0000
N2	4.2680	-76.4600	0.0000	57.9420	0.0000	0.0000	-3.6550	0.0000	0.0000	-40.6230	0.0000	0.0000	0.0000	-2.2570	0.0000	0.0000	-12.1780	0.0000	-8.2810	0.0000	0.0000
N3	5.0880	-77.3580	0.0000	60.3950	0.0000	0.0000	-3.7160	0.0000	0.0000	-40.7750	0.0000	0.0000	0.0000	-2.2650	0.0000	0.0000	-14.4960	0.0000	-8.4240	0.0000	0.0000
N4	6.2930	-76.9130	0.0000	56.7010	-0.0010	-0.0010	-3.6470	-0.0060	-0.0020	-40.7110	0.0000	0.0000	-0.0040	-2.2450	0.0020	0.0060	-12.8340	0.0700	-8.0190	-0.1150	0.0070
L8	3.8360	-74.6870	0.0000	56.1920	0.0000	0.0000	-3.5900	0.0000	0.0000	-42.1190	0.0000	0.0000	0.0000	-2.2770	0.0000	0.0000	-12.5370	0.0000	-9.0560	0.0000	0.0000
L9	4.8720	-75.6760	0.0000	58.5530	0.0000	0.0000	-3.6840	0.0000	0.0000	-39.1480	0.0000	0.0000	0.0000	-2.2610	0.0000	0.0000	-12.3960	0.0000	-8.5570	0.0000	0.0000
M5	4.3710	-74.3820	0.0000	59.2490	0.0000	0.0000	-3.6600	0.0000	0.0000	-38.1630	0.0000	0.0000	0.0000	-2.2930	0.0000	0.0000	-12.6990	0.0000	-8.7480	0.0000	0.0000
J8	5.4320	-79.4710	0.0000	60.5630	0.0000	0.0000	-3.7130	0.0000	0.0000	-42.6400	0.0000	0.0000	0.0000	-2.2680	0.0000	0.0000	-14.7060	0.0000	-8.4770	0.0000	0.0000
J9	4.5850	-77.1630	0.0000	60.6420	0.0000	0.0000	-3.6760	0.0000	0.0000	-39.6300	0.0000	0.0000	0.0000	-2.3060	0.0000	0.0000	-12.8370	0.0000	-8.8740	0.0000	0.0000
M7	5.1580	-78.3900	0.0000	60.3290	0.0000	0.0000	-3.7140	0.0000	0.0000	-42.0250	0.0000	0.0000	0.0000	-2.2640	0.0000	0.0000	-14.6870	0.0000	-8.4560	0.0000	0.0000
M4	5.2930	-76.1430	0.0000	60.3350	-0.0010	-0.0060	-3.6730	0.1670	-0.0140	-39.4550	0.0000	0.0000	0.0610	-2.9580	-0.0460	-0.0410	-13.9260	-0.0230	-8.2270	-0.3290	0.0750
J4	4.9990	-78.1520	0.0000	60.7660	0.0000	0.0000	-3.6540	0.0000	0.0000	-40.3070	0.0000	0.0000	0.0000	-2.2790	0.0000	0.0000	-13.2530	0.0000	-8.7320	0.0000	0.0000
J5	5.1970	-81.7260	0.0000	63.2980	0.0000	0.0000	-3.7160	0.0000	0.0000	-43.0810	0.0000	0.0000	0.0000	-3.0630	0.0000	0.0000	-14.4340	0.0000	-8.6370	0.0000	0.0000
J6	4.6980	-78.0170	0.0000	62.3020	0.0000	0.0000	-3.6940	0.0000	0.0000	-40.0820	0.0000	0.0000	0.0000	-2.9160	0.0000	0.0000	-14.0040	0.0000	-8.4510	0.0000	0.0000
J7	5.3420	-78.6460	0.0000	60.8260	0.0000	0.0000	-3.6590	0.0000	0.0000	-41.3740	0.0000	0.0000	0.0000	-2.2890	0.0000	0.0000	-14.6800	0.0000	-8.2700	0.0000	0.0000
J1	4.5670	-74.8810	0.0000	56.3740	0.0000	0.0000	-3.5950	0.0000	0.0000	-39.4760	0.0000	0.0000	0.0000	-2.2890	0.0000	0.0000	-12.2910	0.0000	-7.3600	0.0000	0.0000
J2	4.5670	-75.3770	0.0000	57.6330	0.0000	0.0000	-3.6600	0.0000	0.0000	-39.5650	0.0000	0.0000	0.0000	-2.2500	0.0000	0.0000	-12.5190	0.0000	-7.9590	0.0000	0.0000
J3	5.3380	-75.9670	0.0000	57.0060	0.0070	-0.0010	-3.6310	-0.0100	0.0080	-40.7240	0.0000	0.0000	0.0360	-2.2270	-0.0030	-0.0040	-13.0090	-0.0770	-8.2560	0.0500	0.0160
M11	3.0840	-71.7760	0.0000	55.8530	0.0040	0.0030	-3.5490	0.0200	0.0220	-40.1860	0.0000	0.0000	-0.0140	-2.2820	0.0370	-0.0040	-12.3870	-0.0260	-9.1090	-0.0600	-0.0020
M10	4.3910	-76.0650	0.0000	57.2660	-0.0280	0.0080	-3.6120	-0.0090	-0.0260	-40.5140	0.0000	0.0000	0.0000	-2.2240	0.0390	0.1830	-12.4640	0.1330	-8.1450	0.0480	-0.0100
M12	4.8840	-74.3220	0.0000	59.3340	0.0000	0.0000	-3.6590	0.0000	0.0000	-37.9880	0.0000	0.0000	0.0000	-2.2970	0.0000	0.0000	-13.9740	0.0000	-7.9550	0.0000	0.0000
M1	5.5120	-76.8300	0.0000	56.7390	0.0000	0.0000	-3.6380	0.0000	0.0000	-41.5570	0.0000	0.0000	0.0000	-2.2540	0.0000	0.0000	-12.7220	0.0000	-8.3640	0.0000	0.0000
