G7	6.4170	-81.4570	0.0000	59.4270	0.0010	0.0020	-2.8470	-0.0040	0.0100	-41.6920	0.0000	0.0000	-0.0010	-2.7880	-0.0020	-0.0150	-12.5700	0.0390	-7.9290	0.0200	0.0050
G6	5.3000	-81.0870	0.0000	59.2060	0.0000	0.0000	-3.6100	0.0000	0.0000	-43.4430	0.0000	0.0000	0.0000	-3.6660	0.0000	0.0000	-11.9350	0.0000	-7.6510	0.0000	0.0000
G5	5.8960	-81.3980	0.0000	59.0910	0.1310	-0.0030	-3.6460	-0.0980	-0.0430	-43.5860	0.0000	0.0000	-0.0890	-3.6570	0.1260	0.0340	-12.7870	0.2730	-7.4590	-0.0330	0.0750
G4	9.7710	-89.6320	0.0000	59.1460	-0.0160	0.0010	-3.6210	-0.0250	0.0030	-48.4840	0.0000	0.0000	-0.0150	-3.1060	0.0040	-0.0300	-13.6850	0.1490	-7.3880	0.0060	-0.0480
G3	8.9370	-87.8930	0.0000	60.2770	0.0000	0.0000	-3.6620	0.0000	0.0000	-46.8250	0.0000	0.0000	0.0000	-2.2820	0.0000	0.0000	-13.8160	0.0000	-8.3860	0.0000	0.0000
G2	7.0570	-86.3050	0.0000	60.6550	0.0000	0.0000	-3.6840	0.0000	0.0000	-46.2380	0.0000	0.0000	0.0000	-3.0010	0.0000	0.0000	-13.3590	0.0000	-7.6020	0.0000	0.0000
G1	7.2570	-85.3970	0.0000	60.2550	0.0000	0.0000	-2.8640	0.0000	0.0000	-44.4540	0.0000	0.0000	0.0000	-2.3580	0.0000	0.0000	-12.9350	0.0000	-8.4110	0.0000	0.0000
G9	6.3830	-82.6590	0.0000	59.1320	0.0000	0.0000	-3.6520	0.0000	0.0000	-44.3960	0.0000	0.0000	0.0000	-3.1870	0.0000	0.0000	-12.8120	0.0000	-7.6010	0.0000	0.0000
G8	4.6630	-80.0830	0.0000	60.1380	0.0000	0.0000	-2.8550	0.0000	0.0000	-41.2950	0.0000	0.0000	0.0000	-2.2830	0.0000	0.0000	-12.6860	0.0000	-8.1890	0.0000	0.0000
N6	4.2610	-86.1290	0.0000	64.4120	-0.1080	-0.0030	-2.8210	-0.0100	0.0190	-42.5430	0.0000	0.0000	-0.0470	-2.2910	0.0000	-0.0260	-10.6390	-0.4900	-9.0570	0.3840	0.0040
N7	5.2620	-84.4030	0.0000	63.0620	0.0000	0.0000	-2.7970	0.0000	0.0000	-41.7990	0.0000	0.0000	0.0000	-2.3430	0.0000	0.0000	-11.8570	0.0000	-8.7250	0.0000	0.0000
B4	8.6850	-88.2780	0.0000	62.7120	0.0000	0.0000	-2.8930	0.0000	0.0000	-44.1510	0.0000	0.0000	0.0000	-3.0060	0.0000	0.0000	-12.9860	0.0000	-8.3840	0.0000	0.0000
B5	5.5610	-85.9250	0.0000	61.9250	0.0000	0.0000	-2.8210	0.0000	0.0000	-44.3550	0.0000	0.0000	0.0000	-2.3270	0.0000	0.0000	-11.6690	0.0000	-9.0980	0.0000	0.0000
B6	6.4410	-86.7330	0.0000	62.9270	0.0000	0.0000	-3.6660	0.0000	0.0000	-45.5740	0.0000	0.0000	0.0000	-2.3090	0.0000	0.0000	-13.8550	0.0000	-8.3800	0.0000	0.0000
B7	6.9660	-83.5300	0.0000	56.7840	0.0000	0.0000	-3.6520	0.0000	0.0000	-45.6220	0.0000	0.0000	0.0000	-2.1160	0.0000	0.0000	-13.0640	0.0000	-7.0110	0.0000	0.0000
B1	5.0550	-84.1420	0.0000	61.1710	0.0040	-0.0080	-3.4160	-0.0230	0.0670	-45.2630	0.0000	0.0000	-0.0200	-2.3610	-0.0070	-0.3780	-12.7860	0.3760	-8.5760	-0.2190	0.0010
B2	9.6760	-86.1010	0.0000	56.5970	-0.0170	0.0010	-3.6850	0.0240	-0.0050	-45.9390	0.0000	0.0000	0.0010	-2.3060	0.0000	-0.2850	-12.0640	0.2330	-7.8760	-0.0980	-0.0320
B3	7.0700	-87.3430	0.0000	63.6410	0.0000	0.0000	-2.8420	0.0000	0.0000	-43.0560	0.0000	0.0000	0.0000	-3.4830	0.0000	0.0000	-11.4890	0.0000	-8.6110	0.0000	0.0000
B8	5.9900	-83.8690	0.0000	59.3190	0.1390	-0.0110	-3.9640	0.0480	-0.0850	-45.4630	0.0000	0.0000	-0.0610	-1.9810	0.0310	-0.1460	-13.2670	0.6770	-8.4720	0.3830	-0.1950
B9	8.1680	-85.2730	0.0000	61.4830	-0.0030	-0.0020	-3.6310	-0.0220	0.0150	-44.7140	0.0000	0.0000	-0.0040	-3.3670	-0.0080	0.0080	-14.5700	0.3140	-7.6610	-0.1350	-0.0270
N5	6.4710	-83.6460	0.0000	60.5700	0.0000	0.0000	-3.6940	0.0000	0.0000	-43.9720	0.0000	0.0000	0.0000	-2.3120	0.0000	0.0000	-12.3670	0.0000	-8.9960	0.0000	0.0000
P10	5.6190	-87.9900	0.0000	65.1670	-0.0010	0.0000	-2.8140	-0.0010	0.0000	-44.5830	0.0000	0.0000	-0.0060	-3.7900	-0.0060	-0.0030	-12.1160	0.0310	-8.6680	-0.0160	0.0110
P11	5.8270	-86.2560	0.0000	60.9700	0.0000	0.0000	-2.8090	0.0000	0.0000	-44.7740	0.0000	0.0000	0.0000	-2.3460	0.0000	0.0000	-11.4190	0.0000	-8.7410	0.0000	0.0000
P12	5.7970	-86.6980	0.0000	62.6720	0.0000	0.0000	-2.8140	0.0000	0.0000	-44.2210	0.0000	0.0000	0.0000	-2.3400	0.0000	0.0000	-11.7590	0.0000	-9.0810	0.0000	0.0000
E9	7.7540	-84.6280	0.0000	60.0550	0.0000	0.0000	-3.5610	0.0000	0.0000	-44.3600	0.0000	0.0000	0.0000	-2.3220	0.0000	0.0000	-13.4180	0.0000	-8.2390	0.0000	0.0000
E8	6.4880	-83.8450	0.0000	61.8890	0.0000	0.0000	-3.5090	0.0000	0.0000	-43.3900	0.0000	0.0000	0.0000	-2.2960	0.0000	0.0000	-13.8200	0.0000	-8.2980	0.0000	0.0000
E5	7.0930	-85.0660	0.0000	60.5940	0.0000	0.0000	-2.8700	0.0000	0.0000	-43.9220	0.0000	0.0000	0.0000	-2.3590	0.0000	0.0000	-12.9930	0.0000	-8.3210	0.0000	0.0000
E4	5.7920	-83.6820	0.0000	60.0630	0.0000	0.0000	-2.8380	0.0000	0.0000	-44.2900	0.0000	0.0000	0.0000	-2.2750	0.0000	0.0000	-12.9530	0.0000	-8.3960	0.0000	0.0000
E7	7.2280	-84.0270	0.0000	59.7810	0.0000	0.0000	-3.6950	0.0000	0.0000	-43.9750	0.0000	0.0000	0.0000	-2.2770	0.0000	0.0000	-13.2500	0.0000	-7.7350	0.0000	0.0000
E6	8.0830	-85.8160	0.0000	59.9560	0.0000	0.0000	-3.6550	0.0000	0.0000	-45.0870	0.0000	0.0000	0.0000	-2.3120	0.0000	0.0000	-13.3520	0.0000	-7.9910	0.0000	0.0000
E1	7.9100	-85.7520	0.0000	60.2680	-0.0100	0.0070	-3.6050	-0.0370	-0.0640	-45.6340	0.0000	0.0000	-0.0250	-3.6370	0.0300	0.0570	-12.7400	0.4550	-8.2100	-0.3290	0.0450
P8	5.9610	-86.5100	0.0000	65.8400	0.0000	0.0000	-2.8100	0.0000	0.0000	-42.2450	0.0000	0.0000	0.0000	-3.5580	0.0000	0.0000	-12.3140	0.0000	-8.8540	0.0000	0.0000
E3	7.5130	-86.5270	0.0000	60.0300	0.0000	0.0000	-3.6820	0.0000	0.0000	-46.7930	0.0000	0.0000	0.0000	-2.3010	0.0000	0.0000	-13.5570	0.0000	-8.2710	0.0000	0.0000
E2	7.5400	-86.5980	0.0000	60.0880	0.0000	0.0000	-3.6810	0.0000	0.0000	-46.7880	0.0000	0.0000	0.0000	-2.3000	0.0000	0.0000	-13.5640	0.0000	-8.2720	0.0000	0.0000
P2	5.6230	-89.2900	0.0000	64.1880	-0.1330	0.0350	-2.9550	-0.0020	-0.1130	-45.3290	0.0000	0.0000	0.3480	-3.1560	-0.0880	-0.3040	-10.2830	-1.7670	-8.8400	1.9900	-0.5790
P3	5.7640	-89.0680	0.0000	65.3320	0.0000	0.0000	-2.8150	0.0000	0.0000	-45.6950	0.0000	0.0000	0.0000	-3.6370	0.0000	0.0000	-12.5280	0.0000	-8.7430	0.0000	0.0000
P1	5.2700	-88.7210	0.0000	64.4850	0.0000	0.0000	-2.7380	0.0000	0.0000	-46.8520	0.0000	0.0000	0.0000	-3.7110	0.0000	0.0000	-12.6030	0.0000	-8.8340	0.0000	0.0000
P6	5.8290	-86.4920	0.0000	62.5400	0.0000	0.0000	-2.7950	0.0000	0.0000	-43.5580	0.0000	0.0000	0.0000	-2.3370	0.0000	0.0000	-11.6720	0.0000	-8.6300	0.0000	0.0000
P7	5.7340	-88.2650	0.0000	64.8340	0.0100	0.0000	-2.8060	0.0050	0.0170	-44.8810	0.0000	0.0000	-0.0040	-3.8690	0.0020	0.0240	-12.0190	-0.0640	-8.4680	-0.0070	0.0000
P4	5.7610	-88.7270	0.0000	64.9300	0.0000	0.0000	-2.7980	0.0000	0.0000	-45.3790	0.0000	0.0000	0.0000	-3.5600	0.0000	0.0000	-12.3520	0.0000	-8.6340	0.0000	0.0000
P5	5.6860	-86.5120	0.0000	64.9580	0.0000	0.0000	-2.7820	0.0000	0.0000	-43.5000	0.0000	0.0000	0.0000	-3.5440	0.0000	0.0000	-12.3690	0.0000	-8.9370	0.0000	0.0000
H10	5.8930	-88.3150	0.0000	63.9710	-0.0700	0.0060	-2.6330	0.0210	-0.0010	-45.5180	0.0000	0.0000	-0.0320	-3.7140	0.0000	0.0310	-12.0000	0.1570	-8.8520	0.0120	0.0070
H11	6.2660	-87.6280	0.0000	63.4250	0.0310	-0.0310	-2.6510	0.0130	0.0070	-44.6360	0.0000	0.0000	0.0150	-3.5980	0.0010	0.0480	-10.9500	-0.3720	-9.1590	-0.0390	-0.0160
H12	7.0060	-92.3800	0.0000	67.3610	0.0000	0.0000	-2.6780	0.0000	0.0000	-47.0870	0.0000	0.0000	0.0000	-4.5780	0.0000	0.0000	-12.8150	0.0000	-9.0030	0.0000	0.0000
P9	5.4960	-87.3210	0.0000	65.3010	0.0000	0.0000	-2.8230	0.0000	0.0000	-43.9340	0.0000	0.0000	0.0000	-3.7750	0.0000	0.0000	-12.0720	0.0000	-8.7390	0.0000	0.0000
F12	9.8150	-90.3910	0.0000	59.6230	0.0000	0.0000	-3.6430	0.0000	0.0000	-48.3030	0.0000	0.0000	0.0000	-2.2980	0.0000	0.0000	-13.1270	0.0000	-8.2810	0.0000	0.0000
F10	7.7540	-87.4050	0.0000	60.4230	0.0710	0.0000	-3.6860	0.0090	0.0470	-46.6550	0.0000	0.0000	-0.0290	-2.2390	0.0000	-0.0510	-13.3460	0.0010	-8.1680	0.0110	-0.0460
F11	8.3550	-88.5930	0.0000	61.1320	0.0000	0.0000	-3.6770	0.0000	0.0000	-47.0400	0.0000	0.0000	0.0000	-2.3060	0.0000	0.0000	-13.7540	0.0000	-8.1950	0.0000	0.0000
N12	5.7900	-86.1380	0.0000	63.8730	0.0000	0.0000	-2.8180	0.0000	0.0000	-41.9540	0.0000	0.0000	0.0000	-2.3310	0.0000	0.0000	-11.7580	0.0000	-8.5730	0.0000	0.0000
H8	5.4800	-86.4470	0.0000	64.7490	0.0000	0.0000	-2.8170	0.0000	0.0000	-41.6760	0.0000	0.0000	0.0000	-2.3260	0.0000	0.0000	-11.7270	0.0000	-8.5880	0.0000	0.0000
H9	5.5790	-86.9370	0.0000	64.5310	0.0000	0.0000	-2.8230	0.0000	0.0000	-42.2940	0.0000	0.0000	0.0000	-2.3260	0.0000	0.0000	-11.7250	0.0000	-8.5900	0.0000	0.0000
H6	5.7800	-86.9680	0.0000	64.5170	0.0000	0.0000	-2.8330	0.0000	0.0000	-42.0400	0.0000	0.0000	0.0000	-2.3340	0.0000	0.0000	-11.6350	0.0000	-8.5670	0.0000	0.0000
H7	6.9260	-84.0400	0.0000	60.4380	0.0000	0.0000	-2.7970	0.0000	0.0000	-41.7920	0.0000	0.0000	0.0000	-2.3280	0.0000	0.0000	-11.3270	0.0000	-8.6620	0.0000	0.0000
H4	3.8330	-83.4720	0.0000	60.2360	0.0110	-0.0050	-2.7800	-0.0140	0.0450	-45.1810	0.0000	0.0000	-0.0630	-2.3700	-0.0100	0.0460	-12.1910	-0.0400	-8.4840	0.0770	0.0000
H5	4.9950	-84.4920	0.0000	60.8120	0.0000	0.0000	-2.8120	0.0000	0.0000	-44.1580	0.0000	0.0000	0.0000	-2.3430	0.0000	0.0000	-11.4970	0.0000	-8.8200	0.0000	0.0000
D10	6.3120	-85.7010	0.0000	60.1100	0.0000	0.0000	-3.6600	0.0000	0.0000	-46.8090	0.0000	0.0000	0.0000	-2.3050	0.0000	0.0000	-13.4790	0.0000	-8.0870	0.0000	0.0000
D11	6.9770	-84.0390	0.0000	58.0290	0.0070	-0.0010	-3.6720	0.0450	-0.0150	-46.0660	0.0000	0.0000	0.0040	-2.2180	-0.0010	0.0050	-13.1980	-0.0900	-7.9510	0.0440	0.0080
D12	7.5010	-85.7830	0.0000	59.2680	0.0000	0.0000	-3.6940	0.0000	0.0000	-46.2880	0.0000	0.0000	0.0000	-2.2780	0.0000	0.0000	-13.6440	0.0000	-7.6580	0.0000	0.0000
B12	8.7050	-85.9630	0.0000	62.4740	0.0000	0.0000	-3.6850	0.0000	0.0000	-43.9390	0.0000	0.0000	0.0000	-3.3250	0.0000	0.0000	-14.4520	0.0000	-7.6930	0.0000	0.0000
B10	8.4210	-86.6300	0.0000	61.9520	0.0000	0.0000	-3.6690	0.0000	0.0000	-44.7210	0.0000	0.0000	0.0000	-3.3630	0.0000	0.0000	-14.5640	0.0000	-6.8670	0.0000	0.0000
B11	6.9820	-86.7870	0.0000	61.7620	0.0000	0.0000	-3.6840	0.0000	0.0000	-46.0590	0.0000	0.0000	0.0000	-3.2630	0.0000	0.0000	-13.3630	0.0000	-7.7070	0.0000	0.0000
Q8	5.1520	-87.1010	0.0000	64.6950	0.0000	0.0000	-3.1770	0.0000	0.0000	-46.7150	0.0000	0.0000	0.0000	-3.8100	0.0000	0.0000	-13.6700	0.0000	-8.8020	0.0000	0.0000
Q9	6.2370	-85.9690	0.0000	62.2860	0.0000	0.0000	-2.7920	0.0000	0.0000	-42.7820	0.0000	0.0000	0.0000	-2.3450	0.0000	0.0000	-11.5680	0.0000	-8.6290	0.0000	0.0000
C9	5.7910	-82.5430	0.0000	59.1290	0.0000	0.0000	-2.8190	0.0000	0.0000	-43.9190	0.0000	0.0000	0.0000	-2.2840	0.0000	0.0000	-12.9610	0.0000	-8.2310	0.0000	0.0000
C8	7.2030	-85.9280	0.0000	59.3750	-0.0060	0.0060	-2.8570	0.0490	0.0210	-44.8830	0.0000	0.0000	0.0630	-2.2410	-0.0270	0.4550	-12.1880	-0.0770	-8.4450	-0.2920	0.0080
Q11	5.7850	-88.0670	0.0000	62.8160	0.0000	0.0000	-2.8210	0.0000	0.0000	-45.4800	0.0000	0.0000	0.0000	-2.3280	0.0000	0.0000	-11.7960	0.0000	-9.0690	0.0000	0.0000
Q10	5.6480	-89.2600	0.0000	64.2070	-0.1380	0.0350	-2.9660	-0.0200	-0.1270	-45.2960	0.0000	0.0000	0.3460	-3.1610	-0.0980	-0.2870	-10.3350	-1.6870	-8.8520	1.9940	-0.5960
Q12	10.3110	-89.6700	0.0000	64.5310	0.0000	0.0000	-2.8780	0.0000	0.0000	-41.5580	0.0000	0.0000	0.0000	-3.6940	0.0000	0.0000	-11.9970	0.0000	-8.1600	0.0000	0.0000
C3	8.5320	-85.3350	0.0000	61.3950	0.0000	0.0000	-3.6790	0.0000	0.0000	-44.2570	0.0000	0.0000	0.0000	-3.2070	0.0000	0.0000	-14.4110	0.0000	-7.5510	0.0000	0.0000
C2	8.3650	-85.4940	0.0000	61.3650	-0.0070	-0.0050	-3.6530	-0.0530	0.0010	-44.6730	0.0000	0.0000	0.0050	-3.3380	-0.0080	0.0010	-14.5260	0.3020	-7.5430	-0.0850	-0.0010
C1	8.0310	-86.1510	0.0000	61.6010	0.0000	0.0000	-3.6780	0.0000	0.0000	-45.0510	0.0000	0.0000	0.0000	-3.4040	0.0000	0.0000	-14.5850	0.0000	-6.8660	0.0000	0.0000
C7	5.5450	-81.2870	0.0000	61.0480	0.0000	0.0000	-3.6320	0.0000	0.0000	-41.8440	0.0000	0.0000	0.0000	-3.3040	0.0000	0.0000	-12.3850	0.0000	-7.8280	0.0000	0.0000
C6	5.5840	-81.9790	0.0000	60.6360	0.0000	0.0000	-3.6150	0.0000	0.0000	-42.8570	0.0000	0.0000	0.0000	-3.2560	0.0000	0.0000	-12.4520	0.0000	-7.7740	0.0000	0.0000
C5	5.7460	-83.5390	0.0000	59.3770	0.0000	0.0000	-2.8380	0.0000	0.0000	-44.8270	0.0000	0.0000	0.0000	-2.2670	0.0000	0.0000	-13.0290	0.0000	-8.2790	0.0000	0.0000
C4	6.3530	-82.4230	0.0000	59.7780	-0.0140	0.0010	-3.6710	0.0490	-0.0350	-44.0330	0.0000	0.0000	0.0420	-3.6310	-0.0300	-0.0100	-12.8000	0.0020	-7.6130	-0.0070	-0.0250
N10	6.6410	-84.5090	0.0000	62.0320	0.0000	0.0000	-2.7910	0.0000	0.0000	-40.8510	0.0000	0.0000	0.0000	-2.3340	0.0000	0.0000	-11.5610	0.0000	-8.3300	0.0000	0.0000
N8	6.5280	-85.6110	0.0000	61.0530	0.0000	0.0000	-3.6880	0.0000	0.0000	-45.1990	0.0000	0.0000	0.0000	-2.3220	0.0000	0.0000	-12.2960	0.0000	-8.8640	0.0000	0.0000
N9	6.6330	-85.6770	0.0000	61.1990	0.0000	0.0000	-3.6940	0.0000	0.0000	-44.8510	0.0000	0.0000	0.0000	-2.3140	0.0000	0.0000	-12.1550	0.0000	-8.8430	0.0000	0.0000
N11	7.2750	-87.6150	0.0000	60.5990	0.0000	0.0000	-2.8080	0.0000	0.0000	-46.9580	0.0000	0.0000	0.0000	-3.7280	0.0000	0.0000	-12.3100	0.0000	-8.3720	0.0000	0.0000
G12	6.5240	-85.3550	0.0000	60.2760	0.0000	0.0000	-3.6620	0.0000	0.0000	-46.0710	0.0000	0.0000	0.0000	-2.3190	0.0000	0.0000	-13.4250	0.0000	-8.1100	0.0000	0.0000
G11	7.6740	-85.2840	0.0000	61.3760	0.0000	0.0000	-3.6120	0.0000	0.0000	-44.0440	0.0000	0.0000	0.0000	-2.7390	0.0000	0.0000	-13.5230	0.0000	-7.9360	0.0000	0.0000
G10	7.6270	-80.6820	0.0000	59.7690	0.2080	-0.0060	-3.5260	-0.0050	-0.0150	-42.4840	0.0000	0.0000	-0.0590	-3.7690	0.0200	-0.2870	-13.4720	0.6250	-8.2390	-0.5980	-0.0760
F1	7.8910	-84.4200	0.0000	58.8440	0.0000	0.0000	-3.6820	0.0000	0.0000	-45.0670	0.0000	0.0000	0.0000	-2.2540	0.0000	0.0000	-13.6400	0.0000	-7.8060	0.0000	0.0000
F2	7.6360	-85.8170	0.0000	59.8860	0.0000	0.0010	-3.6170	0.0420	-0.0660	-45.3400	0.0000	0.0000	-0.0170	-2.3090	0.0010	0.0020	-13.2050	0.1100	-8.0280	0.0640	-0.0220
F3	7.5820	-84.6860	0.0000	59.7870	0.0000	0.0000	-3.6690	0.0000	0.0000	-44.4480	0.0000	0.0000	0.0000	-3.1300	0.0000	0.0000	-12.7190	0.0000	-7.6150	0.0000	0.0000
F4	8.2260	-86.5870	0.0000	62.0100	0.0000	0.0000	-3.6780	0.0000	0.0000	-44.2460	0.0000	0.0000	0.0000	-3.4420	0.0000	0.0000	-13.8190	0.0000	-6.9560	0.0000	0.0000
F5	6.2600	-85.4880	0.0000	59.3430	0.0000	0.0000	-2.8520	0.0000	0.0000	-46.2620	0.0000	0.0000	0.0000	-2.2750	0.0000	0.0000	-12.8590	0.0000	-8.3900	0.0000	0.0000
F6	7.2960	-86.1590	0.0000	60.1250	0.0000	0.0000	-2.8630	0.0000	0.0000	-45.1010	0.0000	0.0000	0.0000	-2.3590	0.0000	0.0000	-12.8040	0.0000	-8.3380	0.0000	0.0000
F7	7.9270	-86.0770	0.0000	59.8970	0.0000	0.0000	-3.6280	0.0000	0.0000	-45.6190	0.0000	0.0000	0.0000	-2.3160	0.0000	0.0000	-13.3890	0.0000	-8.0320	0.0000	0.0000
F8	7.8650	-85.7400	0.0000	59.7260	0.0000	0.0000	-3.6670	0.0000	0.0000	-45.6390	0.0000	0.0000	0.0000	-2.3180	0.0000	0.0000	-13.3400	0.0000	-8.1650	0.0000	0.0000
F9	8.3620	-86.4510	0.0000	61.3460	0.0000	0.0000	-3.6880	0.0000	0.0000	-45.5400	0.0000	0.0000	0.0000	-3.3860	0.0000	0.0000	-14.3880	0.0000	-7.3340	0.0000	0.0000
Q1	4.5420	-85.1670	0.0000	63.3470	0.2820	-0.0010	-2.8100	-0.0850	-0.0110	-42.6050	0.0000	0.0000	-0.0100	-2.2480	0.0310	0.0990	-10.8420	-0.6050	-9.0260	-0.0370	-0.0630
Q3	6.2630	-86.8600	0.0000	63.2770	0.0000	0.0000	-2.8060	0.0000	0.0000	-42.8560	0.0000	0.0000	0.0000	-2.3420	0.0000	0.0000	-11.7510	0.0000	-8.6370	0.0000	0.0000
Q2	6.2400	-86.1870	0.0000	62.7500	0.0000	0.0000	-2.8000	0.0000	0.0000	-42.4590	0.0000	0.0000	0.0000	-2.3430	0.0000	0.0000	-11.5790	0.0000	-8.5390	0.0000	0.0000
Q5	5.5080	-89.2140	0.0000	64.1720	-0.1280	0.0360	-2.9690	-0.0260	-0.1020	-45.3330	0.0000	0.0000	0.3470	-3.1670	-0.0880	-0.2960	-10.3050	-1.7320	-8.8630	2.0870	-0.5920
Q4	5.7770	-85.7840	0.0000	61.2740	0.0000	0.0000	-2.8110	0.0000	0.0000	-44.2550	0.0000	0.0000	0.0000	-2.3470	0.0000	0.0000	-11.4610	0.0000	-8.9020	0.0000	0.0000
Q7	8.8300	-91.1170	0.0000	63.4730	0.0000	0.0000	-2.7870	0.0000	0.0000	-43.7740	0.0000	0.0000	0.0000	-2.3170	0.0000	0.0000	-11.8640	0.0000	-7.9940	0.0000	0.0000
Q6	7.3710	-90.8310	0.0000	61.9090	0.0000	0.0000	-2.8020	0.0000	0.0000	-46.5700	0.0000	0.0000	0.0000	-2.2310	0.0000	0.0000	-11.7760	0.0000	-8.2090	0.0000	0.0000
E11	6.4010	-84.2460	0.0000	60.2200	0.0000	0.0000	-3.6190	0.0000	0.0000	-45.2400	0.0000	0.0000	0.0000	-2.1980	0.0000	0.0000	-13.7080	0.0000	-8.0910	0.0000	0.0000
E10	8.7360	-85.4580	0.0000	61.7840	0.0000	0.0000	-3.6810	0.0000	0.0000	-43.9600	0.0000	0.0000	0.0000	-3.2690	0.0000	0.0000	-14.4780	0.0000	-7.5960	0.0000	0.0000
E12	6.5430	-84.7130	0.0000	61.7270	0.0000	0.0000	-3.6180	0.0000	0.0000	-44.1230	0.0000	0.0000	0.0000	-2.2000	0.0000	0.0000	-13.7230	0.0000	-8.1380	0.0000	0.0000
C12	8.0420	-83.5000	0.0000	59.4890	0.0010	0.0010	-3.6630	0.0290	0.0080	-43.2070	0.0000	0.0000	0.0150	-2.3250	0.0000	-0.0190	-13.3320	0.0060	-7.9340	-0.0460	0.0210
C11	7.8130	-85.8410	0.0000	59.5210	0.0000	0.0000	-3.6790	0.0000	0.0000	-45.1390	0.0000	0.0000	0.0000	-2.2870	0.0000	0.0000	-13.0970	0.0000	-7.5690	0.0000	0.0000
C10	7.1020	-84.7550	0.0000	59.9840	0.0000	0.0000	-2.8670	0.0000	0.0000	-43.9750	0.0000	0.0000	0.0000	-2.3590	0.0000	0.0000	-12.8120	0.0000	-8.2700	0.0000	0.0000
A11	4.9150	-86.5270	0.0000	64.2990	0.0000	0.0000	-2.8040	0.0000	0.0000	-44.6540	0.0000	0.0000	0.0000	-3.6960	0.0000	0.0000	-12.0290	0.0000	-8.8120	0.0000	0.0000
A10	7.3720	-91.6730	0.0000	60.8910	0.0000	0.0000	-2.7340	0.0000	0.0000	-50.1570	0.0000	0.0000	0.0000	-2.2430	0.0000	0.0000	-12.1920	0.0000	-9.5780	0.0000	0.0000
A12	6.3200	-84.6920	0.0000	61.3360	0.0000	0.0000	-2.7920	0.0000	0.0000	-42.6190	0.0000	0.0000	0.0000	-2.3390	0.0000	0.0000	-11.7680	0.0000	-8.6850	0.0000	0.0000
A1	6.4300	-87.2450	0.0000	66.1680	0.0000	0.0000	-1.8250	0.0000	0.0000	-35.7890	0.0000	0.0000	0.0000	-1.8610	0.0000	0.0000	-9.0160	0.0000	-8.4410	0.0000	0.0000
A3	5.1520	-85.8790	0.0000	61.9150	0.0000	0.0000	-2.8290	0.0000	0.0000	-44.7590	0.0000	0.0000	0.0000	-2.3390	0.0000	0.0000	-11.7860	0.0000	-8.9920	0.0000	0.0000
A2	5.9340	-85.6790	0.0000	63.1090	-0.0050	-0.0010	-2.7940	0.0120	-0.0020	-42.0650	0.0000	0.0000	-0.0090	-2.3540	0.0000	-0.0080	-11.5790	0.0790	-8.7340	-0.0360	0.0030
A5	6.2080	-88.3090	0.0000	62.9940	0.0000	0.0000	-2.8220	0.0000	0.0000	-45.1770	0.0000	0.0000	0.0000	-2.3360	0.0000	0.0000	-11.7470	0.0000	-9.1670	0.0000	0.0000
A4	6.0290	-86.2830	0.0000	64.6020	0.0000	0.0000	-2.7990	0.0000	0.0000	-43.6950	0.0000	0.0000	0.0000	-3.4510	0.0000	0.0000	-12.6950	0.0000	-9.0990	0.0000	0.0000
A7	6.4470	-88.4070	0.0000	63.6750	-0.0040	-0.0020	-2.7270	-0.0030	0.0000	-44.0850	0.0000	0.0000	0.0000	-2.3940	0.0090	0.1320	-11.8830	0.2870	-9.1770	-0.0440	0.0040
A6	5.7790	-84.5830	0.0000	61.7080	0.0000	0.0000	-2.7950	0.0000	0.0000	-42.0760	0.0000	0.0000	0.0000	-2.3470	0.0000	0.0000	-11.2880	0.0000	-8.5490	0.0000	0.0000
A9	7.3650	-89.3610	0.0000	69.0210	0.0000	0.0000	-2.8160	0.0000	0.0000	-40.7840	0.0000	0.0000	0.0000	-3.8530	0.0000	0.0000	-12.2150	0.0000	-8.9230	0.0000	0.0000
A8	5.1460	-85.1950	0.0000	63.1170	0.0010	0.0000	-2.7950	0.0020	-0.0040	-44.3550	0.0000	0.0000	0.0000	-3.7900	0.0020	0.0010	-12.0150	0.0070	-8.8590	0.0270	-0.0030
D8	6.0580	-85.2460	0.0000	61.2520	0.0000	0.0000	-2.8560	0.0000	0.0000	-44.3190	0.0000	0.0000	0.0000	-2.2870	0.0000	0.0000	-13.0580	0.0000	-8.1820	0.0000	0.0000
D9	7.4100	-85.7680	0.0000	59.6880	-0.0030	-0.0040	-2.8820	-0.0090	-0.0120	-44.9780	0.0000	0.0000	-0.0070	-2.3320	-0.0010	-0.0130	-12.8720	0.0920	-8.2300	-0.0160	-0.0190
D6	8.2430	-85.2340	0.0000	59.7730	0.0000	0.0000	-3.6410	0.0000	0.0000	-44.6400	0.0000	0.0000	0.0000	-2.3140	0.0000	0.0000	-13.5040	0.0000	-7.9600	0.0000	0.0000
D7	6.5660	-84.3980	0.0000	60.2650	0.0000	0.0000	-3.4920	0.0000	0.0000	-45.2370	0.0000	0.0000	0.0000	-2.2270	0.0000	0.0000	-13.8300	0.0000	-8.1190	0.0000	0.0000
D4	8.5850	-86.0020	0.0000	61.5520	0.0000	0.0000	-3.6810	0.0000	0.0000	-44.8350	0.0000	0.0000	0.0000	-3.3460	0.0000	0.0000	-14.4810	0.0000	-7.4620	0.0000	0.0000
D5	7.6750	-86.6430	0.0000	61.3870	0.0000	0.0000	-3.6760	0.0000	0.0000	-45.6230	0.0000	0.0000	0.0000	-3.4460	0.0000	0.0000	-13.7350	0.0000	-7.1840	0.0000	0.0000
D2	8.0720	-83.8670	0.0000	59.3050	-0.0060	0.0020	-3.5270	0.0520	0.0030	-44.2790	0.0000	0.0000	-0.0160	-2.4090	-0.0100	-0.5010	-13.4680	0.2770	-8.2090	0.0410	-0.0190
D3	5.5480	-83.8240	0.0000	60.2910	-0.6840	0.0040	-3.5160	-0.0480	0.4240	-46.4190	0.0000	0.0000	0.0480	-3.4690	0.0160	0.9730	-13.6280	-1.4460	-6.6060	-0.1080	-0.3940
D1	6.1100	-83.1130	0.0000	60.6510	0.0000	0.0000	-2.8310	0.0000	0.0000	-42.6740	0.0000	0.0000	0.0000	-2.3420	0.0000	0.0000	-13.0090	0.0000	-8.1410	0.0000	0.0000
K12	5.2980	-83.0850	0.0000	65.3770	0.0000	0.0000	-2.8950	0.0000	0.0000	-40.8780	0.0000	0.0000	0.0000	-2.8940	0.0000	0.0000	-12.9760	0.0000	-9.7040	0.0000	0.0000
K11	4.0740	-80.3210	0.0000	63.5140	0.0000	0.0000	-2.8400	0.0000	0.0000	-39.2710	0.0000	0.0000	0.0000	-2.1500	0.0000	0.0000	-12.5030	0.0000	-9.0450	0.0000	0.0000
K10	6.6250	-88.1000	0.0000	64.1320	0.0000	0.0000	-3.4670	0.0000	0.0000	-45.2830	0.0000	0.0000	0.0000	-2.0860	0.0000	0.0000	-13.1900	0.0000	-9.1970	0.0000	0.0000
M3	5.0690	-85.8060	0.0000	63.0540	0.0000	0.0000	-2.7930	0.0000	0.0000	-43.8590	0.0000	0.0000	0.0000	-2.2740	0.0000	0.0000	-12.3900	0.0000	-8.7180	0.0000	0.0000
M2	6.1860	-85.1870	0.0000	62.8000	0.0000	0.0000	-2.8950	0.0000	0.0000	-44.2510	0.0000	0.0000	0.0000	-3.0000	0.0000	0.0000	-12.5760	0.0000	-9.5790	0.0000	0.0000
L10	6.0880	-85.7950	0.0000	64.7630	0.0000	0.0000	-3.4000	0.0000	0.0000	-42.7990	0.0000	0.0000	0.0000	-2.1280	0.0000	0.0000	-13.0480	0.0000	-9.2790	0.0000	0.0000
L11	5.7740	-83.0320	0.0000	61.7820	0.0000	0.0000	-3.6990	0.0000	0.0000	-43.6550	0.0000	0.0000	0.0000	-2.2370	0.0000	0.0000	-13.2350	0.0000	-9.0040	0.0000	0.0000
L12	6.5870	-87.9810	0.0000	61.1880	0.0000	0.0000	-3.6240	0.0000	0.0000	-47.4770	0.0000	0.0000	0.0000	-2.1770	0.0000	0.0000	-11.9870	0.0000	-9.4820	0.0000	0.0000
K3	3.2830	-77.9030	0.0000	60.0730	0.0000	0.0000	-2.8160	0.0000	0.0000	-40.3520	0.0000	0.0000	0.0000	-2.2970	0.0000	0.0000	-12.0580	0.0000	-8.6320	0.0000	0.0000
K2	3.5410	-80.0590	0.0000	59.5670	0.0010	-0.0030	-2.8230	0.0180	-0.0510	-42.7670	0.0000	0.0000	-0.0020	-2.3460	-0.0050	0.0340	-12.1320	-0.1140	-8.5870	0.1750	0.0190
K1	6.4330	-86.2390	0.0000	60.6210	0.0000	0.0000	-3.6900	0.0000	0.0000	-45.9330	0.0000	0.0000	0.0000	-2.3090	0.0000	0.0000	-11.7600	0.0000	-8.9880	0.0000	0.0000
M6	8.5120	-86.4500	0.0000	61.8170	0.0890	-0.0030	-3.4800	0.1220	0.0050	-44.5980	0.0000	0.0000	0.0160	-3.1100	-0.0040	-0.3590	-12.7750	-0.5380	-8.4360	0.0200	-0.0230
K7	6.5210	-85.1840	0.0000	65.6860	0.0000	0.0000	-3.6810	0.0000	0.0000	-42.6720	0.0000	0.0000	0.0000	-2.6830	0.0000	0.0000	-13.6820	0.0000	-9.6490	0.0000	0.0000
K6	6.4790	-85.1710	0.0000	66.1090	0.0000	0.0000	-3.6740	0.0000	0.0000	-42.1170	0.0000	0.0000	0.0000	-2.7380	0.0000	0.0000	-13.5960	0.0000	-9.5260	0.0000	0.0000
K5	5.7260	-80.5080	0.0000	60.5870	0.0100	0.0030	-3.2750	0.0720	-0.0200	-39.7930	0.0000	0.0000	-0.0070	-2.3570	0.0040	-0.0330	-11.0760	-0.0100	-8.8990	0.0150	-0.0240
K4	6.0790	-84.6320	0.0000	59.9920	0.0000	0.0000	-3.6600	0.0000	0.0000	-45.4880	0.0000	0.0000	0.0000	-2.2000	0.0000	0.0000	-12.1120	0.0000	-8.9570	0.0000	0.0000
K9	6.3460	-84.7520	0.0000	61.7830	0.0000	0.0000	-2.8830	0.0000	0.0000	-42.3370	0.0000	0.0000	0.0000	-2.3410	0.0000	0.0000	-11.1460	0.0000	-9.3450	0.0000	0.0000
K8	6.3420	-83.7540	0.0000	59.4490	0.1710	-0.0010	-3.6560	0.0250	0.0310	-44.4450	0.0000	0.0000	-0.0330	-2.3260	0.0000	0.0130	-11.7180	0.1010	-9.0660	-0.0130	-0.0110
M9	3.7730	-81.5400	0.0000	60.0630	0.0000	0.0000	-2.7960	0.0000	0.0000	-43.6270	0.0000	0.0000	0.0000	-2.2930	0.0000	0.0000	-12.0830	0.0000	-8.7520	0.0000	0.0000
M8	4.8690	-79.5530	0.0000	61.8120	0.0000	0.0000	-2.8860	0.0000	0.0000	-40.7750	0.0000	0.0000	0.0000	-2.9840	0.0000	0.0000	-12.5220	0.0000	-9.5110	0.0000	0.0000
I9	4.4510	-79.4570	0.0000	63.3450	0.0000	0.0000	-3.5330	0.0000	0.0000	-39.3620	0.0000	0.0000	0.0000	-2.1250	0.0000	0.0000	-13.0620	0.0000	-8.9830	0.0000	0.0000
I8	5.9650	-83.8280	0.0000	61.8880	0.0000	0.0000	-3.7140	0.0000	0.0000	-44.1450	0.0000	0.0000	0.0000	-2.2850	0.0000	0.0000	-13.2840	0.0000	-8.8880	0.0000	0.0000
I1	3.8350	-79.5900	0.0000	59.3320	0.0000	0.0000	-3.2800	0.0000	0.0000	-43.2690	0.0000	0.0000	0.0000	-2.1570	0.0000	0.0000	-12.3000	0.0000	-9.1090	0.0000	0.0000
I3	6.3300	-88.3770	0.0000	64.5600	0.0000	0.0000	-3.5530	0.0000	0.0000	-45.1080	0.0000	0.0000	0.0000	-2.2360	0.0000	0.0000	-12.7620	0.0000	-9.0700	0.0000	0.0000
I2	3.2760	-78.0380	0.0000	60.3190	0.0000	0.0000	-2.8120	0.0000	0.0000	-40.2180	0.0000	0.0000	0.0000	-2.2980	0.0000	0.0000	-12.0250	0.0000	-8.6400	0.0000	0.0000
I5	5.4660	-85.0040	0.0000	65.4220	0.0000	0.0000	-2.8690	0.0000	0.0000	-42.2420	0.0000	0.0000	0.0000	-2.9000	0.0000	0.0000	-12.8260	0.0000	-9.5300	0.0000	0.0000
I4	4.6660	-83.4300	0.0000	63.9600	-0.0090	0.0020	-2.8610	0.0050	0.0010	-41.2480	0.0000	0.0000	0.0050	-2.1750	-0.0060	-0.0220	-12.4780	-0.0710	-8.8910	0.0230	0.0320
I7	6.0080	-87.8690	0.0000	61.9510	0.0000	0.0000	-3.7110	0.0000	0.0000	-47.4150	0.0000	0.0000	0.0000	-2.2830	0.0000	0.0000	-11.9820	0.0000	-9.5290	0.0000	0.0000
I6	7.2920	-86.7840	0.0000	65.0280	0.0490	-0.0020	-3.6780	-0.0380	-0.0190	-41.6080	0.0000	0.0000	0.0060	-2.2490	-0.0030	0.0230	-12.1060	-0.1310	-9.0770	0.0820	0.0020
J12	6.6000	-87.0400	0.0000	64.5940	0.0650	0.0060	-3.6180	-0.0300	0.1020	-45.1790	0.0000	0.0000	-0.0100	-2.7240	-0.0030	-0.1810	-13.0930	-0.4640	-9.3280	0.0060	-0.0630
J10	6.3140	-84.4030	0.0000	63.6520	0.0000	0.0000	-3.6350	0.0000	0.0000	-41.6000	0.0000	0.0000	0.0000	-2.2240	0.0000	0.0000	-12.1300	0.0000	-9.1740	0.0000	0.0000
J11	7.1440	-85.0710	0.0000	63.1030	0.0310	0.0230	-3.4140	-0.1590	0.0120	-43.1040	0.0000	0.0000	-0.0780	-2.0490	0.0340	-0.0080	-12.5510	0.3160	-10.0250	-0.4860	0.0740
I11	3.4090	-80.7440	0.0000	64.2840	-0.0750	-0.0050	-3.6710	0.1250	-0.1130	-40.5250	0.0000	0.0000	-0.0390	-2.1670	-0.1330	-0.0760	-11.9900	-1.1740	-8.8180	0.5530	0.1070
I10	6.9410	-88.0150	0.0000	63.5450	0.0000	0.0000	-3.6910	0.0000	0.0000	-44.4220	0.0000	0.0000	0.0000	-2.2890	0.0000	0.0000	-11.7610	0.0000	-9.1520	0.0000	0.0000
I12	7.1260	-86.0640	0.0000	62.7600	0.0000	0.0000	-3.7000	0.0000	0.0000	-42.9060	0.0000	0.0000	0.0000	-2.2570	0.0000	0.0000	-12.4520	0.0000	-8.3190	0.0000	0.0000
L6	5.2240	-84.3910	0.0000	61.0700	0.0000	0.0000	-3.7060	0.0000	0.0000	-45.4550	0.0000	0.0000	0.0000	-2.2760	0.0000	0.0000	-11.8910	0.0000	-9.4840	0.0000	0.0000
L7	5.0850	-88.0310	0.0000	65.1430	-0.0220	0.0020	-3.5570	-0.0260	0.0330	-45.2980	0.0000	0.0000	0.0110	-2.4590	-0.0040	-0.3720	-12.7740	-0.1700	-8.3630	0.1490	0.0570
L4	5.9280	-81.0760	0.0000	59.9040	0.0000	0.0000	-2.8100	0.0000	0.0000	-40.4330	0.0000	0.0000	0.0000	-2.3470	0.0000	0.0000	-11.0100	0.0000	-9.0220	0.0000	0.0000
L5	6.6370	-82.5240	0.0000	59.9600	0.0220	-0.0070	-3.5810	0.0290	-0.0400	-42.8030	0.0000	0.0000	-0.0050	-2.4320	-0.0130	-0.4060	-11.5860	0.2760	-9.0460	-0.0590	-0.0280
L2	5.1920	-86.0140	0.0000	61.2440	0.0000	0.0000	-2.7840	0.0000	0.0000	-45.9070	0.0000	0.0000	0.0000	-2.2660	0.0000	0.0000	-12.2060	0.0000	-9.0740	0.0000	0.0000
L3	4.2570	-79.9620	0.0000	58.9640	0.0000	0.0000	-3.4950	0.0000	0.0000	-42.6060	0.0000	0.0000	0.0000	-2.3050	0.0000	0.0000	-11.8690	0.0000	-8.1980	0.0000	0.0000
L1	5.6890	-86.3000	0.0000	63.3390	0.0000	0.0000	-2.8840	0.0000	0.0000	-45.6530	0.0000	0.0000	0.0000	-2.9550	0.0000	0.0000	-12.7640	0.0000	-9.7770	0.0000	0.0000
N1	6.9100	-85.2840	0.0000	63.7740	0.0000	0.0000	-3.6680	0.0000	0.0000	-41.9690	0.0000	0.0000	0.0000	-2.2980	0.0000	0.0000	-12.2800	0.0000	-9.1240	0.0000	0.0000
N2	4.4640	-82.8820	0.0000	63.6940	-0.0210	-0.0080	-2.8480	0.0330	-0.0440	-41.3550	0.0000	0.0000	0.0110	-2.1790	-0.0070	-0.0410	-12.5740	0.1830	-9.1310	-0.0050	-0.0020
N3	6.5850	-85.7480	0.0000	65.7410	0.0000	0.0000	-2.9230	0.0000	0.0000	-41.9390	0.0000	0.0000	0.0000	-2.9220	0.0000	0.0000	-12.9700	0.0000	-9.7020	0.0000	0.0000
N4	7.1680	-86.6730	0.0000	60.7980	0.0000	0.0000	-2.9260	0.0000	0.0000	-44.4100	0.0000	0.0000	0.0000	-2.3590	0.0000	0.0000	-11.3820	0.0000	-9.0350	0.0000	0.0000
L8	5.4520	-78.8400	0.0000	58.3200	0.0000	0.0000	-3.6650	0.0000	0.0000	-41.9630	0.0000	0.0000	0.0000	-2.3150	0.0000	0.0000	-11.8150	0.0000	-9.1000	0.0000	0.0000
L9	4.9920	-79.9560	0.0000	59.6500	0.0000	0.0000	-2.8790	0.0000	0.0000	-40.7070	0.0000	0.0000	0.0000	-2.3370	0.0000	0.0000	-11.0250	0.0000	-9.1540	0.0000	0.0000
M5	4.8900	-79.5480	0.0000	61.9400	0.0000	0.0000	-2.8940	0.0000	0.0000	-40.6040	0.0000	0.0000	0.0000	-2.9910	0.0000	0.0000	-12.5040	0.0000	-9.4970	0.0000	0.0000
J8	6.1260	-88.4240	0.0000	66.5470	0.0000	0.0000	-2.8990	0.0000	0.0000	-44.6890	0.0000	0.0000	0.0000	-2.8620	0.0000	0.0000	-13.2100	0.0000	-9.9650	0.0000	0.0000
J9	5.8700	-83.0230	0.0000	62.2330	0.0000	0.0000	-3.7050	0.0000	0.0000	-43.0740	0.0000	0.0000	0.0000	-2.2420	0.0000	0.0000	-13.2330	0.0000	-8.9740	0.0000	0.0000
M7	6.7120	-87.2590	0.0000	66.0950	0.0000	0.0000	-2.8680	0.0000	0.0000	-42.7940	0.0000	0.0000	0.0000	-2.8940	0.0000	0.0000	-12.9210	0.0000	-9.6590	0.0000	0.0000
M4	5.0440	-83.0230	0.0000	62.2800	0.0000	0.0000	-2.8550	0.0000	0.0000	-43.3190	0.0000	0.0000	0.0000	-2.9720	0.0000	0.0000	-12.3960	0.0000	-9.3960	0.0000	0.0000
J4	4.0580	-83.3370	0.0000	61.3570	0.0000	-0.0020	-4.0000	-0.0840	0.0710	-45.7970	0.0000	0.0000	-0.0570	-2.1520	0.0400	-0.0360	-13.0480	-0.0120	-8.6400	0.0530	-0.0080
J5	5.8940	-88.7440	0.0000	64.3860	0.0010	0.0000	-3.7230	0.0040	-0.0050	-48.5810	0.0000	0.0000	-0.0030	-2.7740	0.0050	-0.0090	-13.7380	0.0610	-9.9170	0.0040	-0.0230
J6	5.2190	-81.6850	0.0000	65.4710	0.0000	0.0000	-2.9090	0.0000	0.0000	-39.4450	0.0000	0.0000	0.0000	-2.9100	0.0000	0.0000	-12.9590	0.0000	-9.6700	0.0000	0.0000
J7	6.0380	-85.8870	0.0000	66.3610	0.0000	0.0000	-2.9260	0.0000	0.0000	-42.1700	0.0000	0.0000	0.0000	-2.9530	0.0000	0.0000	-13.1430	0.0000	-9.6600	0.0000	0.0000
J1	5.3300	-84.4660	0.0000	61.0920	-0.0020	0.0020	-3.3910	0.0100	0.0000	-45.0070	0.0000	0.0000	0.0350	-2.3920	-0.0220	-0.4490	-12.5250	-0.0170	-8.1730	-0.0200	-0.0200
J2	4.5950	-80.2450	0.0000	59.7670	-0.0060	-0.0010	-3.5600	-0.0080	0.0120	-41.9450	0.0000	0.0000	-0.0140	-2.1980	0.0030	-0.0100	-12.0870	0.0330	-8.2490	-0.0060	0.0270
J3	7.7370	-85.0470	0.0000	60.0740	0.5440	0.0040	-4.3140	0.2250	0.0590	-43.0970	0.0000	0.0000	-0.0600	-2.3140	-0.0240	0.1130	-12.6460	0.7290	-7.6530	-0.4520	-0.0740
M11	4.5480	-78.7710	0.0000	56.2570	0.0500	0.0120	-2.6770	0.0310	-0.0630	-42.4590	0.0000	0.0000	-0.0240	-2.3220	-0.1130	0.0480	-10.8240	0.5520	-8.9590	-0.2560	0.0550
M10	5.2570	-83.7660	0.0000	60.6770	0.0000	0.0000	-3.4040	0.0000	0.0000	-44.7650	0.0000	0.0000	0.0000	-2.1860	0.0000	0.0000	-12.6490	0.0000	-8.6930	0.0000	0.0000
M12	4.9710	-81.1120	0.0000	62.0650	0.0000	0.0000	-2.8760	0.0000	0.0000	-41.9910	0.0000	0.0000	0.0000	-2.9710	0.0000	0.0000	-12.5150	0.0000	-9.5560	0.0000	0.0000
M1	6.8760	-84.6480	0.0000	60.3240	0.0000	0.0000	-3.6920	0.0000	0.0000	-43.8380	0.0000	0.0000	0.0000	-2.2930	0.0000	0.0000	-11.8600	0.0000	-8.5450	0.0000	0.0000
