G7	8.2870	-89.6290	0.0000	59.2580	0.0670	0.0010	-2.5050	0.0040	-0.0100	-46.9210	0.0000	0.0000	-0.0090	-2.3250	0.0050	0.0070	-11.7680	-0.0550	-8.3220	0.0740	-0.0020
G6	6.7750	-90.8750	0.0000	60.0650	0.0000	0.0000	-2.5970	0.0000	0.0000	-49.3520	0.0000	0.0000	0.0000	-2.3450	0.0000	0.0000	-12.2550	0.0000	-8.1190	0.0000	0.0000
G5	8.6260	-91.8760	0.0000	59.6240	0.0000	0.0000	-2.6210	0.0000	0.0000	-49.2630	0.0000	0.0000	0.0000	-2.2990	0.0000	0.0000	-12.5740	0.0000	-8.1450	0.0000	0.0000
G4	14.9760	-101.5300	0.0000	64.2460	0.0000	0.0000	-2.4900	0.0000	0.0000	-48.6080	0.0000	0.0000	0.0000	-2.2200	0.0000	0.0000	-12.9170	0.0000	-8.6730	0.0000	0.0000
G3	13.1200	-99.5820	0.0000	64.5260	0.0000	0.0000	-2.6350	0.0000	0.0000	-49.0400	0.0000	0.0000	0.0000	-3.1730	0.0000	0.0000	-12.5270	0.0000	-8.7690	0.0000	0.0000
G2	12.4130	-98.8260	0.0000	65.1080	0.0000	0.0000	-2.4750	0.0000	0.0000	-48.4800	0.0000	0.0000	0.0000	-3.2540	0.0000	0.0000	-12.4100	0.0000	-9.0340	0.0000	0.0000
G1	9.5720	-92.7440	0.0000	60.3650	0.0000	0.0000	-2.5090	0.0000	0.0000	-48.4130	0.0000	0.0000	0.0000	-2.3420	0.0000	0.0000	-11.6020	0.0000	-9.1540	0.0000	0.0000
G9	9.3910	-91.1240	0.0000	60.2810	0.0000	0.0000	-2.5830	0.0000	0.0000	-47.6520	0.0000	0.0000	0.0000	-2.9140	0.0000	0.0000	-12.6060	0.0000	-8.0970	0.0000	0.0000
G8	7.2030	-87.9880	0.0000	58.5060	0.0000	0.0000	-2.4970	0.0000	0.0000	-47.3550	0.0000	0.0000	0.0000	-2.3410	0.0000	0.0000	-12.0150	0.0000	-8.2220	0.0000	0.0000
N6	8.1250	-97.1030	0.0000	69.3700	-0.0820	0.0170	-2.7950	0.0240	-0.0250	-47.2980	0.0000	0.0000	0.0180	-3.4650	-0.0180	0.0400	-12.2220	0.3720	-9.4480	-0.0380	-0.0710
N7	8.5340	-95.4370	0.0000	65.8090	0.0000	0.0000	-2.7170	0.0000	0.0000	-48.2390	0.0000	0.0000	0.0000	-3.3090	0.0000	0.0000	-12.4680	0.0000	-8.6510	0.0000	0.0000
B4	12.2680	-98.7170	0.0000	66.9530	0.0000	0.0000	-2.6830	0.0000	0.0000	-46.4850	0.0000	0.0000	0.0000	-3.3820	0.0000	0.0000	-11.5430	0.0000	-9.3810	0.0000	0.0000
B5	7.8220	-86.9240	0.0000	56.9920	0.0000	0.0000	-2.6190	0.0000	0.0000	-47.9110	0.0000	0.0000	0.0000	-2.6280	0.0000	0.0000	-12.4630	0.0000	-8.0910	0.0000	0.0000
B6	11.4700	-98.6160	0.0000	64.9240	-0.0220	0.0000	-2.4590	-0.0040	-0.1120	-48.8200	0.0000	0.0000	0.1850	-2.2300	-0.1230	-0.0080	-14.3520	4.9670	-10.0240	-2.3240	-0.0900
B7	11.7180	-97.4100	0.0000	64.3560	0.0000	0.0000	-2.5910	0.0000	0.0000	-49.0090	0.0000	0.0000	0.0000	-3.4260	0.0000	0.0000	-13.1440	0.0000	-8.5110	0.0000	0.0000
B1	9.8690	-91.7550	0.0000	61.3440	0.0000	0.0000	-2.5660	0.0000	0.0000	-45.6320	0.0000	0.0000	0.0000	-2.2040	0.0000	0.0000	-11.6100	0.0000	-8.7110	0.0000	0.0000
B2	14.5850	-95.6690	0.0000	60.9430	-0.0060	0.0000	-2.5470	0.0280	-0.0020	-45.3490	0.0000	0.0000	0.0070	-2.2000	0.0050	-0.0010	-11.7220	0.1260	-8.8010	-0.1150	0.0180
B3	13.5570	-97.2980	0.0000	66.9640	0.0000	0.0000	-2.7460	0.0000	0.0000	-44.3480	0.0000	0.0000	0.0000	-3.5160	0.0000	0.0000	-12.7330	0.0000	-8.5750	0.0000	0.0000
B8	9.6520	-95.1750	0.0000	59.5440	-0.0090	0.0000	-2.5160	0.0060	-0.0080	-51.7830	0.0000	0.0000	-0.0020	-2.3340	-0.0050	-0.0060	-11.7510	-0.0340	-9.1370	-0.0050	-0.0020
B9	12.7440	-97.3010	0.0000	64.7180	0.0000	0.0000	-2.6180	0.0000	0.0000	-47.2390	0.0000	0.0000	0.0000	-3.4980	0.0000	0.0000	-13.1910	0.0000	-8.0940	0.0000	0.0000
N5	7.1510	-92.3670	0.0000	59.8530	0.0000	0.0000	-2.5450	0.0000	0.0000	-51.4930	0.0000	0.0000	0.0000	-1.9290	0.0000	0.0000	-12.3020	0.0000	-9.3550	0.0000	0.0000
P10	11.7190	-93.7750	0.0000	64.1990	0.0000	0.0000	-2.7010	0.0000	0.0000	-44.5570	0.0000	0.0000	0.0000	-3.7400	0.0000	0.0000	-12.7830	0.0000	-7.4750	0.0000	0.0000
P11	11.0660	-91.1730	0.0000	59.1840	-0.0050	0.0000	-2.6570	-0.0180	0.0170	-46.5280	0.0000	0.0000	0.0090	-2.7370	-0.0170	-0.0100	-12.7400	0.1390	-7.6770	0.0740	0.0200
P12	11.0600	-91.3290	0.0000	59.5630	0.0000	0.0000	-2.6820	0.0000	0.0000	-46.3920	0.0000	0.0000	0.0000	-2.7450	0.0000	0.0000	-12.5780	0.0000	-7.6810	0.0000	0.0000
E9	9.1420	-91.8190	0.0000	61.2380	0.0000	0.0000	-2.5260	0.0000	0.0000	-46.8990	0.0000	0.0000	0.0000	-2.2270	0.0000	0.0000	-12.5270	0.0000	-8.1810	0.0000	0.0000
E8	8.3690	-92.0790	0.0000	62.3790	0.0000	0.0000	-2.5540	0.0000	0.0000	-47.2900	0.0000	0.0000	0.0000	-2.3620	0.0000	0.0000	-11.9780	0.0000	-9.0660	0.0000	0.0000
E5	9.1730	-91.2580	0.0000	60.8250	0.0000	0.0000	-2.5840	0.0000	0.0000	-47.5250	0.0000	0.0000	0.0000	-3.3810	0.0000	0.0000	-12.3890	0.0000	-7.9120	0.0000	0.0000
E4	9.7510	-90.6680	0.0000	61.9970	0.0000	0.0000	-2.5530	0.0000	0.0000	-44.9820	0.0000	0.0000	0.0000	-2.2610	0.0000	0.0000	-13.2180	0.0000	-8.0310	0.0000	0.0000
E7	10.2550	-95.7460	0.0000	64.1780	0.0000	0.0000	-2.5520	0.0000	0.0000	-46.8500	0.0000	0.0000	0.0000	-2.3660	0.0000	0.0000	-12.2370	0.0000	-8.3830	0.0000	0.0000
E6	7.5400	-92.7700	0.0000	61.6580	0.0000	0.0000	-2.4870	0.0000	0.0000	-48.5450	0.0000	0.0000	0.0000	-2.3320	0.0000	0.0000	-11.9320	0.0000	-8.2230	0.0000	0.0000
E1	9.7880	-95.0350	0.0000	62.0740	0.2690	-0.0010	-2.6440	0.0300	-0.0890	-50.5700	0.0000	0.0000	-0.0170	-3.4840	0.0050	-0.0550	-12.9970	-0.0940	-8.2210	-0.0920	-0.0070
P8	10.6700	-93.4230	0.0000	64.8050	0.0000	0.0000	-2.6180	0.0000	0.0000	-44.5920	0.0000	0.0000	0.0000	-3.2520	0.0000	0.0000	-12.3670	0.0000	-8.4090	0.0000	0.0000
E3	14.3570	-97.8290	0.0000	62.2150	0.0000	0.0000	-2.4590	0.0000	0.0000	-47.7950	0.0000	0.0000	0.0000	-3.0990	0.0000	0.0000	-12.4540	0.0000	-8.5240	0.0000	0.0000
E2	14.7780	-99.2570	0.0000	63.5390	0.0000	0.0000	-2.4800	0.0000	0.0000	-49.0700	0.0000	0.0000	0.0000	-3.3520	0.0000	0.0000	-13.7880	0.0000	-8.5110	0.0000	0.0000
P2	8.5860	-94.6260	0.0000	62.9640	0.8790	-0.0790	-2.6440	0.7010	0.0600	-46.6230	0.0000	0.0000	-0.0340	-3.1680	0.0210	-0.0280	-10.7390	-1.1890	-8.1610	0.6860	0.1480
P3	12.1300	-97.2880	0.0000	63.1560	0.0000	0.0000	-2.6820	0.0000	0.0000	-47.7880	0.0000	0.0000	0.0000	-3.2820	0.0000	0.0000	-11.9410	0.0000	-7.8830	0.0000	0.0000
P1	13.0380	-98.7920	0.0000	64.2750	0.0000	0.0000	-2.6630	0.0000	0.0000	-50.1640	0.0000	0.0000	0.0000	-3.6900	0.0000	0.0000	-12.8520	0.0000	-9.4790	0.0000	0.0000
P6	11.2860	-91.3860	0.0000	60.6100	0.0000	0.0000	-2.6610	0.0000	0.0000	-45.0920	0.0000	0.0000	0.0000	-2.7490	0.0000	0.0000	-12.5550	0.0000	-7.6360	0.0000	0.0000
P7	11.9190	-97.2410	0.0000	64.8630	0.0000	0.0000	-2.6660	0.0000	0.0000	-47.5910	0.0000	0.0000	0.0000	-3.4090	0.0000	0.0000	-12.5870	0.0000	-8.4690	0.0000	0.0000
P4	11.5420	-97.7650	0.0000	64.8840	0.0000	0.0000	-2.6840	0.0000	0.0000	-48.3910	0.0000	0.0000	0.0000	-3.4060	0.0000	0.0000	-12.8180	0.0000	-8.1430	0.0000	0.0000
P5	10.4710	-91.2380	0.0000	63.5490	0.0000	0.0000	-2.6330	0.0000	0.0000	-44.3480	0.0000	0.0000	0.0000	-3.2930	0.0000	0.0000	-12.6290	0.0000	-8.5740	0.0000	0.0000
H10	11.9740	-101.1130	0.0000	69.6640	0.0000	0.0000	-2.3960	0.0000	0.0000	-47.5790	0.0000	0.0000	0.0000	-3.1650	0.0000	0.0000	-12.2410	0.0000	-10.3030	0.0000	0.0000
H11	9.7960	-98.4690	0.0000	67.7070	0.0000	0.0000	-2.4230	0.0000	0.0000	-49.2720	0.0000	0.0000	0.0000	-3.3310	0.0000	0.0000	-12.4960	0.0000	-10.0550	0.0000	0.0000
H12	12.3280	-102.1830	0.0000	71.6110	0.0000	0.0000	-2.4560	0.0000	0.0000	-48.0480	0.0000	0.0000	0.0000	-3.4370	0.0000	0.0000	-12.9900	0.0000	-10.9210	0.0000	0.0000
P9	9.3250	-91.6210	0.0000	62.9780	0.0000	0.0000	-2.6100	0.0000	0.0000	-45.7380	0.0000	0.0000	0.0000	-3.1810	0.0000	0.0000	-12.2710	0.0000	-8.3570	0.0000	0.0000
F12	13.8040	-99.3360	0.0000	64.4270	0.0000	0.0000	-2.4980	0.0000	0.0000	-47.1360	0.0000	0.0000	0.0000	-2.2380	0.0000	0.0000	-12.5260	0.0000	-8.7690	0.0000	0.0000
F10	11.6110	-97.3880	0.0000	62.2170	0.1280	-0.0040	-2.5210	0.0010	0.0430	-49.2440	0.0000	0.0000	-0.0630	-2.3400	-0.0430	0.0690	-11.5150	0.3750	-9.8590	0.1020	-0.0570
F11	12.6920	-98.7970	0.0000	64.2230	0.0000	0.0000	-2.4890	0.0000	0.0000	-47.8820	0.0000	0.0000	0.0000	-2.2390	0.0000	0.0000	-12.3590	0.0000	-8.9140	0.0000	0.0000
N12	7.3680	-92.2110	0.0000	59.4080	-0.0180	-0.0010	-2.6390	0.0320	0.0020	-49.6700	0.0000	0.0000	-0.0020	-2.3400	0.0120	0.0010	-10.2880	-0.0570	-8.9640	-0.0010	0.0300
H8	8.0400	-92.0270	0.0000	61.2810	0.0000	0.0000	-2.7410	0.0000	0.0000	-48.6590	0.0000	0.0000	0.0000	-3.6480	0.0000	0.0000	-11.0340	0.0000	-8.5310	0.0000	0.0000
H9	6.0890	-92.4770	0.0000	59.8910	-0.0140	0.0000	-2.5710	0.0120	0.0000	-49.8940	0.0000	0.0000	-0.0010	-2.3600	0.0030	-0.2080	-10.0530	-0.1970	-8.6330	0.6220	0.0060
H6	5.4750	-95.3720	0.0000	60.5350	-0.1520	0.0000	-2.6540	-0.0310	0.0070	-53.0960	0.0000	0.0000	0.0000	-2.3740	0.0110	-0.0640	-10.2010	0.0050	-8.7580	0.4990	-0.0220
H7	6.5200	-93.2970	0.0000	60.9930	0.0000	0.0000	-2.6370	0.0000	0.0000	-51.2720	0.0000	0.0000	0.0000	-2.3300	0.0000	0.0000	-11.6150	0.0000	-8.9070	0.0000	0.0000
H4	9.6110	-89.6000	0.0000	60.9510	0.0000	0.0000	-2.5870	0.0000	0.0000	-43.4400	0.0000	0.0000	0.0000	-2.1670	0.0000	0.0000	-11.4450	0.0000	-8.2020	0.0000	0.0000
H5	5.7860	-95.9340	0.0000	60.3270	-0.0040	0.0000	-2.6490	-0.0130	-0.0050	-53.5990	0.0000	0.0000	0.0000	-2.3810	0.0100	-0.1010	-10.3110	0.0100	-8.7650	0.4320	-0.0020
D10	9.6530	-93.5090	0.0000	60.7850	0.0000	0.0000	-2.4440	0.0000	0.0000	-48.7740	0.0000	0.0000	0.0000	-3.0170	0.0000	0.0000	-11.9770	0.0000	-8.2640	0.0000	0.0000
D11	8.9590	-93.4850	0.0000	58.5140	0.0000	0.0000	-2.4890	0.0000	0.0000	-51.0350	0.0000	0.0000	0.0000	-2.3310	0.0000	0.0000	-11.7890	0.0000	-8.4120	0.0000	0.0000
D12	11.3400	-98.5070	0.0000	62.4710	0.0000	0.0000	-2.6020	0.0000	0.0000	-50.2500	0.0000	0.0000	0.0000	-2.3310	0.0000	0.0000	-12.2480	0.0000	-8.3720	0.0000	0.0000
B12	12.3640	-99.6590	0.0000	66.6310	0.0000	0.0000	-2.6020	0.0000	0.0000	-48.5410	0.0000	0.0000	0.0000	-3.3310	0.0000	0.0000	-12.8700	0.0000	-9.0730	0.0000	0.0000
B10	12.4880	-99.3300	0.0000	64.0720	0.0000	0.0000	-2.6080	0.0000	0.0000	-50.1180	0.0000	0.0000	0.0000	-3.5180	0.0000	0.0000	-12.8910	0.0000	-8.3300	0.0000	0.0000
B11	11.8950	-99.6370	0.0000	63.2930	0.2120	0.0000	-2.5800	0.0130	-0.1880	-49.7570	0.0000	0.0000	0.1680	-2.8430	-0.0990	0.0570	-14.1100	4.6110	-8.9340	-1.4900	-0.1260
Q8	8.9100	-81.9220	0.0000	53.5520	0.0000	0.0000	0.0000	0.0000	0.0000	-42.9650	0.0000	0.0000	0.0000	-4.1300	0.0000	0.0000	-12.6930	0.0000	-6.6830	0.0000	0.0000
Q9	10.3470	-91.0810	0.0000	58.9380	0.0000	0.0000	-2.6700	0.0000	0.0000	-47.3740	0.0000	0.0000	0.0000	-2.5940	0.0000	0.0000	-12.4940	0.0000	-7.8190	0.0000	0.0000
C9	7.1740	-90.5460	0.0000	58.7920	0.0000	0.0000	-2.4690	0.0000	0.0000	-49.4930	0.0000	0.0000	0.0000	-2.3530	0.0000	0.0000	-11.6030	0.0000	-8.4900	0.0000	0.0000
C8	10.8800	-95.6200	0.0000	61.1480	0.0660	0.0050	-2.6390	0.0060	-0.0570	-49.7970	0.0000	0.0000	-0.0260	-3.0290	0.0960	-0.0270	-12.9580	0.5650	-8.3560	0.1480	0.0030
Q11	11.6830	-97.4160	0.0000	62.3440	0.0000	0.0000	-2.6590	0.0000	0.0000	-47.9380	0.0000	0.0000	0.0000	-1.9240	0.0000	0.0000	-11.5780	0.0000	-8.3880	0.0000	0.0000
Q10	12.0150	-98.7980	0.0000	65.4550	0.0000	0.0000	-2.6000	0.0000	0.0000	-47.5870	0.0000	0.0000	0.0000	-3.3830	0.0000	0.0000	-12.0480	0.0000	-8.2280	0.0000	0.0000
Q12	12.3760	-99.4400	0.0000	66.2030	-0.0280	-0.0730	-2.7870	-0.0270	-0.0470	-48.5480	0.0000	0.0000	0.0230	-3.1210	-0.0090	0.0250	-14.2980	-0.3750	-7.7070	0.7450	-0.0080
C3	12.2140	-98.1780	0.0000	63.9110	0.0000	0.0000	-2.5960	0.0000	0.0000	-49.6620	0.0000	0.0000	0.0000	-3.4140	0.0000	0.0000	-13.0480	0.0000	-8.5500	0.0000	0.0000
C2	12.8030	-98.3430	0.0000	64.5000	0.0000	0.0000	-2.4510	0.0000	0.0000	-47.9950	0.0000	0.0000	0.0000	-3.1180	0.0000	0.0000	-12.4260	0.0000	-8.9600	0.0000	0.0000
C1	11.4240	-96.5080	0.0000	61.4500	0.0000	0.0000	-2.5330	0.0000	0.0000	-50.2610	0.0000	0.0000	0.0000	-3.0920	0.0000	0.0000	-12.8010	0.0000	-8.2000	0.0000	0.0000
C7	7.0470	-90.5760	0.0000	62.6910	0.0000	0.0000	-2.5510	0.0000	0.0000	-46.5410	0.0000	0.0000	0.0000	-2.3540	0.0000	0.0000	-11.6580	0.0000	-9.1410	0.0000	0.0000
C6	7.8260	-93.1660	0.0000	62.5990	0.0000	0.0000	-2.5320	0.0000	0.0000	-49.3080	0.0000	0.0000	0.0000	-3.2460	0.0000	0.0000	-12.7970	0.0000	-7.9900	0.0000	0.0000
C5	7.1770	-90.5130	0.0000	58.7810	0.0000	0.0000	-2.4630	0.0000	0.0000	-49.4760	0.0000	0.0000	0.0000	-2.3520	0.0000	0.0000	-11.6160	0.0000	-8.4900	0.0000	0.0000
C4	8.4990	-94.4570	0.0000	62.1570	0.0000	0.0000	-2.6440	0.0000	0.0000	-49.7810	0.0000	0.0000	0.0000	-2.3430	0.0000	0.0000	-12.6100	0.0000	-8.3810	0.0000	0.0000
N10	6.4680	-95.5310	0.0000	60.2670	0.0330	0.0010	-2.6360	0.0030	0.0300	-51.0060	0.0000	0.0000	-0.0230	-2.3830	0.0050	-0.1430	-10.3680	1.3330	-8.9140	0.8630	-0.0120
N8	9.0720	-96.5660	0.0000	66.1100	0.0000	0.0000	-2.6920	0.0000	0.0000	-47.7750	0.0000	0.0000	0.0000	-2.1300	0.0000	0.0000	-11.7770	0.0000	-9.7920	0.0000	0.0000
N9	9.9760	-95.8050	0.0000	65.8250	0.0000	0.0000	-2.7460	0.0000	0.0000	-46.9420	0.0000	0.0000	0.0000	-2.3300	0.0000	0.0000	-12.0330	0.0000	-9.8310	0.0000	0.0000
N11	11.7260	-93.7930	0.0000	58.7270	-0.2220	-0.0010	-2.7680	0.0700	0.0870	-50.6150	0.0000	0.0000	-0.0410	-3.7960	-0.0160	-0.0360	-12.2060	-0.3040	-7.9350	-0.0950	-0.0150
G12	11.0400	-97.0990	0.0000	61.7920	0.0000	0.0000	-2.5410	0.0000	0.0000	-51.0470	0.0000	0.0000	0.0000	-3.4870	0.0000	0.0000	-11.6910	0.0000	-9.0610	0.0000	0.0000
G11	10.3060	-95.7250	0.0000	61.1840	0.0000	0.0000	-2.5140	0.0000	0.0000	-51.6790	0.0000	0.0000	0.0000	-3.0360	0.0000	0.0000	-12.3420	0.0000	-9.5520	0.0000	0.0000
G10	7.8280	-89.7900	0.0000	59.4000	0.0000	0.0000	-2.5750	0.0000	0.0000	-48.3430	0.0000	0.0000	0.0000	-2.3120	0.0000	0.0000	-11.6490	0.0000	-9.2440	0.0000	0.0000
F1	10.7080	-97.0860	0.0000	64.3500	0.0000	0.0000	-2.6390	0.0000	0.0000	-47.5950	0.0000	0.0000	0.0000	-2.3570	0.0000	0.0000	-12.0480	0.0000	-8.5240	0.0000	0.0000
F2	11.4790	-96.8510	0.0000	64.4110	0.0000	0.0000	-2.6230	0.0000	0.0000	-48.1290	0.0000	0.0000	0.0000	-3.6290	0.0000	0.0000	-12.7130	0.0000	-8.2030	0.0000	0.0000
F3	9.2690	-93.0860	0.0000	60.6120	-0.0060	-0.0010	-2.4910	-0.0210	0.0250	-48.7790	0.0000	0.0000	-0.0140	-2.2400	-0.0370	-0.0080	-12.5530	0.3030	-8.5720	0.0570	-0.0200
F4	12.5580	-98.3290	0.0000	65.5100	0.0000	0.0000	-2.6020	0.0000	0.0000	-47.6280	0.0000	0.0000	0.0000	-3.5310	0.0000	0.0000	-12.9930	0.0000	-8.2410	0.0000	0.0000
F5	9.3260	-93.3100	0.0000	58.3000	0.0000	0.0000	-2.6710	0.0000	0.0000	-51.6370	0.0000	0.0000	0.0000	-3.2200	0.0000	0.0000	-11.5940	0.0000	-8.4680	0.0000	0.0000
F6	10.3130	-93.7170	0.0000	59.9750	0.0000	0.0000	-2.5710	0.0000	0.0000	-49.6850	0.0000	0.0000	0.0000	-2.9320	0.0000	0.0000	-12.4720	0.0000	-8.2810	0.0000	0.0000
F7	12.1500	-93.8190	0.0000	63.0610	-0.3530	-0.0090	-2.9370	-0.6410	-0.3170	-49.6240	0.0000	0.0000	-0.1830	-2.8930	-0.2790	-0.0880	-13.1980	-2.1200	-8.2970	0.9320	-0.6350
F8	11.7780	-95.8550	0.0000	60.8820	0.0000	0.0000	-2.6050	0.0000	0.0000	-48.8490	0.0000	0.0000	0.0000	-2.3160	0.0000	0.0000	-12.6350	0.0000	-8.1010	0.0000	0.0000
F9	13.2470	-98.7500	0.0000	63.2140	0.0000	0.0000	-2.5740	0.0000	0.0000	-49.6670	0.0000	0.0000	0.0000	-3.5330	0.0000	0.0000	-12.8940	0.0000	-8.3770	0.0000	0.0000
Q1	7.4330	-90.6580	0.0000	61.9230	0.0000	0.0000	-2.6490	0.0000	0.0000	-46.8010	0.0000	0.0000	0.0000	-2.2550	0.0000	0.0000	-11.5460	0.0000	-9.0480	0.0000	0.0000
Q3	10.5790	-91.1130	0.0000	60.2760	0.0000	0.0000	-2.6970	0.0000	0.0000	-45.8000	0.0000	0.0000	0.0000	-2.7120	0.0000	0.0000	-12.3400	0.0000	-7.7930	0.0000	0.0000
Q2	10.8980	-90.8340	0.0000	60.2900	0.0000	0.0000	-2.6720	0.0000	0.0000	-45.3210	0.0000	0.0000	0.0000	-2.7410	0.0000	0.0000	-12.6200	0.0000	-7.6420	0.0000	0.0000
Q5	12.0430	-98.8750	0.0000	65.5270	0.0000	0.0000	-2.6200	0.0000	0.0000	-47.6180	0.0000	0.0000	0.0000	-3.3980	0.0000	0.0000	-12.0330	0.0000	-8.2620	0.0000	0.0000
Q4	11.1270	-91.7310	0.0000	59.9070	0.0000	0.0000	-2.6900	0.0000	0.0000	-46.2740	0.0000	0.0000	0.0000	-2.7030	0.0000	0.0000	-12.5200	0.0000	-7.6640	0.0000	0.0000
Q7	15.1660	-104.3690	0.0000	69.2480	0.0020	0.0010	-2.7220	-0.0070	0.0000	-48.6480	0.0000	0.0000	0.0020	-3.6110	0.0010	-0.0020	-12.2620	0.0000	-10.0650	-0.0350	0.0030
Q6	12.8690	-98.3020	0.0000	62.9030	0.0000	0.0000	-2.6610	0.0000	0.0000	-46.9560	0.0000	0.0000	0.0000	-1.9110	0.0000	0.0000	-11.5610	0.0000	-8.2930	0.0000	0.0000
E11	10.6650	-90.8440	0.0000	61.0380	0.0000	0.0000	-2.4960	0.0000	0.0000	-46.0700	0.0000	0.0000	0.0000	-3.0270	0.0000	0.0000	-13.4660	0.0000	-7.9380	0.0000	0.0000
E10	12.1570	-98.4920	0.0000	65.1640	0.0000	0.0000	-2.6100	0.0000	0.0000	-48.4890	0.0000	0.0000	0.0000	-3.3740	0.0000	0.0000	-12.8930	0.0000	-8.4400	0.0000	0.0000
E12	8.9580	-92.7180	0.0000	61.4410	0.0000	0.0000	-2.5040	0.0000	0.0000	-47.8340	0.0000	0.0000	0.0000	-2.3350	0.0000	0.0000	-11.6590	0.0000	-9.0170	0.0000	0.0000
C12	10.3060	-96.2840	0.0000	63.0180	0.0000	0.0000	-2.6450	0.0000	0.0000	-48.8200	0.0000	0.0000	0.0000	-2.3390	0.0000	0.0000	-12.1050	0.0000	-8.7720	0.0000	0.0000
C11	11.4520	-95.1300	0.0000	63.6220	0.0000	0.0000	-2.5320	0.0000	0.0000	-46.8150	0.0000	0.0000	0.0000	-3.2630	0.0000	0.0000	-13.1310	0.0000	-7.8330	0.0000	0.0000
C10	10.1020	-91.8060	0.0000	60.8200	0.0000	0.0000	-2.5000	0.0000	0.0000	-46.6080	0.0000	0.0000	0.0000	-2.3470	0.0000	0.0000	-11.7770	0.0000	-9.1020	0.0000	0.0000
A11	7.3770	-97.0620	0.0000	62.7330	-0.1440	-0.0510	-2.5870	0.0000	0.0050	-53.0460	0.0000	0.0000	0.0000	-4.9570	-0.0050	-0.0820	-11.2210	0.1470	-8.2310	1.0490	-0.0160
A10	14.3600	-103.0160	0.0000	66.0220	0.0000	0.0000	-2.5650	0.0000	0.0000	-50.6350	0.0000	0.0000	0.0000	-3.1660	0.0000	0.0000	-13.0210	0.0000	-9.2490	0.0000	0.0000
A12	8.8400	-91.5750	0.0000	62.6520	0.0060	0.0010	-2.6370	-0.0010	-0.0070	-46.0510	0.0000	0.0000	0.0020	-2.2480	0.0060	0.0000	-11.8600	-0.0010	-9.2280	0.0100	-0.0110
A1	3572.8460	-117.4090	0.0000	80.8000	0.0000	0.0000	-0.6400	0.0000	0.0000	3518.8020	0.0000	0.0000	0.0000	-1.7060	0.0000	0.0000	-8.7930	0.0000	-6.2950	0.0000	0.0000
A3	8.1170	-95.2100	0.0000	59.4360	0.0000	0.0000	-2.6600	0.0000	0.0000	-51.7150	0.0000	0.0000	0.0000	-2.3480	0.0000	0.0000	-11.0840	0.0000	-7.9670	0.0000	0.0000
A2	10.6140	-90.3900	0.0000	59.9830	0.0000	0.0000	-2.6850	0.0000	0.0000	-45.5320	0.0000	0.0000	0.0000	-2.7420	0.0000	0.0000	-12.5330	0.0000	-7.7780	0.0000	0.0000
A5	11.7730	-91.8810	0.0000	59.8820	0.0000	0.0000	-2.6940	0.0000	0.0000	-45.9240	0.0000	0.0000	0.0000	-2.7470	0.0000	0.0000	-12.5150	0.0000	-7.7430	0.0000	0.0000
A4	9.1640	-92.5540	0.0000	65.1140	-0.0030	-0.0010	-2.6640	-0.0110	-0.0220	-46.2340	0.0000	0.0000	0.0050	-3.6310	-0.0010	0.0080	-12.6870	0.0860	-9.0160	-0.0220	0.0020
A7	12.9370	-96.0090	0.0000	65.5340	0.0000	0.0000	-2.7190	0.0000	0.0000	-44.0400	0.0000	0.0000	0.0000	-2.6950	0.0000	0.0000	-12.7010	0.0000	-8.3880	0.0000	0.0000
A6	8.0200	-87.5440	0.0000	58.1820	0.0000	0.0000	-2.6590	0.0000	0.0000	-47.1920	0.0000	0.0000	0.0000	-2.6180	0.0000	0.0000	-12.3980	0.0000	-8.1750	0.0000	0.0000
A9	10.0290	-95.0380	0.0000	67.5720	0.0020	0.0000	-2.7270	0.0290	0.0270	-43.7660	0.0000	0.0000	0.0000	-2.2720	-0.0070	0.0080	-12.2060	0.0030	-9.0660	-0.1060	-0.0130
A8	9.1810	-95.8350	0.0000	61.0180	0.0000	0.0000	-2.6640	0.0000	0.0000	-51.4500	0.0000	0.0000	0.0000	-3.6020	0.0000	0.0000	-11.8170	0.0000	-7.7290	0.0000	0.0000
D8	9.0160	-93.2320	0.0000	60.4420	0.0000	0.0000	-2.4780	0.0000	0.0000	-48.9150	0.0000	0.0000	0.0000	-2.2730	0.0000	0.0000	-12.0050	0.0000	-8.3840	0.0000	0.0000
D9	8.9460	-92.3980	0.0000	59.4210	0.0000	0.0000	-2.5660	0.0000	0.0000	-50.2540	0.0000	0.0000	0.0000	-3.3250	0.0000	0.0000	-12.5200	0.0000	-7.8120	0.0000	0.0000
D6	7.4380	-94.1580	0.0000	61.1050	0.4650	-0.0120	-2.6430	0.1730	0.0140	-50.8080	0.0000	0.0000	-0.0780	-2.3340	-0.1660	-0.1550	-12.2540	-0.4880	-7.9690	0.4000	-0.1500
D7	8.8990	-95.6600	0.0000	63.3270	0.5050	0.0040	-2.6000	-0.3650	0.2810	-49.6080	0.0000	0.0000	-0.2360	-2.3590	-0.0230	-0.0640	-12.1490	-0.9600	-8.4830	0.7090	-0.4360
D4	12.3120	-99.0920	0.0000	64.1920	0.0000	0.0000	-2.6010	0.0000	0.0000	-50.1120	0.0000	0.0000	0.0000	-3.4050	0.0000	0.0000	-12.9060	0.0000	-8.6140	0.0000	0.0000
D5	12.3040	-99.0900	0.0000	64.1900	0.0000	0.0000	-2.6050	0.0000	0.0000	-50.1210	0.0000	0.0000	0.0000	-3.4020	0.0000	0.0000	-12.8990	0.0000	-8.6180	0.0000	0.0000
D2	8.9850	-91.4270	0.0000	59.7000	0.0170	0.0000	-2.6000	0.0180	0.0170	-48.1020	0.0000	0.0000	-0.0100	-2.2760	0.0010	-0.0200	-12.7190	-0.0800	-7.7460	0.0520	-0.0170
D3	12.2060	-98.1740	0.0000	63.8960	0.0000	0.0000	-2.5950	0.0000	0.0000	-49.6810	0.0000	0.0000	0.0000	-3.4200	0.0000	0.0000	-13.0380	0.0000	-8.5520	0.0000	0.0000
D1	8.0730	-91.7270	0.0000	60.9650	0.0000	0.0000	-2.5470	0.0000	0.0000	-48.5650	0.0000	0.0000	0.0000	-2.3630	0.0000	0.0000	-11.7870	0.0000	-9.1780	0.0000	0.0000
K12	6.7930	-92.3450	0.0000	63.7430	0.0000	0.0000	-2.7320	0.0000	0.0000	-50.0840	0.0000	0.0000	0.0000	-3.1110	0.0000	0.0000	-12.5880	0.0000	-9.8430	0.0000	0.0000
K11	5.0880	-88.1600	0.0000	64.6060	0.0000	0.0000	-2.5650	0.0000	0.0000	-44.5720	0.0000	0.0000	0.0000	-2.2080	0.0000	0.0000	-12.1290	0.0000	-9.2040	0.0000	0.0000
K10	6.8240	-94.3150	0.0000	64.2170	0.0000	0.0000	-2.5480	0.0000	0.0000	-49.3450	0.0000	0.0000	0.0000	-2.1940	0.0000	0.0000	-12.1950	0.0000	-9.1330	0.0000	0.0000
M3	10.6630	-91.9010	0.0000	63.4000	0.0000	0.0000	-2.7460	0.0000	0.0000	-44.9590	0.0000	0.0000	0.0000	-2.6650	0.0000	0.0000	-13.5470	0.0000	-8.1640	0.0000	0.0000
M2	11.1630	-92.7710	0.0000	62.3620	0.0000	0.0000	-2.6950	0.0000	0.0000	-46.5510	0.0000	0.0000	0.0000	-2.4590	0.0000	0.0000	-13.2800	0.0000	-8.8700	0.0000	0.0000
L10	8.3340	-91.5610	0.0000	64.4000	0.0000	0.0000	-2.4950	0.0000	0.0000	-43.3060	0.0000	0.0000	0.0000	-2.1900	0.0000	0.0000	-11.7780	0.0000	-8.0150	0.0000	0.0000
L11	8.6470	-88.5880	0.0000	62.5980	0.0000	0.0000	-2.5430	0.0000	0.0000	-44.7520	0.0000	0.0000	0.0000	-2.5170	0.0000	0.0000	-14.0940	0.0000	-8.2550	0.0000	0.0000
L12	9.2420	-98.5790	0.0000	65.6100	0.0000	0.0000	-2.6540	0.0000	0.0000	-50.4140	0.0000	0.0000	0.0000	-3.1880	0.0000	0.0000	-11.3060	0.0000	-9.5370	0.0000	0.0000
K3	4.4210	-85.8280	0.0000	61.5820	0.0000	0.0000	-2.4930	0.0000	0.0000	-45.1730	0.0000	0.0000	0.0000	-2.3200	0.0000	0.0000	-11.6160	0.0000	-8.9170	0.0000	0.0000
K2	4.5120	-87.6330	0.0000	61.0640	0.0170	-0.0040	-2.4740	-0.0110	0.0160	-47.4670	0.0000	0.0000	-0.0060	-2.2980	0.0010	-0.0030	-11.6160	-0.0320	-8.9690	-0.0380	0.0070
K1	10.6220	-97.4130	0.0000	65.6300	0.0000	0.0000	-2.5900	0.0000	0.0000	-47.9370	0.0000	0.0000	0.0000	-3.0620	0.0000	0.0000	-12.0560	0.0000	-9.0680	0.0000	0.0000
M6	14.5810	-101.2070	0.0000	69.8690	-0.0150	0.0010	-2.6260	-0.0600	0.0090	-44.3030	0.0000	0.0000	0.0180	-3.0290	-0.0110	0.0000	-12.6380	-0.1010	-9.3180	0.2350	-0.0090
K7	9.5640	-91.8160	0.0000	67.0010	0.0000	0.0000	-2.7140	0.0000	0.0000	-43.6230	0.0000	0.0000	0.0000	-2.8220	0.0000	0.0000	-13.9250	0.0000	-8.9110	0.0000	0.0000
K6	9.0310	-94.9000	0.0000	68.0370	0.0000	0.0000	-2.7000	0.0000	0.0000	-46.1770	0.0000	0.0000	0.0000	-2.8100	0.0000	0.0000	-13.4120	0.0000	-9.4240	0.0000	0.0000
K5	7.0670	-92.0990	0.0000	64.2960	0.0000	0.0000	-2.6070	0.0000	0.0000	-47.2690	0.0000	0.0000	0.0000	-3.0820	0.0000	0.0000	-12.0150	0.0000	-8.8290	0.0000	0.0000
K4	8.6870	-94.6860	0.0000	62.4350	0.0000	0.0000	-2.5720	0.0000	0.0000	-49.8650	0.0000	0.0000	0.0000	-3.2850	0.0000	0.0000	-11.1010	0.0000	-9.3430	0.0000	0.0000
K9	8.0430	-93.1730	0.0000	63.0180	0.0000	0.0000	-2.5020	0.0000	0.0000	-50.8380	0.0000	0.0000	0.0000	-3.7270	0.0000	0.0000	-14.0730	0.0000	-8.4270	0.0000	0.0000
K8	8.6450	-94.6390	0.0000	62.8880	0.0000	0.0000	-2.4870	0.0000	0.0000	-51.6320	0.0000	0.0000	0.0000	-3.6880	0.0000	0.0000	-13.9470	0.0000	-8.4030	0.0000	0.0000
M9	5.9070	-88.7410	0.0000	61.8220	0.0000	0.0000	-2.5030	0.0000	0.0000	-46.1810	0.0000	0.0000	0.0000	-2.3440	0.0000	0.0000	-11.4250	0.0000	-8.8970	0.0000	0.0000
M8	5.4880	-87.6780	0.0000	61.8440	0.0000	0.0000	-2.7220	0.0000	0.0000	-46.6780	0.0000	0.0000	0.0000	-2.3650	0.0000	0.0000	-12.9210	0.0000	-8.3230	0.0000	0.0000
I9	6.0140	-87.8330	0.0000	63.2970	0.0000	0.0000	-2.5780	0.0000	0.0000	-43.2850	0.0000	0.0000	0.0000	-2.2540	0.0000	0.0000	-11.2520	0.0000	-8.6790	0.0000	0.0000
I8	9.7010	-93.2990	0.0000	63.5160	0.0000	0.0000	-2.5640	0.0000	0.0000	-47.8850	0.0000	0.0000	0.0000	-2.5460	0.0000	0.0000	-14.2650	0.0000	-8.4290	0.0000	0.0000
I1	9.6030	-87.1700	0.0000	61.5100	0.0010	0.0000	-2.5120	-0.0380	0.0110	-40.5570	0.0000	0.0000	0.0080	-2.1560	-0.0070	-0.0080	-11.6980	0.1490	-8.2630	0.0310	-0.0200
I3	8.8010	-96.0420	0.0000	67.5390	0.0220	-0.0010	-2.6870	-0.0230	0.0080	-44.8500	0.0000	0.0000	-0.0290	-2.2680	-0.0130	0.0000	-11.7140	0.2740	-8.9470	0.2140	0.0160
I2	5.2980	-85.4310	0.0000	60.1040	0.0000	0.0000	-2.5420	0.0000	0.0000	-44.1920	0.0000	0.0000	0.0000	-2.2530	0.0000	0.0000	-10.9780	0.0000	-8.3910	0.0000	0.0000
I5	8.5240	-95.8470	0.0000	67.9350	0.0000	0.0000	-2.6870	0.0000	0.0000	-47.5690	0.0000	0.0000	0.0000	-2.9650	0.0000	0.0000	-13.4370	0.0000	-9.0910	0.0000	0.0000
I4	5.3040	-90.0830	0.0000	64.2580	0.0000	0.0000	-2.5580	0.0000	0.0000	-46.7730	0.0000	0.0000	0.0000	-2.2050	0.0000	0.0000	-12.2220	0.0000	-9.2660	0.0000	0.0000
I7	8.4160	-97.7060	0.0000	66.8610	0.0000	0.0000	-2.6610	0.0000	0.0000	-49.4310	0.0000	0.0000	0.0000	-3.0280	0.0000	0.0000	-11.1680	0.0000	-10.1450	0.0000	0.0000
I6	9.2320	-97.2950	0.0000	65.9970	0.0000	0.0000	-2.6050	0.0000	0.0000	-49.4410	0.0000	0.0000	0.0000	-2.9910	0.0000	0.0000	-12.4400	0.0000	-9.3380	0.0000	0.0000
J12	10.5930	-94.9580	0.0000	67.4100	0.0000	0.0000	-2.7030	0.0000	0.0000	-45.2770	0.0000	0.0000	0.0000	-2.9320	0.0000	0.0000	-13.5700	0.0000	-9.1160	0.0000	0.0000
J10	8.3320	-94.4310	0.0000	64.9130	0.0000	0.0000	-2.6690	0.0000	0.0000	-47.9080	0.0000	0.0000	0.0000	-3.0900	0.0000	0.0000	-11.8170	0.0000	-9.1460	0.0000	0.0000
J11	5.1430	-91.4710	0.0000	65.0210	0.0000	0.0000	-2.5900	0.0000	0.0000	-47.1990	0.0000	0.0000	0.0000	-2.2640	0.0000	0.0000	-11.8420	0.0000	-9.1960	0.0000	0.0000
I11	8.1180	-95.0660	0.0000	67.7740	0.0000	0.0000	-2.6680	0.0000	0.0000	-46.6180	0.0000	0.0000	0.0000	-3.0020	0.0000	0.0000	-12.3480	0.0000	-9.4240	0.0000	0.0000
I10	14.3150	-100.7630	0.0000	69.9200	0.0000	0.0000	-2.6600	0.0000	0.0000	-44.3750	0.0000	0.0000	0.0000	-3.0880	0.0000	0.0000	-12.7100	0.0000	-9.3880	0.0000	0.0000
I12	14.5450	-101.0260	0.0000	70.1190	0.0000	0.0000	-2.6450	0.0000	0.0000	-44.2980	0.0000	0.0000	0.0000	-2.9510	0.0000	0.0000	-12.7640	0.0000	-9.5760	0.0000	0.0000
L6	8.4680	-94.8160	0.0000	67.4070	-0.0020	0.0020	-2.6650	0.0080	0.0270	-46.1680	0.0000	0.0000	-0.0030	-3.0010	-0.0020	-0.0140	-12.1590	0.0080	-9.3570	-0.0750	0.0080
L7	11.3980	-95.8200	0.0000	65.2720	0.0000	0.0000	-2.6000	0.0000	0.0000	-45.4270	0.0000	0.0000	0.0000	-2.2100	0.0000	0.0000	-12.2580	0.0000	-9.2100	0.0000	0.0000
L4	7.3920	-92.5560	0.0000	64.1560	0.0000	0.0000	-2.6300	0.0000	0.0000	-47.3570	0.0000	0.0000	0.0000	-3.1520	0.0000	0.0000	-11.7640	0.0000	-8.8010	0.0000	0.0000
L5	7.4670	-94.5580	0.0000	62.8760	0.0000	0.0000	-2.5850	0.0000	0.0000	-50.6340	0.0000	0.0000	0.0000	-3.0950	0.0000	0.0000	-11.5240	0.0000	-9.2150	0.0000	0.0000
L2	5.0270	-91.5720	0.0000	61.4030	0.0000	0.0000	-2.5280	0.0000	0.0000	-50.8700	0.0000	0.0000	0.0000	-2.3360	0.0000	0.0000	-11.7110	0.0000	-9.1530	0.0000	0.0000
L3	6.4960	-91.2060	0.0000	62.4520	0.0000	0.0000	-2.4950	0.0000	0.0000	-47.8010	0.0000	0.0000	0.0000	-2.3300	0.0000	0.0000	-11.3890	0.0000	-9.3290	0.0000	0.0000
L1	13.2900	-96.4980	0.0000	68.2190	0.0000	0.0000	-2.8230	0.0000	0.0000	-42.4870	0.0000	0.0000	0.0000	-2.8920	0.0000	0.0000	-13.3600	0.0000	-8.4210	0.0000	0.0000
N1	14.3610	-100.6930	0.0000	70.3390	0.0000	0.0000	-2.6460	0.0000	0.0000	-43.9560	0.0000	0.0000	0.0000	-2.9520	0.0000	0.0000	-12.8520	0.0000	-9.5130	0.0000	0.0000
N2	6.7050	-91.0110	0.0000	65.1960	0.0000	0.0000	-2.6660	0.0000	0.0000	-44.8180	0.0000	0.0000	0.0000	-2.3180	0.0000	0.0000	-11.7320	0.0000	-8.9910	0.0000	0.0000
N3	12.1740	-95.7230	0.0000	67.1370	0.0000	0.0000	-2.8210	0.0000	0.0000	-45.8060	0.0000	0.0000	0.0000	-3.1480	0.0000	0.0000	-14.8170	0.0000	-8.6070	0.0000	0.0000
N4	13.6650	-99.2810	0.0000	66.6280	0.0000	0.0000	-2.6310	0.0000	0.0000	-46.2080	0.0000	0.0000	0.0000	-3.1550	0.0000	0.0000	-12.3970	0.0000	-9.0370	0.0000	0.0000
L8	11.9690	-90.9290	0.0000	63.5550	0.0000	0.0000	-2.4950	0.0000	0.0000	-40.2740	0.0000	0.0000	0.0000	-2.2660	0.0000	0.0000	-11.0290	0.0000	-9.0780	0.0000	0.0000
L9	8.5240	-91.2160	0.0000	63.7110	0.0000	0.0000	-2.5590	0.0000	0.0000	-45.9380	0.0000	0.0000	0.0000	-2.9720	0.0000	0.0000	-12.3070	0.0000	-9.1190	0.0000	0.0000
M5	5.9900	-88.1780	0.0000	61.3220	0.0000	0.0000	-2.6990	0.0000	0.0000	-46.2190	0.0000	0.0000	0.0000	-2.0170	0.0000	0.0000	-12.3410	0.0000	-8.2940	0.0000	0.0000
J8	14.4450	-99.3990	0.0000	71.9440	0.0030	-0.0050	-2.8220	-0.0730	-0.0270	-41.2800	0.0000	0.0000	-0.0020	-2.9210	0.0060	-0.0070	-13.8120	0.0440	-8.7130	0.0490	0.0110
J9	8.9740	-90.6760	0.0000	62.7630	0.0000	0.0000	-2.6080	0.0000	0.0000	-46.4040	0.0000	0.0000	0.0000	-2.2710	0.0000	0.0000	-14.3580	0.0000	-8.2270	0.0000	0.0000
M7	14.7960	-99.9570	0.0000	71.8830	0.0000	0.0000	-2.8210	0.0000	0.0000	-41.5850	0.0000	0.0000	0.0000	-2.8870	0.0000	0.0000	-13.8610	0.0000	-8.7410	0.0000	0.0000
M4	7.6060	-91.1010	0.0000	63.0330	0.0000	0.0000	-2.6770	0.0000	0.0000	-47.7340	0.0000	0.0000	0.0000	-2.7500	0.0000	0.0000	-13.2370	0.0000	-8.6080	0.0000	0.0000
J4	7.3940	-92.8570	0.0000	61.6950	0.0000	0.0000	-2.6490	0.0000	0.0000	-50.3550	0.0000	0.0000	0.0000	-2.3630	0.0000	0.0000	-12.7410	0.0000	-8.8330	0.0000	0.0000
J5	10.6140	-96.9330	0.0000	68.0770	0.0000	0.0000	-2.6870	0.0000	0.0000	-46.6370	0.0000	0.0000	0.0000	-2.8890	0.0000	0.0000	-13.5450	0.0000	-9.2740	0.0000	0.0000
J6	6.6840	-90.7980	0.0000	64.9570	0.0000	-0.0010	-2.6720	0.0050	-0.0170	-46.3690	0.0000	0.0000	0.0290	-3.1170	-0.0120	-0.0150	-12.6990	0.1720	-8.7900	-0.0950	-0.0010
J7	11.9990	-95.2340	0.0000	67.5410	0.0000	0.0000	-2.8280	0.0000	0.0000	-44.9320	0.0000	0.0000	0.0000	-3.1450	0.0000	0.0000	-14.7070	0.0000	-8.5590	0.0000	0.0000
J1	9.9870	-92.3780	0.0000	61.4790	0.2930	-0.0010	-2.5480	-0.0060	-0.0250	-45.2350	0.0000	0.0000	-0.0230	-2.1670	-0.0110	-0.0440	-11.7800	0.4980	-8.9000	0.3900	0.0020
J2	6.1320	-89.6390	0.0000	62.0640	0.0000	0.0000	-2.4770	0.0000	0.0000	-45.2510	0.0000	0.0000	0.0000	-2.2990	0.0000	0.0000	-10.6610	0.0000	-8.3690	0.0000	0.0000
J3	12.5230	-97.4860	0.0000	66.4310	0.0060	-0.0030	-2.5660	-0.0010	-0.0030	-45.8340	0.0000	0.0000	-0.0130	-3.0700	0.0050	0.0070	-12.3220	-0.1560	-9.2840	0.0830	0.0160
M11	12.6830	-92.8750	0.0000	65.5000	0.0000	0.0000	-2.5350	0.0000	0.0000	-41.4380	0.0000	0.0000	0.0000	-2.9800	0.0000	0.0000	-12.1710	0.0000	-9.0580	0.0000	0.0000
M10	7.1710	-92.7010	0.0000	61.4240	0.0000	0.0000	-2.5070	0.0000	0.0000	-48.4480	0.0000	0.0000	0.0000	-2.2860	0.0000	0.0000	-11.0290	0.0000	-8.5200	0.0000	0.0000
M12	5.0930	-88.6540	0.0000	60.9790	0.0000	0.0000	-2.6530	0.0000	0.0000	-48.1270	0.0000	0.0000	0.0000	-2.1320	0.0000	0.0000	-12.2280	0.0000	-8.5310	0.0000	0.0000
M1	12.6750	-97.7630	0.0000	66.3350	0.0000	0.0000	-2.5660	0.0000	0.0000	-45.8850	0.0000	0.0000	0.0000	-3.1140	0.0000	0.0000	-12.2230	0.0000	-9.2290	0.0000	0.0000
