384A	-0.11	1.93	-0.60	-0.11	0.13	0.46	0.01	0.04	2.86	0.06	1.24	0.14	0.19	0.75	-0.08	0.71	-0.08	0.13
384C	-0.12	1.62	-0.59	-0.11	0.13	0.31	0.01	0.04	2.37	0.06	1.23	0.14	0.19	0.80	-0.08	0.64	-0.08	0.13
384E	-0.08	1.25	0.29	-0.11	0.13	0.50	0.01	0.04	2.39	0.06	1.16	0.14	0.19	0.14	-0.08	-0.56	-0.08	0.13
384D	-0.04	1.57	0.22	-0.11	0.13	0.32	0.01	0.04	2.82	0.06	1.18	0.14	0.19	-0.24	-0.08	-0.07	-0.08	0.13
384G	-0.26	1.61	-0.64	-0.11	0.13	0.33	0.01	0.04	2.09	0.06	1.06	0.14	0.19	1.25	-0.08	-0.04	-0.08	0.13
384I	-0.32	1.33	-0.84	-0.11	0.13	0.57	0.01	0.04	1.24	0.06	1.15	0.14	0.19	0.99	-0.08	-0.29	-0.08	0.13
384H	-0.05	0.77	0.35	-0.11	0.13	0.27	0.01	0.04	1.76	0.06	1.15	0.14	0.19	-0.01	-0.08	-0.25	-0.08	0.13
384K	0.05	0.80	1.33	-0.11	0.13	0.05	0.01	0.04	3.75	0.06	1.43	0.14	0.19	1.43	-0.08	0.04	-0.08	0.13
384M	-0.27	1.66	-1.44	-0.11	0.13	-4.69	0.01	0.04	0.09	0.06	-0.03	0.14	0.19	-1.70	-0.08	2.43	-0.08	0.13
384L	-0.13	1.14	-0.92	-0.11	0.13	0.58	0.01	0.04	1.01	0.06	1.61	0.14	0.19	-0.38	-0.08	1.14	-0.08	0.13
384N	-0.00	1.41	0.05	-0.11	0.13	0.21	0.01	0.04	2.75	0.06	1.23	0.14	0.19	0.92	-0.08	-0.31	-0.08	0.13
384Q	-0.17	0.99	0.07	-0.11	0.13	0.26	0.01	0.04	1.92	0.06	1.17	0.14	0.19	1.25	-0.08	-0.84	-0.08	0.13
384P	-0.12	1.86	-0.40	-0.11	0.13	0.44	0.01	0.04	2.95	0.06	1.26	0.14	0.19	0.72	-0.08	0.63	-0.08	0.13
384S	-0.24	1.47	-0.45	-0.11	0.13	0.32	0.01	0.04	2.01	0.06	1.07	0.14	0.19	1.08	-0.08	-0.32	-0.08	0.13
384R	-0.35	1.04	0.63	-0.11	0.13	-0.21	0.01	0.04	2.83	0.06	1.40	0.14	0.19	0.76	-0.08	1.09	-0.08	0.13
384T	-0.39	1.79	-0.88	-0.11	0.13	0.41	0.01	0.04	1.81	0.06	1.13	0.14	0.19	1.07	-0.08	-0.41	-0.08	0.13
384W	0.64	-0.10	0.46	-0.11	0.13	-0.10	0.01	0.04	1.20	0.06	1.18	0.14	0.19	0.25	-0.08	-0.71	-0.08	0.13
384V	-0.20	1.27	-0.81	-0.11	0.13	0.40	0.01	0.04	1.39	0.06	1.07	0.14	0.19	1.27	-0.08	-0.14	-0.08	0.13
384Y	-1.42	0.29	0.09	-0.11	0.13	0.64	0.01	0.04	-1.58	0.06	-1.67	0.14	0.19	-0.46	-0.08	-0.91	-0.08	0.13
348Y	1.66	-1.20	0.24	-0.11	0.13	0.32	0.01	0.04	0.40	0.06	1.10	0.14	0.19	0.93	-0.08	-1.19	-0.08	0.13
348Q	0.30	-0.50	0.32	-0.11	0.13	-0.35	0.01	0.04	-0.14	0.06	-1.45	0.14	0.19	0.19	-0.08	0.93	-0.08	0.13
348P	0.73	-1.10	0.95	-0.11	0.13	0.14	0.01	0.04	0.68	0.06	0.91	0.14	0.19	1.02	-0.08	-0.31	-0.08	0.13
348S	0.27	0.43	-0.50	-0.11	0.13	0.10	0.01	0.04	0.93	0.06	1.34	0.14	0.19	0.26	-0.08	1.03	-0.08	0.13
348R	0.74	-1.55	2.09	-0.11	0.13	-0.08	0.01	0.04	0.59	0.06	1.04	0.14	0.19	0.06	-0.08	-2.31	-0.08	0.13
348T	0.11	1.00	-1.10	-0.11	0.13	-0.74	0.01	0.04	0.57	0.06	0.18	0.14	0.19	-0.69	-0.08	2.26	-0.08	0.13
348W	0.18	-0.27	-0.80	-0.11	0.13	0.32	0.01	0.04	-0.54	0.06	1.01	0.14	0.19	1.00	-0.08	0.52	-0.08	0.13
348V	-0.51	0.41	-0.78	0.38	-1.12	0.54	0.54	1.22	-0.15	0.06	1.22	0.32	0.87	0.88	0.12	0.24	-0.31	-0.28
348I	0.79	-0.53	-0.33	-0.11	0.13	0.08	0.01	0.04	0.26	0.06	1.13	0.14	0.19	1.24	-0.08	0.08	-0.08	0.13
348H	0.40	-0.93	0.89	-1.72	-0.78	0.31	0.22	0.58	0.72	-0.64	1.04	0.90	-1.49	1.21	-0.26	-1.28	3.82	0.74
348K	0.75	-0.82	1.52	-0.11	0.13	0.10	0.01	0.04	1.63	0.06	1.09	0.14	0.19	0.39	-0.08	-0.41	-0.08	0.13
348M	1.10	-1.13	0.06	-0.11	0.13	0.15	0.01	0.04	-0.31	0.06	1.10	0.14	0.19	0.40	-0.08	-0.46	-0.08	0.13
348L	1.41	-0.84	0.67	0.52	5.00	-0.30	-0.65	-1.87	1.33	0.83	1.40	-0.19	-5.00	0.65	-0.66	0.72	-1.25	0.94
348N	0.09	0.70	-0.78	-0.11	0.13	0.03	0.01	0.04	0.76	0.06	1.78	0.14	0.19	-0.06	-0.08	0.83	-0.08	0.13
348A	0.28	0.23	-0.36	-0.11	0.13	0.35	0.01	0.04	0.73	0.06	1.09	0.14	0.19	1.01	-0.08	-0.19	-0.08	0.13
348C	0.63	0.19	-0.39	-0.11	0.13	0.09	0.01	0.04	1.14	0.06	1.16	0.14	0.19	1.20	-0.08	0.19	-0.08	0.13
348E	0.46	-0.39	0.96	-0.11	0.13	0.06	0.01	0.04	1.69	0.06	1.16	0.14	0.19	1.39	-0.08	-0.30	-0.08	0.13
348D	0.91	-0.88	1.76	-0.11	0.13	-0.07	0.01	0.04	1.89	0.06	0.95	0.14	0.19	0.34	-0.08	-0.66	-0.08	0.13
348F	1.72	-1.10	-0.22	-0.11	0.13	0.15	0.01	0.04	0.16	0.06	1.10	0.14	0.19	0.63	-0.08	-0.23	-0.08	0.13
417G	-2.43	1.51	-0.20	-0.11	0.13	-0.09	0.01	0.04	0.03	0.06	0.85	0.14	0.19	1.06	-0.08	-0.41	-0.08	0.13
346W	1.63	-1.31	0.00	-0.11	0.13	0.17	0.01	0.04	-0.01	0.06	1.08	0.14	0.19	0.78	-0.08	-0.56	-0.08	0.13
309C	0.12	0.63	-0.57	-0.11	0.13	0.15	0.01	0.04	1.10	0.06	1.28	0.14	0.19	0.66	-0.08	0.88	-0.08	0.13
309A	-0.32	1.55	-1.45	-0.11	0.13	-0.72	0.01	0.04	0.46	0.06	0.19	0.14	0.19	-0.90	-0.08	2.17	-0.08	0.13
309F	-0.04	0.60	-0.65	-0.11	0.13	0.31	0.01	0.04	0.62	0.06	1.16	0.14	0.19	0.87	-0.08	-0.06	-0.08	0.13
309G	-0.33	1.44	-1.10	-0.11	0.13	-0.56	0.01	0.04	0.74	0.06	0.16	0.14	0.19	-0.57	-0.08	1.75	-0.08	0.13
309D	0.07	1.10	-0.78	-0.11	0.13	0.02	0.01	0.04	1.59	0.06	1.36	0.14	0.19	0.66	-0.08	1.12	-0.08	0.13
309E	-0.05	0.67	-0.37	2.35	0.13	0.15	-0.40	-0.42	1.20	-1.34	1.19	-0.66	-5.00	0.40	1.25	-0.22	0.60	0.79
309K	-1.37	0.85	-0.03	-0.08	0.13	0.74	-0.61	0.23	0.47	0.59	1.01	-0.12	0.12	0.89	0.38	-0.03	-0.59	-0.11
309H	-0.03	1.03	-0.70	-0.11	0.13	0.04	0.01	0.04	1.45	0.06	1.41	0.14	0.19	0.41	-0.08	1.36	-0.08	0.13
309I	0.09	0.70	-0.66	-0.11	0.13	0.09	0.01	0.04	1.10	0.06	1.20	0.14	0.19	1.12	-0.08	0.50	-0.08	0.13
309N	-0.13	1.42	-1.09	0.50	0.24	-0.44	-0.04	0.34	0.97	0.33	0.91	0.17	-0.59	-0.27	-0.42	1.10	-0.09	0.42
309L	0.14	0.18	-0.41	-0.11	0.13	0.19	0.01	0.04	0.30	0.06	1.07	0.14	0.19	0.68	-0.08	-0.30	-0.08	0.13
309R	-0.96	0.76	0.08	-0.11	0.13	0.43	0.01	0.04	0.63	0.06	1.10	0.14	0.19	1.13	-0.08	-1.24	-0.08	0.13
309S	-0.51	1.63	-1.12	0.12	0.13	-0.37	0.78	0.66	1.19	0.49	1.00	-0.08	-4.30	-0.31	0.08	1.93	-0.07	0.40
309P	-0.81	0.87	-0.54	-0.11	0.13	0.46	0.01	0.04	0.65	0.06	1.14	0.14	0.19	1.11	-0.08	0.63	-0.08	0.13
309Q	-0.25	1.49	-1.19	-0.11	0.13	0.05	0.01	0.04	1.17	0.06	1.84	0.14	0.19	-0.07	-0.08	1.00	-0.08	0.13
309V	0.09	0.69	-0.61	-0.11	0.13	0.13	0.01	0.04	1.12	0.06	1.29	0.14	0.19	0.61	-0.08	0.98	-0.08	0.13
309W	-1.52	0.75	-0.53	-0.11	0.13	0.67	0.01	0.04	-0.18	0.06	0.95	0.14	0.19	1.58	-0.08	0.37	-0.08	0.13
309T	0.11	0.62	-0.64	-0.11	0.13	0.11	0.01	0.04	1.02	0.06	1.18	0.14	0.19	1.18	-0.08	0.33	-0.08	0.13
417M	-1.59	0.16	0.10	-0.11	0.13	-0.18	0.01	0.04	-1.18	0.06	1.06	0.14	0.19	0.16	-0.08	-0.66	-0.08	0.13
346N	-0.79	1.45	-0.99	-0.11	0.13	0.08	0.01	0.04	0.79	0.06	1.69	0.14	0.19	0.30	-0.08	0.52	-0.08	0.13
346M	0.78	0.24	-1.94	-0.21	-0.10	0.33	-5.00	5.00	0.08	-2.44	1.19	5.00	5.00	-0.25	2.36	0.58	2.71	-3.53
309Y	-0.05	0.55	-0.48	-0.11	0.13	0.26	0.01	0.04	0.75	0.06	1.16	0.14	0.19	0.88	-0.08	-0.10	-0.08	0.13
346K	0.98	-0.04	1.37	-0.11	0.13	0.23	0.01	0.04	3.20	0.06	1.22	0.14	0.19	-0.08	-0.08	1.31	-0.08	0.13
346I	-0.77	1.56	-2.77	-0.11	0.13	-0.83	0.01	0.04	-1.36	0.06	0.17	0.14	0.19	0.01	-0.08	2.10	-0.08	0.13
346H	-0.78	1.63	-1.88	-0.11	0.13	-4.96	0.01	0.04	-0.97	0.06	-0.15	0.14	0.19	-1.46	-0.08	2.48	-0.08	0.13
346L	-0.50	1.30	-2.42	-0.11	0.13	-0.58	0.01	0.04	-1.35	0.06	0.42	0.14	0.19	-0.98	-0.08	1.93	-0.08	0.13
417K	-1.38	0.22	0.68	-0.11	0.13	-0.19	0.01	0.04	-0.34	0.06	1.05	0.14	0.19	0.19	-0.08	-1.52	-0.08	0.13
302Y	1.65	-0.27	-0.27	-0.11	0.13	0.14	0.01	0.04	1.91	0.06	0.99	0.14	0.19	1.20	-0.08	1.42	-0.08	0.13
302W	0.96	-0.17	-0.82	5.00	-1.24	-0.99	5.00	5.00	-0.57	0.43	0.84	-1.13	5.00	1.52	-5.00	0.94	-5.00	-0.70
302V	-1.18	-0.01	-0.94	-0.11	0.13	0.58	0.01	0.04	-1.63	0.06	0.88	0.14	0.19	1.59	-0.08	0.00	-0.08	0.13
302T	-1.06	-0.30	0.87	-0.11	0.13	0.29	0.01	0.04	-1.15	0.06	-0.99	0.14	0.19	-1.11	-0.08	-0.37	-0.08	0.13
302S	0.31	0.06	0.73	-0.11	0.13	0.35	0.01	0.04	0.56	0.06	-1.10	0.14	0.19	-1.76	-0.08	0.36	-0.08	0.13
302R	1.06	-0.26	0.70	-0.11	0.13	0.19	0.01	0.04	0.93	0.06	1.13	0.14	0.19	-1.77	-0.08	-1.02	-0.08	0.13
302Q	0.99	-0.15	0.74	-0.11	0.13	0.24	0.01	0.04	1.83	0.06	1.57	0.14	0.19	-0.58	-0.08	-0.03	-0.08	0.13
302P	0.09	0.75	-0.55	-0.11	0.13	-0.03	0.01	0.04	1.20	0.06	1.74	0.14	0.19	-0.17	-0.08	1.37	-0.08	0.13
302N	0.09	0.35	0.46	-0.11	0.13	-0.44	0.01	0.04	1.24	0.06	-0.79	0.14	0.19	-0.87	-0.08	2.19	-0.08	0.13
302M	0.24	-0.95	-0.12	-0.11	0.13	0.34	0.01	0.04	-0.95	0.06	1.02	0.14	0.19	0.95	-0.08	-0.52	-0.08	0.13
302L	-0.05	0.05	-1.24	-0.11	0.13	-0.11	0.01	0.04	-0.85	0.06	1.61	0.14	0.19	0.02	-0.08	1.39	-0.08	0.13
302K	0.07	-0.58	2.14	-0.11	0.13	-0.16	0.01	0.04	1.57	0.06	-1.72	0.14	0.19	-1.50	-0.08	2.59	-0.08	0.13
302I	-0.03	-0.14	-0.73	-0.11	0.13	0.27	0.01	0.04	-0.33	0.06	1.11	0.14	0.19	1.25	-0.08	0.66	-0.08	0.13
302H	-0.06	0.17	0.57	-0.41	0.02	-0.32	0.41	-1.60	1.50	-0.64	1.25	0.43	0.16	-0.22	0.17	1.80	-0.40	0.08
302G	-0.30	0.57	-0.15	-0.08	0.24	0.25	0.68	-0.26	0.64	0.16	1.00	-0.70	-0.26	0.44	-0.29	-0.13	-0.61	0.42
302F	1.16	0.05	-1.49	-0.11	0.13	0.65	0.01	0.04	-0.09	0.06	0.98	0.14	0.19	0.46	-0.08	0.38	-0.08	0.13
302E	0.45	0.00	1.09	-0.11	0.13	-0.19	0.01	0.04	1.96	0.06	1.46	0.14	0.19	0.01	-0.08	-0.54	-0.08	0.13
302D	-1.66	-0.26	1.99	-0.11	0.13	0.21	0.01	0.04	-0.42	0.06	0.10	0.14	0.19	-1.82	-0.08	-0.75	-0.08	0.13
302C	-1.06	-0.20	0.11	-0.11	0.13	0.21	0.01	0.04	-1.22	0.06	0.89	0.14	0.19	0.50	-0.08	-1.26	-0.08	0.13
417T	-1.20	1.45	-0.38	-0.11	0.13	0.06	0.01	0.04	1.34	0.06	1.01	0.14	0.19	0.98	-0.08	1.06	-0.08	0.13
417V	-1.26	1.69	-1.50	5.00	0.36	1.33	3.48	-5.00	0.67	2.50	0.79	-5.00	-0.29	0.71	0.64	0.92	-0.49	5.00
417P	-1.16	1.50	-0.63	-0.11	0.13	0.14	0.01	0.04	1.21	0.06	1.02	0.14	0.19	1.21	-0.08	0.97	-0.08	0.13
417Q	-1.00	1.34	-0.35	-0.11	0.13	0.22	0.01	0.04	1.11	0.06	1.06	0.14	0.19	0.62	-0.08	0.26	-0.08	0.13
417R	-1.07	-0.01	1.36	-5.00	0.02	0.01	3.77	3.03	0.15	-1.91	2.60	4.02	-5.00	-2.23	1.83	-1.52	1.11	-5.00
346V	0.09	0.74	-1.67	-0.11	0.13	-0.63	0.01	0.04	-0.52	0.06	0.73	0.14	0.19	-0.17	-0.08	1.14	-0.08	0.13
417Y	-0.98	0.41	-0.62	3.75	-0.55	0.37	1.01	-2.14	-0.11	1.13	1.10	-0.01	-5.00	1.58	0.50	0.21	-0.21	-0.70
417D	-1.10	1.51	-0.05	-0.11	0.13	0.05	0.01	0.04	1.63	0.06	1.02	0.14	0.19	0.46	-0.08	0.45	-0.08	0.13
417E	-1.82	0.37	0.86	-0.11	0.13	-0.22	0.01	0.04	-0.51	0.06	1.09	0.14	0.19	-0.69	-0.08	-1.00	-0.08	0.13
417F	-0.78	0.82	-0.91	-0.11	0.13	0.36	0.01	0.04	0.03	0.06	1.16	0.14	0.19	0.61	-0.08	0.88	-0.08	0.13
346T	0.09	0.86	-1.18	-0.11	0.13	-0.79	0.01	0.04	-0.06	0.06	0.19	0.14	0.19	-0.85	-0.08	1.32	-0.08	0.13
417A	-1.58	1.47	-0.46	-0.11	0.13	0.42	0.01	0.04	0.57	0.06	0.88	0.14	0.19	1.08	-0.08	-0.36	-0.08	0.13
417C	-1.86	1.19	-0.78	-0.11	0.13	0.35	0.01	0.04	-0.69	0.06	0.89	0.14	0.19	0.54	-0.08	-0.22	-0.08	0.13
417L	-1.88	0.56	-0.45	0.20	0.24	0.78	0.21	0.17	-1.48	0.16	0.90	-0.34	2.33	0.36	-0.33	-0.99	0.07	0.57
346S	0.29	0.19	-0.30	-0.11	0.13	0.11	0.01	0.04	0.71	0.06	1.16	0.14	0.19	0.42	-0.08	0.41	-0.08	0.13
417N	-1.15	1.40	-0.34	-0.11	0.13	0.12	0.01	0.04	1.25	0.06	1.02	0.14	0.19	1.15	-0.08	0.27	-0.08	0.13
417H	-1.36	2.44	-1.71	-0.11	0.13	-4.48	0.01	0.04	-0.03	0.06	0.30	0.14	0.19	-1.69	-0.08	2.52	-0.08	0.13
417I	-0.66	0.41	-1.16	1.65	0.47	0.08	-2.28	5.00	-0.80	3.97	0.94	-0.52	-3.32	0.88	0.61	-0.40	0.10	0.75
346R	2.01	-0.14	0.68	-0.11	0.13	0.80	0.01	0.04	3.11	0.06	1.41	0.14	0.19	-0.35	-0.08	0.78	-0.08	0.13
346Q	0.16	-0.29	0.58	-0.11	0.13	-0.06	0.01	0.04	0.34	0.06	-0.60	0.14	0.19	0.51	-0.08	-0.50	-0.08	0.13
346P	-0.18	0.80	-1.08	-0.11	0.13	-0.11	0.01	0.04	0.26	0.06	1.75	0.14	0.19	0.04	-0.08	0.79	-0.08	0.13
346Y	-0.62	1.06	-1.84	-0.06	0.13	-4.57	-0.00	-0.28	-2.83	-0.04	-2.18	-0.08	-0.03	-2.97	-0.12	1.50	-0.01	-0.01
417S	-1.19	1.78	-0.57	-0.11	0.13	0.17	0.01	0.04	1.67	0.06	1.03	0.14	0.19	1.19	-0.08	0.84	-0.08	0.13
346F	-1.38	1.51	-2.59	1.51	-1.47	-4.69	2.94	-5.00	-2.19	2.40	1.41	-2.81	2.96	-1.58	-0.13	2.04	2.18	-1.83
346E	1.37	-0.58	1.62	-0.11	0.13	-1.15	0.01	0.04	2.07	0.06	-0.18	0.14	0.19	-1.19	-0.08	0.45	-0.08	0.13
346D	0.70	-0.88	1.26	-0.11	0.13	-0.39	0.01	0.04	-0.32	0.06	-0.58	0.14	0.19	-2.09	-0.08	-1.34	-0.08	0.13
346C	0.41	-0.29	-0.67	-0.11	0.13	-0.18	0.01	0.04	-0.27	0.06	1.14	0.14	0.19	1.10	-0.08	0.05	-0.08	0.13
401Y	0.34	-1.57	1.43	-0.11	0.13	2.52	0.01	0.04	-0.38	0.06	-1.63	0.14	0.19	1.17	-0.08	-1.31	-0.08	0.13
346A	-0.06	0.76	-1.16	-0.11	0.13	0.06	0.01	0.04	0.47	0.06	1.41	0.14	0.19	0.41	-0.08	1.44	-0.08	0.13
401S	-1.18	0.18	1.24	-0.11	0.13	0.26	0.01	0.04	0.62	0.06	0.88	0.14	0.19	1.34	-0.08	-2.59	-0.08	0.13
401R	-0.82	-0.77	2.49	-0.11	0.13	0.23	0.01	0.04	0.88	0.06	0.92	0.14	0.19	1.22	-0.08	-3.29	-0.08	0.13
401Q	-0.38	-0.14	1.46	-0.11	0.13	0.27	0.01	0.04	1.43	0.06	0.91	0.14	0.19	1.17	-0.08	-1.52	-0.08	0.13
401P	-0.37	0.68	0.01	-0.11	0.13	0.08	0.01	0.04	1.23	0.06	1.20	0.14	0.19	0.89	-0.08	-0.04	-0.08	0.13
401W	1.14	-3.88	3.37	-0.11	0.13	-1.23	0.01	0.04	-1.29	0.06	1.85	0.14	0.19	-1.00	-0.08	-2.24	-0.08	0.13
401T	0.44	-1.97	3.00	0.80	2.07	-0.68	0.47	2.17	1.67	-1.51	1.62	0.68	-5.00	-0.05	1.51	-0.44	0.57	0.70
401K	-0.71	-1.62	3.80	-0.11	0.13	-0.43	0.01	0.04	-0.27	0.06	-0.50	0.14	0.19	-3.99	-0.08	-0.92	-0.08	0.13
401I	0.23	0.26	-0.44	-0.11	0.13	0.30	0.01	0.04	0.98	0.06	1.12	0.14	0.19	1.71	-0.08	0.27	-0.08	0.13
401H	-0.07	-1.67	2.42	-3.46	5.00	-0.39	0.49	-5.00	-0.05	-5.00	1.23	2.53	5.00	-1.26	3.79	-2.41	-3.42	4.33
401N	-1.07	-0.64	2.29	1.89	2.86	-1.22	-4.18	5.00	0.54	-4.51	1.26	5.00	-5.00	1.61	-0.93	-3.26	3.05	-4.11
401M	-0.21	-2.44	2.60	-0.11	0.13	-0.31	0.01	0.04	-0.87	0.06	1.36	0.14	0.19	0.17	-0.08	-1.69	-0.08	0.13
401L	0.11	-0.66	0.69	-0.11	0.13	0.35	0.01	0.04	0.25	0.06	0.88	0.14	0.19	2.08	-0.08	-2.43	-0.08	0.13
401C	-0.93	-0.23	0.85	-0.11	0.13	0.11	0.01	0.04	-0.21	0.06	0.89	0.14	0.19	1.29	-0.08	-2.32	-0.08	0.13
401A	-2.70	0.49	0.96	-4.93	-2.03	-0.90	-4.73	5.00	0.25	-2.88	1.62	5.00	-5.00	2.61	-2.08	-1.19	5.00	-5.00
401G	-1.65	1.13	-0.01	-0.11	0.13	-0.53	0.01	0.04	0.29	0.06	0.88	0.14	0.19	1.81	-0.08	-2.06	-0.08	0.13
401F	0.21	-1.96	2.30	-0.11	0.13	-0.43	0.01	0.04	0.13	0.06	1.03	0.14	0.19	0.90	-0.08	-1.57	-0.08	0.13
401E	0.23	0.64	1.10	-0.11	0.13	0.39	0.01	0.04	2.87	0.06	1.03	0.14	0.19	0.75	-0.08	-0.87	-0.08	0.13
401D	-0.51	0.67	0.90	-0.11	0.13	0.21	0.01	0.04	1.82	0.06	1.14	0.14	0.19	-0.57	-0.08	0.53	-0.08	0.13
305N	-0.42	1.67	-1.36	-0.11	0.13	-0.29	0.01	0.04	0.71	0.06	0.70	0.14	0.19	0.19	-0.08	0.30	-0.08	0.13
305L	-0.05	0.99	-0.59	-0.11	0.13	0.29	0.01	0.04	1.55	0.06	1.18	0.14	0.19	1.24	-0.08	0.49	-0.08	0.13
305M	0.00	0.72	-0.53	-0.11	0.13	0.18	0.01	0.04	1.19	0.06	1.15	0.14	0.19	1.20	-0.08	0.27	-0.08	0.13
305K	-0.40	1.41	-0.63	-0.11	0.13	-0.15	0.01	0.04	1.04	0.06	0.72	0.14	0.19	-0.35	-0.08	0.22	-0.08	0.13
305H	-0.20	1.58	-1.06	-0.11	0.13	-0.06	0.01	0.04	1.47	0.06	1.83	0.14	0.19	-0.28	-0.08	1.04	-0.08	0.13
305I	-0.07	0.78	-0.74	-0.11	0.13	0.11	0.01	0.04	0.78	0.06	1.14	0.14	0.19	0.99	-0.08	-0.05	-0.08	0.13
305G	-0.35	1.73	-1.41	-0.05	0.47	-0.30	-0.25	-0.20	0.83	0.06	0.69	0.21	0.01	0.16	-0.19	0.43	0.44	-0.31
305D	-0.20	1.91	-1.67	-0.37	0.02	0.41	0.45	-0.47	0.66	0.13	-0.15	-0.66	5.00	-0.96	0.53	1.02	-1.08	-0.02
305E	0.16	1.00	-0.10	-0.11	0.13	0.17	0.01	0.04	2.08	0.06	1.34	0.14	0.19	-0.28	-0.08	1.25	-0.08	0.13
305C	-0.07	1.30	-0.73	-0.11	0.13	-0.09	0.01	0.04	1.82	0.06	1.37	0.14	0.19	0.44	-0.08	1.43	-0.08	0.13
305A	-0.43	1.73	-1.46	-0.11	0.13	-0.15	0.01	0.04	0.72	0.06	0.70	0.14	0.19	0.24	-0.08	0.40	-0.08	0.13
305Y	-1.16	1.80	-1.55	-0.11	0.13	-0.52	0.01	0.04	0.02	0.06	0.70	0.14	0.19	-0.38	-0.08	1.59	-0.08	0.13
305V	-0.03	1.00	-0.59	-0.11	0.13	0.33	0.01	0.04	1.58	0.06	1.18	0.14	0.19	1.20	-0.08	0.47	-0.08	0.13
305W	0.25	1.36	-2.07	-0.05	0.81	0.57	-0.72	1.52	-0.06	-0.37	1.05	0.10	3.64	-0.77	-0.79	1.45	-0.93	0.57
305T	-0.05	1.18	-0.75	-0.14	0.13	0.07	0.47	0.25	1.57	-0.64	1.38	0.72	-0.03	0.38	0.01	1.41	-0.63	-0.07
305R	0.67	0.06	0.72	-0.11	0.13	0.04	0.01	0.04	2.00	0.06	1.12	0.14	0.19	0.14	-0.08	0.19	-0.08	0.13
305S	-0.41	1.72	-1.39	-0.11	0.13	-0.27	0.01	0.04	0.78	0.06	0.69	0.14	0.19	0.24	-0.08	0.35	-0.08	0.13
305P	-0.36	1.74	-1.41	-0.11	0.13	-0.27	0.01	0.04	0.87	0.06	0.70	0.14	0.19	0.22	-0.08	0.42	-0.08	0.13
305Q	-0.42	1.65	-1.05	0.24	-0.21	-0.59	0.30	1.63	1.05	0.39	-0.25	-1.03	5.00	-0.55	0.31	1.28	-0.03	1.66
306C	-1.64	0.86	-0.82	-0.11	0.13	0.28	0.01	0.04	-1.08	0.06	0.91	0.14	0.19	0.61	-0.08	-0.54	-0.08	0.13
306A	-0.96	0.45	-1.38	-0.11	0.13	0.03	0.01	0.04	-1.28	0.06	0.87	0.14	0.19	1.79	-0.08	-0.30	-0.08	0.13
306G	-1.72	1.26	-0.83	-0.11	0.13	0.40	0.01	0.04	-0.49	0.06	0.88	0.14	0.19	0.82	-0.08	-0.58	-0.08	0.13
306F	-0.00	0.29	-0.78	-0.11	0.13	0.33	0.01	0.04	-0.10	0.06	1.10	0.14	0.19	0.72	-0.08	-0.22	-0.08	0.13
306E	-1.38	0.49	0.05	-0.40	-0.33	0.40	0.40	-3.41	-0.76	-1.01	-0.73	1.95	4.76	-0.90	2.18	-0.58	-0.78	-0.14
306D	-1.97	0.71	0.17	-0.68	1.95	-0.61	-5.00	5.00	0.18	3.06	3.10	5.00	-5.00	2.41	-2.06	-0.35	0.47	-5.00
306K	-1.01	1.07	0.15	-0.11	0.13	0.32	0.01	0.04	1.62	0.06	1.08	0.14	0.19	1.24	-0.08	0.58	-0.08	0.13
306I	-1.79	0.78	-0.85	-0.11	0.13	0.43	0.01	0.04	-1.03	0.06	0.88	0.14	0.19	1.36	-0.08	-0.10	-0.08	0.13
306H	-1.65	0.30	-0.15	-0.11	0.13	0.18	0.01	0.04	-1.49	0.06	0.96	0.14	0.19	0.24	-0.08	-1.46	-0.08	0.13
306N	-1.73	0.79	-0.30	-0.11	0.13	0.42	0.01	0.04	-0.52	0.06	0.88	0.14	0.19	0.75	-0.08	-0.30	-0.08	0.13
306M	-0.18	0.32	-0.73	-0.11	0.13	0.70	0.01	0.04	0.53	0.06	1.06	0.14	0.19	2.15	-0.08	0.46	-0.08	0.13
306L	-1.27	-0.14	-0.65	5.00	0.93	-1.04	-5.00	5.00	-1.26	1.23	2.88	5.00	-5.00	1.07	1.37	-1.74	2.25	-5.00
306S	-1.75	1.04	-0.52	-0.11	0.13	0.27	0.01	0.04	-0.51	0.06	0.90	0.14	0.19	0.66	-0.08	-0.42	-0.08	0.13
306R	-1.44	0.26	0.19	-0.11	0.13	0.58	0.01	0.04	-0.66	0.06	0.90	0.14	0.19	1.07	-0.08	-1.67	-0.08	0.13
306Q	-0.99	-0.39	0.11	2.00	0.81	-0.71	-5.00	5.00	-0.81	2.46	1.53	5.00	-5.00	1.81	2.75	-2.90	-0.95	-5.00
306P	-1.33	1.32	-1.52	-0.11	0.13	0.08	0.01	0.04	-0.25	0.06	0.96	0.14	0.19	2.20	-0.08	0.02	-0.08	0.13
306W	1.80	-0.93	-1.10	-1.10	-0.44	1.22	-2.38	-5.00	-0.85	-0.81	0.13	-4.66	-5.00	-0.69	5.00	-2.14	-5.00	5.00
306V	-1.65	0.88	-0.95	-0.11	0.13	0.51	0.01	0.04	-1.26	0.06	0.89	0.14	0.19	0.52	-0.08	-0.63	-0.08	0.13
306T	-1.67	0.94	-0.90	-0.11	0.13	0.55	0.01	0.04	-1.15	0.06	0.89	0.14	0.19	0.53	-0.08	-0.70	-0.08	0.13
