384A	-1.29	2.03	-0.60	0.10	-0.03	0.07	-0.15	0.03	0.91	-0.07	-1.18	0.10	0.11	0.10	0.01	2.02	-0.11	-0.00
384C	-1.32	1.69	-0.52	0.10	-0.03	0.12	-0.15	0.03	0.58	-0.07	-1.13	0.10	0.11	0.01	0.01	1.72	-0.11	-0.00
384E	-0.70	0.61	0.58	0.18	1.18	-0.21	-0.96	0.30	0.94	0.13	-0.07	-0.04	0.26	-0.04	0.82	1.10	0.07	-0.03
384D	-1.09	1.30	0.39	0.10	-0.03	-0.20	-0.15	0.03	0.88	-0.07	-0.20	0.10	0.11	-0.63	0.01	0.83	-0.11	-0.00
384G	-1.33	2.16	-0.55	0.10	-0.03	0.06	-0.15	0.03	1.09	-0.07	-1.20	0.10	0.11	0.11	0.01	2.11	-0.11	-0.00
384I	-1.10	1.12	-0.85	0.16	1.18	-0.08	-0.49	0.19	-0.26	0.41	-1.29	-1.38	0.26	-0.04	-1.35	1.57	0.31	0.66
384H	-1.06	0.93	0.11	0.10	-0.03	-0.24	-0.15	0.03	0.36	-0.07	-0.49	0.10	0.11	-0.29	0.01	0.77	-0.11	-0.00
384K	-1.07	0.72	1.65	0.02	-0.03	0.08	0.73	0.53	0.68	0.90	-1.33	-0.47	0.08	-2.51	-0.06	-0.30	-0.02	-0.61
384M	-1.18	0.85	-0.68	0.14	-0.03	0.17	-0.81	-0.04	-0.33	-0.75	-1.14	1.09	0.11	0.05	-0.51	1.71	0.20	-0.27
384L	-1.24	0.86	-1.12	0.10	-0.03	-0.27	-0.15	0.03	-0.80	-0.07	-1.13	0.10	0.11	-0.02	0.01	1.82	-0.11	-0.00
384N	-1.12	1.21	0.28	0.10	-0.03	-0.17	-0.15	0.03	0.98	-0.07	-0.19	0.10	0.11	0.14	0.01	0.96	-0.11	-0.00
384Q	-1.36	1.30	-0.01	0.10	-0.03	0.07	-0.15	0.03	0.54	-0.07	-1.30	0.10	0.11	-0.15	0.01	1.36	-0.11	-0.00
384P	-1.33	1.89	-0.38	0.10	-0.03	0.08	-0.15	0.03	0.95	-0.07	-1.28	0.10	0.11	0.10	0.01	1.89	-0.11	-0.00
384S	-1.33	2.02	-0.35	0.10	-0.03	0.07	-0.15	0.03	1.07	-0.07	-1.26	0.10	0.11	0.07	0.01	1.77	-0.11	-0.00
384R	-0.48	-0.10	1.26	0.10	-0.03	-0.03	-0.15	0.03	0.66	-0.07	-0.70	0.10	0.11	-0.64	0.01	0.50	-0.11	-0.00
384T	-1.24	1.78	-0.47	0.10	-0.03	0.07	-0.15	0.03	0.82	-0.07	-1.27	0.10	0.11	0.26	0.01	1.67	-0.11	-0.00
384W	0.02	-0.62	0.48	0.10	-0.03	-0.32	-0.15	0.03	-0.02	-0.07	-0.51	0.10	0.11	0.00	0.01	0.88	-0.11	-0.00
384V	-1.27	1.78	-0.66	-0.00	-0.63	0.19	-1.14	0.16	0.61	0.57	-1.16	-0.04	0.07	0.20	0.59	1.77	-0.46	0.18
384Y	-0.38	-0.78	1.65	0.10	-0.03	1.06	-0.15	0.03	0.99	-0.07	0.30	0.10	0.11	0.71	0.01	0.16	-0.11	-0.00
348Y	0.27	0.38	-1.26	0.41	0.58	-0.50	-0.85	0.37	-0.19	-0.51	0.14	-0.75	0.04	0.83	2.16	1.00	0.02	-0.00
348Q	0.43	-0.36	-0.06	0.10	-0.03	-0.08	-0.15	0.03	0.12	-0.07	0.04	0.10	0.11	0.64	0.01	0.31	-0.11	-0.00
348P	0.18	-0.62	-0.03	0.10	-0.03	-0.15	-0.15	0.03	-0.42	-0.07	-0.13	0.10	0.11	0.10	0.01	0.57	-0.11	-0.00
348S	-0.33	-0.08	0.17	0.12	1.18	-0.06	-0.36	0.10	0.10	0.33	0.06	0.24	-0.04	0.43	-0.17	0.32	0.12	0.31
348R	0.33	-0.69	0.26	-0.00	-1.23	-0.11	-0.95	-0.29	-0.10	-0.47	-0.07	-0.47	0.16	0.35	-0.38	0.25	0.01	0.24
348T	0.05	-0.53	0.40	0.10	-0.03	-0.10	-0.15	0.03	0.12	-0.07	-0.01	0.10	0.11	0.29	0.01	0.70	-0.11	-0.00
348W	0.44	-0.50	-0.42	0.10	-0.03	-0.06	-0.15	0.03	-0.38	-0.07	0.07	0.10	0.11	0.63	0.01	0.23	-0.11	-0.00
348V	-0.43	0.95	-1.79	1.62	-0.63	-0.56	0.14	-0.32	-0.78	0.21	0.62	-0.54	1.19	0.20	-2.05	1.53	0.25	-0.32
348I	-1.60	1.37	-2.08	-4.41	4.80	-0.16	-0.93	-3.82	-0.79	1.02	2.70	2.07	2.43	0.85	5.00	1.17	-0.25	-2.01
348H	0.03	-0.02	-0.23	0.10	-0.03	-0.27	-0.15	0.03	0.24	-0.07	-0.06	0.10	0.11	0.87	0.01	1.09	-0.11	-0.00
348K	0.10	-0.48	0.12	0.10	-0.03	-0.10	-0.15	0.03	-0.12	-0.07	-0.03	0.10	0.11	0.40	0.01	0.23	-0.11	-0.00
348M	-0.15	-0.51	0.10	0.12	-0.63	-0.09	-1.06	-0.07	-0.11	-0.11	-0.24	0.10	0.08	1.08	0.57	0.16	-0.35	0.05
348L	0.24	-0.58	-0.22	0.10	-0.03	-0.13	-0.15	0.03	-0.45	-0.07	0.03	0.10	0.11	0.37	0.01	0.33	-0.11	-0.00
348N	-0.06	-0.42	0.20	0.10	-0.03	-0.08	-0.15	0.03	-0.16	-0.07	0.03	0.10	0.11	0.38	0.01	-0.27	-0.11	-0.00
348A	-0.21	0.01	-0.44	0.10	-0.03	-0.08	-0.15	0.03	-0.35	-0.07	-0.01	0.10	0.11	0.42	0.01	0.38	-0.11	-0.00
348C	-0.28	-0.02	-0.28	-0.07	-2.44	0.26	-0.03	0.01	-0.33	-0.63	-0.05	0.03	0.26	0.26	0.73	0.20	-0.38	0.16
348E	-0.51	-0.26	0.46	0.10	-0.03	-0.11	-0.15	0.03	-0.18	-0.07	0.05	0.10	0.11	0.03	0.01	-0.49	-0.11	-0.00
348D	-0.04	-0.58	0.72	0.08	-0.63	-0.08	-0.51	0.07	0.06	0.09	0.05	-0.68	0.11	0.13	-0.04	-0.45	-0.37	-0.42
348F	0.19	0.61	-1.42	0.24	1.18	-0.36	0.14	0.54	-0.12	0.25	0.43	0.87	0.18	0.94	0.74	1.20	-0.37	0.08
417G	-1.23	1.84	0.14	0.10	-0.03	-0.16	-0.15	0.03	1.17	-0.07	-0.30	0.10	0.11	-0.14	0.01	0.30	-0.11	-0.00
346W	1.16	-1.36	-0.94	0.10	-0.03	-0.87	-0.15	0.03	-1.85	-0.07	-2.37	0.10	0.11	-0.44	0.01	0.27	-0.11	-0.00
309C	-1.29	0.27	-0.79	0.10	-0.03	-0.40	-0.15	0.03	-1.14	-0.07	0.38	0.10	0.11	0.50	0.01	-0.21	-0.11	-0.00
309A	-1.25	0.42	-0.88	1.07	5.00	-0.39	-0.75	0.24	-1.09	-0.59	-0.67	4.05	0.40	0.50	-1.07	-0.37	1.19	-1.53
309F	-0.96	0.24	-0.37	0.10	-0.03	0.01	-0.15	0.03	-0.70	-0.07	-0.19	0.10	0.11	-0.00	0.01	0.16	-0.11	-0.00
309G	-1.87	0.69	-0.85	0.47	-1.23	-0.33	0.94	0.28	-1.11	0.45	0.03	1.44	0.48	0.76	1.58	-0.96	-0.49	-0.35
309D	-1.59	0.53	0.31	0.10	-0.03	-0.10	-0.15	0.03	-0.31	-0.07	-0.26	0.10	0.11	-0.40	0.01	-0.12	-0.11	-0.00
309E	-1.57	0.24	0.60	0.10	-0.03	-0.05	-0.15	0.03	-0.46	-0.07	-0.21	0.10	0.11	-0.44	0.01	-0.98	-0.11	-0.00
309K	-1.05	0.19	0.51	0.10	-0.03	-0.15	-0.15	0.03	0.07	-0.07	-0.15	0.10	0.11	0.16	0.01	-0.18	-0.11	-0.00
309H	-1.65	0.36	0.22	0.04	-2.44	-0.08	-0.13	-0.38	-0.49	-0.63	-0.39	-1.10	-1.29	-0.33	-3.72	0.22	3.57	-0.16
309I	-1.15	0.47	-0.40	0.10	-0.03	-0.14	-0.15	0.03	-0.66	-0.07	-0.18	0.10	0.11	-0.12	0.01	0.15	-0.11	-0.00
309N	-1.85	0.91	-0.15	0.12	-4.25	0.02	0.81	0.30	-0.48	0.13	0.27	-0.40	0.54	-0.33	1.78	-0.46	-0.70	0.31
309L	-1.28	0.26	-0.32	0.20	-0.03	-0.08	-0.75	-0.15	-0.87	-0.11	-0.20	0.59	0.24	-0.12	0.78	0.08	-0.08	-0.53
309R	-0.85	-0.08	0.33	0.10	-0.03	-0.16	-0.15	0.03	-0.18	-0.07	-0.19	0.10	0.11	0.08	0.01	0.46	-0.11	-0.00
309S	-1.60	0.66	-0.71	0.63	3.59	-0.22	-1.06	-0.20	-0.94	-0.75	0.14	-1.17	0.70	0.80	-0.99	-1.03	-0.04	-0.03
309P	-1.85	0.71	-0.83	0.10	-0.03	-0.52	-0.15	0.03	-0.85	-0.07	0.52	0.10	0.11	0.54	0.01	1.14	-0.11	-0.00
309Q	-1.49	0.10	0.32	0.10	-0.03	-0.03	-0.15	0.03	-0.73	-0.07	-0.17	0.10	0.11	-0.13	0.01	-1.17	-0.11	-0.00
309V	-1.52	0.70	-1.03	-0.00	2.99	-0.24	0.37	0.10	-1.01	-0.87	0.34	0.45	-0.42	0.62	2.42	-1.06	1.05	1.42
309W	-0.63	0.25	-0.09	0.10	-0.03	-0.03	-0.15	0.03	0.16	-0.07	-0.00	0.10	0.11	0.36	0.01	1.59	-0.11	-0.00
309T	-1.53	0.46	-0.53	-0.23	1.78	0.39	-0.72	0.47	-1.07	-0.47	0.64	-1.74	2.50	0.16	-1.78	-0.46	-1.27	-0.58
417M	-0.89	0.97	0.32	0.10	-0.03	-0.11	-0.15	0.03	0.80	-0.07	-0.35	0.10	0.11	0.10	0.01	0.35	-0.11	-0.00
346N	0.30	-0.43	-0.06	0.10	-0.03	1.08	-0.15	0.03	0.09	-0.07	0.07	0.10	0.11	0.92	0.01	0.01	-0.11	-0.00
346M	0.77	-0.95	-1.05	0.08	0.58	-0.23	0.25	0.79	-1.54	-1.08	-0.25	1.09	-0.04	0.14	0.07	-0.26	-0.44	-0.35
309Y	-0.86	0.27	-0.31	0.10	-0.03	-0.13	-0.15	0.03	-0.56	-0.07	-0.16	0.10	0.11	0.00	0.01	0.04	-0.11	-0.00
346K	1.23	-1.06	1.06	0.10	-0.03	-0.01	-0.15	0.03	0.49	-0.07	-0.40	0.10	0.11	-1.61	0.01	2.20	-0.11	-0.00
346I	0.36	-1.18	-1.01	0.10	-0.03	-0.46	-0.15	0.03	-1.74	-0.07	0.18	0.10	0.11	0.30	0.01	0.63	-0.11	-0.00
346H	0.61	-0.90	-0.19	0.10	-0.03	-0.43	-0.15	0.03	-0.65	-0.07	-0.21	0.10	0.11	0.27	0.01	-0.02	-0.11	-0.00
346L	0.57	-0.88	-1.37	-0.09	-1.83	-0.08	0.81	0.40	-1.77	-0.03	0.04	0.52	-1.58	0.39	0.96	-0.34	-0.03	0.08
417K	-0.30	0.50	0.93	0.10	-0.03	-0.07	-0.15	0.03	1.33	-0.07	-0.33	0.10	0.11	0.55	0.01	-0.40	-0.11	-0.00
302Y	2.83	-1.84	0.08	0.10	-0.03	5.00	-0.15	0.03	0.90	-0.07	-0.30	0.10	0.11	1.24	0.01	0.00	-0.11	-0.00
302W	2.49	-1.67	-0.36	0.10	-0.03	-0.35	-0.15	0.03	-0.50	-0.07	-2.40	0.10	0.11	-0.14	0.01	1.28	-0.11	-0.00
302V	1.08	-1.35	0.19	0.10	-0.03	-0.19	-0.15	0.03	-0.36	-0.07	-0.20	0.10	0.11	0.34	0.01	0.15	-0.11	-0.00
302T	0.10	-1.36	0.44	0.10	-0.03	-0.26	-0.15	0.03	-0.61	-0.07	-0.45	0.10	0.11	0.33	0.01	0.84	-0.11	-0.00
302S	-0.74	-0.37	1.13	0.10	-0.03	-0.17	-0.15	0.03	0.33	-0.07	-0.30	0.10	0.11	0.08	0.01	0.12	-0.11	-0.00
302R	1.58	-2.07	1.52	0.10	-0.03	-0.02	-0.15	0.03	0.01	-0.07	-1.13	0.10	0.11	-0.39	0.01	-1.21	-0.11	-0.00
302Q	1.17	-1.37	1.30	0.10	-0.03	-0.34	-0.15	0.03	0.34	-0.07	-0.67	0.10	0.11	-0.70	0.01	0.03	-0.11	-0.00
302P	-0.55	-1.06	0.56	0.10	-0.03	-0.16	-0.15	0.03	-0.56	-0.07	-0.23	0.10	0.11	0.21	0.01	1.21	-0.11	-0.00
302N	-0.31	-0.83	1.21	0.10	-0.03	-0.40	-0.15	0.03	0.27	-0.07	-0.37	0.10	0.11	-0.22	0.01	1.25	-0.11	-0.00
302M	0.04	-0.97	0.84	0.10	-0.03	-0.32	-0.15	0.03	-0.05	-0.07	-0.01	0.10	0.11	-0.00	0.01	0.33	-0.11	-0.00
302L	0.59	-1.98	0.33	0.10	-0.03	-0.13	-0.15	0.03	-1.02	-0.07	0.38	0.10	0.11	0.58	0.01	0.13	-0.11	-0.00
302K	-0.07	-0.82	0.71	0.10	-0.03	-0.55	-0.15	0.03	0.13	-0.07	0.66	0.10	0.11	0.21	0.01	1.14	-0.11	-0.00
302I	1.48	-2.16	0.71	1.68	-0.63	-0.17	-0.13	-0.43	-0.59	0.53	0.11	0.17	-0.01	-0.09	0.29	-0.30	-0.32	0.68
302H	1.00	-2.54	2.41	2.73	-1.23	-0.43	-1.00	-1.21	0.01	-0.75	0.00	3.91	1.02	-0.47	0.71	-1.54	-1.60	-0.19
302G	-0.87	0.27	0.25	0.10	-0.03	-0.10	-0.15	0.03	0.33	-0.07	-0.28	0.10	0.11	0.28	0.01	1.64	-0.11	-0.00
302F	2.45	-3.40	0.63	4.92	-5.00	-0.46	5.00	-0.53	-1.51	0.78	-2.32	5.00	-0.42	0.76	-5.00	-0.88	1.73	-5.00
302E	0.25	-1.24	2.04	0.10	-0.03	-0.35	-0.15	0.03	-0.29	-0.07	-5.00	0.10	0.11	-1.98	0.01	0.20	-0.11	-0.00
302D	-0.64	-1.12	2.47	0.04	0.58	-0.14	0.18	-0.23	-0.32	0.13	-5.00	0.52	0.10	-3.22	-0.09	1.73	0.02	-0.35
302C	-0.47	-1.09	0.35	0.18	-0.03	-0.21	0.12	0.05	-0.82	-0.07	-0.21	-0.47	0.16	0.33	0.96	0.18	0.14	0.24
417T	-0.93	1.25	0.43	0.24	-1.23	-0.22	0.10	-0.07	1.02	-0.27	-0.27	0.66	0.21	-0.27	-0.68	0.33	0.35	-0.32
417V	-0.68	1.10	0.13	0.10	-0.03	-0.24	-0.15	0.03	0.83	-0.07	-0.33	0.10	0.11	0.04	0.01	0.34	-0.11	-0.00
417P	-1.11	1.42	0.31	-3.34	-5.00	-0.14	-3.08	-1.81	0.96	-0.55	-0.58	4.76	0.07	-0.00	3.98	-0.12	0.82	-5.00
417Q	-0.76	1.16	0.50	0.10	-0.03	-0.12	-0.15	0.03	1.16	-0.07	-0.32	0.10	0.11	0.01	0.01	0.08	-0.11	-0.00
417R	-0.70	0.11	1.46	0.06	-2.44	-0.01	-0.28	0.23	1.10	0.45	-0.31	-0.18	0.19	0.79	0.26	-1.72	-0.26	-0.50
346V	-0.15	-0.36	-1.08	0.98	-0.03	-0.08	0.25	-0.22	-1.24	-0.71	-0.02	1.58	0.16	0.46	-0.29	0.55	0.13	-0.19
417Y	0.00	0.18	0.39	-0.07	-1.83	-0.06	-0.22	-0.18	0.48	0.09	-0.41	0.24	0.40	-0.12	0.15	-0.09	-0.21	-0.03
417D	-0.94	1.30	0.82	0.10	-0.03	-0.13	-0.15	0.03	1.25	-0.07	-0.31	0.10	0.11	-0.49	0.01	-0.37	-0.11	-0.00
417E	-0.89	0.89	1.12	0.06	-5.00	-0.24	-0.36	0.47	1.18	-0.03	-0.32	-0.89	-0.04	-0.37	-0.77	-0.43	-0.18	0.82
417F	-1.18	0.85	0.15	0.10	-0.03	-0.11	-0.15	0.03	0.30	-0.07	-0.32	0.10	0.11	0.00	0.01	0.32	-0.11	-0.00
346T	-0.17	0.18	-1.00	0.10	-0.03	-0.00	-0.15	0.03	-0.68	-0.07	-0.17	0.10	0.11	0.55	0.01	0.32	-0.11	-0.00
417A	-0.93	1.65	0.14	0.10	-0.03	-0.15	-0.15	0.03	1.10	-0.07	-0.28	0.10	0.11	-0.32	0.01	0.30	-0.11	-0.00
417C	-0.85	1.21	0.30	0.10	-0.03	-0.14	-0.15	0.03	0.88	-0.07	-0.28	0.10	0.11	-0.35	0.01	0.36	-0.11	-0.00
417L	-1.03	0.87	0.03	0.08	2.39	-0.10	0.61	0.01	0.36	0.09	-0.42	-0.04	0.32	0.12	0.21	0.19	0.24	-0.50
346S	-0.28	-0.21	0.27	0.08	-0.63	-0.07	0.04	0.01	-0.11	0.21	-0.11	0.31	0.19	0.00	0.08	0.10	-0.23	-0.24
417N	-0.92	1.17	0.64	0.14	1.18	-0.11	-0.18	0.47	1.02	-0.39	-0.24	1.02	0.16	-0.36	0.13	-0.16	-0.64	-0.53
417H	-0.94	0.74	0.80	0.10	-0.03	-0.14	-0.15	0.03	0.85	-0.07	-0.32	0.10	0.11	-0.20	0.01	-0.04	-0.11	-0.00
417I	-0.73	0.53	0.17	0.06	-0.63	-0.19	0.01	-0.07	0.14	0.90	-0.21	-0.11	0.00	-0.19	-2.24	0.22	0.26	0.24
346R	1.53	-1.19	0.59	0.10	-0.03	0.01	-0.15	0.03	-0.00	-0.07	-2.03	0.10	0.11	-0.11	0.01	-1.10	-0.11	-0.00
346Q	0.29	-0.63	-0.20	0.10	-0.03	-0.19	-0.15	0.03	-0.83	-0.07	0.08	0.10	0.11	0.36	0.01	-1.87	-0.11	-0.00
346P	-0.13	-0.03	-0.43	5.00	-5.00	-0.41	-5.00	5.00	-0.40	-5.00	-2.18	-5.00	2.20	0.10	5.00	0.37	-5.00	5.00
346Y	1.58	-1.77	-0.23	0.10	-0.03	-0.60	-0.15	0.03	-1.21	-0.07	-5.00	0.10	0.11	-0.26	0.01	1.88	-0.11	-0.00
417S	-1.11	1.57	0.48	0.06	-1.83	-0.15	0.35	-0.50	1.31	0.49	-0.33	0.10	-0.12	-0.12	1.23	-0.05	0.20	-1.06
346F	1.31	-1.49	-0.96	0.08	-0.03	-0.69	-0.30	-0.00	-1.26	-0.15	-0.19	0.80	0.00	0.73	-0.06	0.80	0.20	-0.13
346E	0.27	-0.88	1.03	0.10	-0.03	-0.18	-0.15	0.03	-0.51	-0.07	-0.29	0.10	0.11	-1.48	0.01	-1.58	-0.11	-0.00
346D	-0.12	-0.27	0.61	0.10	-0.03	-0.15	-0.15	0.03	-0.08	-0.07	-0.53	0.10	0.11	-0.66	0.01	-0.37	-0.11	-0.00
346C	-0.25	-0.41	-0.28	0.72	-0.63	-0.03	-0.32	0.70	-0.80	0.17	-0.12	-0.04	-0.11	0.00	-0.13	0.16	-0.06	-0.56
401Y	0.12	-2.01	1.24	0.45	-1.83	-0.43	-1.02	-0.34	-0.75	-0.07	-5.00	0.10	0.10	0.48	-0.07	1.26	0.34	0.71
346A	-0.26	-0.21	-0.31	0.10	-0.03	-0.02	-0.15	0.03	-0.54	-0.07	-0.12	0.10	0.11	0.26	0.01	0.23	-0.11	-0.00
401S	-1.03	0.52	0.17	-0.02	1.78	-0.15	-0.07	0.42	0.09	0.05	-0.42	0.24	0.16	-0.03	0.83	0.25	-0.11	-0.21
401R	-0.16	-1.52	2.82	0.14	-0.63	-0.40	0.75	-0.32	0.83	-0.31	-5.00	0.80	0.16	-0.19	-0.44	2.33	0.02	0.08
401Q	-0.80	0.03	-0.07	1.85	5.00	-0.28	-1.74	1.43	-0.09	-2.08	0.04	-1.03	0.83	0.26	1.98	1.30	0.33	-0.66
401P	-0.97	0.34	-0.05	0.10	-0.03	-0.24	-0.15	0.03	-0.06	-0.07	-0.19	0.10	0.11	0.52	0.01	0.46	-0.11	-0.00
401W	2.07	-2.21	0.50	0.10	-0.03	-0.61	-0.15	0.03	-0.02	-0.07	0.92	0.10	0.11	0.66	0.01	0.86	-0.11	-0.00
401T	-0.86	0.41	0.14	0.10	-0.03	-0.15	-0.15	0.03	-0.10	-0.07	-0.23	0.10	0.11	-0.25	0.01	-0.02	-0.11	-0.00
401K	-0.45	-1.86	3.56	0.10	-0.03	-0.90	-0.15	0.03	0.41	-0.07	2.51	0.10	0.11	-3.30	0.01	0.41	-0.11	-0.00
401I	-0.67	-0.49	-0.53	0.10	-0.03	-0.12	-0.15	0.03	-1.30	-0.07	-0.43	0.10	0.11	0.18	0.01	0.40	-0.11	-0.00
401H	-0.36	-1.01	0.45	0.10	-0.03	-0.43	-0.15	0.03	-0.24	-0.07	0.55	0.10	0.11	1.20	0.01	0.45	-0.11	-0.00
401N	-0.74	-0.26	0.31	0.10	-0.03	-0.21	-0.15	0.03	-0.15	-0.07	-0.35	0.10	0.11	0.51	0.01	0.53	-0.11	-0.00
401M	0.18	-0.63	0.12	0.10	-0.03	-0.42	-0.15	0.03	-0.48	-0.07	0.27	0.10	0.11	-0.30	0.01	0.16	-0.11	-0.00
401L	0.25	-0.30	-0.06	0.10	-0.03	-0.26	-0.15	0.03	0.12	-0.07	-0.23	0.10	0.11	0.32	0.01	1.41	-0.11	-0.00
401C	-0.53	-0.19	0.31	0.10	-0.03	-0.05	-0.15	0.03	-0.15	-0.07	-0.34	0.10	0.11	0.13	0.01	0.11	-0.11	-0.00
401A	-0.97	0.51	-0.21	0.22	-0.63	-0.33	-1.48	0.54	-0.28	-0.71	-1.11	0.45	0.05	-0.17	0.33	0.93	0.06	0.18
401G	-1.07	0.81	0.01	0.10	-0.03	-0.08	-0.15	0.03	0.11	-0.07	-0.24	0.10	0.11	-0.16	0.01	0.14	-0.11	-0.00
401F	0.24	-1.64	0.35	0.18	0.58	-0.30	-0.15	0.10	-0.59	0.21	0.52	0.10	0.23	0.88	-0.10	1.16	-0.17	0.29
401E	-0.42	-0.11	0.24	0.10	-0.03	-0.18	-0.15	0.03	0.15	-0.07	-0.42	0.10	0.11	0.43	0.01	0.92	-0.11	-0.00
401D	-0.93	0.06	0.45	0.10	-0.03	-0.17	-0.15	0.03	-0.31	-0.07	-0.44	0.10	0.11	-0.86	0.01	0.55	-0.11	-0.00
305N	-1.33	0.61	0.32	0.10	-0.03	-0.05	-0.15	0.03	0.06	-0.07	-0.33	0.10	0.11	-0.11	0.01	0.14	-0.11	-0.00
305L	-1.39	0.44	-0.11	0.10	-0.03	0.02	-0.15	0.03	-0.57	-0.07	-0.24	0.10	0.11	-0.22	0.01	0.15	-0.11	-0.00
305M	-1.35	-0.13	0.12	0.24	-0.63	-0.11	0.10	-0.06	-0.93	-0.31	-0.36	1.44	0.16	-0.32	-0.36	0.29	-0.16	-0.40
305K	-1.18	0.34	0.52	0.10	-0.03	-0.17	-0.15	0.03	0.12	-0.07	0.00	0.10	0.11	0.37	0.01	-0.88	-0.11	-0.00
305H	-1.20	0.54	0.33	0.10	-0.03	-0.11	-0.15	0.03	0.13	-0.07	-0.35	0.10	0.11	-0.10	0.01	0.29	-0.11	-0.00
305I	-0.28	0.34	-0.05	0.10	-0.03	-0.00	-0.15	0.03	0.17	-0.07	-0.23	0.10	0.11	0.13	0.01	0.15	-0.11	-0.00
305G	-1.96	1.13	0.13	0.10	-0.03	-0.08	-0.15	0.03	-0.04	-0.07	-0.34	0.10	0.11	-0.31	0.01	0.27	-0.11	-0.00
305D	-1.30	0.75	0.40	0.37	-0.03	-0.07	-0.85	0.35	0.32	-0.35	-0.34	0.66	0.19	-0.15	0.12	0.13	0.24	-0.40
305E	-0.60	0.12	1.20	0.10	-0.03	-0.07	-0.15	0.03	0.60	-0.07	-0.35	0.10	0.11	-0.70	0.01	-0.35	-0.11	-0.00
305C	-1.45	0.79	-0.01	0.10	-0.03	-0.02	-0.15	0.03	-0.17	-0.07	-0.36	0.10	0.11	-0.18	0.01	0.13	-0.11	-0.00
305A	-1.46	0.94	-0.21	0.10	-0.03	-0.07	-0.15	0.03	-0.24	-0.07	-0.37	0.10	0.11	-0.24	0.01	0.18	-0.11	-0.00
305Y	-0.74	0.24	-0.18	0.10	-0.03	-0.17	-0.15	0.03	-0.12	-0.07	-0.30	0.10	0.11	0.23	0.01	1.28	-0.11	-0.00
305V	-0.53	0.72	-0.03	0.04	-1.23	0.05	0.14	-0.06	0.49	-0.31	-0.17	-0.18	0.42	0.10	1.95	0.22	-0.12	-0.00
305W	-0.27	-0.10	-0.88	0.10	-0.03	-0.24	-0.15	0.03	-0.96	-0.07	0.20	0.10	0.11	0.57	0.01	-0.15	-0.11	-0.00
305T	-0.29	0.34	0.41	0.08	0.58	-0.29	0.18	0.47	0.55	0.61	-0.44	0.03	0.23	0.17	-1.62	0.15	-0.28	-0.03
305R	-0.36	-0.47	1.35	0.20	-0.63	0.03	-1.17	0.26	0.59	-1.92	-0.30	0.66	0.19	0.08	-0.58	-0.44	0.34	0.53
305S	-1.42	0.93	0.14	0.10	-0.03	-0.13	-0.15	0.03	0.09	-0.07	-0.33	0.10	0.11	-0.17	0.01	-0.08	-0.11	-0.00
305P	-1.55	0.98	0.08	0.02	2.99	-0.07	0.03	-0.00	0.00	-0.47	-0.37	-0.89	0.16	-0.23	-0.83	0.16	0.14	0.05
305Q	-1.40	0.75	0.15	0.10	-0.03	-0.04	-0.15	0.03	-0.03	-0.07	-0.32	0.10	0.11	-0.22	0.01	0.12	-0.11	-0.00
306C	-1.15	0.79	-0.53	0.10	-0.03	-0.06	0.18	-0.43	-0.36	-0.03	-0.13	-0.11	0.32	0.12	-1.03	0.48	0.03	0.13
306A	-0.86	0.76	-1.44	0.10	-0.03	-0.35	-0.15	0.03	-1.00	-0.07	0.46	0.10	0.11	0.26	0.01	0.58	-0.11	-0.00
306G	-0.83	0.59	-1.17	0.10	-0.03	-0.46	-0.15	0.03	-0.91	-0.07	0.55	0.10	0.11	0.16	0.01	0.58	-0.11	-0.00
306F	0.25	-0.36	-0.04	0.98	-0.03	-0.05	-0.39	0.10	-0.09	0.17	-0.39	0.59	0.05	0.15	0.67	0.60	-0.27	-0.27
306E	-0.92	0.51	0.53	0.10	-0.03	-0.02	-0.15	0.03	0.29	-0.07	-0.31	0.10	0.11	-0.21	0.01	-0.50	-0.11	-0.00
306D	-1.02	0.80	0.35	0.14	1.18	0.06	-0.72	0.69	0.59	-0.15	-0.20	-0.68	0.10	-0.02	0.66	0.44	-0.17	-0.03
306K	0.33	-0.19	0.79	0.10	-0.03	-0.11	-0.15	0.03	0.98	-0.07	-0.33	0.10	0.11	0.61	0.01	-0.03	-0.11	-0.00
306I	-0.52	0.39	-0.18	0.10	-0.03	-0.11	-0.15	0.03	0.03	-0.07	-0.12	0.10	0.11	0.26	0.01	0.35	-0.11	-0.00
306H	-0.68	0.21	0.29	0.10	-0.03	-0.04	-0.15	0.03	-0.10	-0.07	-0.19	0.10	0.11	-0.20	0.01	-0.55	-0.11	-0.00
306N	-1.06	0.55	0.09	0.10	-0.03	-0.08	-0.15	0.03	0.01	-0.07	-0.20	0.10	0.11	0.09	0.01	0.09	-0.11	-0.00
306M	-0.19	-0.05	0.06	0.08	0.58	-0.16	-0.20	0.01	-0.10	-0.31	-0.32	-0.11	0.18	0.01	-0.39	0.44	-0.26	-0.71
306L	0.21	-0.05	-0.11	0.10	-0.03	-0.08	-0.15	0.03	0.10	-0.07	-0.34	0.10	0.11	0.18	0.01	0.57	-0.11	-0.00
306S	-1.48	1.16	-0.41	0.10	-0.03	-0.08	-0.15	0.03	-0.03	-0.07	-0.13	0.10	0.11	0.16	0.01	0.54	-0.11	-0.00
306R	0.09	-0.29	0.82	0.10	-0.03	-0.06	-0.15	0.03	0.99	-0.07	-0.23	0.10	0.11	0.86	0.01	0.72	-0.11	-0.00
306Q	-0.76	0.40	0.18	0.10	-0.03	-0.05	-0.15	0.03	0.17	-0.07	-0.17	0.10	0.11	0.37	0.01	-0.30	-0.11	-0.00
306P	-1.45	0.90	-0.65	0.10	-0.03	-0.40	-0.15	0.03	-0.23	-0.07	0.25	0.10	0.11	0.40	0.01	1.58	-0.11	-0.00
306W	0.05	-0.60	0.36	-0.07	-0.63	-0.14	-0.53	0.19	-0.09	-0.03	-0.26	0.52	0.15	0.29	0.04	0.06	0.09	0.21
306V	-1.39	1.21	-1.02	0.10	-0.03	-0.20	-0.15	0.03	-0.55	-0.07	-0.04	0.10	0.11	0.04	0.01	0.67	-0.11	-0.00
306T	-0.96	0.83	-0.48	0.10	-0.03	-0.11	-0.15	0.03	-0.13	-0.07	-0.18	0.10	0.11	0.16	0.01	0.43	-0.11	-0.00
