G7	-0.46	1.03	-0.60	0.06	-0.07	-1.01	0.18	0.11	0.22	0.10	0.10	-0.01	0.11	-0.01	0.02	0.15	0.00	0.08
G6	-0.74	1.16	0.44	0.06	-0.07	-0.90	0.18	0.11	1.40	0.10	-0.55	-0.01	0.11	-0.28	0.02	1.12	0.00	0.08
G5	-0.97	0.94	0.03	0.06	-0.07	-1.05	0.18	0.11	0.62	0.10	-0.30	-0.01	0.11	-0.01	0.02	1.00	0.00	0.08
G4	-0.60	2.85	-2.26	0.06	-0.07	-0.99	0.18	0.11	0.63	0.10	0.09	-0.01	0.11	-1.58	0.02	2.54	0.00	0.08
G3	0.75	-0.04	-1.89	1.03	5.00	-1.00	-5.00	2.93	-1.54	1.46	1.96	3.19	1.81	0.52	-1.28	-0.48	-2.22	2.58
G2	1.81	-0.31	-1.09	0.06	-0.07	-1.06	0.18	0.11	-0.66	0.10	0.11	-0.01	0.11	0.15	0.02	0.37	0.00	0.08
G1	-0.76	0.99	-0.22	-0.04	0.14	-0.98	0.24	2.20	0.44	0.51	0.13	-0.06	0.13	-0.13	0.81	0.05	-0.03	0.03
G9	-0.66	1.24	-0.72	0.06	-0.07	-0.89	0.18	0.11	0.28	0.10	-0.09	-0.01	0.11	0.08	0.02	0.36	0.00	0.08
G8	-0.58	1.08	-0.47	0.06	-0.07	-1.00	0.18	0.11	0.33	0.10	-0.13	-0.01	0.11	0.07	0.02	0.18	0.00	0.08
N6	-0.58	0.08	0.80	0.06	-0.07	0.94	0.18	0.11	1.52	0.10	1.06	-0.01	0.11	1.26	0.02	-1.02	0.00	0.08
N7	-0.58	-0.01	0.85	0.27	-0.07	0.98	0.43	-0.13	1.37	-0.78	1.01	-0.22	0.49	1.35	-0.44	-1.34	-0.07	0.10
B4	1.06	-1.18	1.12	0.06	-0.07	0.94	0.18	0.11	0.62	0.10	0.27	-0.01	0.11	0.66	0.02	-1.28	0.00	0.08
B5	-0.65	-0.57	0.38	0.06	-0.07	1.39	0.18	0.11	-0.83	0.10	-0.94	-0.01	0.11	-0.19	0.02	-0.32	0.00	0.08
B6	1.20	-0.80	0.36	0.06	-0.07	0.82	0.18	0.11	-0.25	0.10	-0.79	-0.01	0.11	-0.13	0.02	-0.66	0.00	0.08
B7	0.21	0.68	-1.39	0.06	-0.07	-0.77	0.18	0.11	-0.50	0.10	0.00	-0.01	0.11	-0.64	0.02	1.89	0.00	0.08
B1	-1.21	0.74	-1.36	0.06	-0.07	-0.49	0.18	0.11	-0.78	0.10	1.19	-0.01	0.11	0.30	0.02	0.31	0.00	0.08
B2	1.19	0.98	-2.15	0.06	-0.07	-1.09	0.18	0.11	-0.11	0.10	1.13	-0.01	0.11	-0.30	0.02	1.37	0.00	0.08
B3	0.14	-1.37	0.98	0.08	0.00	0.74	-0.22	0.43	-0.25	0.10	-0.21	-0.43	0.13	0.33	0.92	0.10	0.00	0.04
B8	1.13	-0.95	0.01	0.06	-0.07	0.85	0.18	0.11	-0.76	0.10	-0.82	-0.01	0.11	-0.05	0.02	-0.32	0.00	0.08
B9	0.37	1.16	-1.03	0.06	-0.07	-1.13	0.18	0.11	0.55	0.10	0.33	-0.01	0.11	-0.96	0.02	1.95	0.00	0.08
N5	-0.41	-0.92	0.55	0.06	-0.07	0.58	0.18	0.11	0.07	0.10	1.09	-0.01	0.11	0.90	0.02	-0.19	0.00	0.08
P10	-1.38	-1.15	0.94	0.06	-0.07	1.01	0.18	0.11	-1.34	0.10	-0.52	-0.01	0.11	-0.14	0.02	-0.59	0.00	0.08
P11	-1.20	-1.04	0.18	0.06	-0.07	0.95	0.18	0.11	-1.39	0.10	1.11	-0.01	0.11	0.17	0.02	-0.99	0.00	0.08
P12	-1.32	-0.84	0.44	0.06	-0.07	0.97	0.18	0.11	-1.02	0.10	1.11	-0.01	0.11	0.00	0.02	-1.24	0.00	0.08
E9	-0.29	0.59	-0.48	0.06	-0.07	-1.01	0.18	0.11	-0.12	0.10	0.14	-0.01	0.11	-0.21	0.02	0.32	0.00	0.08
E8	-0.64	1.13	-0.08	0.06	-0.07	-0.88	0.18	0.11	0.95	0.10	-0.02	-0.01	0.11	0.12	0.02	0.38	0.00	0.08
E5	-0.57	1.00	-0.41	0.06	-0.07	-0.89	0.18	0.11	0.38	0.10	-0.06	-0.01	0.11	0.07	0.02	0.28	0.00	0.08
E4	-0.72	1.32	-0.44	0.06	-0.07	-1.00	0.18	0.11	0.60	0.10	0.13	-0.01	0.11	-0.13	0.02	0.11	0.00	0.08
E7	0.84	0.78	-1.33	0.06	-0.07	-0.83	0.18	0.11	-0.00	0.10	0.25	-0.01	0.11	-0.13	0.02	0.71	0.00	0.08
E6	0.72	0.62	-1.42	0.06	-0.07	-0.76	0.18	0.11	-0.40	0.10	0.29	-0.01	0.11	-0.69	0.02	1.25	0.00	0.08
E1	-0.41	0.54	-0.20	0.06	-0.07	-1.01	0.18	0.11	0.02	0.10	0.14	-0.01	0.11	-0.17	0.02	0.06	0.00	0.08
P8	-1.43	-0.87	1.51	0.06	-0.07	0.99	0.18	0.11	-0.31	0.10	-0.51	-0.01	0.11	0.08	0.02	-0.76	0.00	0.08
E3	2.13	-0.89	0.03	0.06	-0.07	0.79	0.18	0.11	-0.15	0.10	-0.89	-0.01	0.11	-0.12	0.02	-0.28	0.00	0.08
E2	1.79	-0.81	-0.02	0.06	-0.07	0.77	0.18	0.11	-0.27	0.10	-0.85	-0.01	0.11	-0.18	0.02	-0.17	0.00	0.08
P2	-1.67	-1.24	2.13	-5.00	-2.25	0.82	-5.00	-2.14	-1.16	-0.10	-1.63	-5.00	-5.00	-0.42	-4.33	-1.28	5.00	-5.00
P3	-0.10	-1.73	0.87	0.06	-0.07	0.96	0.18	0.11	-1.43	0.10	-0.58	-0.01	0.11	-0.06	0.02	-0.53	0.00	0.08
P1	0.95	-1.12	0.90	0.06	-0.07	0.90	0.18	0.11	-0.55	0.10	-2.44	-0.01	0.11	-0.24	0.02	0.25	0.00	0.08
P6	-0.63	-1.11	0.50	0.06	-0.07	1.42	0.18	0.11	-1.40	0.10	-0.95	-0.01	0.11	-0.07	0.02	-0.51	0.00	0.08
P7	-0.61	-1.41	0.94	0.06	-0.07	1.55	0.18	0.11	-1.84	0.10	-2.51	-0.01	0.11	-0.58	0.02	0.05	0.00	0.08
P4	-0.16	-1.53	1.13	0.06	-0.07	1.54	0.18	0.11	-1.64	0.10	-2.52	-0.01	0.11	-0.77	0.02	-0.08	0.00	0.08
P5	-0.87	-1.34	1.30	0.06	-0.07	1.04	0.18	0.11	-0.81	0.10	-0.22	-0.01	0.11	-0.07	0.02	-0.91	0.00	0.08
H10	-0.12	-2.29	1.97	0.06	-0.07	1.16	0.18	0.11	-1.10	0.10	-0.94	-0.01	0.11	0.25	0.02	-1.43	0.00	0.08
H11	0.07	-2.27	1.88	0.06	-0.07	1.17	0.18	0.11	-1.07	0.10	-1.02	-0.01	0.11	0.23	0.02	-1.33	0.00	0.08
H12	0.32	-2.76	2.40	0.06	-0.07	1.15	0.18	0.11	-0.83	0.10	-0.72	-0.01	0.11	0.38	0.02	-1.53	0.00	0.08
P9	-1.46	-1.03	1.26	0.06	-0.07	0.97	0.18	0.11	-0.91	0.10	-0.52	-0.01	0.11	-0.22	0.02	-0.62	0.00	0.08
F12	1.63	-0.38	-1.30	0.06	-0.07	-1.02	0.18	0.11	-1.03	0.10	0.40	-0.01	0.11	-0.16	0.02	0.61	0.00	0.08
F10	1.86	0.65	-1.87	0.89	5.00	-1.09	-1.63	-4.07	-0.06	-5.00	1.66	5.00	-0.87	0.73	2.35	-0.15	-3.29	1.92
F11	0.58	0.64	-1.58	0.75	2.73	-1.08	-3.37	-2.30	-0.77	-2.48	1.56	4.60	0.83	0.91	-1.61	-0.21	-3.94	2.62
N12	-0.16	0.07	0.45	0.06	-0.07	0.93	0.29	-1.82	1.40	0.10	1.05	-0.22	0.23	1.32	0.66	-0.90	-0.09	0.12
H8	-0.41	0.07	0.52	0.06	-0.07	1.00	0.18	0.11	1.31	0.10	1.06	-0.01	0.11	1.16	0.02	-0.83	0.00	0.08
H9	-0.34	-0.03	0.56	0.06	-0.07	0.97	0.18	0.11	1.29	0.10	1.06	-0.01	0.11	1.34	0.02	-0.95	0.00	0.08
H6	-0.21	-0.17	0.61	0.06	-0.07	0.94	0.18	0.11	1.21	0.10	1.06	-0.01	0.11	1.24	0.02	-0.91	0.00	0.08
H7	-1.54	-0.30	0.61	0.44	-0.14	1.00	0.18	-1.74	-0.21	0.31	1.10	-0.06	0.26	-0.01	0.47	-1.25	0.06	0.14
H4	-1.68	1.09	-1.15	0.06	-0.07	-0.36	0.18	0.11	-0.32	0.10	1.21	-0.01	0.11	0.14	0.02	0.52	0.00	0.08
H5	-1.17	-0.61	0.68	0.06	-0.07	0.95	0.18	0.11	-0.30	0.10	1.10	-0.01	0.11	0.06	0.02	-1.07	0.00	0.08
D10	-0.28	0.44	-0.34	0.06	-0.07	-1.03	0.18	0.11	-0.11	0.10	0.04	-0.01	0.11	0.07	0.02	0.21	0.00	0.08
D11	-0.41	0.74	-0.66	0.06	-0.07	-0.98	0.18	0.11	-0.28	0.10	0.13	-0.01	0.11	-0.20	0.02	0.01	0.00	0.08
D12	0.76	1.03	-1.58	0.06	-0.07	-0.69	0.18	0.11	-0.11	0.10	0.06	-0.01	0.11	-0.65	0.02	1.19	0.00	0.08
B12	0.93	-0.59	0.47	0.06	-0.07	0.85	0.18	0.11	-0.11	0.10	-0.81	-0.01	0.11	-0.28	0.02	-0.83	0.00	0.08
B10	0.87	0.49	-0.17	0.06	-0.07	-1.08	0.18	0.11	-0.13	0.10	-0.91	-0.01	0.11	-2.45	0.02	1.58	0.00	0.08
B11	1.95	-0.89	0.36	0.06	-0.07	0.79	0.18	0.11	0.10	0.10	-0.83	-0.01	0.11	-0.08	0.02	-0.52	0.00	0.08
Q8	-0.87	-1.22	1.07	0.06	-0.07	0.43	0.18	0.11	-2.58	0.10	-2.97	-0.01	0.11	-2.15	0.02	0.16	0.00	0.08
Q9	-0.22	-0.34	0.46	0.10	-0.07	0.93	-0.07	0.35	0.75	0.51	1.08	0.51	0.15	1.28	0.15	-1.21	-0.13	0.15
C9	-0.70	1.35	-0.61	0.06	-0.07	-0.90	0.18	0.11	0.59	0.10	0.02	-0.01	0.11	0.11	0.02	0.40	0.00	0.08
C8	-0.21	0.48	-0.49	0.06	-0.07	-1.01	0.18	0.11	-0.22	0.10	0.10	-0.01	0.11	-0.23	0.02	0.43	0.00	0.08
Q11	0.40	-0.61	0.06	0.06	-0.07	0.87	0.18	0.11	0.25	0.10	1.01	-0.01	0.11	1.16	0.02	-1.06	0.00	0.08
Q10	0.54	-1.18	1.37	0.06	-0.07	0.91	0.18	0.11	-0.38	0.10	-2.55	-0.01	0.11	-0.01	0.02	-0.13	0.00	0.08
Q12	-0.82	-1.21	0.91	0.06	-0.07	1.12	0.18	0.11	-1.53	0.10	-1.07	-0.01	0.11	-0.27	0.02	-1.18	0.00	0.08
C3	1.68	1.12	-1.25	0.06	-0.07	-1.05	0.18	0.11	1.26	0.10	0.64	-0.01	0.11	-0.93	0.02	2.36	0.00	0.08
C2	1.06	-0.82	0.28	0.06	-0.07	0.83	0.18	0.11	-0.47	0.10	-0.80	-0.01	0.11	-0.14	0.02	-0.73	0.00	0.08
C1	0.79	0.85	-0.43	0.06	-0.07	-1.09	0.18	0.11	0.23	0.10	-0.08	-0.01	0.11	-2.65	0.02	1.65	0.00	0.08
C7	-1.19	1.47	0.30	0.08	-0.14	-0.96	-2.03	5.00	1.41	-1.53	-0.31	-0.01	0.06	0.02	-0.58	0.92	-0.17	-0.02
C6	-0.99	1.17	0.21	0.05	0.00	-1.03	0.26	-1.50	1.07	1.87	-0.38	-0.01	0.30	0.03	-0.16	0.97	-0.30	0.24
C5	-0.85	1.56	-0.77	0.15	0.00	-1.04	1.13	-3.43	0.77	-5.00	0.10	-1.95	0.96	0.43	5.00	0.12	-0.96	-0.32
C4	-1.07	1.63	0.01	-0.25	-3.00	-0.99	0.98	-5.00	0.69	2.75	-1.71	-3.79	-0.34	-2.42	2.50	1.89	2.16	-0.70
N10	-0.33	0.05	0.96	0.06	-0.07	0.92	0.18	0.11	1.71	0.10	1.04	-0.01	0.11	1.23	0.02	-1.30	0.00	0.08
N8	-0.60	-0.30	0.32	0.06	-0.07	-1.18	0.18	0.11	-0.26	0.10	1.07	-0.01	0.11	0.61	0.02	-1.02	0.00	0.08
N9	-0.96	0.25	0.19	0.06	-0.07	-0.79	0.18	0.11	-0.08	0.10	1.02	-0.01	0.11	-0.06	0.02	-0.98	0.00	0.08
N11	-0.03	-0.15	0.34	0.06	-0.07	0.95	0.18	0.11	1.06	0.10	1.07	-0.01	0.11	1.20	0.02	-0.77	0.00	0.08
G12	1.30	-0.66	-0.35	4.52	-0.14	-1.15	1.52	1.72	-0.52	-0.44	-0.14	-2.01	-3.30	0.33	0.43	0.31	-0.18	-0.46
G11	1.76	-0.41	-1.12	0.06	-0.07	-1.07	0.18	0.11	-1.29	0.10	-0.27	-0.01	0.11	-0.61	0.02	0.35	0.00	0.08
G10	-0.56	1.06	-0.51	0.06	-0.07	-0.99	0.18	0.11	0.24	0.10	-0.16	-0.01	0.11	0.04	0.02	0.14	0.00	0.08
F1	0.95	0.84	-1.22	0.06	-0.07	-0.78	0.18	0.11	0.35	0.10	0.39	-0.01	0.11	-0.54	0.02	1.37	0.00	0.08
F2	0.94	0.42	-1.41	0.06	-0.07	-0.89	0.18	0.11	-0.53	0.10	0.27	-0.01	0.11	-0.72	0.02	1.42	0.00	0.08
F3	-0.41	0.74	-0.42	0.06	-0.07	-0.99	0.18	0.11	0.07	0.10	0.14	-0.01	0.11	-0.25	0.02	0.30	0.00	0.08
F4	1.18	-0.85	0.24	0.06	-0.07	0.82	0.18	0.11	-0.44	0.10	-0.82	-0.01	0.11	-0.20	0.02	-0.47	0.00	0.08
F5	-0.42	0.91	-0.45	0.06	-0.07	-0.98	0.18	0.11	0.16	0.10	0.08	-0.01	0.11	-0.16	0.02	-0.05	0.00	0.08
F6	-0.41	0.64	-0.28	0.06	-0.07	-1.01	0.18	0.11	0.03	0.10	0.11	-0.01	0.11	-0.13	0.02	-0.00	0.00	0.08
F7	1.06	0.42	-1.54	0.06	-0.07	-0.76	0.18	0.11	-0.60	0.10	0.31	-0.01	0.11	-0.67	0.02	1.25	0.00	0.08
F8	0.85	0.96	-1.33	0.06	-0.07	-0.68	0.18	0.11	0.22	0.10	0.28	-0.01	0.11	-0.65	0.02	1.15	0.00	0.08
F9	0.85	0.83	-0.44	0.06	-0.07	-1.12	0.18	0.11	0.22	0.10	-0.08	-0.01	0.11	-2.66	0.02	1.62	0.00	0.08
Q1	-0.21	-0.15	0.73	-0.00	-0.07	0.97	-0.14	-0.77	1.28	0.58	1.05	0.67	0.23	1.24	0.50	-1.22	-0.26	0.08
Q3	-0.53	0.29	0.12	-0.04	-1.23	0.78	0.29	-0.61	1.10	1.46	2.10	0.09	1.21	3.65	-5.00	-1.76	-3.14	-0.11
Q2	-0.29	-0.08	0.45	0.06	-0.07	0.95	0.18	0.11	1.12	0.10	1.06	-0.01	0.11	1.43	0.02	-1.08	0.00	0.08
Q5	-1.37	-1.42	1.84	-5.00	-2.32	0.76	-5.00	-1.42	-1.22	-1.73	-1.61	1.72	-5.00	0.07	-2.17	-1.22	5.00	-5.00
Q4	-1.31	-0.87	0.50	0.06	-0.07	0.95	0.18	0.11	-0.94	0.10	1.11	-0.01	0.11	0.04	0.02	-1.12	0.00	0.08
Q7	1.58	-1.55	0.36	0.06	-0.07	0.71	0.18	0.11	-0.83	0.10	-0.71	-0.01	0.11	0.53	0.02	-1.01	0.00	0.08
Q6	2.14	-0.85	-0.11	0.06	-0.07	0.77	0.18	0.11	-0.02	0.10	-0.62	-0.01	0.11	0.44	0.02	-0.59	0.00	0.08
E11	-0.48	0.99	-0.46	0.06	-0.07	-1.01	0.18	0.11	0.33	0.10	0.14	-0.01	0.11	-0.01	0.02	0.15	0.00	0.08
E10	1.38	-0.79	0.44	0.06	-0.07	0.87	0.18	0.11	0.00	0.10	-0.87	-0.01	0.11	-0.07	0.02	-0.56	0.00	0.08
E12	-0.72	1.12	-0.06	0.06	-0.07	-0.89	0.18	0.11	0.89	0.10	-0.02	-0.01	0.11	0.07	0.02	0.36	0.00	0.08
C12	0.26	0.81	-1.18	0.06	-0.07	-0.68	0.18	0.11	-0.00	0.10	0.36	-0.01	0.11	-0.08	0.02	0.76	0.00	0.08
C11	0.45	0.72	-1.50	0.06	-0.07	-0.72	0.18	0.11	-0.47	0.10	0.08	-0.01	0.11	-0.66	0.02	1.67	0.00	0.08
C10	-0.40	0.77	-0.33	0.06	-0.07	-1.01	0.18	0.11	0.30	0.10	0.13	-0.01	0.11	-0.02	0.02	0.33	0.00	0.08
A11	-1.39	-0.81	1.32	0.06	-0.07	1.00	0.18	0.11	-0.48	0.10	-0.54	-0.01	0.11	-0.17	0.02	-0.59	0.00	0.08
A10	3.40	0.25	-1.00	0.06	-0.07	-1.07	0.18	0.11	0.17	0.10	-0.19	-0.01	0.11	-3.03	0.02	1.88	0.00	0.08
A12	-0.45	-0.53	0.36	0.06	-0.07	1.39	0.18	0.11	-0.58	0.10	-0.92	-0.01	0.11	-0.01	0.02	-0.20	0.00	0.08
A1	0.63	0.30	1.41	0.06	-0.07	2.63	0.18	0.11	5.00	0.10	1.41	-0.01	0.11	5.00	0.02	0.53	0.00	0.08
A3	-0.29	-0.17	0.52	0.06	-0.07	0.94	0.18	0.11	1.07	0.10	1.06	-0.01	0.11	1.32	0.02	-0.99	0.00	0.08
A2	-0.29	0.02	0.88	0.06	-0.07	0.92	0.18	0.11	1.61	0.10	1.05	-0.01	0.11	1.29	0.02	-1.41	0.00	0.08
A5	-1.14	-1.17	0.50	0.06	-0.07	0.95	0.18	0.11	-1.29	0.10	1.11	-0.01	0.11	0.07	0.02	-1.34	0.00	0.08
A4	-1.14	-0.89	1.08	0.06	-0.07	0.98	0.18	0.11	-0.70	0.10	-0.59	-0.01	0.11	0.02	0.02	-0.67	0.00	0.08
A7	-0.79	-1.55	1.06	0.06	-0.07	0.91	0.18	0.11	-1.02	0.10	1.21	-0.01	0.11	-0.01	0.02	-1.68	0.00	0.08
A6	-0.76	-0.51	0.74	0.06	-0.07	1.39	0.18	0.11	-0.40	0.10	-0.95	-0.01	0.11	-0.18	0.02	-0.29	0.00	0.08
A9	0.24	-1.38	2.68	0.06	-0.07	0.63	0.18	0.11	0.57	0.10	-2.80	-0.01	0.11	0.36	0.02	-0.60	0.00	0.08
A8	-0.65	-0.66	1.09	0.06	-0.07	1.51	0.18	0.11	-0.81	0.10	-2.55	-0.01	0.11	-0.70	0.02	-0.03	0.00	0.08
D8	-0.40	0.68	-0.02	0.06	-0.07	-1.01	0.18	0.11	0.47	0.10	0.11	-0.01	0.11	-0.10	0.02	0.20	0.00	0.08
D9	-0.17	0.38	-0.50	0.06	-0.07	-1.03	0.18	0.11	-0.32	0.10	0.11	-0.01	0.11	-0.19	0.02	0.44	0.00	0.08
D6	0.79	0.59	-1.43	0.06	-0.07	-0.75	0.18	0.11	-0.35	0.10	0.34	-0.01	0.11	-0.58	0.02	1.26	0.00	0.08
D7	0.78	0.97	-1.34	0.06	-0.07	-0.69	0.18	0.11	0.24	0.10	0.34	-0.01	0.11	-0.52	0.02	1.16	0.00	0.08
D4	0.36	0.66	-1.10	0.06	-0.07	-1.14	0.18	0.11	-0.01	0.10	0.77	-0.01	0.11	-0.09	0.02	0.70	0.00	0.08
D5	1.84	1.46	-1.19	0.06	-0.07	-1.13	0.18	0.11	1.80	0.10	0.79	-0.01	0.11	-1.16	0.02	2.29	0.00	0.08
D2	-0.27	0.60	-0.55	0.06	-0.07	-1.03	0.18	0.11	-0.16	0.10	0.14	-0.01	0.11	-0.22	0.02	0.41	0.00	0.08
D3	1.67	1.12	-1.25	0.06	-0.07	-1.06	0.18	0.11	1.27	0.10	0.66	-0.01	0.11	-0.97	0.02	2.39	0.00	0.08
D1	-0.48	1.09	-0.12	0.06	-0.07	-0.88	0.18	0.11	0.96	0.10	-0.03	-0.01	0.11	0.11	0.02	0.45	0.00	0.08
