G7	-0.52	0.84	-0.31	0.10	0.02	-0.50	-0.13	0.02	0.21	-0.08	-0.41	0.14	0.14	0.06	0.08	1.15	-0.14	-0.05
G6	-1.15	1.19	-0.42	0.10	0.02	-0.37	-0.13	0.02	0.07	-0.08	-0.44	0.14	0.14	0.21	0.08	1.14	-0.14	-0.05
G5	-0.10	0.32	-0.24	0.14	-0.57	-0.37	-0.02	-0.09	0.08	-0.41	-0.41	-0.60	0.22	0.07	0.47	0.99	-0.31	0.11
G4	0.86	-0.82	-0.65	0.10	0.02	-0.76	-0.13	0.02	-0.99	-0.08	-0.14	0.14	0.14	-0.52	0.08	0.12	-0.14	-0.05
G3	-0.05	-1.02	-0.91	-1.07	-2.94	0.18	5.00	-5.00	-1.54	5.00	-0.28	-2.97	-1.50	0.30	3.32	0.23	1.38	-3.73
G2	-0.13	-0.57	-0.30	0.02	0.02	-0.71	0.32	0.10	-0.96	-0.31	-0.28	-1.89	-0.11	-0.57	-0.25	0.95	-0.01	-0.08
G1	-0.55	-0.47	0.28	0.10	0.02	-0.28	-0.13	0.02	-0.61	-0.08	-0.48	0.14	0.14	-0.33	0.08	-0.28	-0.14	-0.05
G9	-0.61	0.33	-0.21	0.10	0.02	-0.62	-0.13	0.02	-0.23	-0.08	-0.44	0.14	0.14	-0.08	0.08	1.04	-0.14	-0.05
G8	-0.71	1.18	-0.12	0.10	0.02	-0.54	-0.13	0.02	0.49	-0.08	-0.40	0.14	0.14	-0.13	0.08	0.89	-0.14	-0.05
N6	-1.04	0.46	0.65	0.10	0.02	1.44	-0.13	0.02	0.36	-0.08	-0.35	0.14	0.14	0.51	0.08	-1.86	-0.14	-0.05
N7	-0.88	1.49	-0.50	0.10	0.02	0.55	-0.13	0.02	0.13	-0.08	-0.80	0.14	0.14	-0.24	0.08	-0.20	-0.14	-0.05
B4	0.39	-0.99	0.32	0.10	0.02	1.25	-0.13	0.02	-0.45	-0.08	-0.67	0.14	0.14	0.08	0.08	-1.52	-0.14	-0.05
B5	-0.72	1.72	-1.15	0.10	0.02	0.41	-0.13	0.02	-0.11	-0.08	-0.57	0.14	0.14	0.05	0.08	-0.02	-0.14	-0.05
B6	2.72	-0.98	-0.48	0.10	0.02	-1.09	-0.13	0.02	0.15	-0.08	0.16	0.14	0.14	-0.33	0.08	-0.08	-0.14	-0.05
B7	0.07	0.67	-1.35	0.10	0.02	-1.29	-0.13	0.02	-0.84	-0.08	-0.44	0.14	0.14	-0.17	0.08	0.08	-0.14	-0.05
B1	-1.00	0.38	0.08	0.10	0.02	-0.22	-0.13	0.02	-0.43	-0.08	-0.38	0.14	0.14	-0.65	0.08	-0.26	-0.14	-0.05
B2	-0.16	2.24	-1.79	0.10	0.02	-1.36	-0.13	0.02	0.60	-0.08	0.62	0.14	0.14	1.12	0.08	2.31	-0.14	-0.05
B3	0.83	-1.08	0.40	0.10	0.02	1.35	-0.13	0.02	-0.08	-0.08	-0.92	0.14	0.14	-0.14	0.08	0.04	-0.14	-0.05
B8	0.02	-0.78	-0.16	0.10	0.02	-0.48	-0.13	0.02	-1.03	-0.08	0.03	0.14	0.14	-0.51	0.08	-0.51	-0.14	-0.05
B9	0.37	-0.44	-0.12	0.10	0.02	-0.83	-0.13	0.02	-0.60	-0.08	-0.03	0.14	0.14	-0.84	0.08	-0.51	-0.14	-0.05
N5	-1.22	0.70	-0.57	0.10	0.02	-0.26	-0.13	0.02	-0.99	-0.08	-0.32	0.14	0.14	0.07	0.08	-2.34	-0.14	-0.05
P10	0.72	-0.57	1.67	0.10	0.02	1.45	-0.13	0.02	2.03	-0.08	1.26	0.14	0.14	1.17	0.08	0.07	-0.14	-0.05
P11	-0.04	0.59	-0.51	0.10	0.02	1.39	-0.13	0.02	0.03	-0.08	0.05	0.14	0.14	0.44	0.08	-0.97	-0.14	-0.05
P12	-0.46	0.27	0.00	0.10	0.02	1.39	-0.13	0.02	-0.04	-0.08	0.07	0.14	0.14	0.56	0.08	-1.67	-0.14	-0.05
E9	-0.81	0.16	-0.26	0.10	0.02	-1.02	-0.13	0.02	-0.50	-0.08	0.33	0.14	0.14	0.23	0.08	0.43	-0.14	-0.05
E8	-0.70	0.57	0.05	0.10	0.02	-0.95	-0.13	0.02	-0.11	-0.08	0.52	0.14	0.14	-0.75	0.08	-0.13	-0.14	-0.05
E5	-0.65	-0.08	0.31	0.10	0.02	-0.32	-0.13	0.02	-0.31	-0.08	-0.49	0.14	0.14	-0.28	0.08	-0.32	-0.14	-0.05
E4	-1.07	0.18	0.11	0.10	0.02	-0.27	-0.13	0.02	-0.55	-0.08	-0.46	0.14	0.14	-0.33	0.08	-0.46	-0.14	-0.05
E7	0.44	-0.16	-0.61	0.10	0.02	-0.70	-0.13	0.02	-0.53	-0.08	0.17	0.14	0.14	-0.30	0.08	0.40	-0.14	-0.05
E6	0.12	0.72	-0.91	0.10	0.02	-1.07	-0.13	0.02	-0.37	-0.08	-0.09	0.14	0.14	-0.65	0.08	0.51	-0.14	-0.05
E1	0.13	-0.86	0.12	0.10	0.02	-0.29	-0.13	0.02	-0.56	-0.08	-0.12	0.14	0.14	-0.26	0.08	0.51	-0.14	-0.05
P8	-0.19	-0.25	2.31	0.10	0.02	1.00	-0.13	0.02	2.41	-0.08	1.18	0.14	0.14	1.15	0.08	0.45	-0.14	-0.05
E3	-0.77	-0.10	-0.99	0.10	0.02	-1.07	-0.13	0.02	-1.67	-0.08	-0.24	0.14	0.14	-0.42	0.08	0.04	-0.14	-0.05
E2	-0.77	-0.10	-0.99	0.10	0.02	-1.07	-0.13	0.02	-1.67	-0.08	-0.24	0.14	0.14	-0.42	0.08	0.04	-0.14	-0.05
P2	2.60	-1.45	1.91	0.10	0.62	0.92	-0.15	-0.01	2.51	-0.21	1.42	0.35	0.11	1.15	0.45	-0.70	-0.25	-0.01
P3	2.19	-1.27	1.60	0.10	0.02	0.81	-0.13	0.02	2.25	-0.08	0.73	0.14	0.14	0.97	0.08	1.19	-0.14	-0.05
P1	1.90	-3.04	0.88	0.10	0.02	1.58	-0.13	0.02	-0.31	-0.08	1.38	0.14	0.14	0.89	0.08	-0.69	-0.14	-0.05
P6	0.04	0.35	-0.05	0.17	-2.35	1.31	0.59	-0.13	0.69	0.09	-0.37	0.28	0.11	0.81	0.29	1.44	-0.59	0.27
P7	1.03	-0.67	1.74	0.09	0.02	1.41	-0.15	-0.15	2.21	-0.21	1.11	-0.26	0.10	1.16	0.57	-0.04	0.34	-0.05
P4	2.27	-1.49	1.83	0.50	1.80	1.06	-0.26	-0.04	2.24	0.19	1.24	0.01	0.11	1.20	1.19	-0.73	-0.16	-0.79
P5	0.15	-0.71	2.37	0.02	0.02	0.18	-1.03	-0.80	2.22	0.22	-0.11	-0.40	0.09	1.18	-1.18	1.20	0.12	0.48
H10	-0.14	-2.27	2.56	-5.00	-5.00	3.83	3.45	0.72	0.65	-4.23	3.13	0.14	-5.00	1.10	-5.00	-4.21	5.00	-0.45
H11	-0.18	-2.61	2.25	-5.00	5.00	2.03	4.30	5.00	1.01	5.00	5.00	-5.00	-5.00	1.87	-5.00	-1.34	5.00	5.00
H12	0.46	-1.35	2.47	0.10	0.02	-0.22	-0.13	0.02	1.56	-0.08	-1.81	0.14	0.14	0.81	0.08	-0.90	-0.14	-0.05
P9	0.30	-0.66	2.04	0.51	-1.16	0.35	-0.12	0.11	2.05	-0.08	-0.11	-0.26	0.23	1.30	-0.01	0.66	-0.30	-0.10
F12	0.29	0.14	-1.57	0.10	0.02	-1.21	-0.13	0.02	-1.30	-0.08	-0.15	0.14	0.14	-0.05	0.08	0.18	-0.14	-0.05
F10	-0.21	-0.53	-0.80	0.10	0.02	-0.79	-0.13	0.02	-1.23	-0.08	-0.38	0.14	0.14	0.01	0.08	1.56	-0.14	-0.05
F11	-0.11	-0.81	-0.67	0.10	0.02	-0.16	-0.13	0.02	-1.20	-0.08	-0.93	0.14	0.14	0.02	0.08	2.09	-0.14	-0.05
N12	-1.10	2.16	-1.02	0.10	0.02	0.61	-0.13	0.02	0.13	-0.08	-0.96	0.14	0.14	-0.03	0.08	-0.05	-0.14	-0.05
H8	-1.44	2.01	-0.53	0.10	0.02	0.96	-0.13	0.02	0.63	-0.08	-0.15	0.14	0.14	0.93	0.08	0.12	-0.14	-0.05
H9	-1.19	1.76	-0.60	0.10	0.02	0.90	-0.13	0.02	0.48	-0.08	-0.11	0.14	0.14	0.93	0.08	0.02	-0.14	-0.05
H6	-1.31	1.73	-0.76	0.10	0.02	0.78	-0.13	0.02	-0.07	-0.08	-1.49	0.14	0.14	-0.04	0.08	0.38	-0.14	-0.05
H7	-1.30	2.19	-0.70	0.10	0.02	0.62	-0.13	0.02	0.34	-0.08	-1.03	0.14	0.14	0.09	0.08	-0.41	-0.14	-0.05
H4	-1.69	0.74	0.08	0.02	-0.57	-0.37	-0.00	0.50	-0.64	-0.18	-0.62	0.35	0.12	-0.87	-1.00	-0.31	-0.18	-0.01
H5	-1.22	1.71	-0.82	0.10	0.02	0.54	-0.13	0.02	-0.08	-0.08	-0.92	0.14	0.14	0.02	0.08	0.16	-0.14	-0.05
D10	-0.43	-0.51	0.14	0.12	1.21	-0.30	0.20	0.39	-0.72	0.52	-0.44	-0.19	0.11	-0.48	-0.36	-0.20	0.08	-0.52
D11	-0.44	-0.10	-0.88	0.10	0.02	-0.80	-0.13	0.02	-1.25	-0.08	-0.22	0.14	0.14	-0.35	0.08	0.68	-0.14	-0.05
D12	-0.12	-0.34	-1.21	0.10	0.02	-0.75	-0.13	0.02	-1.55	-0.08	-0.15	0.14	0.14	0.01	0.08	0.29	-0.14	-0.05
B12	0.20	-0.19	0.89	0.10	0.02	-0.76	-0.13	0.02	0.28	-0.08	-0.60	0.14	0.14	-1.55	0.08	-0.66	-0.14	-0.05
B10	2.67	-1.09	-1.13	0.10	0.02	-1.01	-0.13	0.02	-0.55	-0.08	0.19	0.14	0.14	-0.11	0.08	-0.23	-0.14	-0.05
B11	0.19	0.31	-0.56	0.10	0.02	-0.71	-0.13	0.02	-0.15	-0.08	0.60	0.14	0.14	0.48	0.08	-0.87	-0.14	-0.05
Q8	-0.83	0.74	0.97	2.88	-0.57	-2.72	-0.95	0.01	-0.87	-0.21	-1.96	0.08	0.18	-5.00	0.69	2.84	-0.18	0.18
Q9	-0.47	0.34	0.23	0.10	0.02	1.29	-0.13	0.02	0.26	-0.08	0.02	0.14	0.14	0.50	0.08	-1.30	-0.14	-0.05
C9	-0.94	0.52	-0.32	0.10	0.02	-0.45	-0.13	0.02	-0.75	-0.08	-0.46	0.14	0.14	-0.83	0.08	-0.43	-0.14	-0.05
C8	-0.66	0.56	-1.45	0.10	0.02	-0.92	-0.13	0.02	-1.46	-0.08	-0.07	0.14	0.14	-0.53	0.08	0.57	-0.14	-0.05
Q11	2.19	0.19	-0.47	0.10	0.02	1.25	-0.13	0.02	1.26	-0.08	-0.32	0.14	0.14	0.84	0.08	0.27	-0.14	-0.05
Q10	2.57	-1.44	1.92	0.10	0.02	0.93	-0.13	0.02	2.51	-0.08	1.46	0.14	0.14	1.15	0.08	-0.66	-0.14	-0.05
Q12	2.44	-1.52	1.99	0.10	0.02	-1.20	-0.13	0.02	2.27	-0.08	1.29	0.14	0.14	0.90	0.08	-0.73	-0.14	-0.05
C3	1.18	-1.27	-0.80	0.10	0.02	-0.94	-0.13	0.02	-0.86	-0.08	-0.34	0.14	0.14	1.00	0.08	0.77	-0.14	-0.05
C2	1.88	-0.29	-1.19	0.10	0.02	-1.37	-0.13	0.02	-0.27	-0.08	-0.27	0.14	0.14	0.18	0.08	0.59	-0.14	-0.05
C1	0.46	0.27	-0.23	0.10	0.02	-0.64	-0.13	0.02	0.26	-0.08	-0.15	0.14	0.14	0.16	0.08	-0.17	-0.14	-0.05
C7	-1.27	0.81	0.53	0.10	0.02	-0.36	-0.13	0.02	0.42	-0.08	-0.84	0.14	0.14	-0.23	0.08	0.61	-0.14	-0.05
C6	-1.06	0.43	0.33	0.10	0.02	-0.41	-0.13	0.02	-0.02	-0.08	-0.88	0.14	0.14	-0.38	0.08	0.67	-0.14	-0.05
C5	-0.94	0.52	-0.32	0.10	0.02	-0.45	-0.13	0.02	-0.75	-0.08	-0.46	0.14	0.14	-0.83	0.08	-0.43	-0.14	-0.05
C4	-0.47	0.01	-0.05	0.12	-0.57	-0.61	-0.54	0.42	-0.29	-0.44	-0.11	-0.47	0.07	-0.13	0.30	0.86	-0.29	0.13
N10	-0.86	1.80	-0.58	0.10	0.02	0.60	-0.13	0.02	0.46	-0.08	-0.97	0.14	0.14	0.09	0.08	0.09	-0.14	-0.05
N8	-0.66	-0.31	0.35	0.07	0.02	-0.30	-0.18	0.07	-0.76	-0.44	-0.17	0.14	0.09	-0.15	0.55	-3.37	0.04	-0.15
N9	-0.82	-0.28	0.19	0.10	0.02	-0.42	-0.13	0.02	-0.95	-0.08	-0.09	0.14	0.14	-0.16	0.08	-2.85	-0.14	-0.05
N11	-0.27	1.07	-0.92	0.10	0.02	0.72	-0.13	0.02	0.01	-0.08	-0.30	0.14	0.14	0.34	0.08	0.53	-0.14	-0.05
G12	-1.10	1.24	-1.30	0.10	0.02	-1.13	-0.13	0.02	-0.93	-0.08	0.12	0.14	0.14	-0.24	0.08	0.41	-0.14	-0.05
G11	0.98	0.01	-1.09	0.10	0.02	-1.19	-0.13	0.02	-0.66	-0.08	-0.03	0.14	0.14	-0.85	0.08	0.93	-0.14	-0.05
G10	-0.57	1.06	-0.35	0.10	0.02	-0.72	-0.13	0.02	0.33	-0.08	0.34	0.14	0.14	0.02	0.08	1.01	-0.14	-0.05
F1	0.59	-0.27	-0.46	0.10	0.02	-0.96	-0.13	0.02	-0.15	-0.08	0.42	0.14	0.14	0.52	0.08	0.48	-0.14	-0.05
F2	0.25	-0.59	-0.22	0.10	0.02	-0.92	-0.13	0.02	-0.62	-0.08	0.42	0.14	0.14	-0.12	0.08	0.08	-0.14	-0.05
F3	-0.09	-0.34	-0.21	0.10	0.02	-0.42	-0.13	0.02	-0.74	-0.08	-0.42	0.14	0.14	-0.44	0.08	-0.25	-0.14	-0.05
F4	0.77	-1.10	0.47	0.10	0.02	-0.44	-0.13	0.02	-0.14	-0.08	-0.96	0.14	0.14	-0.98	0.08	1.71	-0.14	-0.05
F5	-0.75	0.18	-0.53	0.10	0.02	-0.35	-0.13	0.02	-1.04	-0.08	-0.24	0.14	0.14	-0.66	0.08	-0.18	-0.14	-0.05
F6	-0.39	-0.48	-0.08	0.14	0.62	-0.76	-0.25	0.30	-0.74	-0.18	-0.44	0.35	0.18	-0.30	0.53	0.80	-0.23	0.22
F7	0.35	-0.20	-0.82	0.10	0.02	-0.88	-0.13	0.02	-1.03	-0.08	-0.18	0.14	0.14	-0.94	0.08	0.33	-0.14	-0.05
F8	-0.17	0.44	-0.75	0.10	0.02	-0.88	-0.13	0.02	-0.69	-0.08	-0.30	0.14	0.14	-0.81	0.08	0.41	-0.14	-0.05
F9	0.71	-1.20	0.00	0.10	0.02	-0.60	-0.13	0.02	-0.71	-0.08	-0.00	0.14	0.14	-0.52	0.08	0.46	-0.14	-0.05
Q1	-0.03	1.02	0.12	0.10	0.02	1.21	-0.13	0.02	1.16	-0.08	0.19	0.14	0.14	0.71	0.08	-0.31	-0.14	-0.05
Q3	-0.44	0.90	-0.37	0.10	0.02	1.50	-0.13	0.02	0.49	-0.08	-0.15	0.14	0.14	0.89	0.08	0.57	-0.14	-0.05
Q2	-0.29	0.72	0.14	0.10	0.02	1.47	-0.31	0.08	0.93	-0.18	-0.56	0.55	0.14	0.58	0.60	1.35	-0.20	-0.15
Q5	2.62	-1.45	1.92	-0.08	0.62	1.00	-0.21	0.05	2.51	0.02	1.44	-0.06	0.10	1.18	-0.18	-0.65	-0.25	-0.03
Q4	-0.48	0.33	-0.03	0.10	0.02	1.18	-0.13	0.02	-0.05	-0.08	0.06	0.14	0.14	0.53	0.08	-1.64	-0.14	-0.05
Q7	2.32	-1.20	0.23	0.10	0.02	0.68	-0.13	0.02	0.17	-0.08	-0.05	0.14	0.14	-1.45	0.08	-0.20	-0.14	-0.05
Q6	0.63	0.84	-1.23	0.10	0.02	0.47	-0.13	0.02	0.14	-0.08	0.79	0.14	0.14	0.53	0.08	0.59	-0.14	-0.05
E11	-0.92	-0.06	-0.04	0.10	0.02	-0.22	-0.13	0.02	-0.81	-0.08	-0.42	0.14	0.14	-0.30	0.08	-0.56	-0.14	-0.05
E10	0.54	-0.22	-0.15	0.10	0.02	-0.81	-0.13	0.02	-0.30	-0.08	-0.28	0.14	0.14	-0.73	0.08	-0.27	-0.14	-0.05
E12	-0.35	-0.27	0.50	0.10	0.02	-0.32	-0.13	0.02	-0.12	-0.08	-0.44	0.14	0.14	-0.43	0.08	-0.24	-0.14	-0.05
C12	0.81	-0.19	-0.76	0.10	0.02	-0.85	-0.13	0.02	-0.52	-0.08	0.39	0.14	0.14	-0.39	0.08	0.27	-0.14	-0.05
C11	0.27	0.70	-1.08	0.10	0.02	-1.07	-0.13	0.02	-0.42	-0.08	-0.02	0.14	0.14	-0.51	0.08	0.62	-0.14	-0.05
C10	-0.60	0.00	0.01	0.10	0.02	-0.39	-0.13	0.02	-0.51	-0.08	-0.41	0.14	0.14	-0.48	0.08	-0.10	-0.14	-0.05
A11	-0.94	0.11	1.39	0.10	0.02	1.35	-0.13	0.02	1.26	-0.08	0.97	0.14	0.14	1.09	0.08	-0.31	-0.14	-0.05
A10	1.78	-1.24	-1.15	0.10	0.02	-0.78	-0.13	0.02	-0.97	-0.08	0.89	0.14	0.14	0.19	0.08	0.87	-0.14	-0.05
A12	-0.46	1.59	-0.87	0.10	0.02	1.54	-0.13	0.02	0.56	-0.08	-0.21	0.14	0.14	0.97	0.08	0.24	-0.14	-0.05
A1	0.22	-1.13	1.85	0.10	0.02	1.16	-0.13	0.02	1.49	-0.08	1.44	0.14	0.14	1.15	0.08	0.48	-0.14	-0.05
A3	-1.08	1.57	-0.90	0.10	0.02	0.56	-0.13	0.02	-0.17	-0.08	-0.88	0.14	0.14	0.21	0.08	-0.02	-0.14	-0.05
A2	-0.96	1.40	-0.35	0.10	0.02	1.59	-0.13	0.02	0.38	-0.08	0.22	0.14	0.14	0.78	0.08	-1.43	-0.14	-0.05
A5	-0.25	-0.10	-0.21	0.10	0.02	1.26	-0.13	0.02	-0.41	-0.08	-0.02	0.14	0.14	0.53	0.08	-1.21	-0.14	-0.05
A4	-0.21	0.26	1.28	0.10	0.02	1.45	-0.13	0.02	1.73	-0.08	0.83	0.14	0.14	1.24	0.08	-0.46	-0.14	-0.05
A7	0.27	-0.77	0.32	0.10	0.02	0.77	-0.13	0.02	-0.38	-0.08	0.32	0.14	0.14	-0.89	0.08	0.04	-0.14	-0.05
A6	-0.86	1.28	-0.29	0.10	0.02	1.53	-0.13	0.02	0.39	-0.08	0.17	0.14	0.14	0.80	0.08	-1.51	-0.14	-0.05
A9	0.56	-1.33	2.78	0.10	0.02	0.88	-0.13	0.02	1.72	-0.08	-0.53	0.14	0.14	-0.47	0.08	-0.75	-0.14	-0.05
A8	-0.72	0.29	1.29	0.10	0.02	1.15	-0.13	0.02	1.53	-0.08	0.88	0.14	0.14	1.14	0.08	0.40	-0.14	-0.05
D8	-0.17	-0.41	0.44	0.10	0.02	-0.36	-0.13	0.02	-0.16	-0.08	-0.46	0.14	0.14	-0.46	0.08	0.11	-0.14	-0.05
D9	0.05	-0.26	-0.24	0.10	0.02	-0.83	-0.13	0.02	-0.52	-0.08	0.29	0.14	0.14	-0.53	0.08	0.59	-0.14	-0.05
D6	0.30	0.27	-0.94	0.10	0.02	-0.74	-0.13	0.02	-0.68	-0.08	0.12	0.14	0.14	-0.68	0.08	0.40	-0.14	-0.05
D7	-0.12	0.51	-1.32	0.10	0.02	-0.97	-0.13	0.02	-1.07	-0.08	-0.21	0.14	0.14	-0.49	0.08	0.35	-0.14	-0.05
D4	0.86	-1.39	0.84	0.10	0.02	-0.71	-0.13	0.02	-0.40	-0.08	0.09	0.14	0.14	-1.31	0.08	-1.41	-0.14	-0.05
D5	0.59	-1.05	0.07	0.10	0.02	-0.97	-0.13	0.02	-0.48	-0.08	-0.35	0.14	0.14	-0.36	0.08	1.25	-0.14	-0.05
D2	-0.86	0.27	-0.58	0.10	0.02	-0.23	-0.13	0.02	-0.92	-0.08	-0.24	0.14	0.14	0.01	0.08	-0.35	-0.14	-0.05
D3	0.49	-0.69	0.02	0.10	0.02	-0.56	-0.13	0.02	-0.41	-0.08	0.15	0.14	0.14	-0.75	0.08	0.69	-0.14	-0.05
D1	-0.42	0.12	0.28	0.10	0.02	-0.46	-0.13	0.02	-0.06	-0.08	-0.39	0.14	0.14	-0.38	0.08	-0.37	-0.14	-0.05
