G7	-0.91	1.10	-0.41	-0.09	0.01	0.55	-0.06	-0.15	0.59	-0.06	-1.23	-0.18	0.13	1.00	0.02	0.84	-0.03	0.14
G6	0.15	2.55	-2.59	-0.09	0.01	-2.11	-0.06	-0.15	0.99	-0.06	1.05	-0.18	0.13	0.36	0.02	0.56	-0.03	0.14
G5	0.76	1.15	-0.48	-0.04	0.01	-1.85	-0.04	-0.31	0.54	-0.35	-1.35	-0.23	-3.92	-1.20	1.23	1.43	-0.14	-0.15
G4	1.00	-1.04	-0.64	-0.09	0.01	-1.99	-0.06	-0.15	-1.70	-0.06	1.07	-0.18	0.13	-0.53	0.02	-2.40	-0.03	0.14
G3	2.54	-0.95	-0.61	-0.09	0.01	0.42	-0.06	-0.15	-0.56	-0.06	-0.69	-0.18	0.13	-1.24	0.02	0.86	-0.03	0.14
G2	1.21	-0.37	-0.45	-0.09	0.01	-1.96	-0.06	-0.15	-0.73	-0.06	1.06	-0.18	0.13	-0.84	0.02	-1.99	-0.03	0.14
G1	-0.70	0.29	0.37	-0.09	0.01	0.56	-0.06	-0.15	-0.18	-0.06	-0.80	-0.18	0.13	-1.11	0.02	0.20	-0.03	0.14
G9	-0.73	1.48	-2.16	-0.09	0.01	-2.01	-0.06	-0.15	-0.53	-0.06	1.07	-0.18	0.13	0.24	0.02	-0.85	-0.03	0.14
G8	-1.10	2.52	-2.03	-0.09	0.01	-2.12	-0.06	-0.15	0.63	-0.06	1.02	-0.18	0.13	0.02	0.02	0.41	-0.03	0.14
N6	-1.47	0.33	1.01	-0.46	0.01	0.42	-0.45	0.40	0.49	-1.09	-1.15	-0.39	-0.09	1.48	0.33	1.54	-1.62	0.09
N7	0.01	1.48	-0.08	-0.09	0.01	0.46	-0.06	-0.15	2.45	-0.06	0.94	-0.18	0.13	1.16	0.02	1.61	-0.03	0.14
B4	2.89	-1.86	2.94	5.00	1.85	0.11	0.46	0.46	0.10	-2.26	-2.68	2.18	-3.25	-1.93	0.74	1.20	-2.74	-5.00
B5	-0.20	-0.06	-0.80	5.00	-1.82	0.38	-0.06	-0.85	-1.15	0.89	-1.28	1.30	0.83	0.44	-0.23	-0.06	-1.27	-1.25
B6	-4.25	0.14	-0.03	-0.97	-5.00	-1.85	5.00	1.03	-0.92	3.35	0.93	3.79	-2.15	-1.06	2.77	-0.20	3.51	-5.00
B7	-2.47	0.69	0.61	1.30	-0.39	-1.88	-0.99	5.00	-1.11	-0.98	-0.32	1.03	-4.13	0.36	-5.00	-0.34	1.98	1.87
B1	-0.14	0.65	-2.03	-1.27	-1.01	-2.08	-2.87	-1.31	-0.49	-1.97	1.10	1.92	-0.11	1.08	3.17	0.16	-1.47	-0.41
B2	0.96	0.17	-2.23	-0.09	0.01	-2.10	-0.06	-0.15	-0.79	-0.06	1.04	-0.18	0.13	0.34	0.02	1.08	-0.03	0.14
B3	1.58	-0.43	0.62	-0.09	0.01	0.56	-0.06	-0.15	0.69	-0.06	-0.53	-0.18	0.13	-0.33	0.02	0.34	-0.03	0.14
B8	-0.14	-0.95	0.05	-0.25	0.63	0.63	-0.07	-0.27	-1.33	-0.76	-0.64	-0.37	0.52	-0.05	-0.06	-0.67	-0.12	-0.29
B9	-0.79	-0.53	0.84	-0.09	0.01	0.62	-0.06	-0.15	-0.96	-0.06	-0.75	-0.18	0.13	-0.89	0.02	-1.52	-0.03	0.14
N5	1.12	0.42	-0.03	-0.09	0.01	-2.05	-0.06	-0.15	0.28	-0.06	-0.51	-0.18	0.13	-1.62	0.02	1.06	-0.03	0.14
P10	0.04	-0.93	0.76	-0.09	0.01	0.39	-0.06	-0.15	-0.67	-0.06	-1.09	-0.18	0.13	0.33	0.02	-0.77	-0.03	0.14
P11	-0.01	-0.53	-0.84	-0.09	0.01	0.50	-0.06	-0.15	-1.29	-0.06	-1.49	-0.18	0.13	0.11	0.02	1.28	-0.03	0.14
P12	-0.38	-0.93	-0.02	-0.09	0.01	0.57	-0.06	-0.15	-1.41	-0.06	-1.23	-0.18	0.13	0.05	0.02	0.16	-0.03	0.14
E9	-0.38	0.66	-0.31	-0.09	0.01	0.55	-0.06	-0.15	-0.14	-0.06	-0.81	-0.18	0.13	-1.12	0.02	0.27	-0.03	0.14
E8	-1.02	0.58	0.88	-0.09	0.01	0.59	-0.06	-0.15	1.39	-0.06	0.98	-0.18	0.13	0.95	0.02	-0.03	-0.03	0.14
E5	-0.94	0.68	0.17	-0.09	0.01	0.60	-0.06	-0.15	-0.02	-0.06	-0.64	-0.18	0.13	-1.09	0.02	-0.06	-0.03	0.14
E4	-1.11	0.83	-0.05	-0.06	2.26	0.63	-0.99	-0.24	0.66	-0.24	-1.26	0.40	0.13	1.00	0.40	0.94	0.32	0.52
E7	0.24	0.75	0.05	-0.51	-0.60	0.50	-0.04	0.06	0.38	5.00	-0.40	-0.72	1.28	-0.14	2.58	0.32	-4.83	0.93
E6	-0.14	-0.22	0.21	-0.09	0.01	0.59	-0.06	-0.15	-0.55	-0.06	-0.76	-0.18	0.13	-0.96	0.02	-0.00	-0.03	0.14
E1	0.41	0.40	-0.32	-0.09	0.01	-2.03	-0.06	-0.15	0.08	-0.06	-1.05	-0.18	0.13	0.03	0.02	1.38	-0.03	0.14
P8	-0.47	-0.01	1.87	-0.09	0.01	0.42	-0.06	-0.15	1.75	-0.06	1.08	-0.18	0.13	1.21	0.02	-0.69	-0.03	0.14
E3	0.46	-0.66	-0.19	-0.09	0.01	0.45	-0.06	-0.15	-0.47	-0.06	1.00	-0.18	0.13	-0.83	0.02	0.39	-0.03	0.14
E2	0.44	-0.66	-0.19	-0.09	0.01	0.44	-0.06	-0.15	-0.48	-0.06	1.00	-0.18	0.13	-0.80	0.02	0.38	-0.03	0.14
P2	0.36	-1.49	1.24	-0.21	0.22	0.29	0.25	-0.18	0.07	-0.13	1.20	-0.10	0.29	1.38	0.03	-1.21	-0.00	0.12
P3	0.71	-1.42	0.53	-0.09	0.01	0.32	-0.06	-0.15	-0.15	-0.06	1.04	-0.18	0.13	1.26	0.02	-0.33	-0.03	0.14
P1	1.19	-1.44	0.57	-0.09	0.01	-1.02	-0.06	-0.15	-0.64	-0.06	1.15	-0.18	0.13	-0.17	0.02	-1.34	-0.03	0.14
P6	1.09	-0.05	0.03	-0.09	0.01	0.48	-0.06	-0.15	1.23	-0.06	0.95	-0.18	0.13	0.93	0.02	0.86	-0.03	0.14
P7	1.24	-1.29	0.49	-0.08	-0.19	0.31	-0.41	0.01	0.07	0.12	1.22	-0.12	0.17	1.20	0.05	-1.44	-0.01	0.18
P4	1.51	-1.81	1.09	-0.09	0.01	0.25	-0.06	-0.15	0.19	-0.06	1.16	-0.18	0.13	1.37	0.02	-0.97	-0.03	0.14
P5	-0.65	-0.56	1.15	-0.32	-0.19	0.29	-0.38	0.75	0.67	0.01	1.31	0.28	0.63	2.42	-0.97	-0.47	-0.52	-0.19
H10	1.25	-0.86	1.75	-0.09	0.01	0.45	-0.06	-0.15	0.82	-0.06	-0.80	-0.18	0.13	0.14	0.02	-0.58	-0.03	0.14
H11	1.29	-1.00	2.03	-0.09	0.01	0.82	-0.06	-0.15	0.83	-0.06	-0.82	-0.18	0.13	0.55	0.02	-1.95	-0.03	0.14
H12	1.60	-1.12	2.46	-0.09	0.01	0.51	-0.06	-0.15	1.17	-0.06	-0.83	-0.18	0.13	0.07	0.02	-1.02	-0.03	0.14
P9	-0.04	-0.50	1.24	-0.09	0.01	0.50	-0.06	-0.15	0.98	-0.06	1.09	-0.18	0.13	1.19	0.02	-0.64	-0.03	0.14
F12	1.38	-1.61	-0.67	-0.09	0.01	-1.93	-0.06	-0.15	-2.05	-0.06	1.06	-0.18	0.13	-0.75	0.02	-1.62	-0.03	0.14
F10	2.36	-0.77	-0.80	-0.04	0.22	-1.95	-0.31	-0.34	-0.68	-0.61	-0.60	0.18	-3.66	-1.27	2.48	-0.54	0.62	0.53
F11	1.32	-0.84	-0.40	-0.30	0.01	-2.13	-0.26	-0.41	-1.20	0.20	-0.35	0.30	-0.73	-0.54	0.48	-1.24	0.23	0.41
N12	-0.71	2.04	-0.57	-0.09	0.01	0.52	-0.06	-0.15	1.39	-0.06	-1.52	-0.18	0.13	-0.00	0.02	1.84	-0.03	0.14
H8	-0.31	2.05	-0.48	-0.09	0.01	0.52	-0.06	-0.15	2.48	-0.06	0.94	-0.18	0.13	1.11	0.02	1.00	-0.03	0.14
H9	-0.31	1.90	-0.65	-0.09	0.01	0.49	-0.06	-0.15	2.20	-0.06	0.94	-0.18	0.13	1.13	0.02	1.02	-0.03	0.14
H6	-0.73	1.83	-0.29	0.15	0.01	0.47	-0.11	-0.32	1.21	-0.06	-1.22	0.25	0.25	0.16	0.69	1.07	-1.12	-0.22
H7	0.24	1.73	-0.43	-0.09	0.01	0.50	-0.06	-0.15	2.43	-0.06	0.94	-0.18	0.13	1.10	0.02	0.95	-0.03	0.14
H4	-0.01	1.86	-1.64	-0.09	0.01	-1.94	-0.06	-0.15	0.84	-0.06	1.05	-0.18	0.13	0.16	0.02	0.38	-0.03	0.14
H5	0.43	1.50	-0.47	-0.09	0.01	0.46	-0.06	-0.15	2.21	-0.06	0.94	-0.18	0.13	0.95	0.02	1.04	-0.03	0.14
D10	-0.64	0.29	-0.20	-0.09	0.01	0.58	-0.06	-0.15	-0.53	-0.06	-0.79	-0.18	0.13	-1.11	0.02	0.51	-0.03	0.14
D11	0.40	0.25	-0.65	-0.09	0.01	0.47	-0.06	-0.15	-0.24	-0.06	-0.68	-0.18	0.13	-1.34	0.02	1.74	-0.03	0.14
D12	1.16	-0.16	-0.84	-0.09	0.01	0.52	-0.06	-0.15	-0.48	-0.06	-0.60	-0.18	0.13	-0.92	0.02	0.63	-0.03	0.14
B12	-0.88	-0.41	1.13	-0.09	0.01	0.60	-0.06	-0.15	-0.74	-0.06	-0.68	-0.18	0.13	-1.35	0.02	-1.32	-0.03	0.14
B10	-0.04	-1.02	0.38	2.80	3.49	0.56	2.04	1.89	-0.68	-2.00	0.91	-0.48	1.13	-0.38	-0.14	0.02	-0.95	-1.29
B11	1.23	-0.76	1.11	-0.19	0.22	-1.76	-0.14	-0.24	0.30	0.01	1.06	0.04	0.32	0.17	-0.07	-2.34	-0.04	0.47
Q8	1.14	-0.41	1.46	-0.09	0.01	-0.62	-0.06	-0.15	1.00	-0.06	1.01	-0.18	0.13	-1.46	0.02	0.04	-0.03	0.14
Q9	-0.03	-0.42	-0.63	-0.08	-0.19	0.42	-0.45	-0.17	-0.07	-0.02	0.97	-0.15	1.57	1.33	-0.40	1.31	-0.10	0.26
C9	-0.68	1.22	-0.75	-0.09	0.01	0.50	-0.06	-0.15	0.42	-0.06	0.96	-0.18	0.13	-1.22	0.02	0.37	-0.03	0.14
C8	-0.20	0.14	-0.85	0.03	1.65	0.48	-0.68	-0.70	-0.24	-0.10	-1.12	0.65	0.01	0.98	0.51	0.83	0.19	1.01
Q11	0.66	-1.04	-0.88	-0.09	0.01	0.52	-0.06	-0.15	-0.76	-0.06	0.96	-0.18	0.13	0.98	0.02	0.57	-0.03	0.14
Q10	0.39	-1.49	1.25	-0.09	0.01	0.29	-0.06	-0.15	0.07	-0.06	1.19	-0.18	0.13	1.34	0.02	-1.19	-0.03	0.14
Q12	0.91	-1.93	1.61	-0.09	0.01	0.13	-0.06	-0.15	-0.07	-0.06	1.19	-0.18	0.13	0.66	0.02	-1.18	-0.03	0.14
C3	0.43	0.13	-0.67	-0.09	0.01	-1.90	-0.06	-0.15	-1.20	-0.06	-0.34	-0.18	0.13	-1.41	0.02	-1.58	-0.03	0.14
C2	-0.30	-0.80	0.83	0.09	0.42	0.48	0.23	-0.13	-0.57	-0.90	0.94	-0.25	0.07	-1.28	0.24	-0.93	-0.09	0.09
C1	-1.83	0.50	-0.19	-3.09	4.30	1.07	-2.79	-1.35	-0.09	4.34	-0.19	-0.07	0.24	0.01	-3.36	-1.85	5.00	-1.34
C7	-1.38	1.19	0.78	-0.09	0.01	0.54	-0.06	-0.15	0.60	-0.06	-1.01	-0.18	0.13	-1.12	0.02	-0.35	-0.03	0.14
C6	-1.17	0.80	0.35	-0.09	0.01	0.54	-0.06	-0.15	-0.02	-0.06	-1.01	-0.18	0.13	-1.09	0.02	-0.30	-0.03	0.14
C5	-1.25	0.92	-0.47	-0.09	0.01	0.58	-0.06	-0.15	0.62	-0.06	0.98	-0.18	0.13	0.71	0.02	0.43	-0.03	0.14
C4	0.63	0.82	0.10	-0.15	-2.64	-1.84	0.45	0.13	0.29	-0.10	-0.81	-0.43	-4.22	-2.26	0.39	1.35	0.08	-0.36
N10	-1.31	1.62	0.37	-0.73	0.01	0.31	-0.54	1.24	1.72	-0.90	-1.16	0.10	-0.84	1.81	-2.33	2.17	0.81	-0.10
N8	-0.38	-1.22	0.79	-0.09	0.01	0.47	-0.06	-0.15	-1.34	-0.06	-0.76	-0.18	0.13	-0.05	0.02	-1.66	-0.03	0.14
N9	-0.59	-0.85	0.15	-0.09	0.01	-2.10	-0.06	-0.15	-2.41	-0.06	-1.34	-0.18	0.13	-1.88	0.02	-0.73	-0.03	0.14
N11	-0.17	0.07	-0.31	-0.09	0.01	0.51	-0.06	-0.15	0.27	-0.06	0.94	-0.18	0.13	0.70	0.02	-0.00	-0.03	0.14
G12	0.33	0.39	-2.41	-0.09	0.01	-2.08	-0.06	-0.15	-1.59	-0.06	1.03	-0.18	0.13	-0.35	0.02	-1.14	-0.03	0.14
G11	1.86	-0.25	-0.22	-0.09	0.01	0.43	-0.06	-0.15	0.20	-0.06	-0.67	-0.18	0.13	-1.27	0.02	1.17	-0.03	0.14
G10	0.46	2.24	-2.51	-0.12	-0.80	-3.12	0.37	0.12	0.73	-0.46	1.37	-0.70	0.24	0.01	0.53	0.70	-0.50	0.20
F1	0.04	0.11	-0.15	-0.09	0.01	0.50	-0.06	-0.15	-0.27	-0.06	-0.54	-0.18	0.13	-0.75	0.02	0.01	-0.03	0.14
F2	-0.73	-0.21	0.24	-0.09	0.01	0.62	-0.06	-0.15	-0.83	-0.06	-0.71	-0.18	0.13	-0.99	0.02	-0.19	-0.03	0.14
F3	-0.20	0.31	-0.23	-0.09	0.01	0.54	-0.06	-0.15	-0.31	-0.06	-0.82	-0.18	0.13	-0.90	0.02	0.22	-0.03	0.14
F4	-0.92	-0.64	0.91	-0.09	0.01	0.61	-0.06	-0.15	0.19	-0.06	0.98	-0.18	0.13	1.19	0.02	-0.23	-0.03	0.14
F5	-0.49	0.34	-0.59	-0.16	-1.01	0.50	0.00	0.10	-0.52	-0.10	-0.74	-0.22	0.47	-0.80	-0.35	1.24	-0.03	0.20
F6	-0.23	0.08	-0.19	-0.47	3.49	0.57	-0.16	-0.19	0.06	0.12	0.90	-0.08	1.37	-0.71	-0.97	1.19	0.19	0.46
F7	0.20	-0.77	-0.49	-0.09	0.01	0.60	-0.06	-0.15	-1.49	-0.06	-0.79	-0.18	0.13	-0.91	0.02	0.04	-0.03	0.14
F8	0.26	-0.36	-0.75	-0.09	0.01	0.60	-0.06	-0.15	-1.22	-0.06	-0.83	-0.18	0.13	-0.87	0.02	-0.00	-0.03	0.14
F9	-0.75	-0.83	0.21	-0.09	0.01	0.65	-0.06	-0.15	-0.50	-0.06	0.99	-0.18	0.13	1.16	0.02	-0.41	-0.03	0.14
Q1	-0.65	0.10	0.02	-0.09	0.01	0.56	-0.06	-0.15	-0.23	-0.06	-1.42	-0.18	0.13	0.01	0.02	1.51	-0.03	0.14
Q3	0.78	-0.06	0.61	-0.28	-0.39	0.47	-0.19	0.20	1.25	-0.79	-1.37	-0.22	-0.43	1.55	0.89	2.09	-0.76	-0.10
Q2	-0.52	-0.48	0.09	0.05	0.63	0.53	0.33	-0.18	-0.85	-0.13	-1.24	-0.18	0.22	0.15	-0.03	0.44	-0.07	0.08
Q5	0.90	-1.69	1.24	-0.09	0.01	0.25	-0.06	-0.15	0.06	-0.06	1.18	-0.18	0.13	1.12	0.02	-1.03	-0.03	0.14
Q4	-0.74	-0.20	-0.11	-0.09	0.01	0.51	-0.06	-0.15	-0.85	-0.06	-1.23	-0.18	0.13	0.09	0.02	0.24	-0.03	0.14
Q7	1.51	-1.85	-0.11	-0.09	0.01	0.44	-0.06	-0.15	-0.83	-0.06	0.99	-0.18	0.13	0.38	0.02	0.39	-0.03	0.14
Q6	0.87	-1.51	-0.04	-0.09	0.01	0.48	-0.06	-0.15	-0.72	-0.06	0.97	-0.18	0.13	0.61	0.02	0.06	-0.03	0.14
E11	-0.71	0.54	0.07	-0.09	0.01	0.49	-0.06	-0.15	-0.07	-0.06	-0.70	-0.18	0.13	-1.43	0.02	1.04	-0.03	0.14
E10	-0.98	-0.04	0.41	-0.09	0.01	0.51	-0.06	-0.15	-0.28	-0.06	0.08	-0.18	0.13	-0.63	0.02	0.17	-0.03	0.14
E12	-0.99	0.36	0.44	0.88	-1.82	0.51	0.64	-0.31	0.16	-0.50	-0.47	0.23	4.15	-0.26	0.07	-0.64	-0.29	0.18
C12	-0.19	0.48	-1.18	-0.09	0.01	0.54	-0.06	-0.15	-0.60	-0.06	-0.29	-0.18	0.13	-0.32	0.02	-0.07	-0.03	0.14
C11	-0.15	-0.02	-0.56	-0.09	0.01	0.60	-0.06	-0.15	-0.93	-0.06	-0.74	-0.18	0.13	-0.92	0.02	-0.12	-0.03	0.14
C10	-1.19	0.71	-0.21	-0.09	0.01	0.59	-0.06	-0.15	0.61	-0.06	0.97	-0.18	0.13	1.15	0.02	-0.30	-0.03	0.14
A11	0.41	0.76	1.10	-0.09	0.01	0.32	-0.06	-0.15	2.47	-0.06	1.06	-0.18	0.13	1.45	0.02	-0.67	-0.03	0.14
A10	-1.15	-0.30	-1.49	0.29	2.06	-1.25	-0.56	-0.57	-1.74	3.86	1.28	-2.07	1.92	-0.63	-3.57	-2.67	5.00	2.35
A12	-0.41	0.73	-1.53	-0.09	0.01	0.57	-0.06	-0.15	0.24	-0.06	0.96	-0.18	0.13	1.30	0.02	0.82	-0.03	0.14
A1	1.20	-0.75	1.67	-0.09	0.01	0.30	-0.06	-0.15	1.63	-0.06	1.07	-0.18	0.13	1.38	0.02	-0.90	-0.03	0.14
A3	0.33	1.23	-0.77	-0.16	0.01	0.46	-0.13	-0.15	1.69	-0.06	0.95	-0.17	0.21	1.00	0.21	1.02	-0.07	0.24
A2	-0.91	0.11	0.54	-0.09	0.01	0.54	-0.06	-0.15	-0.10	-0.06	-1.24	-0.18	0.13	-0.01	0.02	0.47	-0.03	0.14
A5	0.56	-0.41	0.07	-0.09	0.01	0.51	-0.06	-0.15	-0.21	-0.06	-1.42	-0.18	0.13	0.07	0.02	1.06	-0.03	0.14
A4	-0.11	0.17	0.41	-0.09	0.01	0.36	-0.06	-0.15	1.07	-0.06	1.08	-0.18	0.13	1.40	0.02	-0.54	-0.03	0.14
A7	1.20	-1.09	0.14	-0.09	0.01	0.46	-0.06	-0.15	0.01	-0.06	0.99	-0.18	0.13	0.38	0.02	0.27	-0.03	0.14
A6	-0.92	0.11	0.54	-0.09	0.01	0.56	-0.06	-0.15	-0.11	-0.06	-1.24	-0.18	0.13	-0.01	0.02	0.45	-0.03	0.14
A9	0.32	-1.57	3.06	-0.08	-1.21	0.37	0.42	-0.13	0.85	-0.06	-0.71	-0.14	0.09	0.73	0.17	-0.25	-0.09	-0.31
A8	-0.55	0.85	0.78	-0.09	0.01	0.43	-0.06	-0.15	1.75	-0.06	1.32	-0.18	0.13	1.02	0.02	-0.97	-0.03	0.14
D8	-0.58	0.35	0.10	-0.09	0.01	0.59	-0.06	-0.15	-0.25	-0.06	-0.66	-0.18	0.13	-1.10	0.02	0.04	-0.03	0.14
D9	-0.11	0.28	-0.65	-0.09	0.01	0.53	-0.06	-0.15	-0.65	-0.06	-0.82	-0.18	0.13	-1.07	0.02	0.38	-0.03	0.14
D6	0.03	-0.59	-0.31	-0.09	0.01	0.59	-0.06	-0.15	-1.23	-0.06	-0.71	-0.18	0.13	-0.89	0.02	-0.03	-0.03	0.14
D7	-0.08	0.19	-0.56	-0.09	0.01	0.57	-0.06	-0.15	-0.61	-0.06	-0.35	-0.18	0.13	-1.21	0.02	0.09	-0.03	0.14
D4	-0.71	-0.47	0.11	-0.09	0.01	0.62	-0.06	-0.15	-1.21	-0.06	-0.74	-0.18	0.13	-0.90	0.02	-0.34	-0.03	0.14
D5	-0.19	-0.57	-0.23	0.15	-1.01	0.65	-1.53	0.53	-1.06	0.38	-0.74	1.27	-0.61	0.44	0.83	-1.79	-0.20	0.51
D2	-0.02	0.85	-0.88	-0.09	0.01	0.56	-0.06	-0.15	-0.21	-0.06	-0.77	-0.18	0.13	-1.09	0.02	0.06	-0.03	0.14
D3	-1.15	-0.15	0.22	-0.09	0.01	0.64	-0.06	-0.15	0.03	-0.06	0.97	-0.18	0.13	1.18	0.02	-0.46	-0.03	0.14
D1	-0.73	1.18	-0.76	-1.06	-4.48	-1.77	5.00	5.00	1.00	-0.90	0.69	5.00	-3.55	1.62	-0.35	-0.57	0.13	-3.94
