G7	0.48	1.52	-0.59	0.10	0.01	0.47	-0.01	-0.12	1.59	0.13	0.42	-0.02	0.16	0.58	-0.19	0.21	-0.10	0.11
G6	-1.80	0.59	0.42	-0.02	0.81	-2.98	5.00	2.18	-1.51	1.11	0.12	-4.57	-5.00	-1.85	1.81	-0.52	4.12	-1.25
G5	-0.65	1.50	-0.55	0.10	0.01	-1.24	-0.01	-0.12	0.34	0.13	0.99	-0.02	0.16	0.08	-0.19	0.07	-0.10	0.11
G4	1.71	0.59	-1.72	0.10	0.01	0.42	-0.01	-0.12	-0.31	0.13	-0.55	-0.02	0.16	-0.42	-0.19	1.60	-0.10	0.11
G3	0.97	0.35	-2.67	0.01	2.41	2.48	-1.42	5.00	-0.57	-5.00	0.98	1.92	-0.91	2.33	-1.20	-0.05	-3.26	5.00
G2	1.58	-0.66	0.22	0.10	0.01	-1.21	-0.01	-0.12	-0.67	0.13	-1.06	-0.02	0.16	-2.40	-0.19	2.52	-0.10	0.11
G1	0.24	0.01	0.25	0.10	0.01	-1.19	-0.01	-0.12	0.10	0.13	0.63	-0.02	0.16	-0.15	-0.19	-0.30	-0.10	0.11
G9	-0.40	1.26	-0.93	0.10	0.01	0.60	-0.01	-0.12	0.73	0.13	1.18	-0.02	0.16	0.36	-0.19	1.11	-0.10	0.11
G8	-0.62	2.07	0.97	-0.16	-5.00	-3.12	2.46	1.65	1.19	-1.34	-0.90	-0.99	1.01	-3.57	3.56	3.20	3.42	-2.14
N6	-0.57	0.22	0.70	0.11	3.21	0.65	0.95	-0.50	1.44	0.40	0.41	-0.02	0.14	1.11	0.10	-0.50	-0.19	0.11
N7	-0.85	0.55	0.81	0.10	0.01	0.60	-0.01	-0.12	1.18	0.13	0.40	-0.02	0.16	0.35	-0.19	-0.79	-0.10	0.11
B4	0.83	-0.47	-0.30	0.10	0.01	0.79	0.04	0.19	-0.13	0.40	1.14	-0.11	0.25	0.47	-0.29	-1.86	-0.06	0.11
B5	0.39	-0.17	-0.38	0.10	0.01	0.59	-0.01	-0.12	0.49	0.13	0.40	-0.02	0.16	1.38	-0.19	-0.47	-0.10	0.11
B6	1.74	0.44	-1.36	0.10	0.01	-1.16	-0.01	-0.12	-1.11	0.13	-1.13	-0.02	0.16	-0.78	-0.19	0.06	-0.10	0.11
B7	-1.83	1.92	-1.90	0.10	0.01	0.49	-0.01	-0.12	-1.68	0.13	-0.31	-0.02	0.16	-0.44	-0.19	-0.04	-0.10	0.11
B1	-0.99	0.37	-0.28	0.10	0.01	-1.12	-0.01	-0.12	0.04	0.13	0.65	-0.02	0.16	0.61	-0.19	1.56	-0.10	0.11
B2	-0.15	2.15	-1.74	0.10	0.01	-1.09	-0.01	-0.12	-0.50	0.13	-0.82	-0.02	0.16	-0.28	-0.19	0.62	-0.10	0.11
B3	1.10	-0.69	-0.36	0.10	0.01	0.72	-0.01	-0.12	0.08	0.13	1.13	-0.02	0.16	0.47	-0.19	-0.49	-0.10	0.11
B8	0.38	1.15	-1.91	0.10	0.01	0.36	-0.01	-0.12	-0.83	0.13	-0.64	-0.02	0.16	-0.81	-0.19	2.31	-0.10	0.11
B9	0.13	-0.98	-0.02	0.10	0.01	0.63	-0.01	-0.12	-0.22	0.13	1.26	-0.02	0.16	0.32	-0.19	0.40	-0.10	0.11
N5	-0.48	-0.06	0.65	0.10	0.01	0.50	-0.01	-0.12	-0.22	0.13	-2.15	-0.02	0.16	-0.23	-0.19	-0.87	-0.10	0.11
P10	0.01	-0.85	0.80	0.11	4.81	0.84	-0.56	0.19	0.73	0.31	0.58	0.08	0.22	0.88	-0.36	-0.77	-0.11	-0.71
P11	0.45	-0.78	0.13	0.10	0.01	0.56	-0.01	-0.12	0.40	0.13	0.44	-0.02	0.16	0.93	-0.19	-0.04	-0.10	0.11
P12	0.28	-0.78	0.34	0.10	0.01	0.55	-0.01	-0.12	0.39	0.13	0.45	-0.02	0.16	0.81	-0.19	-0.35	-0.10	0.11
E9	0.63	-0.11	0.04	0.10	0.01	0.53	-0.01	-0.12	1.12	0.13	0.53	-0.02	0.16	0.82	-0.19	0.54	-0.10	0.11
E8	-0.45	-0.25	1.32	0.10	0.01	0.45	-0.01	-0.12	0.09	0.13	-1.86	-0.02	0.16	-0.88	-0.19	-0.78	-0.10	0.11
E5	-0.31	-0.44	0.71	0.10	0.01	0.47	-0.01	-0.12	-0.77	0.13	-1.80	-0.02	0.16	-0.94	-0.19	-0.94	-0.10	0.11
E4	0.08	0.33	-0.30	0.10	0.01	0.53	-0.01	-0.12	0.84	0.13	0.52	-0.02	0.16	1.03	-0.19	0.11	-0.10	0.11
E7	-0.35	0.85	-0.55	0.10	0.01	-1.19	-0.01	-0.12	-0.82	0.13	-0.47	-0.02	0.16	-0.86	-0.19	0.37	-0.10	0.11
E6	-0.75	1.54	-1.02	0.10	0.01	-1.12	-0.01	-0.12	-0.68	0.13	-1.00	-0.02	0.16	-0.66	-0.19	1.23	-0.10	0.11
E1	0.89	-0.35	0.47	0.10	0.01	-1.29	-0.01	-0.12	-0.22	0.13	0.84	-0.02	0.16	-1.72	-0.19	0.79	-0.10	0.11
P8	0.18	-0.52	1.18	0.10	0.01	0.82	-0.01	-0.12	1.36	0.13	0.56	-0.02	0.16	0.77	-0.19	-1.42	-0.10	0.11
E3	-0.77	0.88	-0.66	0.10	0.01	-1.25	-0.01	-0.12	-1.05	0.13	-0.48	-0.02	0.16	-0.90	-0.19	0.98	-0.10	0.11
E2	0.78	-1.54	-0.40	0.10	0.01	-1.33	-0.01	-0.12	-2.19	0.13	-0.64	-0.02	0.16	-1.01	-0.19	1.24	-0.10	0.11
P2	0.21	-0.53	0.80	0.10	0.01	0.85	-0.01	-0.12	1.30	0.13	1.25	-0.02	0.16	0.87	-0.19	-0.68	-0.10	0.11
P3	1.10	-0.49	0.19	0.10	0.01	0.84	-0.01	-0.12	1.19	0.13	1.13	-0.02	0.16	0.93	-0.19	-0.54	-0.10	0.11
P1	0.97	-0.21	-0.26	0.10	0.01	0.96	-0.01	-0.12	0.70	0.13	1.18	-0.02	0.16	0.72	-0.19	-0.82	-0.10	0.11
P6	0.71	-1.36	1.34	0.10	0.01	0.55	-0.01	-0.12	0.55	0.13	0.45	-0.02	0.16	-0.44	-0.19	-0.35	-0.10	0.11
P7	-0.65	-0.71	1.13	0.12	-4.80	0.83	-0.51	0.80	0.88	0.17	1.80	-0.02	0.15	0.27	-0.25	-0.18	-0.31	-0.23
P4	0.21	-0.81	0.98	0.10	0.01	0.74	-0.01	-0.12	1.36	0.13	1.12	-0.02	0.16	0.89	-0.19	-0.09	-0.10	0.11
P5	0.07	-0.42	1.45	0.10	0.01	0.81	-0.01	-0.12	1.29	0.13	0.67	-0.02	0.16	-0.62	-0.19	0.02	-0.10	0.11
H10	-0.13	-2.52	1.48	0.10	0.01	0.96	-0.01	-0.12	-0.21	0.13	0.91	-0.02	0.16	0.78	-0.19	-1.21	-0.10	0.11
H11	-0.76	-0.75	1.31	0.10	0.01	0.65	-0.01	-0.12	0.69	0.13	0.03	-0.02	0.16	0.59	-0.19	-0.70	-0.10	0.11
H12	-0.47	-0.62	2.44	0.10	0.01	0.77	-0.01	-0.12	1.51	0.13	-0.47	-0.02	0.16	-0.54	-0.19	-1.01	-0.10	0.11
P9	-0.15	-1.20	1.65	0.10	0.01	0.54	-0.01	-0.12	1.22	0.13	0.64	-0.02	0.16	0.64	-0.19	-0.37	-0.10	0.11
F12	1.45	-1.31	0.50	-0.14	0.81	-3.01	1.96	-1.11	-1.87	-0.58	-1.70	-1.57	-2.60	-3.06	1.36	1.67	3.49	-1.66
F10	0.67	-0.17	-1.11	0.10	0.01	-1.20	-0.01	-0.12	-1.38	0.13	-0.75	-0.02	0.16	-0.46	-0.19	1.53	-0.10	0.11
F11	0.91	-0.91	-0.73	0.10	0.01	0.61	-0.01	-0.12	-0.38	0.13	1.02	-0.02	0.16	0.60	-0.19	0.56	-0.10	0.11
N12	-1.92	1.13	-0.19	0.10	0.01	0.61	-0.01	-0.12	0.39	0.13	0.39	-0.02	0.16	0.90	-0.19	-0.29	-0.10	0.11
H8	-2.09	1.13	0.38	0.10	0.01	0.65	-0.01	-0.12	1.00	0.13	0.45	-0.02	0.16	0.85	-0.19	-0.09	-0.10	0.11
H9	-1.56	0.84	0.26	0.10	0.01	0.65	-0.01	-0.12	0.83	0.13	0.44	-0.02	0.16	0.99	-0.19	-0.63	-0.10	0.11
H6	-1.83	0.71	0.19	0.10	0.01	0.60	-0.01	-0.12	0.42	0.13	0.40	-0.02	0.16	0.80	-0.19	-0.33	-0.10	0.11
H7	-1.65	0.86	0.63	0.10	0.01	0.60	-0.01	-0.12	1.15	0.13	0.42	-0.02	0.16	0.81	-0.19	-0.50	-0.10	0.11
H4	-2.03	0.59	-0.06	0.10	0.01	0.55	-0.01	-0.12	0.19	0.13	0.37	-0.02	0.16	1.21	-0.19	-0.05	-0.10	0.11
H5	-1.59	0.42	0.26	0.10	0.01	0.58	-0.01	-0.12	0.31	0.13	0.40	-0.02	0.16	0.75	-0.19	-0.42	-0.10	0.11
D10	0.03	-0.62	0.30	0.10	0.01	0.46	-0.01	-0.12	-1.03	0.13	-1.87	-0.02	0.16	-0.42	-0.19	-1.27	-0.10	0.11
D11	0.12	0.04	-0.95	0.10	0.01	-1.29	-0.01	-0.12	-1.06	0.13	1.02	-0.02	0.16	-0.28	-0.19	0.95	-0.10	0.11
D12	0.07	0.19	-0.85	0.10	0.01	-1.19	-0.01	-0.12	-1.54	0.13	-0.48	-0.02	0.16	-0.83	-0.19	0.35	-0.10	0.11
B12	1.30	-1.74	0.65	0.10	0.01	0.50	-0.01	-0.12	0.22	0.13	0.54	-0.02	0.16	0.09	-0.19	0.40	-0.10	0.11
B10	1.68	0.49	-1.67	0.10	0.01	-1.11	-0.01	-0.12	-1.23	0.13	-1.05	-0.02	0.16	-0.02	-0.19	-0.89	-0.10	0.11
B11	-0.45	0.59	-0.01	0.10	0.01	-1.27	-0.01	-0.12	-0.47	0.13	-0.40	-0.02	0.16	-0.72	-0.19	0.17	-0.10	0.11
Q8	0.13	-1.55	2.30	0.11	-0.79	-0.48	0.19	-0.73	0.22	-0.36	0.76	0.18	0.18	-2.53	1.28	1.14	-0.21	-0.16
Q9	0.76	-0.78	0.86	0.10	0.01	0.55	-0.01	-0.12	0.76	0.13	0.45	-0.02	0.16	-0.29	-0.19	0.06	-0.10	0.11
C9	0.13	0.35	-0.46	0.10	0.01	0.54	-0.01	-0.12	0.75	0.13	0.52	-0.02	0.16	1.05	-0.19	0.24	-0.10	0.11
C8	-0.16	-1.13	0.05	0.10	0.01	0.47	-0.01	-0.12	-1.75	0.13	-3.24	-0.02	0.16	0.41	-0.19	-1.46	-0.10	0.11
Q11	-0.69	0.28	-0.29	0.10	-3.20	0.56	-0.87	1.19	-0.63	0.04	-0.46	0.66	0.23	-0.18	-0.12	-0.36	-0.23	0.31
Q10	0.21	-0.53	0.80	0.10	0.01	0.85	-0.01	-0.12	1.30	0.13	1.25	-0.02	0.16	0.88	-0.19	-0.68	-0.10	0.11
Q12	-0.14	-0.56	0.86	0.04	0.01	0.80	2.41	0.65	1.15	0.26	1.96	-0.21	0.22	0.87	0.39	-1.15	-0.67	0.86
C3	3.06	0.22	-1.33	0.10	0.01	-1.23	-0.01	-0.12	-0.14	0.13	-0.54	-0.02	0.16	-1.13	-0.19	1.94	-0.10	0.11
C2	2.05	0.43	-1.41	0.10	0.01	-1.15	-0.01	-0.12	-0.99	0.13	-1.11	-0.02	0.16	-0.76	-0.19	-0.00	-0.10	0.11
C1	1.12	-1.85	0.38	0.10	0.01	0.40	-0.01	-0.12	-0.05	0.13	0.33	-0.02	0.16	0.44	-0.19	0.88	-0.10	0.11
C7	-1.67	1.69	-0.41	0.10	0.01	-1.25	-0.01	-0.12	-0.44	0.13	-0.81	-0.02	0.16	-0.68	-0.19	0.96	-0.10	0.11
C6	-0.81	1.17	-0.34	0.10	0.01	0.58	-0.01	-0.12	0.79	0.13	0.46	-0.02	0.16	0.82	-0.19	-0.51	-0.10	0.11
C5	0.11	0.37	-0.47	0.10	0.01	0.53	-0.01	-0.12	0.75	0.13	0.52	-0.02	0.16	1.06	-0.19	0.26	-0.10	0.11
C4	-1.53	0.83	-0.94	0.10	0.01	-1.27	-0.01	-0.12	-1.89	0.13	-0.91	-0.02	0.16	-0.85	-0.19	1.07	-0.10	0.11
N10	-1.81	0.93	0.15	0.10	0.01	0.55	-0.01	-0.12	0.64	0.13	0.40	-0.02	0.16	0.83	-0.19	-0.17	-0.10	0.11
N8	-0.55	-0.15	0.24	0.10	0.01	0.46	-0.01	-0.12	0.06	0.13	0.33	-0.02	0.16	0.76	-0.19	-1.37	-0.10	0.11
N9	-0.85	-0.74	0.84	0.10	0.01	0.48	-0.01	-0.12	-0.63	0.13	-1.55	-0.02	0.16	-0.25	-0.19	-0.44	-0.10	0.11
N11	-1.03	-0.28	-0.61	0.10	0.01	0.60	-0.01	-0.12	-1.04	0.13	0.41	-0.02	0.16	0.38	-0.19	0.44	-0.10	0.11
G12	-0.28	2.72	-2.42	-0.27	-0.79	0.60	-1.12	0.27	-0.65	0.89	-1.15	-1.66	-5.00	0.38	-0.36	0.66	-3.42	-0.84
G11	2.09	-0.21	-0.35	0.10	0.01	0.74	-0.01	-0.12	0.84	0.13	1.18	-0.02	0.16	-0.90	-0.19	1.46	-0.10	0.11
G10	0.13	1.92	-0.75	0.10	0.01	0.46	-0.01	-0.12	1.53	0.13	0.42	-0.02	0.16	0.56	-0.19	0.01	-0.10	0.11
F1	-0.09	0.81	-0.52	0.10	0.01	-1.18	-0.01	-0.12	-0.65	0.13	-0.49	-0.02	0.16	-0.81	-0.19	0.33	-0.10	0.11
F2	-0.30	0.79	-0.44	0.10	0.01	-1.24	-0.01	-0.12	-0.62	0.13	-0.59	-0.02	0.16	-1.02	-0.19	1.22	-0.10	0.11
F3	-0.49	-1.09	0.07	0.10	0.01	0.40	-0.01	-0.12	-1.89	0.13	-1.12	-0.02	0.16	-0.37	-0.19	-1.22	-0.10	0.11
F4	1.83	0.45	-1.43	0.10	0.01	-1.16	-0.01	-0.12	-1.05	0.13	-1.14	-0.02	0.16	-0.69	-0.19	0.13	-0.10	0.11
F5	0.29	-0.36	-0.54	0.10	0.01	0.57	-0.01	-0.12	0.03	0.13	0.53	-0.02	0.16	0.82	-0.19	0.57	-0.10	0.11
F6	-0.28	-0.76	0.28	0.17	2.41	0.55	2.11	4.63	-1.05	0.84	-3.29	-0.50	0.95	0.27	0.50	-1.00	-0.25	-2.82
F7	-1.44	1.31	-0.78	0.10	0.01	-1.15	-0.01	-0.12	-1.16	0.13	-0.48	-0.02	0.16	-1.20	-0.19	1.59	-0.10	0.11
F8	0.95	-0.21	-0.14	0.10	0.01	-1.25	-0.01	-0.12	-0.23	0.13	0.82	-0.02	0.16	-0.27	-0.19	-0.38	-0.10	0.11
F9	-0.84	1.21	-0.67	0.10	0.01	-1.25	-0.01	-0.12	-0.70	0.13	-0.55	-0.02	0.16	-0.79	-0.19	1.11	-0.10	0.11
Q1	0.98	0.31	0.49	0.10	0.01	0.58	-0.01	-0.12	1.35	0.13	-1.97	-0.02	0.16	0.50	-0.19	-0.54	-0.10	0.11
Q3	-0.02	-0.88	0.94	0.10	0.01	0.57	-0.01	-0.12	0.78	0.13	0.44	-0.02	0.16	0.78	-0.19	-0.48	-0.10	0.11
Q2	0.57	-0.78	1.12	0.10	0.01	0.55	-0.01	-0.12	0.74	0.13	0.44	-0.02	0.16	-0.43	-0.19	-0.46	-0.10	0.11
Q5	0.20	-0.53	0.80	0.10	0.01	0.85	-0.01	-0.12	1.30	0.13	1.25	-0.02	0.16	0.88	-0.19	-0.68	-0.10	0.11
Q4	-0.17	-0.68	0.36	-0.03	-2.40	0.55	-0.46	-0.73	0.36	0.13	0.51	0.76	0.56	0.78	1.43	-0.38	0.09	1.20
Q7	-0.63	-0.94	-0.03	0.10	0.01	0.53	-0.01	-0.12	-1.45	0.13	-0.52	-0.02	0.16	-0.26	-0.19	-0.07	-0.10	0.11
Q6	-0.17	0.65	-0.82	0.10	0.01	0.59	-0.01	-0.12	-0.02	0.13	-0.28	-0.02	0.16	-0.19	-0.19	1.75	-0.10	0.11
E11	-0.02	0.43	-0.37	0.10	0.01	-1.22	-0.01	-0.12	-0.06	0.13	0.91	-0.02	0.16	-0.33	-0.19	1.19	-0.10	0.11
E10	0.88	-1.05	0.11	0.10	0.01	0.58	-0.01	-0.12	0.35	0.13	1.18	-0.02	0.16	0.07	-0.19	1.28	-0.10	0.11
E12	0.80	0.15	0.89	0.10	0.01	-1.25	-0.01	-0.12	0.56	0.13	0.72	-0.02	0.16	-1.65	-0.19	0.11	-0.10	0.11
C12	-0.46	1.20	-0.80	0.10	0.01	-1.17	-0.01	-0.12	-0.97	0.13	-0.50	-0.02	0.16	-0.55	-0.19	-0.78	-0.10	0.11
C11	-0.89	2.42	-1.84	0.10	0.01	0.40	-0.01	-0.12	-0.32	0.13	-1.18	-0.02	0.16	-0.23	-0.19	1.18	-0.10	0.11
C10	0.54	1.49	-1.40	-0.39	1.61	0.56	-0.41	1.72	0.69	-0.54	0.50	-1.28	-5.00	1.90	-0.87	-0.45	-3.38	-0.30
A11	-1.63	0.20	0.76	0.10	0.01	0.81	-0.01	-0.12	0.59	0.13	0.59	-0.02	0.16	0.75	-0.19	-1.04	-0.10	0.11
A10	-0.23	-1.25	-0.67	0.84	-1.59	-1.27	0.65	0.11	-1.92	-5.00	-1.16	5.00	-1.25	-0.16	2.74	0.58	5.00	-2.27
A12	-0.45	-0.71	0.54	0.10	0.01	0.61	-0.01	-0.12	-0.32	0.13	0.42	-0.02	0.16	1.02	-0.19	-3.17	-0.10	0.11
A1	-0.74	-1.22	1.24	0.10	0.01	0.77	-0.01	-0.12	0.40	0.13	0.67	-0.02	0.16	0.74	-0.19	-0.72	-0.10	0.11
A3	-1.33	0.19	0.11	0.12	0.01	0.59	1.10	0.27	0.06	0.13	0.40	0.27	0.27	0.75	-0.76	-0.56	0.38	-0.16
A2	0.48	-0.19	0.32	0.10	0.01	0.63	-0.01	-0.12	1.17	0.13	0.41	-0.02	0.16	1.18	-0.19	-0.76	-0.10	0.11
A5	0.03	-1.30	0.62	0.10	0.01	0.56	-0.01	-0.12	0.06	0.13	0.47	-0.02	0.16	0.74	-0.19	-0.30	-0.10	0.11
A4	2.11	-0.14	0.79	-5.00	0.81	0.42	-5.00	-4.94	2.42	-0.49	0.26	2.31	2.73	0.65	5.00	-1.65	2.04	-5.00
A7	0.46	-2.48	1.19	0.10	0.01	0.50	-0.01	-0.12	-0.66	0.13	0.50	-0.02	0.16	0.44	-0.19	-1.60	-0.10	0.11
A6	0.47	-0.19	0.32	0.10	0.01	0.64	-0.01	-0.12	1.17	0.13	0.42	-0.02	0.16	1.18	-0.19	-0.75	-0.10	0.11
A9	0.69	-1.87	3.05	0.12	0.81	0.52	-0.36	0.19	1.88	0.13	0.49	-1.08	0.20	-0.23	0.92	-1.65	-0.15	-2.41
A8	-1.49	0.15	0.30	0.10	0.01	0.85	-0.01	-0.12	0.32	0.13	0.56	-0.02	0.16	0.83	-0.19	-0.37	-0.10	0.11
D8	0.86	-0.40	0.80	0.10	0.01	0.52	-0.01	-0.12	1.02	0.13	0.47	-0.02	0.16	-0.43	-0.19	0.03	-0.10	0.11
D9	-0.13	-0.74	0.07	0.10	0.01	0.48	-0.01	-0.12	-1.36	0.13	-3.16	-0.02	0.16	0.19	-0.19	-1.14	-0.10	0.11
D6	-0.47	1.09	-1.34	0.10	0.01	-1.18	-0.01	-0.12	-1.12	0.13	-0.87	-0.02	0.16	-0.13	-0.19	0.83	-0.10	0.11
D7	-0.40	0.93	-0.88	0.10	0.01	-1.16	-0.01	-0.12	-1.23	0.13	-0.42	-0.02	0.16	-0.56	-0.19	-0.62	-0.10	0.11
D4	1.40	0.51	-1.42	0.10	0.01	-1.15	-0.01	-0.12	-1.25	0.13	-1.17	-0.02	0.16	-0.73	-0.19	0.17	-0.10	0.11
D5	1.38	0.54	-1.44	0.10	0.01	-1.16	-0.01	-0.12	-1.24	0.13	-1.15	-0.02	0.16	-0.70	-0.19	0.16	-0.10	0.11
D2	-0.60	-0.65	-0.51	0.10	0.01	0.41	-0.01	-0.12	-2.26	0.13	-1.15	-0.02	0.16	-0.34	-0.19	-1.47	-0.10	0.11
D3	0.79	-1.26	0.16	0.10	0.01	0.48	-0.01	-0.12	0.00	0.13	0.69	-0.02	0.16	0.04	-0.19	1.18	-0.10	0.11
D1	1.22	-0.53	2.53	-0.29	0.81	-3.02	-2.73	-1.65	1.03	-0.54	0.61	-1.47	-2.61	-3.97	0.17	1.84	4.17	-0.84
