G7	-0.25	2.00	-1.03	0.06	0.24	0.86	-0.18	0.23	1.75	-0.12	-0.03	-0.06	-0.07	0.10	0.21	0.64	-0.06	0.26
G6	-1.15	2.17	-1.14	0.05	-0.07	-0.97	0.04	0.00	0.67	-0.10	-1.48	0.05	0.05	0.75	0.09	1.13	-0.12	0.21
G5	-0.67	2.03	-1.19	1.80	-0.54	-1.05	-5.00	-0.96	0.58	-1.69	-1.46	5.00	0.31	-0.12	0.93	1.47	-0.23	0.97
G4	2.44	-1.66	-1.17	-0.16	0.09	-1.00	-1.32	0.07	-2.43	-0.37	-0.55	0.25	-0.19	-1.04	0.55	1.60	-0.11	-0.28
G3	1.77	-0.88	-0.63	0.05	-0.07	-1.09	0.04	0.00	-1.41	-0.10	0.80	0.05	0.05	-1.17	0.09	-0.16	-0.12	0.21
G2	0.26	-0.17	-0.46	0.05	-0.07	-1.15	0.04	0.00	-1.05	-0.10	-0.38	0.05	0.05	-0.70	0.09	1.22	-0.12	0.21
G1	0.42	0.24	-0.64	0.05	-0.07	0.82	0.04	0.00	0.05	-0.10	0.68	0.05	0.05	-0.27	0.09	-0.21	-0.12	0.21
G9	-0.28	1.47	-1.17	0.05	-0.07	-1.07	0.04	0.00	0.08	-0.10	-0.69	0.05	0.05	-0.14	0.09	1.22	-0.12	0.21
G8	-1.66	2.62	-0.70	0.05	-0.07	0.84	0.04	0.00	1.99	-0.10	0.80	0.05	0.05	-0.01	0.09	0.18	-0.12	0.21
N6	-1.99	-0.09	1.31	-1.39	-0.54	0.92	-0.51	0.43	1.22	-0.94	0.79	0.05	-0.16	2.08	-1.40	-1.35	1.06	0.25
N7	-1.18	0.68	0.68	0.05	-0.07	0.98	0.04	0.00	1.68	-0.10	0.70	0.05	0.05	0.83	0.09	-0.76	-0.12	0.21
B4	1.57	-1.05	0.51	0.05	-0.07	0.75	0.04	0.00	0.23	-0.10	-0.39	0.05	0.05	-0.32	0.09	-0.16	-0.12	0.21
B5	-0.94	0.00	0.14	0.05	-0.07	0.92	0.04	0.00	0.11	-0.10	0.73	0.05	0.05	1.03	0.09	-1.42	-0.12	0.21
B6	-0.24	-0.36	0.61	0.05	-0.07	-1.10	0.04	0.00	-0.64	-0.10	0.76	0.05	0.05	-1.21	0.09	-0.15	-0.12	0.21
B7	0.19	1.08	-2.28	0.05	-0.07	-1.07	0.04	0.00	-0.67	-0.10	1.08	0.05	0.05	-0.40	0.09	2.26	-0.12	0.21
B1	-1.35	0.80	-0.21	0.10	-1.32	-0.50	-1.21	1.50	-0.45	-0.46	0.67	-0.32	-2.92	-0.12	1.24	-0.50	-0.80	0.22
B2	2.36	-0.08	-2.36	-0.18	0.09	-1.15	1.34	-0.11	-0.87	-0.09	0.77	0.05	-2.19	0.62	0.80	0.74	-0.43	-0.12
B3	0.27	-0.63	0.95	0.05	-0.07	0.87	0.04	0.00	0.91	-0.10	-1.17	0.05	0.05	1.21	0.09	-0.56	-0.12	0.21
B8	-0.60	0.92	-1.08	1.90	-1.78	-1.82	2.65	-1.90	-0.57	-1.19	1.30	1.65	-1.10	-0.61	2.16	-0.32	1.06	-1.78
B9	1.15	0.29	-0.07	0.01	-0.38	-1.02	-1.16	0.34	-0.11	-0.17	-0.98	-0.37	0.11	-1.94	1.05	1.12	-0.54	-0.07
N5	-0.21	1.02	-0.50	0.05	-0.07	-1.17	0.04	0.00	0.34	-0.10	0.76	0.05	0.05	0.31	0.09	-1.24	-0.12	0.21
P10	-0.89	-0.92	1.66	0.04	-0.07	0.94	-0.02	0.00	-0.03	-0.21	-1.68	-0.27	0.02	0.57	0.19	-0.66	-0.17	0.32
P11	-0.73	-0.15	-0.31	0.05	-0.07	0.95	0.04	0.00	-0.15	-0.10	0.70	0.05	0.05	1.28	0.09	-0.79	-0.12	0.21
P12	-0.75	-0.34	0.49	0.05	-0.07	0.94	0.04	0.00	0.19	-0.10	0.71	0.05	0.05	0.93	0.09	-1.39	-0.12	0.21
E9	0.82	0.58	-0.74	0.05	-0.07	-0.85	0.04	0.00	0.10	-0.10	0.74	0.05	0.05	-0.76	0.09	0.10	-0.12	0.21
E8	-0.20	0.93	0.12	0.05	-0.07	-0.73	0.04	0.00	0.70	-0.10	0.78	0.05	0.05	-1.18	0.09	-0.01	-0.12	0.21
E5	0.29	0.39	-0.48	0.05	-0.07	0.80	0.04	0.00	0.37	-0.10	0.68	0.05	0.05	-0.33	0.09	-0.05	-0.12	0.21
E4	-0.76	1.01	-0.73	0.05	-0.07	0.88	0.04	0.00	0.15	-0.10	0.82	0.05	0.05	-0.29	0.09	-0.18	-0.12	0.21
E7	0.40	0.85	-0.87	0.05	-0.07	-1.17	0.04	0.00	0.34	-0.10	0.81	0.05	0.05	-0.59	0.09	0.99	-0.12	0.21
E6	1.08	0.05	-0.78	0.05	-0.07	-1.08	0.04	0.00	-0.34	-0.10	0.76	0.05	0.05	-0.70	0.09	0.53	-0.12	0.21
E1	0.94	0.08	-0.64	-0.08	1.02	-0.96	-1.97	-1.43	-0.68	-0.55	-1.43	1.60	0.49	-0.07	1.48	0.15	-1.14	0.67
P8	-0.62	-0.26	1.98	0.05	-0.07	0.94	0.04	0.00	1.41	-0.10	-1.30	0.05	0.05	0.37	0.09	-0.99	-0.12	0.21
E3	0.63	-0.27	-0.75	0.05	-0.07	-1.14	0.04	0.00	-1.39	-0.10	0.77	0.05	0.05	-0.91	0.09	0.04	-0.12	0.21
E2	0.65	-0.30	-0.72	0.05	-0.07	-1.14	0.04	0.00	-1.39	-0.10	0.78	0.05	0.05	-0.91	0.09	0.04	-0.12	0.21
P2	-0.89	-1.50	1.20	-1.73	5.00	0.60	-0.07	-2.53	-0.49	5.00	-0.63	-4.52	-2.34	2.45	-5.00	-0.97	5.00	-5.00
P3	-0.78	-1.40	1.74	0.05	-0.07	0.93	0.04	0.00	-0.72	-0.10	-1.43	0.05	0.05	0.15	0.09	-0.79	-0.12	0.21
P1	-1.18	-1.25	1.34	0.05	-0.07	1.12	0.04	0.00	-1.43	-0.10	-1.55	0.05	0.05	0.07	0.09	-0.96	-0.12	0.21
P6	-0.73	-0.25	0.43	0.05	-0.07	0.98	0.04	0.00	0.60	-0.10	0.71	0.05	0.05	1.02	0.09	-0.60	-0.12	0.21
P7	-0.80	-1.04	1.51	0.18	-0.07	0.95	0.31	0.38	-0.22	-0.17	-1.81	0.15	0.23	0.67	-0.10	-0.31	-0.15	0.21
P4	-0.78	-1.25	1.55	0.05	-0.07	0.97	0.04	0.00	-0.52	-0.10	-1.30	0.05	0.05	0.33	0.09	-0.60	-0.12	0.21
P5	-0.84	-0.26	1.57	0.05	-0.07	1.01	0.04	0.00	0.63	-0.10	-1.27	0.05	0.05	0.31	0.09	-1.14	-0.12	0.21
H10	-0.68	-1.07	1.10	-0.89	0.87	1.37	1.18	-0.02	-0.61	-0.68	-1.55	0.05	0.29	0.69	0.57	-0.99	-0.09	0.28
H11	-0.38	-0.76	0.85	0.46	-4.90	1.33	0.74	0.16	-0.07	0.17	-1.36	0.10	0.42	1.76	-1.04	-1.53	-0.24	0.05
H12	0.22	-2.89	2.70	0.05	-0.07	1.26	0.04	0.00	-1.57	-0.10	-2.98	0.05	0.05	-0.15	0.09	-1.25	-0.12	0.21
P9	-0.99	-0.62	1.73	0.05	-0.07	0.91	0.04	0.00	0.37	-0.10	-1.65	0.05	0.05	0.61	0.09	-0.79	-0.12	0.21
F12	2.47	-2.00	-0.94	0.05	-0.07	-1.05	0.04	0.00	-2.32	-0.10	0.78	0.05	0.05	-0.47	0.09	0.02	-0.12	0.21
F10	0.82	-0.66	-0.57	1.00	-0.07	-1.15	0.53	1.06	-1.31	-0.62	0.88	0.05	-0.35	-0.69	0.10	0.22	-0.09	-0.26
F11	1.30	-1.19	-0.23	0.05	-0.07	-1.13	0.04	0.00	-1.54	-0.10	0.77	0.05	0.05	-1.11	0.09	0.17	-0.12	0.21
N12	-0.76	-0.09	1.06	0.05	-0.07	0.93	0.04	0.00	1.59	-0.10	0.72	0.05	0.05	0.94	0.09	-0.49	-0.12	0.21
H8	-1.01	-0.23	1.47	0.05	-0.07	0.93	0.04	0.00	1.76	-0.10	0.73	0.05	0.05	0.97	0.09	-0.52	-0.12	0.21
H9	-0.93	-0.45	1.37	0.05	-0.07	0.91	0.04	0.00	1.38	-0.10	0.73	0.05	0.05	0.97	0.09	-0.52	-0.12	0.21
H6	-0.77	-0.46	1.36	0.05	-0.07	0.89	0.04	0.00	1.53	-0.10	0.72	0.05	0.05	1.06	0.09	-0.48	-0.12	0.21
H7	0.15	0.85	-0.56	0.05	-0.07	0.98	0.04	0.00	1.69	-0.10	0.73	0.05	0.05	1.38	0.09	-0.65	-0.12	0.21
H4	-2.33	1.10	-0.65	0.20	-0.85	1.02	-0.72	1.01	-0.40	-1.23	0.66	-0.47	0.41	0.49	-0.03	-0.34	0.11	0.21
H5	-1.40	0.64	-0.38	0.05	-0.07	0.94	0.04	0.00	0.23	-0.10	0.70	0.05	0.05	1.20	0.09	-0.93	-0.12	0.21
D10	-0.34	0.10	-0.71	0.05	-0.07	-1.09	0.04	0.00	-1.40	-0.10	0.77	0.05	0.05	-0.83	0.09	0.36	-0.12	0.21
D11	0.20	0.85	-1.69	0.14	-0.22	-1.12	2.48	-0.33	-0.95	-0.03	0.91	-0.01	0.09	-0.54	-0.18	0.60	0.01	0.29
D12	0.62	0.07	-1.11	0.05	-0.07	-1.17	0.04	0.00	-1.08	-0.10	0.81	0.05	0.05	-1.00	0.09	1.12	-0.12	0.21
B12	1.58	-0.01	0.40	0.05	-0.07	-1.15	0.04	0.00	0.36	-0.10	-0.91	0.05	0.05	-1.82	0.09	1.06	-0.12	0.21
B10	1.35	-0.31	0.15	0.05	-0.07	-1.11	0.04	0.00	-0.12	-0.10	-0.98	0.05	0.05	-1.94	0.09	2.52	-0.12	0.21
B11	0.20	-0.38	0.06	0.05	-0.07	-1.15	0.04	0.00	-0.94	-0.10	-0.81	0.05	0.05	-0.71	0.09	1.04	-0.12	0.21
Q8	-1.27	-0.52	1.44	0.05	-0.07	0.07	0.04	0.00	-1.34	-0.10	-1.71	0.05	0.05	-1.02	0.09	-0.90	-0.12	0.21
Q9	-0.40	-0.02	0.31	0.05	-0.07	0.99	0.04	0.00	1.08	-0.10	0.70	0.05	0.05	1.13	0.09	-0.59	-0.12	0.21
C9	-0.76	1.52	-1.17	0.05	-0.07	0.92	0.04	0.00	0.38	-0.10	0.80	0.05	0.05	-0.30	0.09	0.11	-0.12	0.21
C8	0.38	0.00	-1.06	-0.03	0.87	0.83	2.70	0.47	-0.22	1.02	0.87	-1.35	3.61	0.50	-0.14	-0.27	-1.03	0.29
Q11	-0.76	-0.96	0.56	0.05	-0.07	0.92	0.04	0.00	-0.58	-0.10	0.73	0.05	0.05	0.90	0.09	-1.37	-0.12	0.21
Q10	-0.87	-1.49	1.21	-1.79	5.00	0.57	-1.05	-2.84	-0.47	5.00	-0.64	-5.00	-2.20	2.39	-5.00	-0.99	5.00	-5.00
Q12	2.87	-1.67	1.37	0.05	-0.07	0.78	0.04	0.00	1.83	-0.10	-1.52	0.05	0.05	0.69	0.09	0.24	-0.12	0.21
C3	1.44	0.27	-0.11	0.05	-0.07	-1.13	0.04	0.00	0.17	-0.10	-0.72	0.05	0.05	-1.78	0.09	1.31	-0.12	0.21
C2	1.31	0.20	-0.12	-0.04	-0.85	-1.07	-2.84	0.02	-0.09	-0.01	-0.93	-0.37	0.05	-1.90	1.02	1.33	-0.39	0.20
C1	1.04	-0.10	-0.01	0.05	-0.07	-1.13	0.04	0.00	-0.32	-0.10	-1.04	0.05	0.05	-1.96	0.09	2.52	-0.12	0.21
C7	-0.95	2.08	-0.27	0.05	-0.07	-1.02	0.04	0.00	1.65	-0.10	-0.88	0.05	0.05	0.29	0.09	0.82	-0.12	0.21
C6	-0.92	1.77	-0.46	0.05	-0.07	-0.98	0.04	0.00	1.03	-0.10	-0.80	0.05	0.05	0.23	0.09	0.92	-0.12	0.21
C5	-0.79	1.07	-1.06	0.05	-0.07	0.88	0.04	0.00	-0.18	-0.10	0.83	0.05	0.05	-0.37	0.09	0.02	-0.12	0.21
C4	-0.31	1.57	-0.87	-0.14	0.09	-1.11	2.70	-0.78	0.31	0.65	-1.42	-1.51	-0.03	-0.13	0.10	1.20	-0.15	-0.05
N10	-0.07	0.64	0.19	0.05	-0.07	0.99	0.04	0.00	2.26	-0.10	0.72	0.05	0.05	1.14	0.09	-0.07	-0.12	0.21
N8	-0.17	0.14	-0.27	0.05	-0.07	-1.16	0.04	0.00	-0.41	-0.10	0.74	0.05	0.05	0.39	0.09	-1.01	-0.12	0.21
N9	-0.08	0.11	-0.20	0.05	-0.07	-1.17	0.04	0.00	-0.20	-0.10	0.75	0.05	0.05	0.53	0.09	-0.97	-0.12	0.21
N11	0.43	-0.75	-0.48	0.05	-0.07	0.95	0.04	0.00	-1.49	-0.10	-1.58	0.05	0.05	0.37	0.09	-0.14	-0.12	0.21
G12	-0.17	0.26	-0.63	0.05	-0.07	-1.09	0.04	0.00	-0.95	-0.10	0.74	0.05	0.05	-0.77	0.09	0.32	-0.12	0.21
G11	0.75	0.29	-0.12	0.05	-0.07	-0.97	0.04	0.00	0.30	-0.10	0.05	0.05	0.05	-0.87	0.09	0.63	-0.12	0.21
G10	0.72	2.35	-0.87	2.82	-1.00	-0.77	-0.23	-0.33	1.26	-1.16	-1.64	1.08	-2.20	-0.82	2.00	0.10	-1.97	-0.56
F1	0.93	0.68	-1.31	0.05	-0.07	-1.14	0.04	0.00	-0.33	-0.10	0.85	0.05	0.05	-0.99	0.09	0.86	-0.12	0.21
F2	0.72	0.05	-0.82	0.05	0.09	-0.99	2.32	-1.48	-0.50	-0.41	0.76	0.10	0.06	-0.55	0.43	0.47	0.07	-0.02
F3	0.68	0.56	-0.86	0.05	-0.07	-1.11	0.04	0.00	0.05	-0.10	-0.59	0.05	0.05	-0.05	0.09	1.20	-0.12	0.21
F4	1.20	-0.29	0.18	0.05	-0.07	-1.13	0.04	0.00	0.17	-0.10	-1.11	0.05	0.05	-1.17	0.09	2.36	-0.12	0.21
F5	-0.38	0.20	-1.07	0.05	-0.07	0.84	0.04	0.00	-1.07	-0.10	0.82	0.05	0.05	-0.19	0.09	-0.17	-0.12	0.21
F6	0.45	-0.10	-0.71	0.05	-0.07	0.82	0.04	0.00	-0.35	-0.10	0.68	0.05	0.05	-0.14	0.09	-0.08	-0.12	0.21
F7	0.96	-0.06	-0.81	0.05	-0.07	-1.01	0.04	0.00	-0.67	-0.10	0.75	0.05	0.05	-0.73	0.09	0.46	-0.12	0.21
F8	0.91	0.09	-0.89	0.05	-0.07	-1.11	0.04	0.00	-0.68	-0.10	0.75	0.05	0.05	-0.68	0.09	0.23	-0.12	0.21
F9	1.31	-0.23	-0.13	0.05	-0.07	-1.16	0.04	0.00	-0.62	-0.10	-1.01	0.05	0.05	-1.76	0.09	1.69	-0.12	0.21
Q1	-1.76	0.34	0.81	3.81	-0.22	0.94	-4.58	-0.24	1.18	-0.28	0.86	1.65	0.82	1.87	-1.75	-1.29	-0.24	-0.43
Q3	-0.38	-0.42	0.78	0.05	-0.07	0.95	0.04	0.00	1.03	-0.10	0.71	0.05	0.05	0.94	0.09	-0.61	-0.12	0.21
Q2	-0.40	-0.11	0.53	0.05	-0.07	0.97	0.04	0.00	1.27	-0.10	0.70	0.05	0.05	1.12	0.09	-0.43	-0.12	0.21
Q5	-0.98	-1.47	1.20	-1.66	5.00	0.56	-1.38	-2.28	-0.49	5.00	-0.65	-4.52	-2.27	2.42	-5.00	-1.01	5.00	-5.00
Q4	-0.77	0.07	-0.17	0.05	-0.07	0.94	0.04	0.00	0.17	-0.10	0.70	0.05	0.05	1.24	0.09	-1.08	-0.12	0.21
Q7	1.68	-2.32	0.87	0.05	-0.07	1.00	0.04	0.00	0.47	-0.10	0.75	0.05	0.05	0.83	0.09	0.53	-0.12	0.21
Q6	0.51	-2.19	0.13	0.05	-0.07	0.96	0.04	0.00	-1.26	-0.10	0.89	0.05	0.05	0.92	0.09	0.15	-0.12	0.21
E11	-0.27	0.75	-0.66	0.05	-0.07	-0.99	0.04	0.00	-0.44	-0.10	0.94	0.05	0.05	-1.06	0.09	0.36	-0.12	0.21
E10	1.61	0.21	0.07	0.05	-0.07	-1.14	0.04	0.00	0.35	-0.10	-0.82	0.05	0.05	-1.85	0.09	1.23	-0.12	0.21
E12	-0.15	0.55	0.05	0.05	-0.07	-0.99	0.04	0.00	0.25	-0.10	0.94	0.05	0.05	-1.08	0.09	0.27	-0.12	0.21
C12	1.05	1.09	-1.00	0.06	0.09	-1.10	1.61	0.18	0.81	0.17	0.73	0.05	-0.10	-0.68	0.11	0.63	-0.27	0.42
C11	0.87	0.04	-0.99	0.05	-0.07	-1.13	0.04	0.00	-0.37	-0.10	0.80	0.05	0.05	-0.44	0.09	1.28	-0.12	0.21
C10	0.30	0.53	-0.77	0.05	-0.07	0.81	0.04	0.00	0.34	-0.10	0.68	0.05	0.05	-0.14	0.09	0.04	-0.12	0.21
A11	-1.46	-0.27	1.26	0.05	-0.07	0.96	0.04	0.00	-0.08	-0.10	-1.52	0.05	0.05	0.66	0.09	-0.92	-0.12	0.21
A10	0.51	-2.57	-0.35	0.05	-0.07	1.13	0.04	0.00	-3.46	-0.10	0.87	0.05	0.05	0.49	0.09	-2.27	-0.12	0.21
A12	-0.33	0.56	-0.14	0.05	-0.07	0.99	0.04	0.00	1.18	-0.10	0.71	0.05	0.05	0.93	0.09	-0.69	-0.12	0.21
A1	-0.61	-1.39	1.74	0.05	-0.07	0.94	0.04	0.00	-0.41	-0.10	-1.55	0.05	0.05	0.70	0.09	-1.13	-0.12	0.21
A3	-1.27	0.02	0.14	0.05	-0.07	0.90	0.04	0.00	-0.14	-0.10	0.71	0.05	0.05	0.91	0.09	-1.23	-0.12	0.21
A2	-0.64	0.11	0.70	-0.02	-0.22	0.98	0.69	-0.04	1.52	-0.26	0.69	0.05	-0.02	1.12	0.34	-0.78	-0.24	0.24
A5	-0.42	-1.06	0.64	0.05	-0.07	0.92	0.04	0.00	-0.40	-0.10	0.72	0.05	0.05	0.95	0.09	-1.54	-0.12	0.21
A4	-0.57	-0.16	1.40	0.05	-0.07	0.97	0.04	0.00	0.51	-0.10	-1.12	0.05	0.05	-0.02	0.09	-1.42	-0.12	0.21
A7	-0.23	-1.11	0.96	-0.00	-0.38	1.14	-0.13	0.00	0.27	-0.10	0.62	0.51	1.08	0.81	0.97	-1.56	-0.26	0.25
A6	-0.77	0.60	0.04	0.05	-0.07	0.98	0.04	0.00	1.51	-0.10	0.70	0.05	0.05	1.42	0.09	-0.45	-0.12	0.21
A9	0.51	-1.54	3.48	0.05	-0.07	0.93	0.04	0.00	2.31	-0.10	-1.78	0.05	0.05	0.47	0.09	-1.11	-0.12	0.21
A8	-1.27	0.33	0.70	0.06	-0.07	0.98	0.15	-0.09	0.11	-0.10	-1.68	0.15	0.05	0.67	0.12	-1.00	-0.04	0.18
D8	-0.54	0.31	-0.18	0.05	-0.07	0.83	0.04	0.00	0.13	-0.10	0.80	0.05	0.05	-0.40	0.09	0.20	-0.12	0.21
D9	0.54	0.07	-0.91	0.01	-0.69	0.77	-0.45	-0.27	-0.28	-0.23	0.72	-0.01	-0.06	-0.20	0.37	0.11	-0.17	0.02
D6	1.21	0.31	-0.87	0.05	-0.07	-1.04	0.04	0.00	-0.07	-0.10	0.75	0.05	0.05	-0.85	0.09	0.59	-0.12	0.21
D7	-0.13	0.69	-0.64	0.05	-0.07	-0.69	0.04	0.00	-0.43	-0.10	0.90	0.05	0.05	-1.19	0.09	0.31	-0.12	0.21
D4	1.49	-0.03	-0.03	0.05	-0.07	-1.14	0.04	0.00	-0.19	-0.10	-0.95	0.05	0.05	-1.85	0.09	1.47	-0.12	0.21
D5	0.76	-0.32	-0.11	0.05	-0.07	-1.13	0.04	0.00	-0.67	-0.10	-1.11	0.05	0.05	-1.09	0.09	1.96	-0.12	0.21
D2	1.07	0.92	-1.09	-0.03	0.24	-0.77	2.86	0.07	0.15	-0.39	0.60	-0.47	-3.88	-0.81	0.94	0.15	0.00	0.02
D3	-0.95	0.94	-0.63	-5.00	0.55	-0.74	-2.57	5.00	-1.16	0.76	-1.15	0.88	5.00	-0.98	-4.31	2.98	-0.46	-3.80
D1	-0.50	1.26	-0.46	0.05	-0.07	0.89	0.04	0.00	1.14	-0.10	0.71	0.05	0.05	-0.34	0.09	0.27	-0.12	0.21
