G7	-0.28	1.08	-0.55	-0.01	-0.20	0.44	0.10	-0.10	0.73	0.05	0.51	0.01	0.19	0.20	-0.16	-0.43	-0.07	0.03
G6	-1.36	1.48	-0.12	-0.01	-0.20	-0.71	0.10	-0.10	0.98	0.05	0.66	0.01	0.19	-0.19	-0.16	-0.21	-0.07	0.03
G5	-0.72	1.35	-0.49	-0.01	-0.20	-0.72	0.10	-0.10	0.64	0.05	0.61	0.01	0.19	-0.05	-0.16	-0.22	-0.07	0.03
G4	1.19	1.57	-0.72	-0.01	-0.20	-1.36	0.10	-0.10	0.65	0.05	-0.45	0.01	0.19	-2.76	-0.16	2.20	-0.07	0.03
G3	1.66	-0.08	-1.03	-0.01	-0.20	0.47	0.10	-0.10	0.10	0.05	0.39	0.01	0.19	0.92	-0.16	0.28	-0.07	0.03
G2	1.34	0.38	-0.78	1.00	-0.43	0.40	1.44	-0.88	0.67	1.31	0.41	0.26	0.16	0.51	-1.51	0.38	-0.35	0.02
G1	-0.46	0.32	-0.12	-0.01	-0.20	-1.09	0.10	-0.10	-0.29	0.05	0.65	0.01	0.19	-0.44	-0.16	-0.15	-0.07	0.03
G9	-0.24	0.80	-0.68	-0.01	-0.20	0.45	0.10	-0.10	0.18	0.05	0.52	0.01	0.19	0.26	-0.16	-0.43	-0.07	0.03
G8	-0.49	1.18	-0.49	-0.01	-0.20	0.47	0.10	-0.10	0.89	0.05	0.51	0.01	0.19	0.38	-0.16	-0.53	-0.07	0.03
N6	-0.66	-0.29	0.92	-0.01	-0.20	0.76	0.10	-0.10	0.88	0.05	0.48	0.01	0.19	0.98	-0.16	-1.68	-0.07	0.03
N7	-0.86	-0.03	0.95	-0.01	-0.20	0.82	0.10	-0.10	1.42	0.05	0.50	0.01	0.19	1.35	-0.16	-1.60	-0.07	0.03
B4	-1.05	0.14	0.68	1.31	2.40	0.91	-5.00	5.00	1.69	-4.04	0.34	1.91	2.02	0.78	-4.33	-1.23	2.02	3.30
B5	-0.57	-0.53	0.20	-0.01	-0.20	0.86	0.10	-0.10	-0.03	0.05	0.53	0.01	0.19	1.03	-0.16	-0.60	-0.07	0.03
B6	1.61	1.13	-1.74	0.54	1.46	-1.57	-1.53	-1.60	0.21	2.98	1.07	0.94	0.34	0.03	0.53	2.67	-2.49	0.07
B7	-0.62	0.93	-1.03	2.01	0.75	-1.27	0.62	0.25	-0.82	0.41	0.45	-0.46	0.16	-0.84	2.13	0.67	-0.27	0.21
B1	-1.14	0.50	-1.07	-0.01	-0.20	-0.49	0.10	-0.10	-1.44	0.05	0.58	0.01	0.19	0.26	-0.16	-0.12	-0.07	0.03
B2	2.63	1.13	-1.60	-0.65	0.04	-1.37	-0.13	-0.47	0.84	-0.06	0.45	-0.20	0.01	-0.38	1.94	1.19	0.03	-0.03
B3	0.50	-1.36	1.43	-0.01	-0.20	0.86	0.10	-0.10	0.63	0.05	0.55	0.01	0.19	0.46	-0.16	-1.81	-0.07	0.03
B8	-0.37	-0.39	-0.42	-0.01	-0.20	0.42	0.10	-0.10	-1.39	0.05	0.53	0.01	0.19	-0.03	-0.16	-0.71	-0.07	0.03
B9	1.72	-0.04	-0.61	0.06	-0.20	-1.45	0.86	0.50	-0.13	0.01	0.46	-0.29	0.19	-0.62	1.44	0.66	-0.20	0.00
N5	-0.51	-0.97	0.53	-0.01	-0.20	0.49	0.10	-0.10	0.08	0.05	0.46	0.01	0.19	1.76	-0.16	-0.82	-0.07	0.03
P10	-0.62	-1.68	1.32	-0.01	-0.20	0.70	0.10	-0.10	-1.28	0.05	-0.73	0.01	0.19	-0.88	-0.16	-0.15	-0.07	0.03
P11	-0.30	-0.52	0.27	-0.01	-0.20	0.75	0.10	-0.10	0.03	0.05	0.49	0.01	0.19	1.30	-0.16	-1.36	-0.07	0.03
P12	-0.39	-0.87	0.11	2.44	4.52	0.90	0.02	-0.76	0.24	0.05	0.42	5.00	-2.04	1.33	5.00	-0.07	0.81	-0.33
E9	-0.53	0.37	-0.46	-0.01	-0.20	0.41	0.10	-0.10	-0.34	0.05	0.52	0.01	0.19	0.06	-0.16	-0.44	-0.07	0.03
E8	-0.35	0.91	-0.29	-0.46	-0.20	-1.23	-0.61	1.68	0.09	-1.04	0.43	-0.25	-2.40	-0.47	1.94	0.03	-0.05	0.03
E5	-0.47	0.49	-0.06	-0.01	-0.20	-1.13	0.10	-0.10	0.02	0.05	0.64	0.01	0.19	-0.44	-0.16	-0.12	-0.07	0.03
E4	-0.97	0.82	-0.47	-0.01	-0.20	0.44	0.10	-0.10	0.03	0.05	0.53	0.01	0.19	0.20	-0.16	-0.59	-0.07	0.03
E7	-0.13	0.34	-0.80	-0.01	-0.20	0.30	0.10	-0.10	-0.42	0.05	0.43	0.01	0.19	0.28	-0.16	0.08	-0.07	0.03
E6	0.35	0.68	-1.13	0.02	0.04	-1.44	0.31	-0.65	-0.56	-0.02	0.40	-0.67	0.27	-0.26	1.00	0.88	-0.18	0.03
E1	-0.84	0.21	-0.52	-0.01	-0.20	0.40	0.10	-0.10	-0.78	0.05	0.53	0.01	0.19	0.28	-0.16	-0.58	-0.07	0.03
P8	-0.65	-1.03	1.92	-0.01	-0.20	1.33	0.10	-0.10	-0.38	0.05	-2.84	0.01	0.19	-1.26	-0.16	-0.04	-0.07	0.03
E3	-0.58	-0.32	-0.39	-0.01	-0.20	0.42	0.10	-0.10	-1.46	0.05	0.54	0.01	0.19	-0.16	-0.16	-0.80	-0.07	0.03
E2	-0.90	2.36	-0.93	-0.01	-0.20	-1.32	0.10	-0.10	0.22	0.05	-0.28	0.01	0.19	-2.65	-0.16	1.91	-0.07	0.03
P2	0.07	-2.07	2.53	-5.00	0.75	0.35	-4.30	-2.20	-0.07	-2.05	-1.79	-4.94	-4.28	-1.29	-0.69	-0.77	5.00	-5.00
P3	0.59	-1.13	1.32	-0.01	-0.20	0.31	0.10	-0.10	0.23	0.05	-2.65	0.01	0.19	0.54	-0.16	0.53	-0.07	0.03
P1	0.64	-0.85	0.69	-0.01	-0.20	0.94	0.10	-0.10	0.15	0.05	-1.30	0.01	0.19	0.22	-0.16	0.26	-0.07	0.03
P6	-0.33	-0.61	0.51	-0.01	-0.20	0.77	0.10	-0.10	0.22	0.05	0.49	0.01	0.19	1.52	-0.16	-1.81	-0.07	0.03
P7	0.06	-1.76	1.35	-0.01	-0.20	1.40	0.10	-0.10	-1.55	0.05	-2.79	0.01	0.19	-1.05	-0.16	0.36	-0.07	0.03
P4	1.12	-1.19	1.42	-0.01	-0.20	0.45	0.10	-0.10	0.42	0.05	-2.66	0.01	0.19	0.14	-0.16	0.46	-0.07	0.03
P5	0.48	-0.57	1.03	-0.01	-0.20	0.73	0.10	-0.10	1.41	0.05	-1.14	0.01	0.19	0.23	-0.16	1.28	-0.07	0.03
H10	-0.00	-2.32	1.52	-0.01	-0.20	1.13	0.10	-0.10	-1.93	0.05	-2.39	0.01	0.19	-0.52	-0.16	-0.17	-0.07	0.03
H11	0.18	-2.46	1.67	-0.01	-0.20	1.15	0.10	-0.10	-1.69	0.05	-2.29	0.01	0.19	-0.56	-0.16	-0.01	-0.07	0.03
H12	0.17	-2.35	1.85	-0.01	-0.20	1.09	0.10	-0.10	-1.53	0.05	-2.41	0.01	0.19	-0.69	-0.16	-0.32	-0.07	0.03
P9	-0.64	-1.02	1.53	-0.01	-0.20	0.59	0.10	-0.10	0.20	0.05	-1.01	0.01	0.19	-0.46	-0.16	0.30	-0.07	0.03
F12	3.65	-2.04	-0.54	-0.83	-1.85	-0.10	5.00	5.00	-1.78	5.00	1.15	5.00	-2.61	0.40	5.00	-0.41	-5.00	5.00
F10	1.27	0.61	-1.04	-0.01	-0.20	0.38	0.10	-0.10	0.62	0.05	0.39	0.01	0.19	0.47	-0.16	0.45	-0.07	0.03
F11	1.45	-1.41	-0.66	-0.01	-0.20	0.43	0.10	-0.10	-1.79	0.05	0.51	0.01	0.19	0.63	-0.16	-0.79	-0.07	0.03
N12	-0.13	0.38	0.50	0.02	-0.20	0.79	0.37	-0.27	1.67	-0.13	0.49	0.05	0.20	1.47	-0.89	-1.69	-0.06	0.11
H8	-0.35	0.29	0.69	-0.01	-0.20	0.87	0.10	-0.10	1.80	0.05	0.51	0.01	0.19	1.39	-0.16	-1.54	-0.07	0.03
H9	-1.34	-0.09	0.75	-0.01	-0.20	1.31	0.10	-0.10	-0.29	0.05	-1.49	0.01	0.19	0.22	-0.16	-0.84	-0.07	0.03
H6	-1.04	-0.31	0.87	-0.01	-0.20	1.29	0.10	-0.10	0.01	0.05	-1.50	0.01	0.19	-0.01	-0.16	0.09	-0.07	0.03
H7	-1.19	-0.04	0.91	-0.01	-0.20	1.26	0.10	-0.10	0.05	0.05	-1.50	0.01	0.19	0.14	-0.16	-0.85	-0.07	0.03
H4	-1.33	1.45	-1.06	-0.01	-0.20	0.52	0.10	-0.10	0.49	0.05	0.47	0.01	0.19	1.10	-0.16	0.13	-0.07	0.03
H5	-0.98	-0.22	0.63	-0.01	-0.20	0.85	0.10	-0.10	0.88	0.05	0.57	0.01	0.19	0.84	-0.16	-0.27	-0.07	0.03
D10	-0.29	0.20	-0.18	-0.28	-0.43	-1.18	-0.10	-0.13	-0.45	0.16	0.62	-0.12	0.15	-0.40	0.31	-0.08	-0.15	0.10
D11	-0.56	0.38	-0.57	-0.01	-0.20	-0.97	0.10	-0.10	-1.02	0.05	0.65	0.01	0.19	-0.46	-0.16	-0.28	-0.07	0.03
D12	0.15	0.49	-1.02	-0.01	-0.20	-1.33	0.10	-0.10	-0.98	0.05	0.60	0.01	0.19	-0.65	-0.16	0.65	-0.07	0.03
B12	-0.67	0.13	-0.02	-0.01	-0.20	0.42	0.10	-0.10	-0.23	0.05	0.53	0.01	0.19	0.17	-0.16	-0.98	-0.07	0.03
B10	1.54	1.15	-1.17	-0.01	-0.20	-1.40	0.10	-0.10	0.19	0.05	-0.23	0.01	0.19	-1.90	-0.16	2.44	-0.07	0.03
B11	3.36	0.55	-1.50	-0.01	-0.20	-1.43	0.10	-0.10	0.23	0.05	-0.02	0.01	0.19	-0.78	-0.16	1.56	-0.07	0.03
Q8	-0.01	-0.83	1.35	-0.01	-0.20	-0.40	0.10	-0.10	-1.14	0.05	-3.13	0.01	0.19	-1.92	-0.16	0.94	-0.07	0.03
Q9	-0.03	-0.60	0.58	-0.01	-0.20	0.73	0.10	-0.10	0.45	0.05	0.46	0.01	0.19	1.25	-0.16	-1.59	-0.07	0.03
C9	-0.57	0.84	-0.43	-0.01	-0.20	-1.09	0.10	-0.10	-0.13	0.05	0.64	0.01	0.19	-0.44	-0.16	-0.18	-0.07	0.03
C8	-0.47	0.27	-0.57	-0.01	-0.20	0.40	0.10	-0.10	-0.62	0.05	0.53	0.01	0.19	0.02	-0.16	-0.43	-0.07	0.03
Q11	1.81	-1.91	0.97	-4.13	-1.14	0.83	-1.48	0.88	-0.46	0.09	-0.48	0.05	-5.00	-0.58	2.81	-0.43	2.18	-0.03
Q10	-0.74	-1.89	1.56	-0.01	-0.20	0.71	0.10	-0.10	-1.10	0.05	-0.66	0.01	0.19	-0.49	-0.16	-0.32	-0.07	0.03
Q12	-0.08	-1.80	1.18	-0.01	-0.20	0.75	0.10	-0.10	-1.15	0.05	-0.85	0.01	0.19	-0.19	-0.16	-0.49	-0.07	0.03
C3	0.87	1.05	-1.29	-0.01	-0.20	-1.41	0.10	-0.10	-0.01	0.05	0.64	0.01	0.19	-0.88	-0.16	1.42	-0.07	0.03
C2	1.52	1.10	-1.25	-0.01	-0.20	-1.40	0.10	-0.10	-0.03	0.05	-0.24	0.01	0.19	-1.81	-0.16	2.29	-0.07	0.03
C1	1.60	0.97	-1.59	-1.05	-0.20	-1.45	-1.02	0.79	0.07	0.09	0.47	-0.16	0.38	-0.18	0.11	1.35	-0.11	0.24
C7	-1.22	1.45	-0.04	-0.01	-0.20	-0.71	0.10	-0.10	1.14	0.05	0.62	0.01	0.19	-0.50	-0.16	0.20	-0.07	0.03
C6	-1.37	1.37	-0.13	-0.01	-0.20	-0.72	0.10	-0.10	0.89	0.05	0.63	0.01	0.19	0.00	-0.16	-0.21	-0.07	0.03
C5	-0.60	0.91	-0.40	-0.01	-0.20	-1.08	0.10	-0.10	0.00	0.05	0.64	0.01	0.19	-0.44	-0.16	-0.15	-0.07	0.03
C4	-1.22	0.93	-0.23	-0.01	-0.20	-0.68	0.10	-0.10	0.01	0.05	0.65	0.01	0.19	-0.35	-0.16	-0.31	-0.07	0.03
N10	-0.56	0.16	1.03	-0.01	-0.20	0.72	0.10	-0.10	1.80	0.05	0.49	0.01	0.19	1.03	-0.16	-1.56	-0.07	0.03
N8	-0.70	-0.76	0.54	-0.01	-0.20	0.41	0.10	-0.10	-0.25	0.05	0.43	0.01	0.19	0.58	-0.16	-0.56	-0.07	0.03
N9	-0.52	-0.65	0.82	-0.01	-0.20	-1.36	0.10	-0.10	-1.18	0.05	-0.36	0.01	0.19	-0.59	-0.16	-1.13	-0.07	0.03
N11	-0.14	-0.01	0.49	-0.01	-0.20	0.75	0.10	-0.10	1.33	0.05	0.50	0.01	0.19	1.50	-0.16	-1.30	-0.07	0.03
G12	0.86	-0.81	-0.41	-0.01	-0.20	0.43	0.10	-0.10	-0.86	0.05	0.53	0.01	0.19	0.84	-0.16	-0.90	-0.07	0.03
G11	1.09	0.65	-0.83	0.57	-0.43	-1.38	-0.30	-0.36	-0.08	-0.13	0.41	-0.37	-0.02	-0.80	-0.99	0.84	-0.07	0.12
G10	-0.05	1.26	-0.59	-0.01	-0.20	0.46	0.10	-0.10	1.03	0.05	0.51	0.01	0.19	0.18	-0.16	-0.44	-0.07	0.03
F1	0.77	0.55	-0.80	-0.13	-0.20	-1.42	-0.50	-0.30	-0.48	-0.67	0.27	-0.25	-2.61	-0.54	1.48	0.66	0.15	0.03
F2	0.88	0.26	-1.15	-0.01	-0.20	0.15	0.10	-0.10	0.28	0.05	0.42	0.01	0.19	1.18	-0.16	1.02	-0.07	0.03
F3	-0.13	0.40	-0.30	-0.01	-0.20	-1.26	0.10	-0.10	-0.38	0.05	0.63	0.01	0.19	-0.63	-0.16	-0.03	-0.07	0.03
F4	1.76	0.94	-1.23	-0.01	-0.20	-1.38	0.10	-0.10	0.55	0.05	0.84	0.01	0.19	-1.22	-0.16	1.91	-0.07	0.03
F5	-0.88	0.58	-0.62	-0.01	-0.20	0.45	0.10	-0.10	-0.46	0.05	0.54	0.01	0.19	0.26	-0.16	-0.61	-0.07	0.03
F6	-0.75	0.15	-0.38	-0.01	-0.20	0.44	0.10	-0.10	-0.52	0.05	0.53	0.01	0.19	0.34	-0.16	-0.51	-0.07	0.03
F7	0.82	0.75	-1.44	0.12	-0.20	-1.43	-0.06	-0.65	-0.56	0.01	0.42	-0.12	0.18	-0.32	0.01	1.38	-0.15	0.12
F8	0.24	0.21	-0.95	-0.01	-0.20	0.27	0.10	-0.10	-0.60	0.05	0.42	0.01	0.19	0.35	-0.16	0.10	-0.07	0.03
F9	2.13	0.77	-1.34	-0.01	-0.20	-1.41	0.10	-0.10	0.44	0.05	0.85	0.01	0.19	-1.47	-0.16	2.41	-0.07	0.03
Q1	-0.55	0.47	0.35	-0.01	-0.20	0.78	0.10	-0.10	1.51	0.05	0.41	0.01	0.19	1.46	-0.16	-1.21	-0.07	0.03
Q3	-0.59	-1.01	0.79	-0.01	-0.20	0.90	0.10	-0.10	-0.11	0.05	0.58	0.01	0.19	0.99	-0.16	-1.49	-0.07	0.03
Q2	-0.35	-0.35	0.61	-0.01	-0.20	0.73	0.10	-0.10	0.62	0.05	0.48	0.01	0.19	1.17	-0.16	-1.59	-0.07	0.03
Q5	-0.34	-2.02	2.50	-2.45	5.00	0.34	-4.51	-2.34	-0.20	-1.80	-1.83	-4.98	-4.00	-1.31	-1.40	-0.69	5.00	-5.00
Q4	-0.64	-0.72	0.42	2.47	3.34	0.88	-0.09	-0.45	0.16	0.05	0.41	0.05	-2.17	0.72	3.13	-0.08	0.41	-0.09
Q7	1.04	-0.82	-0.11	-0.01	-0.20	0.55	0.10	-0.10	0.31	0.05	0.39	0.01	0.19	1.05	-0.16	0.39	-0.07	0.03
Q6	1.35	-0.05	-0.65	-0.01	-0.20	0.60	0.10	-0.10	1.01	0.05	0.38	0.01	0.19	1.45	-0.16	0.65	-0.07	0.03
E11	-0.95	0.71	-0.47	-0.01	-0.20	0.44	0.10	-0.10	-0.09	0.05	0.53	0.01	0.19	0.28	-0.16	-0.62	-0.07	0.03
E10	1.23	0.97	-1.48	0.36	1.93	-1.52	0.05	-0.13	-0.06	-0.10	0.43	0.05	0.48	-0.20	-0.15	1.21	-0.14	0.04
E12	-1.51	0.63	-0.40	2.16	0.51	0.42	0.29	-0.50	-0.11	-0.38	0.72	-0.20	2.95	0.31	-1.04	-0.78	-0.07	0.07
C12	-0.02	0.26	-0.89	-0.01	-0.20	0.29	0.10	-0.10	-0.58	0.05	0.43	0.01	0.19	0.33	-0.16	0.10	-0.07	0.03
C11	-0.17	0.85	-1.17	-0.53	1.93	-1.39	1.92	2.03	-0.40	-5.00	0.46	-2.91	1.10	0.14	-1.77	1.19	0.09	-0.65
C10	-0.44	0.41	-0.20	-0.01	-0.20	-1.16	0.10	-0.10	-0.20	0.05	0.64	0.01	0.19	-0.33	-0.16	-0.01	-0.07	0.03
A11	-1.45	-0.99	1.55	-0.01	-0.20	0.71	0.10	-0.10	-0.31	0.05	-0.67	0.01	0.19	-0.62	-0.16	-0.20	-0.07	0.03
A10	0.08	1.57	-0.76	5.00	-1.14	-1.42	-1.34	0.88	0.17	-0.85	-0.09	1.36	1.11	-2.43	-0.27	1.50	-0.06	0.19
A12	-0.33	-0.62	0.66	-0.01	-0.20	1.24	0.10	-0.10	-0.57	0.05	-1.51	0.01	0.19	0.44	-0.16	-1.03	-0.07	0.03
A1	0.53	0.00	1.38	-0.01	-0.20	2.78	0.10	-0.10	5.00	0.05	1.03	0.01	0.19	5.00	-0.16	0.31	-0.07	0.03
A3	-1.14	-0.39	0.76	-0.01	-0.20	1.24	0.10	-0.10	-0.30	0.05	-1.49	0.01	0.19	0.07	-0.16	0.10	-0.07	0.03
A2	-1.07	-0.65	1.05	-0.01	-0.20	1.26	0.10	-0.10	-0.72	0.05	-1.50	0.01	0.19	-0.04	-0.16	-1.15	-0.07	0.03
A5	-0.25	-0.68	0.29	-0.01	-0.20	0.76	0.10	-0.10	0.44	0.05	0.49	0.01	0.19	1.22	-0.16	0.15	-0.07	0.03
A4	-0.40	-0.67	1.29	-0.01	-0.67	1.37	0.08	-0.07	-0.54	0.34	-2.85	-0.12	0.16	-0.79	-0.50	-0.10	-0.01	-0.10
A7	-0.70	-2.04	1.18	-0.01	-0.20	0.68	0.10	-0.10	-1.07	0.05	0.63	0.01	0.19	0.20	-0.16	-0.59	-0.07	0.03
A6	-0.81	-0.80	1.16	-0.01	-0.20	1.24	0.10	-0.10	-0.58	0.05	-1.50	0.01	0.19	0.04	-0.16	-1.21	-0.07	0.03
A9	0.39	-0.80	2.00	-0.01	-0.20	0.42	0.10	-0.10	2.46	0.05	-1.55	0.01	0.19	0.52	-0.16	1.32	-0.07	0.03
A8	-1.35	-1.04	1.36	-0.01	-0.20	0.70	0.10	-0.10	-0.65	0.05	-0.64	0.01	0.19	-0.68	-0.16	-0.27	-0.07	0.03
D8	-0.51	0.74	-0.42	-0.01	-0.20	-1.33	0.10	-0.10	-0.27	0.05	0.60	0.01	0.19	-0.54	-0.16	0.07	-0.07	0.03
D9	-0.39	0.16	-0.57	-0.01	-0.20	0.44	0.10	-0.10	-0.64	0.05	0.53	0.01	0.19	0.15	-0.16	-0.40	-0.07	0.03
D6	0.55	0.47	-1.09	-0.01	-0.20	-1.46	0.10	-0.10	-0.69	0.05	0.41	0.01	0.19	0.01	-0.16	0.59	-0.07	0.03
D7	0.32	0.42	-0.95	-0.01	-0.20	-1.37	0.10	-0.10	-0.83	0.05	0.59	0.01	0.19	-0.59	-0.16	0.69	-0.07	0.03
D4	1.23	1.07	-1.30	0.06	0.04	-1.43	0.13	0.19	0.36	0.48	0.74	-0.16	0.22	-1.15	1.64	1.80	-0.19	0.16
D5	1.58	0.98	-1.26	-0.01	-0.20	-1.32	0.10	-0.10	0.59	0.05	0.67	0.01	0.19	-1.14	-0.16	2.29	-0.07	0.03
D2	-0.18	0.47	-0.31	-0.01	-0.20	-1.09	0.10	-0.10	-0.31	0.05	0.57	0.01	0.19	-0.51	-0.16	-0.18	-0.07	0.03
D3	0.94	1.07	-1.28	-0.01	-0.20	-1.44	0.10	-0.10	0.09	0.05	0.64	0.01	0.19	-0.96	-0.16	1.61	-0.07	0.03
D1	-0.23	0.91	-0.45	-2.91	0.75	-1.24	-0.73	0.48	-0.07	-1.04	0.37	0.01	-2.06	-0.43	0.57	0.26	0.12	0.05
