G7	-1.12	1.79	-0.79	-0.16	-0.16	-0.80	-0.11	0.07	0.88	-0.01	0.48	-0.08	-0.23	-1.68	-0.09	1.54	0.09	0.06
G6	-1.50	1.66	-1.19	-0.16	-0.16	-0.87	-0.11	0.07	0.01	-0.01	-0.37	-0.08	-0.23	-0.64	-0.09	1.05	0.09	0.06
G5	-0.66	1.64	-0.55	-0.16	-0.16	-0.78	-0.11	0.07	0.72	-0.01	0.42	-0.08	-0.23	-2.48	-0.09	1.21	0.09	0.06
G4	2.78	-0.95	-0.87	-0.16	-0.16	-0.83	-0.11	0.07	-0.67	-0.01	-0.03	-0.08	-0.23	-0.07	-0.09	0.48	0.09	0.06
G3	2.31	-0.19	-1.76	-0.19	-0.42	-0.79	-0.45	-0.07	-0.60	-0.06	1.28	0.69	-0.22	-0.93	0.50	0.51	-0.18	0.14
G2	2.41	0.01	-0.89	-0.16	-0.16	-0.77	-0.11	0.07	0.43	-0.01	0.29	-0.08	-0.23	-1.11	-0.09	1.05	0.09	0.06
G1	-0.36	0.62	-0.48	-0.03	0.37	-0.87	-0.57	0.13	-0.39	0.09	-0.00	-1.48	-0.21	-1.54	0.49	1.06	-0.15	0.06
G9	-0.83	1.55	-0.86	-0.17	-0.03	-0.80	-0.69	0.83	0.48	0.19	0.48	-1.06	-0.10	-1.60	-0.87	1.54	-0.12	0.01
G8	-1.03	1.60	-0.04	0.73	-0.03	-0.87	3.62	1.39	1.55	-0.54	-0.04	3.96	-0.36	-1.97	-0.02	2.27	0.29	-0.26
N6	-1.54	0.72	0.07	-0.16	-0.16	1.30	-0.11	0.07	0.92	-0.01	1.16	-0.08	-0.23	0.82	-0.09	-1.15	0.09	0.06
N7	-0.96	0.46	0.48	-0.16	-0.16	1.39	-0.11	0.07	1.78	-0.01	1.17	-0.08	-0.23	0.98	-0.09	-0.08	0.09	0.06
B4	3.09	-0.92	0.95	-0.16	-0.16	1.25	-0.11	0.07	1.74	-0.01	0.35	-0.08	-0.23	-0.31	-0.09	-0.69	0.09	0.06
B5	-0.39	0.18	-0.37	-0.16	-0.16	1.30	-0.11	0.07	0.89	-0.01	1.14	-0.08	-0.23	1.29	-0.09	-0.16	0.09	0.06
B6	0.19	-0.27	0.63	-2.24	-0.29	-0.79	4.87	-3.07	0.07	1.84	0.63	-1.27	-1.57	-0.98	-0.15	1.96	-0.92	-0.17
B7	-0.58	0.37	-1.45	-0.16	-0.16	-0.74	-0.11	0.07	-1.23	-0.01	1.45	-0.08	-0.23	-0.85	-0.09	0.88	0.09	0.06
B1	-1.16	1.20	-1.42	-0.16	-0.16	-0.75	-0.11	0.07	0.23	-0.01	1.19	-0.08	-0.23	0.32	-0.09	0.80	0.09	0.06
B2	0.21	0.64	-2.42	-0.01	4.04	-0.77	0.96	-2.03	-0.76	-0.20	1.06	4.00	-0.26	1.35	1.41	0.54	-3.01	0.58
B3	2.32	-1.28	0.99	-0.16	-0.16	1.18	-0.11	0.07	0.41	-0.01	-0.05	-0.08	-0.23	-0.46	-0.09	-0.65	0.09	0.06
B8	1.15	0.45	-0.72	-0.16	-0.16	-0.84	-0.11	0.07	0.06	-0.01	0.22	-0.08	-0.23	-2.13	-0.09	1.68	0.09	0.06
B9	-0.38	-0.66	0.84	-0.16	-0.16	-0.75	-0.11	0.07	-0.93	-0.01	-0.17	-0.08	-0.23	0.49	-0.09	-1.63	0.09	0.06
N5	-0.03	0.22	-0.81	-0.16	-0.16	-0.97	-0.11	0.07	-0.44	-0.01	1.22	-0.08	-0.23	0.34	-0.09	-0.91	0.09	0.06
P10	0.71	-0.89	1.50	4.53	-0.16	0.93	0.54	-0.63	0.67	0.05	-2.57	-0.25	4.29	0.88	-0.67	-0.79	-0.47	0.19
P11	1.14	-0.68	0.30	-0.16	-0.16	0.99	-0.11	0.07	0.09	-0.01	-0.56	-0.08	-0.23	0.85	-0.09	-1.16	0.09	0.06
P12	0.80	-1.27	0.77	-0.16	-0.16	1.09	-0.11	0.07	-0.77	-0.01	-0.70	-0.08	-0.23	0.64	-0.09	-1.21	0.09	0.06
E9	-1.02	1.17	-0.59	-0.12	-2.65	-0.93	3.10	-0.46	0.14	-0.11	0.51	-2.12	-1.02	-0.48	-1.59	0.44	0.39	-0.43
E8	-0.50	1.28	0.35	-0.16	-0.16	-0.84	-0.11	0.07	1.76	-0.01	-0.12	-0.08	-0.23	-0.77	-0.09	0.86	0.09	0.06
E5	-0.43	1.13	0.12	-0.16	-0.16	-0.84	-0.11	0.07	0.94	-0.01	-0.12	-0.08	-0.23	-1.48	-0.09	0.78	0.09	0.06
E4	-0.76	1.44	-0.19	-0.16	-0.16	-0.84	-0.11	0.07	1.14	-0.01	0.23	-0.08	-0.23	-0.89	-0.09	0.22	0.09	0.06
E7	-0.44	1.19	-0.38	-0.16	-0.16	-0.75	-0.11	0.07	0.82	-0.01	0.06	-0.08	-0.23	-1.30	-0.09	1.39	0.09	0.06
E6	-0.75	0.62	-0.40	-0.11	0.50	-0.75	-0.49	0.47	-0.22	-0.15	-0.01	0.01	-0.16	-0.70	-0.21	1.03	0.10	-0.20
E1	0.88	0.59	-0.88	-3.40	-5.00	-1.02	-0.39	-4.70	0.01	0.59	0.13	4.60	0.67	-1.48	0.69	1.59	-0.34	-1.60
P8	-0.26	-0.71	2.25	3.93	-0.03	1.04	-0.13	-0.68	1.09	0.53	-2.68	0.35	4.07	1.14	0.02	-0.50	-1.62	-0.12
E3	-0.02	-0.91	0.01	-0.16	-0.16	-0.79	-0.11	0.07	-1.88	-0.01	-0.12	-0.08	-0.23	0.37	-0.09	-0.99	0.09	0.06
E2	0.00	-0.62	-0.48	-0.16	-0.16	-0.94	-0.03	-0.07	-1.99	-0.05	-0.10	-0.50	-0.23	0.07	-0.24	-0.67	0.13	0.42
P2	0.04	-1.50	1.26	4.04	-0.03	0.96	0.62	-1.05	-1.09	0.08	-2.64	0.22	4.50	1.15	-1.21	-0.69	-0.75	0.24
P3	0.42	-1.06	0.34	-0.16	-0.16	1.35	-0.11	0.07	-0.54	-0.01	-0.84	-0.08	-0.23	1.16	-0.09	0.02	0.09	0.06
P1	-0.05	-0.81	-0.02	-0.16	-0.16	1.56	-0.11	0.07	-1.11	-0.01	-0.88	-0.08	-0.23	1.18	-0.09	-1.04	0.09	0.06
P6	0.85	-0.96	0.88	-0.16	-0.16	1.07	-0.11	0.07	-0.07	-0.01	-0.65	-0.08	-0.23	0.60	-0.09	-1.13	0.09	0.06
P7	0.39	-0.88	-0.02	-1.88	1.55	1.34	0.56	-1.67	0.04	-0.05	-0.37	0.98	0.32	2.07	2.74	0.80	-2.62	-0.17
P4	0.50	-1.16	0.50	-0.16	-0.16	1.36	-0.11	0.07	-0.59	-0.01	-1.02	-0.08	-0.23	1.11	-0.09	-0.05	0.09	0.06
P5	0.62	-0.60	1.13	-0.17	-0.16	1.34	-0.07	-0.32	1.14	0.05	-0.90	-0.08	-0.29	0.81	-0.01	0.40	0.12	-0.18
H10	1.32	-1.93	1.57	-0.18	3.26	1.32	-0.09	-0.23	0.22	0.31	1.20	-0.08	-0.16	1.64	0.10	-2.83	0.17	-0.02
H11	0.99	-1.56	1.28	-0.25	4.83	1.70	-1.58	0.35	0.06	-0.99	0.10	0.05	-0.54	1.18	-0.37	-1.98	1.34	-0.10
H12	1.36	-2.54	2.72	0.05	0.76	1.83	-2.36	0.97	-0.91	-1.37	-2.43	-0.08	-0.74	-0.23	0.24	-0.74	1.22	0.51
P9	0.24	-0.66	1.33	0.08	-0.29	1.14	-0.19	-0.01	0.96	-0.01	-1.00	-0.04	-0.44	0.78	0.08	0.63	-0.03	0.10
F12	1.47	-0.53	-1.35	0.95	-0.42	-0.72	2.23	-0.15	-1.03	-0.48	1.00	-1.10	-0.02	-0.63	-0.68	1.29	0.27	0.20
F10	0.24	0.35	-1.74	0.37	3.26	-0.66	0.58	1.11	0.17	-0.80	1.16	3.49	2.42	0.31	-5.00	0.25	5.00	4.49
F11	2.47	-0.24	-1.54	-0.11	0.76	-0.82	1.36	1.37	-0.37	-0.23	1.28	-0.72	0.80	-0.24	-1.38	-0.59	0.45	-1.04
N12	-0.88	0.27	0.37	-0.16	-0.16	1.33	-0.11	0.07	1.26	-0.01	1.25	-0.08	-0.23	0.96	-0.09	-0.54	0.09	0.06
H8	-1.19	0.42	0.72	-0.16	-0.16	1.30	-0.11	0.07	1.81	-0.01	1.18	-0.08	-0.23	1.25	-0.09	-0.44	0.09	0.06
H9	-0.99	0.45	0.17	-0.16	-0.16	1.40	-0.11	0.07	1.47	-0.01	1.14	-0.08	-0.23	1.50	-0.09	-0.64	0.09	0.06
H6	-1.19	0.04	0.54	-0.16	-0.16	1.31	-0.11	0.07	0.71	-0.01	1.19	-0.08	-0.23	1.23	-0.09	-1.38	0.09	0.06
H7	-1.23	0.39	0.68	-0.16	-0.16	1.28	-0.11	0.07	1.62	-0.01	1.17	-0.08	-0.23	1.18	-0.09	-0.52	0.09	0.06
H4	-1.94	1.54	-1.16	-0.03	-0.16	-0.84	-0.65	0.66	0.54	0.02	1.22	0.18	-0.00	0.38	0.32	0.45	0.00	0.19
H5	-1.05	-0.16	0.61	-0.16	-0.16	1.30	-0.11	0.07	0.66	-0.01	1.24	-0.08	-0.23	0.76	-0.09	-0.30	0.09	0.06
D10	-0.49	0.66	-0.58	-0.16	-0.16	-0.80	-0.11	0.07	-0.12	-0.01	0.60	-0.08	-0.23	-0.78	-0.09	0.50	0.09	0.06
D11	0.21	1.13	-1.23	-0.16	-0.16	-0.83	-0.11	0.07	0.36	-0.01	0.08	-0.08	-0.23	-1.03	-0.09	1.29	0.09	0.06
D12	0.76	0.58	-1.79	-0.14	-0.03	-0.85	5.00	-1.72	-0.61	4.03	0.37	-2.20	-1.80	-1.50	1.29	1.89	-1.10	1.67
B12	-0.41	-0.50	0.99	-0.16	-0.16	-0.72	-0.11	0.07	-0.46	-0.01	-0.27	-0.08	-0.23	0.24	-0.09	-0.84	0.09	0.06
B10	0.56	0.31	-0.47	-0.16	-0.16	-0.86	-0.11	0.07	-0.01	-0.01	0.18	-0.08	-0.23	-0.33	-0.09	-0.34	0.09	0.06
B11	0.45	-0.54	0.69	-0.16	-0.16	-0.78	-0.11	0.07	-0.29	-0.01	0.17	-0.08	-0.23	-0.29	-0.09	-0.63	0.09	0.06
Q8	0.23	-0.31	1.03	-0.16	-0.16	0.24	-0.11	0.07	-0.35	-0.01	-1.05	-0.08	-0.23	-2.53	-0.09	1.70	0.09	0.06
Q9	0.34	-0.90	0.85	-1.07	-0.16	1.04	0.01	-1.30	-0.28	0.28	-0.73	0.73	-0.86	0.64	0.64	-0.96	0.38	0.13
C9	-0.77	1.78	-0.83	-0.16	-0.16	-0.85	-0.11	0.07	0.98	-0.01	-0.22	-0.08	-0.23	-0.93	-0.09	0.82	0.09	0.06
C8	0.02	0.43	-1.56	-0.16	-0.16	-0.82	-0.11	0.07	-1.14	-0.01	0.66	-0.08	-0.23	-0.52	-0.09	0.19	0.09	0.06
Q11	0.62	-1.35	0.13	0.73	0.10	1.07	-0.55	0.83	-1.36	0.05	-0.63	-0.33	-0.06	1.13	-0.05	-1.11	0.02	0.29
Q10	0.09	-1.47	1.21	4.06	0.10	0.92	0.30	-0.43	-1.06	-0.08	-2.63	0.05	4.53	1.23	-1.10	-0.70	-0.96	0.21
Q12	0.34	-1.67	1.46	-0.16	-0.16	0.88	-0.11	0.07	-1.44	-0.01	-2.55	-0.08	-0.23	1.05	-0.09	-0.95	0.09	0.06
C3	-0.57	-0.11	0.07	-0.43	0.10	-0.56	0.78	-0.26	-0.67	0.00	-0.20	-0.21	-0.16	0.65	-0.07	-1.14	0.34	0.27
C2	0.90	-0.31	0.24	-0.16	-0.16	-0.77	-0.11	0.07	-0.05	-0.01	0.15	-0.08	-0.23	-0.71	-0.09	0.16	0.09	0.06
C1	0.15	-0.74	0.49	-0.19	-0.29	-0.84	-0.83	-1.47	-0.93	-0.28	-0.17	0.01	-0.22	0.45	0.28	-0.80	-0.25	-0.04
C7	-0.37	1.65	0.26	-0.15	-0.16	-0.93	-0.81	4.20	2.17	3.54	-0.70	1.07	-0.41	-0.76	0.14	0.74	-1.14	2.78
C6	-0.91	1.52	-0.21	-0.16	-0.16	-0.84	-0.11	0.07	1.16	-0.01	-0.70	-0.08	-0.23	-0.53	-0.09	0.82	0.09	0.06
C5	-0.80	1.84	-0.76	-0.16	-0.16	-0.84	-0.11	0.07	1.11	-0.01	-0.23	-0.08	-0.23	-0.99	-0.09	0.84	0.09	0.06
C4	-0.98	1.43	-1.55	-0.16	-0.03	-0.73	-0.37	0.52	-0.66	-0.08	-0.41	-0.67	-0.24	-1.03	0.10	0.75	-0.14	0.17
N10	-1.22	0.28	1.04	-0.16	-0.16	1.31	-0.11	0.07	1.72	-0.01	1.24	-0.08	-0.23	0.92	-0.09	-0.64	0.09	0.06
N8	-0.79	-0.20	-0.33	0.21	0.10	-0.95	-0.67	-0.18	-1.44	-0.15	1.34	-0.38	-0.18	-0.12	-0.36	-1.21	0.22	0.15
N9	-1.05	-0.35	-0.60	-0.16	-0.16	-0.80	-0.11	0.07	-2.38	-0.01	0.56	-0.08	-0.23	-0.28	-0.09	-0.87	0.09	0.06
N11	-1.26	0.04	-0.17	2.15	-0.55	1.32	0.07	0.16	0.44	-0.06	1.15	0.26	-0.09	1.39	-0.18	-0.26	0.25	0.04
G12	1.84	-0.34	-0.30	-0.16	-0.16	-0.87	-0.11	0.07	0.28	-0.01	0.50	-0.08	-0.23	-0.02	-0.09	-0.30	0.09	0.06
G11	2.07	0.53	-1.13	-2.41	-0.03	-0.77	-1.80	-1.22	0.52	3.60	2.21	-2.12	-0.07	-1.58	4.20	1.28	-5.00	-2.63
G10	-0.48	1.58	-0.21	-0.16	-0.16	-0.82	-0.11	0.07	1.38	-0.01	-0.08	-0.08	-0.23	-2.24	-0.09	2.33	0.09	0.06
F1	-0.13	0.69	-0.81	-0.16	-0.16	-0.77	-0.11	0.07	-0.17	-0.01	0.22	-0.08	-0.23	-1.23	-0.09	1.39	0.09	0.06
F2	-0.44	-0.03	-0.85	-0.16	-0.16	-0.82	-0.11	0.07	-1.33	-0.01	0.56	-0.08	-0.23	-0.35	-0.09	0.52	0.09	0.06
F3	-0.40	0.86	-1.11	-0.16	-0.16	-0.80	-0.11	0.07	-0.35	-0.01	0.54	-0.08	-0.23	-0.67	-0.09	0.25	0.09	0.06
F4	-0.05	-0.75	0.40	-0.20	-0.29	-0.81	-0.57	-0.26	-1.31	-0.20	-0.21	-0.46	-0.23	0.01	0.26	-0.78	0.16	0.06
F5	-0.25	0.83	-1.09	-0.16	-0.16	-0.85	-0.11	0.07	-0.11	-0.01	0.57	-0.08	-0.23	-0.43	-0.09	0.32	0.09	0.06
F6	-0.23	0.40	-0.83	-0.16	-0.16	-0.83	-0.11	0.07	-0.58	-0.01	0.63	-0.08	-0.23	-0.62	-0.09	0.41	0.09	0.06
F7	-0.24	0.13	-1.39	-0.16	-0.16	-0.84	-0.11	0.07	-1.64	-0.01	-0.17	-0.08	-0.23	-0.35	-0.09	1.00	0.09	0.06
F8	0.35	0.54	-1.55	-0.16	-0.16	-0.82	-0.11	0.07	-0.66	-0.01	0.30	-0.08	-0.23	-0.62	-0.09	1.01	0.09	0.06
F9	0.66	-0.47	-0.52	-0.11	-0.68	-0.90	1.48	1.62	-1.13	0.46	-0.11	-1.18	-1.30	0.36	0.39	-0.36	-0.29	-0.43
Q1	-0.23	0.14	0.66	-0.16	-0.16	1.37	-0.11	0.07	1.94	-0.01	1.15	-0.08	-0.23	0.95	-0.09	-0.05	0.09	0.06
Q3	0.43	-0.71	1.17	-0.16	-0.16	1.06	-0.11	0.07	0.49	-0.01	-0.65	-0.08	-0.23	0.83	-0.09	-1.04	0.09	0.06
Q2	0.43	-0.89	1.02	-0.16	-0.16	1.09	-0.11	0.07	-0.16	-0.01	-0.71	-0.08	-0.23	0.61	-0.09	-1.26	0.09	0.06
Q5	0.18	-1.51	1.26	4.02	0.37	0.99	0.46	-0.80	-1.07	-0.06	-2.61	0.13	4.49	1.19	-1.64	-0.73	-0.69	-0.05
Q4	0.91	-1.49	0.31	-0.92	1.42	1.04	0.40	-2.09	-0.41	-0.01	-0.81	4.13	-0.28	1.38	-0.01	-1.14	3.79	0.13
Q7	0.48	-2.15	0.88	0.46	-0.29	0.79	-0.73	-0.57	-2.00	0.23	-0.51	0.01	1.27	1.05	1.40	-1.73	-0.54	-0.11
Q6	0.64	-1.42	0.17	-0.16	-0.16	1.01	-0.11	0.07	-1.34	-0.01	-0.56	-0.08	-0.23	1.33	-0.09	-0.97	0.09	0.06
E11	-0.27	1.10	-0.79	-0.16	-0.16	-0.82	-0.11	0.07	0.38	-0.01	-0.07	-0.08	-0.23	-0.93	-0.09	1.08	0.09	0.06
E10	-0.42	-0.31	0.79	-0.17	0.37	-0.86	0.09	-0.60	-0.48	-0.25	-0.14	-0.29	-0.22	0.05	-0.05	-0.83	-0.00	-0.18
E12	-0.72	1.01	0.13	-0.22	-0.82	-0.85	-1.68	0.55	1.06	-0.28	0.38	-0.50	-0.23	-0.32	-0.12	0.27	0.04	-0.21
C12	-0.55	1.16	-0.78	-0.16	-0.16	-0.82	-0.11	0.07	0.35	-0.01	0.29	-0.08	-0.23	-0.62	-0.09	0.25	0.09	0.06
C11	-1.27	0.44	-0.57	0.84	-0.55	-0.77	-0.37	0.02	-0.84	1.14	0.19	-1.35	0.08	0.04	0.31	-0.28	-0.06	0.45
C10	-0.78	1.04	-0.49	-0.16	-0.16	-0.84	-0.11	0.07	0.24	-0.01	0.39	-0.08	-0.23	-0.77	-0.09	0.22	0.09	0.06
A11	-1.36	-0.93	1.42	-0.32	0.24	1.63	-0.43	0.64	-0.48	-0.01	-2.86	-0.46	1.71	-0.72	5.00	0.44	0.84	0.26
A10	2.77	-0.95	-0.87	-0.16	-0.16	-0.83	-0.11	0.07	-0.67	-0.01	-0.04	-0.08	-0.23	-0.06	-0.09	0.48	0.09	0.06
A12	0.94	-0.39	0.51	-0.16	-0.16	1.14	-0.01	-0.40	0.68	0.09	-0.74	0.26	-0.22	0.84	-0.25	-1.02	0.32	-0.23
A1	0.75	-1.31	1.79	-0.16	-0.16	0.95	-0.11	0.07	-0.22	-0.01	-2.48	-0.08	-0.23	0.66	-0.09	-0.52	0.09	0.06
A3	-1.08	-0.14	0.07	-0.16	-0.16	1.26	-0.11	0.07	0.19	-0.01	1.19	-0.08	-0.23	1.00	-0.09	-0.18	0.09	0.06
A2	-0.82	0.36	0.03	-0.16	-0.16	1.27	-0.11	0.07	1.09	-0.01	1.18	-0.08	-0.23	1.20	-0.09	-0.78	0.09	0.06
A5	1.15	-1.15	0.70	-0.16	-0.16	1.08	-0.11	0.07	-0.41	-0.01	-0.66	-0.08	-0.23	0.64	-0.09	-1.31	0.09	0.06
A4	0.03	0.09	0.80	-0.16	-0.16	1.39	-0.11	0.07	2.47	-0.01	1.23	-0.08	-0.23	1.27	-0.09	0.23	0.09	0.06
A7	0.40	-1.67	1.25	-0.31	-0.16	0.92	-0.01	0.07	-1.53	-0.01	-0.64	-0.33	-0.22	0.58	-0.24	-2.12	0.12	0.13
A6	-0.19	-0.58	1.41	0.15	-0.03	0.86	-0.55	-1.67	0.64	0.63	-0.62	3.11	1.42	1.10	0.85	-0.86	-1.60	-0.75
A9	0.42	-0.82	2.87	-0.16	-0.16	1.11	-0.11	0.07	1.94	-0.01	-1.29	-0.08	-0.23	-0.20	-0.09	0.76	0.09	0.06
A8	-1.10	-0.59	1.07	-0.16	-0.16	1.44	-0.11	0.07	0.09	-0.01	-0.74	-0.08	-0.23	1.31	-0.09	0.04	0.09	0.06
D8	-0.40	0.99	-0.32	-0.16	-0.16	-0.83	-0.11	0.07	0.68	-0.01	0.02	-0.08	-0.23	-1.04	-0.09	1.35	0.09	0.06
D9	-0.48	0.87	-1.27	-0.19	0.24	-0.86	0.70	1.31	-0.58	-0.11	0.55	-0.12	-0.26	-0.79	-0.08	0.25	0.02	0.34
D6	-1.91	1.30	-0.84	1.20	3.91	-0.65	-1.09	5.00	-0.75	-5.00	-0.00	-1.23	0.35	-0.70	0.89	1.57	-1.16	-5.00
D7	0.06	0.99	-1.32	-0.16	-0.16	-0.84	-0.11	0.07	-0.11	-0.01	0.02	-0.08	-0.23	-0.68	-0.09	0.66	0.09	0.06
D4	0.19	-0.92	0.35	-0.22	0.10	-0.82	0.03	0.58	-1.41	0.19	-0.16	-0.59	-0.21	0.25	0.19	-0.82	-0.22	-0.12
D5	0.34	-0.93	0.45	-0.08	-0.03	-0.85	-1.76	-1.02	-1.40	-1.47	-0.18	-1.31	-0.14	0.21	0.37	-0.91	-0.23	-0.81
D2	-0.81	1.22	-1.17	-0.16	-0.16	-0.81	-0.11	0.07	-0.24	-0.01	0.42	-0.08	-0.23	-0.83	-0.09	0.21	0.09	0.06
D3	-0.27	-0.35	0.41	0.07	-0.03	-0.86	-1.23	0.05	-0.68	-0.42	-0.10	0.09	-0.23	0.09	0.92	-1.12	0.29	-0.10
D1	-0.89	1.24	-0.10	-0.16	-0.16	-0.83	-0.11	0.07	1.10	-0.01	0.32	-0.08	-0.23	-0.41	-0.09	0.27	0.09	0.06
