G7	-0.95	1.42	-1.13	0.48	0.24	0.30	0.04	-0.17	0.63	-0.18	0.94	0.31	0.44	0.70	-0.17	0.35	0.15	0.14
G6	-1.66	1.08	-0.85	-0.11	0.15	-0.07	-0.00	0.05	-0.54	0.07	0.90	0.16	0.22	0.05	-0.09	0.67	-0.08	0.16
G5	-0.79	0.80	-1.01	-0.11	0.15	-0.17	-0.00	0.05	-0.50	0.07	0.98	0.16	0.22	-0.39	-0.09	0.63	-0.08	0.16
G4	2.16	-1.84	0.63	-0.11	0.15	0.36	-0.00	0.05	-0.18	0.07	1.12	0.16	0.22	-0.85	-0.09	-0.20	-0.08	0.16
G3	1.30	-1.30	0.73	-0.11	0.15	-0.22	-0.00	0.05	-0.39	0.07	-0.57	0.16	0.22	-0.32	-0.09	-0.35	-0.08	0.16
G2	0.97	-1.10	0.94	-0.11	0.15	0.42	-0.00	0.05	-0.12	0.07	-0.71	0.16	0.22	-0.16	-0.09	-0.76	-0.08	0.16
G1	-0.35	0.57	-0.74	-0.11	0.15	0.29	-0.00	0.05	-0.09	0.07	0.91	0.16	0.22	0.93	-0.09	-0.95	-0.08	0.16
G9	-0.44	1.01	-0.77	-0.11	0.15	-0.01	-0.00	0.05	0.28	0.07	-0.11	0.16	0.22	-0.43	-0.09	0.70	-0.08	0.16
G8	-1.46	1.87	-1.40	-0.11	0.15	0.34	-0.00	0.05	0.42	0.07	0.91	0.16	0.22	0.37	-0.09	0.51	-0.08	0.16
N6	-1.03	-0.63	2.45	-0.84	1.73	-0.87	0.26	-0.50	0.44	0.56	-1.09	-0.38	1.45	0.09	0.47	-1.41	-0.20	-0.82
N7	-0.84	-0.17	1.19	-0.11	0.15	-0.55	-0.00	0.05	-0.01	0.07	-0.81	0.16	0.22	-0.24	-0.09	-0.16	-0.08	0.16
B4	0.90	-1.07	1.59	-0.11	0.15	-0.42	-0.00	0.05	0.83	0.07	-0.94	0.16	0.22	1.01	-0.09	-1.30	-0.08	0.16
B5	-1.17	2.16	-1.94	-0.11	0.15	-0.16	-0.00	0.05	0.15	0.07	0.40	0.16	0.22	-0.24	-0.09	0.71	-0.08	0.16
B6	0.53	-1.04	0.87	-0.31	0.15	0.49	-0.04	-2.42	-0.28	5.00	1.10	-3.49	-0.03	-2.79	5.00	-2.31	-5.00	-1.08
B7	0.64	-0.71	0.67	-0.11	0.15	-0.04	-0.00	0.05	-0.37	0.07	-1.02	0.16	0.22	-1.16	-0.09	0.05	-0.08	0.16
B1	-0.22	0.84	-0.40	-0.11	0.15	0.06	-0.00	0.05	1.24	0.07	1.15	0.16	0.22	0.92	-0.09	-0.26	-0.08	0.16
B2	1.98	-0.23	-0.54	-0.17	0.15	0.13	0.30	0.00	1.38	0.26	1.16	0.31	0.19	0.77	0.10	-0.40	-0.44	0.41
B3	1.50	-0.68	1.60	-0.11	0.15	-0.67	-0.00	0.05	1.86	0.07	-1.18	0.16	0.22	-0.60	-0.09	-0.05	-0.08	0.16
B8	-0.32	-0.10	-1.03	-0.19	0.15	0.26	0.06	-0.13	-1.70	0.02	0.92	0.01	0.03	0.73	-0.14	-0.92	-0.09	0.14
B9	1.12	-0.68	0.80	-0.11	0.15	-0.15	-0.00	0.05	0.47	0.07	-1.14	0.16	0.22	-1.22	-0.09	0.71	-0.08	0.16
N5	-1.48	0.67	-0.92	-0.11	0.15	0.14	-0.00	0.05	-1.56	0.07	1.64	0.16	0.22	-0.02	-0.09	-1.26	-0.08	0.16
P10	0.64	0.28	0.62	-0.11	0.15	-0.49	-0.00	0.05	1.76	0.07	-1.57	0.16	0.22	-0.67	-0.09	1.67	-0.08	0.16
P11	0.34	1.00	-1.16	-0.16	0.15	-0.31	-0.19	0.42	0.81	0.32	0.20	-0.35	-0.09	-0.61	0.12	1.36	0.15	0.44
P12	0.34	0.95	-1.03	-0.11	0.15	-0.41	-0.00	0.05	0.88	0.07	0.19	0.16	0.22	-0.39	-0.09	1.35	-0.08	0.16
E9	-0.55	0.82	-0.43	-0.11	0.15	0.22	-0.00	0.05	0.64	0.07	1.11	0.16	0.22	-0.32	-0.09	0.57	-0.08	0.16
E8	-0.91	0.75	-0.03	-0.11	0.15	0.11	-0.00	0.05	0.45	0.07	0.87	0.16	0.22	0.42	-0.09	-0.81	-0.08	0.16
E5	-0.54	0.97	-0.58	-0.11	0.15	-0.02	-0.00	0.05	0.34	0.07	-0.94	0.16	0.22	-0.14	-0.09	0.99	-0.08	0.16
E4	-0.27	1.13	-0.16	-0.11	0.15	0.11	-0.00	0.05	1.55	0.07	1.05	0.16	0.22	-1.26	-0.09	0.80	-0.08	0.16
E7	-0.04	-0.25	0.61	-0.11	0.15	0.11	-0.00	0.05	0.66	0.07	0.86	0.16	0.22	0.07	-0.09	0.25	-0.08	0.16
E6	-1.30	0.56	-0.28	-0.11	0.15	0.38	-0.00	0.05	-0.15	0.07	0.92	0.16	0.22	0.48	-0.09	0.50	-0.08	0.16
E1	-0.25	-0.06	-0.14	2.27	0.06	-0.26	0.32	-1.91	-1.12	-0.40	-1.12	0.31	-1.48	-0.96	-0.23	0.51	-0.36	0.07
P8	0.16	0.38	0.83	-0.11	0.15	-0.15	-0.00	0.05	1.74	0.07	-0.71	0.16	0.22	-0.11	-0.09	0.21	-0.08	0.16
E3	1.87	-0.82	-0.09	-0.11	0.15	0.49	-0.00	0.05	0.21	0.07	-0.44	0.16	0.22	-0.22	-0.09	0.03	-0.08	0.16
E2	2.07	-1.21	0.38	-0.11	0.15	0.40	-0.00	0.05	-0.40	0.07	-0.89	0.16	0.22	-2.03	-0.09	0.05	-0.08	0.16
P2	-0.81	0.05	0.18	5.00	-5.00	-0.26	5.00	1.37	0.77	-0.86	-0.56	0.78	-0.64	2.10	-1.87	0.60	2.06	2.21
P3	0.84	-0.68	0.25	-0.11	0.15	-0.41	-0.00	0.05	0.21	0.07	-0.76	0.16	0.22	0.47	-0.09	1.03	-0.08	0.16
P1	1.26	-1.09	0.64	-0.11	0.15	-0.33	-0.00	0.05	-0.93	0.07	-1.48	0.16	0.22	-0.76	-0.09	-1.46	-0.08	0.16
P6	0.44	0.94	-0.66	-0.11	0.15	-0.33	-0.00	0.05	1.50	0.07	0.18	0.16	0.22	-0.36	-0.09	1.42	-0.08	0.16
P7	0.74	-0.66	0.85	-0.11	0.15	-0.35	-0.00	0.05	0.30	0.07	-0.99	0.16	0.22	-0.40	-0.09	0.12	-0.08	0.16
P4	0.56	-0.81	0.86	-0.11	0.15	-0.42	-0.00	0.05	-0.08	0.07	-0.98	0.16	0.22	-0.72	-0.09	0.63	-0.08	0.16
P5	0.06	0.98	0.39	-0.11	0.15	-0.21	-0.00	0.05	1.86	0.07	-0.78	0.16	0.22	-0.46	-0.09	-0.04	-0.08	0.16
H10	0.76	-1.72	2.56	-0.11	0.15	0.74	-0.00	0.05	0.31	0.07	-0.55	0.16	0.22	0.06	-0.09	-2.74	-0.08	0.16
H11	-0.25	-1.00	1.86	-0.11	0.15	0.63	-0.00	0.05	-0.50	0.07	-0.85	0.16	0.22	-0.28	-0.09	-2.36	-0.08	0.16
H12	0.93	-2.02	3.25	-0.11	0.15	0.50	-0.00	0.05	0.09	0.07	-1.04	0.16	0.22	-0.95	-0.09	-3.71	-0.08	0.16
P9	-0.47	0.87	0.18	-0.11	0.15	-0.12	-0.00	0.05	1.19	0.07	-0.58	0.16	0.22	0.02	-0.09	0.29	-0.08	0.16
F12	1.62	-1.24	0.70	-0.11	0.15	0.33	-0.00	0.05	0.52	0.07	1.09	0.16	0.22	-0.32	-0.09	-0.35	-0.08	0.16
F10	0.59	-0.70	-0.09	1.02	-0.22	0.24	0.01	1.00	-0.49	-1.66	0.91	-1.12	2.35	1.05	0.48	-2.05	0.24	-0.62
F11	1.10	-1.09	0.63	-0.11	0.15	0.37	-0.00	0.05	0.17	0.07	1.09	0.16	0.22	-0.10	-0.09	-0.57	-0.08	0.16
N12	-1.38	0.71	-1.08	-0.27	0.06	-0.24	0.34	0.09	-0.69	0.02	0.91	0.51	0.25	2.71	-0.17	-0.65	-0.08	0.58
H8	-1.07	0.76	-0.42	-0.11	0.15	-0.65	-0.00	0.05	-0.21	0.07	-1.41	0.16	0.22	1.70	-0.09	0.02	-0.08	0.16
H9	-1.97	0.64	-0.91	-0.24	0.15	0.04	0.13	0.05	-0.80	0.04	0.87	0.25	-5.00	3.03	-0.38	-0.14	1.86	0.25
H6	-2.26	-0.15	-0.68	-1.46	0.15	-0.30	-0.33	0.20	-2.33	0.07	0.85	0.49	-1.76	2.83	-0.08	-0.33	1.48	-0.14
H7	-1.77	0.42	-0.52	-0.11	0.15	-0.23	-0.00	0.05	-1.46	0.07	0.93	0.16	0.22	0.91	-0.09	-0.56	-0.08	0.16
H4	-0.34	1.43	-0.53	-0.11	0.15	-0.03	-0.00	0.05	2.29	0.07	1.22	0.16	0.22	1.14	-0.09	0.54	-0.08	0.16
H5	-2.12	-0.31	-0.76	-0.15	0.15	-0.28	-0.14	-0.06	-2.57	0.07	0.84	0.46	-2.90	2.68	-0.07	-0.34	1.27	0.14
D10	-0.32	0.36	-0.59	-0.11	0.15	0.55	-0.00	0.05	-0.26	0.07	-0.29	0.16	0.22	0.42	-0.09	0.44	-0.08	0.16
D11	-0.64	0.36	-1.40	-0.11	0.15	0.37	-0.00	0.05	-1.34	0.07	0.92	0.16	0.22	0.68	-0.09	0.21	-0.08	0.16
D12	0.47	-1.01	0.00	-0.11	0.15	-0.09	-0.00	0.05	-0.97	0.07	0.92	0.16	0.22	0.06	-0.09	0.27	-0.08	0.16
B12	0.95	-1.32	1.48	-0.11	0.15	-0.09	-0.00	0.05	-0.15	0.07	-0.85	0.16	0.22	-0.79	-0.09	-0.82	-0.08	0.16
B10	1.00	-1.23	0.57	-0.11	0.15	-0.11	-0.00	0.05	-0.91	0.07	-1.18	0.16	0.22	-0.81	-0.09	0.34	-0.08	0.16
B11	0.73	-1.32	0.30	1.77	0.15	0.00	0.14	-4.09	-0.73	4.67	0.02	-2.78	1.98	-2.46	5.00	-0.61	-4.72	-1.58
Q8	-0.66	3.53	-3.16	-0.11	0.15	5.00	-0.00	0.05	2.52	0.07	-2.26	0.16	0.22	-0.55	-0.09	2.91	-0.08	0.16
Q9	0.01	1.02	-1.25	-0.11	0.15	-0.36	-0.00	0.05	0.41	0.07	0.46	0.16	0.22	-0.28	-0.09	1.13	-0.08	0.16
C9	-1.47	1.17	-1.30	-0.11	0.15	0.45	-0.00	0.05	-0.61	0.07	0.89	0.16	0.22	0.93	-0.09	0.09	-0.08	0.16
C8	0.25	-0.22	-0.46	0.47	0.62	-0.24	0.06	-1.21	-0.75	-0.64	-0.31	3.01	-0.61	-0.91	0.76	0.30	0.38	0.21
Q11	0.63	-0.71	-0.04	-0.11	0.15	-0.32	-0.00	0.05	0.14	0.07	1.65	0.16	0.22	0.96	-0.09	0.25	-0.08	0.16
Q10	0.78	-1.09	1.06	-0.11	0.15	-0.08	-0.00	0.05	0.31	0.07	-0.94	0.16	0.22	0.33	-0.09	0.50	-0.08	0.16
Q12	0.95	-1.26	1.33	-0.36	-5.00	-0.84	-0.29	-0.99	-0.15	0.70	-0.48	-0.11	0.99	-2.72	-0.65	1.31	2.24	0.05
C3	0.88	-0.92	0.51	-0.11	0.15	-0.06	-0.00	0.05	-0.69	0.07	-1.00	0.16	0.22	-1.03	-0.09	-0.01	-0.08	0.16
C2	1.15	-0.96	0.72	-0.11	0.15	0.52	-0.00	0.05	0.11	0.07	-0.47	0.16	0.22	-0.19	-0.09	-0.65	-0.08	0.16
C1	0.51	-0.46	-0.36	-0.11	0.15	0.19	-0.00	0.05	-0.97	0.07	-0.42	0.16	0.22	-0.69	-0.09	0.54	-0.08	0.16
C7	-1.53	1.16	0.08	-0.11	0.15	0.12	-0.00	0.05	0.81	0.07	0.88	0.16	0.22	0.85	-0.09	-0.93	-0.08	0.16
C6	-1.17	0.45	0.05	-0.11	0.15	0.19	-0.00	0.05	-0.52	0.07	-0.70	0.16	0.22	-0.69	-0.09	0.87	-0.08	0.16
C5	-1.47	1.18	-1.30	-0.11	0.15	0.47	-0.00	0.05	-0.60	0.07	0.89	0.16	0.22	0.91	-0.09	0.09	-0.08	0.16
C4	-0.85	0.10	-0.11	-0.11	0.15	-0.26	-0.00	0.05	-0.74	0.07	0.90	0.16	0.22	-0.43	-0.09	0.26	-0.08	0.16
N10	-1.80	-0.20	-0.78	0.18	0.24	-0.23	0.03	0.71	-1.33	-0.56	0.83	0.31	-4.19	2.60	1.92	-0.57	2.61	-0.00
N8	-0.59	-0.48	1.29	-0.11	0.15	-0.45	-0.00	0.05	0.22	0.07	1.28	0.16	0.22	0.69	-0.09	-1.95	-0.08	0.16
N9	-0.17	-0.27	1.19	-0.11	0.15	-0.67	-0.00	0.05	0.62	0.07	0.93	0.16	0.22	0.35	-0.09	-2.01	-0.08	0.16
N11	0.65	0.28	-1.32	-2.08	0.06	-0.76	0.75	1.96	-1.14	-1.05	-1.67	-0.32	-0.89	0.11	-0.54	0.95	-0.37	-0.04
G12	0.33	-0.62	-0.24	-0.11	0.15	0.16	-0.00	0.05	-1.35	0.07	-1.12	0.16	0.22	0.81	-0.09	-0.80	-0.08	0.16
G11	-0.01	-0.25	-0.45	-0.11	0.15	0.27	-0.00	0.05	-1.65	0.07	-0.33	0.16	0.22	-0.07	-0.09	-1.57	-0.08	0.16
G10	-1.17	1.37	-1.08	-0.11	0.15	0.02	-0.00	0.05	-0.06	0.07	0.96	0.16	0.22	0.87	-0.09	-1.09	-0.08	0.16
F1	0.17	-0.62	0.67	-0.11	0.15	-0.24	-0.00	0.05	0.30	0.07	0.88	0.16	0.22	0.33	-0.09	0.03	-0.08	0.16
F2	0.53	-0.56	0.69	-0.11	0.15	-0.17	-0.00	0.05	0.05	0.07	-1.38	0.16	0.22	-0.57	-0.09	0.54	-0.08	0.16
F3	-0.49	0.47	-0.65	-0.17	0.06	0.36	-0.23	0.60	-0.26	-0.31	1.09	-0.94	-0.03	-0.36	0.37	-0.04	0.10	-0.11
F4	1.04	-0.96	1.08	-0.11	0.15	-0.09	-0.00	0.05	0.29	0.07	-1.20	0.16	0.22	-0.95	-0.09	0.48	-0.08	0.16
F5	-0.47	0.41	-1.47	-0.11	0.15	-0.37	-0.00	0.05	-1.63	0.07	-0.65	0.16	0.22	0.94	-0.09	0.12	-0.08	0.16
F6	-0.01	0.30	-0.88	-0.11	0.15	0.04	-0.00	0.05	-0.70	0.07	-0.14	0.16	0.22	-0.25	-0.09	0.41	-0.08	0.16
F7	0.85	0.27	0.21	-3.24	-0.69	-1.44	-5.00	-5.00	-0.67	-4.94	-0.07	-5.00	-2.50	-1.23	-3.27	0.39	2.83	-5.00
F8	0.67	-0.28	-0.56	-0.11	0.15	-0.10	-0.00	0.05	-0.30	0.07	0.95	0.16	0.22	-0.47	-0.09	0.69	-0.08	0.16
F9	1.36	-1.08	0.27	-0.11	0.15	0.02	-0.00	0.05	-0.69	0.07	-1.21	0.16	0.22	-0.82	-0.09	0.26	-0.08	0.16
Q1	-1.35	1.14	-0.19	-0.11	0.15	-0.28	-0.00	0.05	0.68	0.07	1.06	0.16	0.22	1.01	-0.09	-0.78	-0.08	0.16
Q3	0.11	1.01	-0.77	-0.11	0.15	-0.47	-0.00	0.05	1.16	0.07	0.25	0.16	0.22	-0.07	-0.09	1.18	-0.08	0.16
Q2	0.26	1.09	-0.77	-0.11	0.15	-0.37	-0.00	0.05	1.39	0.07	0.20	0.16	0.22	-0.45	-0.09	1.41	-0.08	0.16
Q5	0.80	-1.11	1.09	-0.11	0.15	-0.16	-0.00	0.05	0.29	0.07	-0.97	0.16	0.22	0.35	-0.09	0.44	-0.08	0.16
Q4	0.37	0.84	-0.90	-0.11	0.15	-0.44	-0.00	0.05	0.93	0.07	0.27	0.16	0.22	-0.31	-0.09	1.38	-0.08	0.16
Q7	2.25	-2.61	2.41	-0.09	0.24	-0.57	-0.08	0.05	-0.20	0.12	-1.34	0.19	0.16	0.04	-0.09	-2.37	-0.19	0.21
Q6	1.18	-0.95	0.16	-0.11	0.15	-0.33	-0.00	0.05	0.61	0.07	1.67	0.16	0.22	0.98	-0.09	0.39	-0.08	0.16
E11	0.15	1.09	-0.50	-0.11	0.15	0.34	-0.00	0.05	1.03	0.07	-0.31	0.16	0.22	-1.59	-0.09	0.95	-0.08	0.16
E10	0.85	-1.01	0.96	-0.11	0.15	-0.12	-0.00	0.05	-0.13	0.07	-0.92	0.16	0.22	-0.82	-0.09	0.17	-0.08	0.16
E12	-0.64	0.57	-0.36	-0.11	0.15	0.31	-0.00	0.05	0.19	0.07	0.92	0.16	0.22	0.85	-0.09	-0.74	-0.08	0.16
C12	-0.01	-0.40	0.20	-0.11	0.15	-0.26	-0.00	0.05	-0.28	0.07	0.91	0.16	0.22	0.25	-0.09	-0.35	-0.08	0.16
C11	0.52	-0.09	0.41	-0.11	0.15	0.19	-0.00	0.05	0.68	0.07	-0.73	0.16	0.22	-1.14	-0.09	1.11	-0.08	0.16
C10	-0.11	0.82	-0.58	-0.11	0.15	0.32	-0.00	0.05	0.77	0.07	0.90	0.16	0.22	0.69	-0.09	-0.87	-0.08	0.16
A11	-1.38	-0.61	0.10	-1.39	-4.60	-0.03	-0.00	0.16	-2.31	0.07	-3.73	0.01	-2.31	1.44	0.14	0.49	3.19	-0.06
A10	1.87	-2.24	1.26	-0.11	0.15	0.06	-0.00	0.05	-1.15	0.07	-0.56	0.16	0.22	-0.99	-0.09	-1.10	-0.08	0.16
A12	-0.69	0.89	0.07	-0.06	0.24	-0.23	-0.01	-0.11	1.04	0.12	1.07	0.34	0.22	0.58	-0.09	-1.07	-0.05	0.01
A1	-0.15	0.89	0.11	-0.11	0.15	-0.08	-0.00	0.05	1.29	0.07	-0.65	0.16	0.22	-0.36	-0.09	0.28	-0.08	0.16
A3	-1.03	-0.11	-1.07	-0.11	0.15	-0.32	-0.00	0.05	-1.67	0.07	0.89	0.16	0.22	1.63	-0.09	0.90	-0.08	0.16
A2	0.13	1.21	-0.88	-0.11	0.15	-0.42	-0.00	0.05	1.29	0.07	0.20	0.16	0.22	-0.33	-0.09	1.20	-0.08	0.16
A5	0.67	0.80	-0.91	-0.11	0.15	-0.46	-0.00	0.05	1.10	0.07	0.19	0.16	0.22	-0.31	-0.09	1.25	-0.08	0.16
A4	-0.54	0.62	0.94	-0.14	0.06	-0.34	-0.12	-0.44	0.95	0.21	-1.38	0.13	0.47	-0.54	0.04	-0.73	-0.15	0.19
A7	1.21	-0.33	1.09	-0.11	0.15	-0.56	-0.00	0.05	2.00	0.07	0.28	0.16	0.22	-0.56	-0.09	0.25	-0.08	0.16
A6	-1.08	1.99	-1.52	-0.11	0.15	-0.32	-0.00	0.05	0.50	0.07	0.42	0.16	0.22	-0.15	-0.09	0.58	-0.08	0.16
A9	-0.14	-0.06	1.81	-0.09	0.15	-0.59	0.31	0.64	2.14	0.07	1.03	-0.05	0.47	0.11	-0.08	-0.81	-0.41	-0.02
A8	-0.54	-0.28	-0.51	-0.11	0.15	-0.34	-0.00	0.05	-1.54	0.07	-1.33	0.16	0.22	0.64	-0.09	1.28	-0.08	0.16
D8	-0.61	0.43	-0.72	-0.11	0.15	0.41	-0.00	0.05	-0.33	0.07	1.03	0.16	0.22	0.38	-0.09	0.25	-0.08	0.16
D9	-0.65	0.66	-1.08	-0.11	0.15	0.06	-0.00	0.05	-0.97	0.07	-0.84	0.16	0.22	-0.31	-0.09	1.15	-0.08	0.16
D6	-1.35	0.18	-0.48	4.01	-0.97	-0.25	1.86	0.36	-1.24	-2.07	0.92	-4.77	-4.56	0.05	-0.82	0.90	1.17	-1.91
D7	-0.67	-0.23	0.31	4.36	0.52	-0.08	-3.93	5.00	-0.66	-5.00	0.88	-0.52	-1.76	0.19	-1.53	0.10	2.13	-5.00
D4	0.92	-1.17	0.61	-0.11	0.15	-0.08	-0.00	0.05	-0.90	0.07	-0.98	0.16	0.22	-0.84	-0.09	-0.11	-0.08	0.16
D5	0.92	-1.17	0.61	-0.11	0.15	-0.10	-0.00	0.05	-0.91	0.07	-0.97	0.16	0.22	-0.83	-0.09	-0.11	-0.08	0.16
D2	-0.63	0.93	-0.98	0.04	0.15	-0.08	0.19	0.42	0.06	-0.20	1.02	0.19	-0.40	-0.58	-0.21	1.25	0.08	-0.07
D3	0.87	-0.92	0.51	-0.11	0.15	-0.06	-0.00	0.05	-0.70	0.07	-1.01	0.16	0.22	-1.01	-0.09	-0.01	-0.08	0.16
D1	-1.05	0.84	-0.53	-0.11	0.15	0.13	-0.00	0.05	-0.16	0.07	0.87	0.16	0.22	0.68	-0.09	-0.99	-0.08	0.16
