G7	-0.29	1.09	0.18	-0.11	0.02	-0.76	-0.11	-0.05	0.65	0.18	0.03	-0.15	0.13	-0.79	-0.09	0.41	-0.17	0.09
G6	-0.88	2.57	-0.81	-0.44	0.31	-0.76	-0.49	0.26	1.02	0.41	0.73	-1.15	0.52	-0.65	0.89	1.42	-0.49	1.11
G5	-0.26	1.21	-0.51	-0.19	0.17	-0.80	-0.40	1.77	0.21	-0.41	0.12	-1.53	0.06	-0.28	0.19	0.04	-0.64	0.40
G4	3.14	-1.88	-0.35	-0.11	0.02	-0.76	-0.11	-0.05	-1.21	0.18	0.22	-0.15	0.13	-1.55	-0.09	0.32	-0.17	0.09
G3	1.95	-0.84	-1.33	-0.11	0.02	-0.76	-0.11	-0.05	-1.42	0.18	0.68	-0.15	0.13	-0.62	-0.09	0.34	-0.17	0.09
G2	2.21	-0.74	-0.09	-0.11	0.02	-0.79	-0.11	-0.05	-0.31	0.18	0.56	-0.15	0.13	-1.87	-0.09	1.41	-0.17	0.09
G1	-0.78	0.01	0.25	-0.11	0.02	-0.77	-0.11	-0.05	-0.74	0.18	-0.12	-0.15	0.13	-0.63	-0.09	-0.94	-0.17	0.09
G9	-0.23	0.86	-0.49	-0.11	0.02	-0.80	-0.11	-0.05	-0.07	0.18	-0.03	-0.15	0.13	-0.38	-0.09	0.40	-0.17	0.09
G8	-0.80	1.37	0.30	-0.11	0.02	-0.77	-0.11	-0.05	0.79	0.18	-0.07	-0.15	0.13	-0.47	-0.09	-0.41	-0.17	0.09
N6	-1.84	0.63	0.81	-0.03	-0.28	1.30	0.37	0.90	0.88	0.29	-0.26	1.37	0.44	1.08	-0.06	-1.68	-0.29	-0.21
N7	-1.78	0.44	1.12	-0.11	0.02	1.18	-0.11	-0.05	1.20	0.18	-0.31	-0.15	0.13	1.08	-0.09	-0.29	-0.17	0.09
B4	0.99	-0.09	-0.34	-0.44	-0.13	1.38	-0.23	-1.79	0.74	-0.18	0.28	-0.52	0.22	0.84	0.30	-0.04	-0.26	0.60
B5	-0.94	0.58	-0.30	-0.11	0.02	1.26	-0.11	-0.05	0.36	0.18	-0.34	-0.15	0.13	1.25	-0.09	-0.73	-0.17	0.09
B6	0.97	-1.32	1.17	-0.73	-0.28	-0.75	0.58	4.29	-0.35	-0.06	0.01	-0.65	0.09	-1.15	-1.45	-0.85	-0.41	-2.65
B7	-0.06	0.16	-1.30	1.78	0.17	-0.59	-0.94	-4.72	-1.39	-0.29	0.52	-1.03	1.70	-0.27	-1.57	0.27	0.66	-5.00
B1	-0.95	-0.13	0.13	-0.11	0.02	-0.64	-0.11	-0.05	-0.32	0.18	-0.03	-0.15	0.13	0.99	-0.09	-0.67	-0.17	0.09
B2	2.72	0.23	-1.15	-0.11	0.02	-0.77	-0.11	-0.05	0.27	0.18	0.76	-0.15	0.13	-0.94	-0.09	1.40	-0.17	0.09
B3	0.99	-0.99	0.50	-0.11	0.61	1.16	-0.17	-0.53	0.34	0.18	-0.38	-1.03	0.55	0.40	-0.06	-0.42	-0.74	-0.21
B8	1.42	-1.09	-0.06	-0.11	0.02	-0.80	-0.11	-0.05	-0.84	0.18	0.01	-0.15	0.13	-0.83	-0.09	0.11	-0.17	0.09
B9	1.21	-1.94	0.41	5.00	5.00	-0.69	5.00	1.13	-0.19	-5.00	5.00	2.94	-3.37	-0.84	2.40	-0.64	5.00	-0.62
N5	-0.86	-0.26	0.93	-1.10	0.02	-0.75	0.47	-0.13	-0.38	-0.64	-3.97	0.11	-5.00	-0.42	2.50	1.41	-0.19	0.29
P10	-0.10	0.00	-0.29	0.05	0.17	1.47	0.41	1.92	0.83	-0.29	-0.22	5.00	1.95	2.22	1.05	-0.87	-0.80	-4.38
P11	-0.21	0.93	-1.38	-0.11	0.02	1.28	-0.11	-0.05	0.12	0.18	0.46	-0.15	0.13	1.22	-0.09	-0.25	-0.17	0.09
P12	-0.97	1.16	-1.71	-0.03	0.02	1.28	-0.34	0.50	-0.38	0.12	0.67	-0.08	0.06	1.43	0.30	-0.84	-0.16	-0.21
E9	-0.51	0.18	-0.11	2.97	-0.13	-0.80	-0.43	1.77	-0.68	-1.05	-0.19	1.93	-1.84	-0.72	-0.11	-0.11	0.73	-0.72
E8	-0.67	0.36	0.74	-0.11	0.02	-0.78	-0.11	-0.05	0.27	0.18	-0.08	-0.15	0.13	-0.76	-0.09	0.14	-0.17	0.09
E5	-0.80	0.32	0.39	-0.11	0.02	-0.76	-0.11	-0.05	-0.30	0.18	-0.11	-0.15	0.13	-0.67	-0.09	-0.77	-0.17	0.09
E4	-0.79	0.84	0.16	-0.11	0.02	-0.78	-0.11	-0.05	0.02	0.18	-0.10	-0.15	0.13	-0.59	-0.09	-0.67	-0.17	0.09
E7	-0.06	0.74	-0.68	-0.11	0.02	-0.78	-0.11	-0.05	-0.25	0.18	0.29	-0.15	0.13	-0.60	-0.09	1.13	-0.17	0.09
E6	-0.71	1.18	-1.63	-0.11	0.02	-0.75	-0.11	-0.05	-0.87	0.18	0.75	-0.15	0.13	-0.28	-0.09	1.84	-0.17	0.09
E1	0.17	-0.34	0.18	-0.11	0.02	-0.80	-0.11	-0.05	-0.53	0.18	0.08	-0.15	0.13	-1.23	-0.09	1.56	-0.17	0.09
P8	0.08	-0.61	2.42	-1.67	0.02	1.03	0.28	0.34	2.27	0.47	-0.09	-0.33	0.79	0.93	3.01	-2.83	0.10	1.41
E3	1.15	-1.27	-0.17	-0.11	0.02	-0.79	-0.11	-0.05	-1.29	0.18	0.01	-0.15	0.13	-0.89	-0.09	0.27	-0.17	0.09
E2	1.14	-1.29	-0.16	-0.11	0.02	-0.80	-0.11	-0.05	-1.31	0.18	0.01	-0.15	0.13	-0.91	-0.09	0.28	-0.17	0.09
P2	1.01	-0.34	0.93	-0.11	0.02	1.27	-0.11	-0.05	1.87	0.18	1.29	-0.15	0.13	0.92	-0.09	-0.70	-0.17	0.09
P3	1.60	-0.65	0.64	-0.11	0.02	1.29	-0.11	-0.05	1.65	0.18	1.39	-0.15	0.13	0.92	-0.09	-0.39	-0.17	0.09
P1	1.30	-0.61	0.58	-0.11	0.02	1.55	-0.11	-0.05	1.25	0.18	1.09	-0.15	0.13	0.59	-0.09	-0.93	-0.17	0.09
P6	0.37	0.51	-0.89	-0.07	-0.13	0.19	-0.11	0.18	0.22	-0.06	0.08	0.11	-0.07	0.92	-1.10	-0.03	0.12	0.90
P7	1.14	-0.94	1.42	-0.11	0.02	1.20	-0.11	-0.05	1.55	0.18	-0.23	-0.15	0.13	0.74	-0.09	-1.18	-0.17	0.09
P4	0.75	-0.07	0.74	-0.11	0.02	1.17	-0.11	-0.05	1.88	0.18	1.75	-0.15	0.13	1.01	-0.09	-0.46	-0.17	0.09
P5	-0.01	-1.11	0.35	-0.11	0.02	1.17	-0.11	-0.05	0.02	0.18	-0.10	-0.15	0.13	1.83	-0.09	-1.78	-0.17	0.09
H10	-0.07	-2.69	2.11	-0.11	0.02	1.39	-0.11	-0.05	-0.34	0.18	-3.29	-0.15	0.13	0.94	-0.09	-1.28	-0.17	0.09
H11	-0.14	-2.62	2.24	-0.85	-5.00	-2.31	0.90	-4.00	-0.31	-1.17	0.17	-1.03	-2.49	0.30	-1.96	-0.28	5.00	0.70
H12	0.12	-3.15	2.75	-0.11	0.02	1.64	-0.11	-0.05	-0.13	0.18	-3.43	-0.15	0.13	0.67	-0.09	-1.46	-0.17	0.09
P9	-0.13	-0.92	1.61	-0.07	0.02	1.27	-0.15	-1.16	1.10	0.18	-0.05	0.04	0.02	1.00	-0.74	-1.61	-0.34	-0.01
F12	2.12	-0.75	-1.37	-0.15	0.17	-0.71	-0.38	-2.50	-1.12	-0.82	0.53	-0.40	0.68	-0.28	-0.28	0.58	-0.41	2.43
F10	1.37	-0.28	-0.75	-0.11	0.02	-0.80	-0.11	-0.05	-0.90	0.18	0.58	-0.15	0.13	-1.49	-0.09	1.00	-0.17	0.09
F11	2.08	-0.68	-0.50	-0.19	0.02	-0.79	-0.17	1.45	-0.71	1.40	0.48	-0.71	0.15	-1.61	-0.09	0.93	-0.35	1.41
N12	-0.98	0.85	0.29	-0.11	0.02	1.24	-0.11	-0.05	1.60	0.18	-0.31	-0.15	0.13	1.55	-0.09	0.99	-0.17	0.09
H8	-0.78	0.50	0.67	-0.07	-0.13	1.24	-0.68	1.45	1.74	0.29	-0.32	-0.78	-0.02	1.38	-0.24	1.26	0.13	1.72
H9	-0.91	0.44	0.48	-0.11	0.02	1.25	-0.11	-0.05	1.43	0.18	-0.28	-0.15	0.13	1.45	-0.09	1.32	-0.17	0.09
H6	-0.79	0.34	0.47	-0.11	0.02	1.16	-0.11	-0.05	1.27	0.18	-0.26	-0.15	0.13	1.40	-0.09	0.69	-0.17	0.09
H7	-0.88	0.26	0.74	-0.11	0.02	1.23	-0.11	-0.05	1.38	0.18	-0.23	-0.15	0.13	1.24	-0.09	0.79	-0.17	0.09
H4	-1.68	1.94	-0.88	-0.11	-0.28	-0.77	-0.25	0.90	-0.13	0.12	-0.07	0.04	0.22	-0.07	0.63	-0.17	0.05	0.60
H5	-0.58	0.53	0.04	-0.11	0.02	1.21	-0.11	-0.05	1.07	0.18	-0.36	-0.15	0.13	1.32	-0.09	0.55	-0.17	0.09
D10	-0.69	-0.01	0.12	-0.11	0.02	-0.76	-0.11	-0.05	-0.81	0.18	-0.10	-0.15	0.13	-0.65	-0.09	-0.59	-0.17	0.09
D11	0.01	0.07	-0.38	-0.11	0.02	-0.78	-0.11	-0.05	-0.82	0.18	-0.04	-0.15	0.13	-0.81	-0.09	0.12	-0.17	0.09
D12	-1.32	1.32	-1.82	-0.11	0.02	-0.78	-0.11	-0.05	-1.90	0.18	-1.82	-0.15	0.13	-1.01	-0.09	1.61	-0.17	0.09
B12	0.74	-0.88	0.50	-0.11	0.02	-0.81	-0.11	-0.05	-0.71	0.18	0.00	-0.15	0.13	-1.16	-0.09	-0.83	-0.17	0.09
B10	0.57	-1.48	0.17	-0.11	0.02	-0.77	-0.11	-0.05	-1.55	0.18	-0.06	-0.15	0.13	-0.73	-0.09	-0.73	-0.17	0.09
B11	1.05	-1.32	0.53	-0.11	0.02	-0.77	-0.11	-0.05	-0.62	0.18	0.01	-0.15	0.13	-0.64	-0.09	-0.29	-0.17	0.09
Q8	-0.33	-0.16	1.04	-0.11	0.02	0.36	-0.11	-0.05	-0.70	0.18	-1.06	-0.15	0.13	-3.33	-0.09	0.78	-0.17	0.09
Q9	-0.93	1.03	-1.49	-0.11	0.02	1.31	-0.11	-0.05	-0.01	0.18	0.46	-0.15	0.13	1.30	-0.09	1.50	-0.17	0.09
C9	-0.81	0.94	-0.14	-0.11	0.02	-0.75	-0.11	-0.05	-0.14	0.18	-0.12	-0.15	0.13	-0.50	-0.09	-0.54	-0.17	0.09
C8	-0.62	-0.23	-0.58	3.18	-0.28	-0.84	-0.06	2.63	-1.57	-1.52	-0.15	0.67	-1.09	-0.68	0.73	0.09	0.64	-1.43
Q11	0.42	0.78	-1.32	-0.11	0.02	1.39	-0.11	-0.05	0.46	0.18	0.57	-0.15	0.13	1.15	-0.09	0.20	-0.17	0.09
Q10	1.01	-0.34	0.93	-0.11	0.02	1.27	-0.11	-0.05	1.87	0.18	1.29	-0.15	0.13	0.92	-0.09	-0.70	-0.17	0.09
Q12	0.88	-0.43	1.06	-0.11	0.02	1.19	-0.11	-0.05	1.68	0.18	1.23	-0.15	0.13	0.80	-0.09	-1.26	-0.17	0.09
C3	0.51	-0.03	-1.61	-0.11	0.02	-0.80	-0.11	-0.05	-1.48	0.18	0.89	-0.15	0.13	0.15	-0.09	-0.33	-0.17	0.09
C2	0.71	-0.97	0.23	-0.11	0.02	-0.81	-0.11	-0.05	-0.85	0.18	-0.02	-0.15	0.13	-0.70	-0.09	-0.44	-0.17	0.09
C1	0.70	-0.86	0.16	-0.11	0.02	-0.80	-0.11	-0.05	-0.83	0.18	-0.03	-0.15	0.13	-0.79	-0.09	-0.27	-0.17	0.09
C7	-0.86	1.81	0.50	-0.11	0.02	-0.78	-0.11	-0.05	1.30	0.18	-0.14	-0.15	0.13	-0.64	-0.09	-0.48	-0.17	0.09
C6	-0.80	1.53	-0.07	-1.47	-1.17	-0.75	-1.47	3.35	0.81	0.64	-0.06	3.76	2.73	-0.36	5.00	-1.00	-0.54	3.24
C5	-0.80	0.91	-0.11	-0.11	0.02	-0.77	-0.11	-0.05	-0.13	0.18	-0.11	-0.15	0.13	-0.50	-0.09	-0.52	-0.17	0.09
C4	-0.76	0.94	-0.36	-0.19	0.02	-0.80	0.54	-0.76	-0.17	1.11	0.05	-0.27	-0.02	-0.10	0.98	-0.93	-0.43	1.61
N10	-0.94	1.03	0.32	-2.08	0.31	1.11	-0.19	-3.53	1.71	-0.58	0.61	-0.96	-4.42	1.31	0.10	-0.30	3.47	0.80
N8	-1.04	-0.34	0.56	-0.11	0.02	-0.78	-0.11	-0.05	-0.83	0.18	-3.04	-0.15	0.13	0.30	-0.09	-1.28	-0.17	0.09
N9	-1.16	-0.26	0.59	-0.11	0.02	-0.77	-0.11	-0.05	-0.88	0.18	-3.09	-0.15	0.13	-0.43	-0.09	0.52	-0.17	0.09
N11	-0.49	2.36	-2.27	-0.11	0.02	1.52	-0.11	-0.05	0.36	0.18	-0.25	-0.15	0.13	0.81	-0.09	0.53	-0.17	0.09
G12	1.41	0.00	-0.34	-0.11	0.02	-0.82	-0.11	-0.05	-0.19	0.18	0.38	-0.15	0.13	-1.61	-0.09	1.46	-0.17	0.09
G11	1.84	-0.63	-0.25	-0.11	0.02	-0.77	-0.11	-0.05	-0.24	0.18	0.94	-0.15	0.13	-1.34	-0.09	1.80	-0.17	0.09
G10	-0.35	1.27	0.15	-0.11	0.02	-0.77	-0.11	-0.05	0.77	0.18	-0.07	-0.15	0.13	-0.52	-0.09	-0.34	-0.17	0.09
F1	-0.29	0.18	-0.03	-0.11	0.02	-0.79	-0.11	-0.05	-0.64	0.18	-0.04	-0.15	0.13	-0.98	-0.09	-0.14	-0.17	0.09
F2	-0.21	0.79	-0.86	-0.11	0.02	-0.76	-0.11	-0.05	-0.23	0.18	1.07	-0.15	0.13	-0.54	-0.09	2.11	-0.17	0.09
F3	-0.48	-0.04	-0.27	3.22	-0.58	-0.80	-0.64	1.21	-1.11	-1.29	-0.16	1.49	-1.95	-0.76	-0.97	-0.18	0.85	-0.82
F4	0.98	-0.71	0.15	-0.11	0.02	-0.80	-0.11	-0.05	-0.55	0.18	-0.01	-0.15	0.13	-0.81	-0.09	-0.29	-0.17	0.09
F5	-0.65	0.26	-0.40	-0.11	0.02	-0.79	-0.11	-0.05	-1.03	0.18	-0.06	-0.15	0.13	-0.63	-0.09	-0.34	-0.17	0.09
F6	-0.69	-0.16	-0.03	-0.11	0.02	-0.78	-0.11	-0.05	-1.07	0.18	-0.12	-0.15	0.13	-0.51	-0.09	-0.69	-0.17	0.09
F7	-0.19	0.56	-0.94	-0.11	0.02	-0.77	-0.11	-0.05	-0.56	0.18	0.44	-0.15	0.13	-0.33	-0.09	1.71	-0.17	0.09
F8	-0.52	0.04	-0.36	0.79	0.17	-0.82	3.04	0.90	-1.01	-5.00	-0.04	1.68	0.66	-0.78	-0.50	0.17	1.28	-5.00
F9	1.82	-0.84	-0.06	-0.11	0.17	-0.81	-0.38	-1.55	-0.33	0.29	0.15	0.11	0.13	-0.80	-2.40	0.80	-0.32	-1.43
Q1	0.38	1.16	-0.01	-0.11	0.02	0.17	-0.11	-0.05	1.66	0.18	-0.10	-0.15	0.13	1.13	-0.09	-1.53	-0.17	0.09
Q3	-0.88	-0.52	0.71	-0.03	0.17	1.18	-0.15	-0.21	0.41	0.41	-0.23	0.67	0.11	1.31	-0.02	-0.52	-0.47	0.80
Q2	-0.83	1.14	-1.34	-0.11	0.02	1.22	-0.11	-0.05	0.21	0.18	0.56	-0.15	0.13	1.28	-0.09	0.91	-0.17	0.09
Q5	1.04	-0.33	0.93	-0.11	0.02	1.27	-0.11	-0.05	1.87	0.18	1.28	-0.15	0.13	0.90	-0.09	-0.72	-0.17	0.09
Q4	-0.94	1.16	-1.72	-0.11	0.02	1.29	-0.11	-0.05	-0.37	0.18	0.70	-0.15	0.13	1.45	-0.09	-0.86	-0.17	0.09
Q7	0.43	-1.01	-0.46	-0.07	-0.13	1.46	0.15	-0.21	-0.36	0.64	0.70	0.17	0.24	0.77	-0.09	1.52	-0.26	-0.11
Q6	-1.42	1.85	-2.00	-0.11	0.02	1.33	-0.11	-0.05	-0.29	0.18	-0.17	-0.15	0.13	0.81	-0.09	1.51	-0.17	0.09
E11	-0.75	0.55	0.00	-0.11	0.02	-0.77	-0.11	-0.05	-0.47	0.18	-0.12	-0.15	0.13	-0.69	-0.09	-0.79	-0.17	0.09
E10	1.49	-0.57	0.16	0.01	0.17	-0.83	-0.15	-0.37	-0.11	0.12	0.06	0.17	0.13	-1.09	-0.63	0.63	0.17	-0.42
E12	-0.52	0.20	0.44	0.05	-0.13	-0.78	-0.98	0.34	-0.15	0.06	-0.11	-0.02	0.15	-0.99	-0.40	0.65	0.17	-1.13
C12	-0.07	0.81	-0.89	-0.11	0.02	-0.79	-0.11	-0.05	-0.36	0.18	0.27	-0.15	0.13	-0.53	-0.09	1.30	-0.17	0.09
C11	-1.15	1.42	-1.97	-0.11	0.02	-0.75	-0.11	-0.05	-1.66	0.18	-1.73	-0.15	0.13	-0.70	-0.09	1.95	-0.17	0.09
C10	-0.83	0.43	0.11	-0.11	0.02	-0.76	-0.11	-0.05	-0.46	0.18	-0.11	-0.15	0.13	-0.59	-0.09	-0.63	-0.17	0.09
A11	-0.20	-0.54	1.70	-0.11	0.02	1.07	-0.11	-0.05	1.39	0.18	-0.01	-0.15	0.13	0.92	-0.09	-2.30	-0.17	0.09
A10	2.34	-1.38	-0.42	-0.11	0.02	-0.75	-0.11	-0.05	-1.08	0.18	0.43	-0.15	0.13	-1.27	-0.09	0.47	-0.17	0.09
A12	-0.65	0.35	0.09	-0.11	0.02	1.19	-0.11	-0.05	0.96	0.18	-0.01	-0.15	0.13	1.47	-0.09	0.25	-0.17	0.09
A1	0.13	-1.35	1.58	-0.11	0.02	1.07	-0.11	-0.05	0.61	0.18	-0.03	-0.15	0.13	0.89	-0.09	-2.53	-0.17	0.09
A3	-1.07	0.07	0.31	-0.11	0.02	1.16	-0.11	-0.05	0.50	0.18	-0.26	-0.15	0.13	1.16	-0.09	0.18	-0.17	0.09
A2	-0.66	0.47	0.35	-0.15	-0.43	1.14	0.13	-0.53	1.09	0.41	-0.32	-0.33	-0.11	1.30	-1.07	-0.62	0.21	1.01
A5	-0.50	-0.33	-0.41	-0.11	0.02	1.18	-0.11	-0.05	-0.31	0.18	-0.36	-0.15	0.13	1.35	-0.09	-0.29	-0.17	0.09
A4	0.15	-0.74	1.38	-0.11	0.02	1.21	-0.11	-0.05	1.34	0.18	0.05	-0.15	0.13	0.88	-0.09	-0.44	-0.17	0.09
A7	-0.55	-1.79	0.64	-0.11	0.02	1.21	-0.11	-0.05	-0.84	0.18	-0.09	-0.15	0.13	1.00	-0.09	-0.53	-0.17	0.09
A6	-0.65	0.46	0.34	-0.11	0.02	1.16	-0.11	-0.05	1.10	0.18	-0.38	-0.15	0.13	1.31	-0.09	-0.63	-0.17	0.09
A9	0.66	-1.91	3.25	-0.11	0.02	1.26	-0.11	-0.05	1.94	0.18	-0.09	-0.15	0.13	0.15	-0.09	-1.51	-0.17	0.09
A8	-0.45	-0.37	1.49	-0.11	0.02	1.20	-0.11	-0.05	1.40	0.18	-0.05	-0.15	0.13	0.84	-0.09	-0.73	-0.17	0.09
D8	-0.50	0.18	0.38	-0.11	0.02	-0.80	-0.11	-0.05	-0.18	0.18	-0.09	-0.15	0.13	-0.98	-0.09	0.96	-0.17	0.09
D9	-0.44	0.04	-0.56	-0.11	0.02	-0.80	-0.11	-0.05	-1.17	0.18	-0.07	-0.15	0.13	-0.69	-0.09	0.75	-0.17	0.09
D6	-0.18	0.65	-0.98	-0.32	-0.13	-0.72	-0.34	1.53	-0.43	0.18	1.09	0.17	-0.11	-0.63	1.53	2.42	-0.33	-0.92
D7	-0.02	0.41	-0.86	-0.11	0.02	-0.77	-0.11	-0.05	-0.76	0.18	0.24	-0.15	0.13	-0.66	-0.09	1.16	-0.17	0.09
D4	1.38	-0.77	0.05	-0.11	0.02	-0.81	-0.11	-0.05	-0.43	0.18	0.04	-0.15	0.13	-0.94	-0.09	0.48	-0.17	0.09
D5	-0.52	0.59	-2.31	-0.11	0.02	-0.73	-0.11	-0.05	-2.47	0.18	-2.71	-0.15	0.13	0.17	-0.09	-0.04	-0.17	0.09
D2	-0.56	0.46	-0.59	-0.07	0.17	-0.80	0.88	0.50	-0.82	0.18	-0.12	-0.40	0.13	-0.58	0.29	0.55	-0.53	-0.21
D3	0.53	-0.04	-1.61	-0.11	0.02	-0.82	-0.11	-0.05	-1.47	0.18	0.87	-0.15	0.13	0.14	-0.09	-0.34	-0.17	0.09
D1	-0.44	0.51	0.38	-0.07	-0.43	-0.80	0.56	-0.61	0.19	-0.64	-0.11	0.04	-0.13	-0.84	-1.63	0.83	-0.04	-1.03
