G7	-0.55	1.58	-1.05	-0.11	0.07	-0.83	-0.02	-0.13	0.38	-0.06	0.28	-0.11	0.07	-0.88	-0.25	0.41	-0.04	-0.14
G6	-2.19	1.32	-0.76	1.68	0.01	-0.41	-0.84	-0.96	-0.05	0.26	0.57	-0.18	0.09	0.37	-1.27	-0.90	0.59	0.36
G5	1.00	1.07	-0.37	-0.04	0.14	-0.74	0.75	1.67	1.22	-0.74	0.58	-1.09	0.06	-0.55	1.22	-0.73	-0.26	0.18
G4	1.55	-1.17	-0.48	-0.11	0.07	-0.78	-0.02	-0.13	-1.96	-0.06	0.47	-0.11	0.07	-0.22	-0.25	-0.74	-0.04	-0.14
G3	1.86	-0.97	-0.95	-0.11	0.07	-0.79	-0.02	-0.13	-1.95	-0.06	0.47	-0.11	0.07	-0.16	-0.25	-0.44	-0.04	-0.14
G2	1.92	-0.97	-0.26	-0.11	0.07	-0.79	-0.02	-0.13	-1.73	-0.06	-0.69	-0.11	0.07	-0.90	-0.25	-0.24	-0.04	-0.14
G1	0.36	0.92	-0.50	-0.11	0.07	-0.82	-0.02	-0.13	0.31	-0.06	0.43	-0.11	0.07	-0.83	-0.25	-0.44	-0.04	-0.14
G9	0.37	1.02	-0.75	-0.11	0.14	-0.81	0.30	-0.87	0.19	0.55	0.48	0.10	0.03	-0.99	-0.10	-0.33	0.31	-0.08
G8	-1.36	2.13	-1.26	-0.11	0.07	-0.82	-0.02	-0.13	0.52	-0.06	0.48	-0.11	0.07	-0.86	-0.25	0.11	-0.04	-0.14
N6	-1.08	0.13	0.47	-0.06	0.01	1.18	-0.33	1.01	1.19	-0.15	0.29	-0.25	0.08	0.89	0.29	0.58	-0.27	-0.20
N7	-1.02	0.14	-0.06	-0.11	0.07	1.11	-0.02	-0.13	0.71	-0.06	0.23	-0.11	0.07	1.77	-0.25	-0.46	-0.04	-0.14
B4	1.26	-1.70	1.73	-0.11	0.07	1.20	-0.02	-0.13	-0.04	-0.06	0.26	-0.11	0.07	0.94	-0.25	-3.27	-0.04	-0.14
B5	-0.88	0.13	0.03	-0.11	0.07	1.05	-0.02	-0.13	1.08	-0.06	0.25	-0.11	0.07	1.34	-0.25	0.96	-0.04	-0.14
B6	-0.09	1.22	-1.28	0.01	0.20	-0.91	0.30	0.60	-0.52	0.17	-0.77	-0.04	0.07	-1.87	0.49	1.89	-0.11	-0.23
B7	-0.53	0.27	-0.66	-0.11	0.07	-0.82	-0.02	-0.13	-0.80	-0.06	0.25	-0.11	0.07	-0.59	-0.25	1.01	-0.04	-0.14
B1	-1.02	0.89	-1.10	-0.11	0.07	-0.81	-0.02	-0.13	-0.17	-0.06	0.33	-0.11	0.07	0.37	-0.25	0.75	-0.04	-0.14
B2	-0.99	1.60	-1.94	-0.11	0.07	-0.83	-0.02	-0.13	-1.29	-0.06	-0.52	-0.11	0.07	-1.73	-0.25	1.26	-0.04	-0.14
B3	0.29	-0.70	0.84	-0.11	0.07	1.19	-0.02	-0.13	0.73	-0.06	0.25	-0.11	0.07	1.46	-0.25	-1.47	-0.04	-0.14
B8	1.26	1.16	-1.43	-0.11	0.07	-0.93	-0.02	-0.13	0.01	-0.06	-0.77	-0.11	0.07	-1.70	-0.25	2.17	-0.04	-0.14
B9	0.27	1.20	-1.28	-0.11	0.07	-0.91	-0.02	-0.13	-0.20	-0.06	-0.77	-0.11	0.07	-1.48	-0.25	1.91	-0.04	-0.14
N5	-1.24	-0.75	0.53	-0.54	0.07	-0.59	-0.30	-0.54	-0.78	-1.00	0.41	-0.04	0.50	0.83	1.31	-0.32	-0.20	0.24
P10	0.45	-0.16	0.80	-0.11	0.07	1.04	-0.02	-0.13	1.80	-0.06	0.34	-0.11	0.07	1.24	-0.25	-0.38	-0.04	-0.14
P11	-0.26	-0.16	-0.04	-0.09	0.07	1.10	-0.55	-0.71	0.91	-0.21	0.22	-0.11	0.02	1.39	0.67	0.89	0.01	-0.42
P12	-0.13	-1.40	1.39	-0.11	0.07	1.06	-0.02	-0.13	-0.73	-0.06	-2.42	-0.11	0.07	0.26	-0.25	0.27	-0.04	-0.14
E9	0.20	1.07	-0.88	-0.11	0.07	-0.83	-0.02	-0.13	0.02	-0.06	0.26	-0.11	0.07	-0.96	-0.25	-0.02	-0.04	-0.14
E8	-0.26	0.91	-0.11	-0.11	0.07	-0.83	-0.02	-0.13	0.34	-0.06	0.52	-0.11	0.07	-0.91	-0.25	-0.68	-0.04	-0.14
E5	-0.19	1.15	-0.65	-0.28	0.07	-0.81	0.32	2.41	0.37	0.20	0.35	-0.53	-0.07	-0.70	1.90	-0.33	-0.67	-0.17
E4	-0.29	1.08	-0.64	-0.11	0.07	-0.82	-0.02	-0.13	0.15	-0.06	0.51	-0.11	0.07	-0.64	-0.25	-0.50	-0.04	-0.14
E7	-0.07	0.45	-0.58	-0.11	0.07	-0.81	-0.02	-0.13	-0.40	-0.06	0.43	-0.11	0.07	-0.83	-0.25	0.55	-0.04	-0.14
E6	-0.13	0.54	-0.82	-0.11	0.07	-0.82	-0.02	-0.13	-0.24	-0.06	0.34	-0.11	0.07	-0.45	-0.25	1.13	-0.04	-0.14
E1	0.13	0.21	-0.19	-0.11	0.07	-0.80	-0.02	-0.13	-0.45	-0.06	0.53	-0.11	0.07	-0.73	-0.25	-0.49	-0.04	-0.14
P8	0.03	0.09	1.19	-0.11	0.07	1.06	-0.02	-0.13	2.31	-0.06	0.33	-0.11	0.07	1.10	-0.25	-0.54	-0.04	-0.14
E3	-0.58	0.08	-0.39	-0.11	0.07	-0.83	-0.02	-0.13	-1.00	-0.06	0.25	-0.11	0.07	-0.66	-0.25	0.45	-0.04	-0.14
E2	-0.52	0.03	-0.35	-0.11	0.07	-0.83	-0.02	-0.13	-1.00	-0.06	0.25	-0.11	0.07	-0.66	-0.25	0.41	-0.04	-0.14
P2	-0.30	-0.45	1.18	-0.11	0.07	1.19	-0.02	-0.13	1.61	-0.06	0.35	-0.11	0.07	1.85	-0.25	-0.93	-0.04	-0.14
P3	-0.15	0.03	0.37	0.22	2.79	1.13	-0.27	-2.60	1.79	0.05	0.91	-0.53	0.15	1.03	1.26	0.79	0.18	0.24
P1	0.17	0.18	-0.17	-0.11	0.07	1.44	-0.02	-0.13	1.14	-0.06	0.56	-0.11	0.07	1.17	-0.25	-0.32	-0.04	-0.14
P6	0.07	-0.66	0.79	-0.11	0.07	1.19	-0.02	-0.13	0.46	-0.06	-0.90	-0.11	0.07	1.61	-0.25	-1.23	-0.04	-0.14
P7	0.07	-0.53	0.99	1.58	-0.31	1.05	-2.94	-2.27	1.61	0.76	0.30	-1.44	0.51	1.93	2.22	-0.91	0.33	-0.04
P4	0.82	-1.33	1.25	-0.11	0.07	1.32	-0.02	-0.13	1.05	-0.06	1.05	-0.11	0.07	1.34	-0.25	-0.38	-0.04	-0.14
P5	1.23	-0.06	1.16	-0.11	0.07	1.08	-0.02	-0.13	2.61	-0.06	0.23	-0.11	0.07	0.61	-0.25	0.24	-0.04	-0.14
H10	0.45	-2.42	2.38	-0.11	0.20	1.55	0.50	-0.05	-0.97	-0.88	-1.58	-0.11	0.11	0.12	-0.59	-1.20	0.26	-0.01
H11	0.59	-2.26	2.25	-0.11	0.07	1.54	-0.02	-0.13	-0.87	-0.06	-1.62	-0.11	0.07	0.12	-0.25	-1.30	-0.04	-0.14
H12	0.35	-2.60	3.23	-0.11	0.07	1.59	-0.02	-0.13	-1.24	-0.06	-3.23	-0.11	0.07	-0.85	-0.25	-1.23	-0.04	-0.14
P9	-0.02	-0.30	1.29	-0.11	0.07	1.20	-0.02	-0.13	1.68	-0.06	0.38	-0.11	0.07	1.07	-0.25	-1.06	-0.04	-0.14
F12	1.79	-1.12	-0.78	-0.11	0.07	-0.80	-0.02	-0.13	-2.10	-0.06	0.49	-0.11	0.07	-0.28	-0.25	-0.55	-0.04	-0.14
F10	2.77	-1.09	-0.73	3.78	-0.25	-1.11	-1.89	-4.32	-1.30	-0.33	0.83	-1.51	0.45	-0.06	-0.32	-0.27	-1.07	-0.04
F11	1.81	-0.86	-0.82	-0.11	0.07	-0.78	-0.02	-0.13	-1.64	-0.06	0.46	-0.11	0.07	-0.05	-0.25	-0.60	-0.04	-0.14
N12	-1.78	-0.81	0.59	-0.11	0.07	1.23	-0.02	-0.13	-1.16	-0.06	0.46	-0.11	0.07	0.82	-0.25	-1.73	-0.04	-0.14
H8	-2.10	-0.61	0.74	-0.11	0.07	1.24	-0.02	-0.13	-0.89	-0.06	0.45	-0.11	0.07	0.61	-0.25	-1.55	-0.04	-0.14
H9	-2.07	-0.75	0.60	-0.11	0.07	1.28	-0.02	-0.13	-1.18	-0.06	0.44	-0.11	0.07	0.75	-0.25	-1.59	-0.04	-0.14
H6	-1.88	-1.07	0.88	-0.11	0.07	1.20	-0.02	-0.13	-1.31	-0.06	0.46	-0.11	0.07	0.66	-0.25	-1.66	-0.04	-0.14
H7	-2.03	-0.77	0.81	-0.11	0.07	1.27	-0.02	-0.13	-1.06	-0.06	0.45	-0.11	0.07	0.57	-0.25	-1.68	-0.04	-0.14
H4	-1.84	1.41	-0.96	-0.11	0.07	-0.77	-0.02	-0.13	0.50	-0.06	0.35	-0.11	0.07	0.61	-0.25	0.75	-0.04	-0.14
H5	-1.93	-1.03	0.81	-0.11	0.07	1.24	-0.02	-0.13	-1.35	-0.06	0.46	-0.11	0.07	0.65	-0.25	-1.64	-0.04	-0.14
D10	-0.57	1.05	-0.70	-0.52	0.59	-0.86	1.49	3.48	-0.05	-4.65	0.37	0.52	0.82	-0.79	0.27	-0.38	1.28	0.65
D11	-0.03	0.27	-0.59	-0.11	0.07	-0.75	-0.02	-0.13	-0.76	-0.06	0.55	-0.11	0.07	-0.37	-0.25	-0.65	-0.04	-0.14
D12	-0.15	0.16	-0.67	-0.90	-0.06	-0.87	1.40	2.74	-0.84	-0.71	0.25	0.24	1.05	-0.62	-0.79	0.70	-0.05	0.65
B12	0.89	0.46	-0.78	-0.11	0.07	-0.85	-0.02	-0.13	0.02	-0.06	0.44	-0.11	0.07	-0.52	-0.25	0.59	-0.04	-0.14
B10	1.18	0.44	-0.84	-0.11	0.07	-0.84	-0.02	-0.13	0.27	-0.06	0.79	-0.11	0.07	-1.04	-0.25	1.78	-0.04	-0.14
B11	1.53	1.08	-1.27	-0.11	0.07	-0.94	-0.02	-0.13	0.24	-0.06	-0.69	-0.11	0.07	-1.67	-0.25	2.07	-0.04	-0.14
Q8	0.27	-0.02	1.24	-0.11	0.07	0.07	-0.02	-0.13	0.92	-0.06	0.45	-0.11	0.07	-2.71	-0.25	2.15	-0.04	-0.14
Q9	0.99	0.14	-0.21	-0.69	0.07	1.05	0.52	2.33	1.70	1.81	0.32	-0.46	0.31	0.79	-0.74	1.60	-0.59	0.68
C9	-0.34	1.03	-0.77	-0.06	0.27	-0.79	0.18	0.28	0.05	0.02	0.48	0.24	0.09	-0.58	1.69	-0.39	-0.52	-0.33
C8	1.05	0.53	-0.59	-0.11	0.07	-0.86	-0.02	-0.13	0.05	-0.06	0.27	-0.11	0.07	-0.76	-0.25	-0.11	-0.04	-0.14
Q11	2.06	-1.91	1.61	-1.24	-0.44	1.63	-0.30	-1.12	-0.25	0.55	-2.69	-0.11	-5.00	0.10	5.00	-0.38	3.02	0.68
Q10	-0.30	-0.45	1.18	-0.11	0.07	1.19	-0.02	-0.13	1.61	-0.06	0.35	-0.11	0.07	1.85	-0.25	-0.93	-0.04	-0.14
Q12	-0.52	-0.52	1.29	-0.11	0.07	1.03	-0.02	-0.13	1.43	-0.06	0.35	-0.11	0.07	1.73	-0.25	-0.92	-0.04	-0.14
C3	0.39	0.40	-0.80	-0.11	0.07	-0.84	-0.02	-0.13	-0.09	-0.06	0.46	-0.11	0.07	-0.52	-0.25	1.42	-0.04	-0.14
C2	1.27	0.33	-0.68	-0.11	0.07	-0.85	-0.02	-0.13	0.25	-0.06	0.74	-0.11	0.07	-1.12	-0.25	1.68	-0.04	-0.14
C1	0.88	0.81	-0.91	0.15	0.27	-0.87	-0.07	2.25	-0.24	-0.33	-0.94	-0.11	0.22	-1.55	-1.04	1.57	-0.28	0.08
C7	-1.51	1.56	-0.10	-0.11	0.07	-0.81	-0.02	-0.13	0.82	-0.06	0.49	-0.11	0.07	-0.77	-0.25	-0.52	-0.04	-0.14
C6	-1.37	1.29	-0.13	-0.06	0.14	-0.85	-0.24	1.51	0.57	-0.12	0.36	-0.46	0.08	-0.72	-0.31	-0.20	0.35	-0.11
C5	-0.33	1.08	-0.77	-0.11	0.07	-0.81	-0.02	-0.13	0.04	-0.06	0.53	-0.11	0.07	-0.62	-0.25	-0.38	-0.04	-0.14
C4	-0.34	0.53	-0.03	-0.11	0.07	-0.49	-0.02	-0.13	0.31	-0.06	0.56	-0.11	0.07	-0.10	-0.25	-0.80	-0.04	-0.14
N10	-1.02	0.03	0.63	-0.11	0.01	1.19	-0.50	0.19	1.58	0.08	0.36	-0.32	0.07	1.17	1.34	0.86	-0.06	-0.33
N8	-0.17	0.66	-0.86	-0.11	0.07	-0.88	-0.02	-0.13	-0.43	-0.06	0.39	-0.11	0.07	-0.37	-0.25	-0.01	-0.04	-0.14
N9	-0.54	0.66	-0.71	-0.11	0.07	-0.89	-0.02	-0.13	-0.65	-0.06	0.39	-0.11	0.07	-0.53	-0.25	-0.37	-0.04	-0.14
N11	-1.25	-0.33	0.06	-0.11	0.07	1.21	-0.02	-0.13	0.10	-0.06	0.41	-0.11	0.07	1.26	-0.25	0.44	-0.04	-0.14
G12	0.83	-0.88	-0.61	-0.11	0.07	-0.75	-0.02	-0.13	-1.68	-0.06	0.56	-0.11	0.07	0.67	-0.25	-1.15	-0.04	-0.14
G11	1.78	-0.53	-0.82	-0.11	0.07	-0.79	-0.02	-0.13	-1.03	-0.06	0.53	-0.11	0.07	0.27	-0.25	-0.80	-0.04	-0.14
G10	-1.52	1.89	-1.04	-0.11	0.07	-0.66	-0.02	-0.13	0.05	-0.06	0.55	-0.11	0.07	-1.34	-0.25	-0.15	-0.04	-0.14
F1	0.05	0.49	-0.67	-0.11	0.07	-0.81	-0.02	-0.13	-0.31	-0.06	0.33	-0.11	0.07	-0.79	-0.25	0.85	-0.04	-0.14
F2	0.08	0.61	-0.86	-0.11	0.07	-0.83	-0.02	-0.13	-0.05	-0.06	0.40	-0.11	0.07	-0.47	-0.25	1.21	-0.04	-0.14
F3	0.22	0.99	-0.86	0.03	0.07	-0.85	1.01	-0.05	-0.03	-0.03	0.25	-0.25	0.09	-0.93	1.18	-0.13	-0.80	0.77
F4	0.13	1.20	-1.26	-0.11	0.07	-0.90	-0.02	-0.13	-0.27	-0.06	-0.79	-0.11	0.07	-1.49	-0.25	1.86	-0.04	-0.14
F5	0.23	0.49	-0.63	-0.11	0.07	-0.78	-0.02	-0.13	-0.36	-0.06	0.54	-0.11	0.07	-0.38	-0.25	-0.68	-0.04	-0.14
F6	1.11	0.44	-0.49	-0.21	0.07	-0.83	0.24	1.51	-0.04	0.49	0.45	-0.53	0.03	-0.72	-1.42	-0.56	-0.03	0.14
F7	0.41	0.32	-0.86	-0.09	-0.06	-0.83	0.78	0.11	-0.35	0.05	0.41	0.03	0.06	-0.54	-0.91	1.19	0.18	0.46
F8	0.40	0.10	-0.64	-0.11	0.07	-0.82	-0.02	-0.13	-0.66	-0.06	0.24	-0.11	0.07	-0.64	-0.25	0.76	-0.04	-0.14
F9	1.07	0.70	-0.85	0.39	0.53	-0.94	0.24	0.19	-0.17	-0.65	-0.76	0.52	0.03	-1.36	0.49	1.04	0.50	-0.45
Q1	-0.14	-0.64	0.66	-0.11	0.07	1.19	-0.02	-0.13	0.68	-0.06	0.37	-0.11	0.07	1.16	-0.25	-0.13	-0.04	-0.14
Q3	-0.80	-1.44	1.67	-0.59	-0.06	1.09	-0.27	-0.13	-0.58	0.14	-2.48	0.52	0.39	0.19	1.16	0.37	2.28	0.58
Q2	0.08	-0.26	0.48	-0.11	0.07	1.24	-0.02	-0.13	1.10	-0.06	-0.87	-0.11	0.07	1.41	-0.25	0.32	-0.04	-0.14
Q5	-0.30	-0.47	1.19	-0.11	0.07	1.19	-0.02	-0.13	1.64	-0.06	0.37	-0.11	0.07	1.87	-0.25	-0.82	-0.04	-0.14
Q4	-0.26	-1.30	1.31	-0.11	0.07	1.05	-0.02	-0.13	-0.68	-0.06	-2.36	-0.11	0.07	0.43	-0.25	0.10	-0.04	-0.14
Q7	0.47	-2.52	1.76	-0.16	0.01	1.60	0.64	-0.63	-1.82	-0.36	-2.63	-0.32	-0.80	0.22	0.03	-0.38	0.29	0.36
Q6	0.19	-2.05	1.17	-0.52	0.07	1.60	0.13	1.59	-1.78	0.02	-2.55	-0.25	-0.21	0.37	0.21	-0.65	1.97	0.18
E11	-0.24	0.99	-0.55	-0.11	0.07	-0.82	-0.02	-0.13	0.21	-0.06	0.51	-0.11	0.07	-0.51	-0.25	-0.57	-0.04	-0.14
E10	0.38	0.52	-0.75	-0.21	0.01	-0.90	-0.27	0.03	0.27	0.84	0.52	-0.81	0.15	-0.31	-0.10	1.31	0.62	-1.11
E12	-0.21	0.94	-0.34	-0.11	0.27	-0.81	-0.38	-0.54	0.24	-0.15	0.27	0.17	0.09	-0.77	0.31	-0.50	-0.23	0.83
C12	-0.12	0.46	-0.69	-0.11	0.14	-0.77	-0.67	0.28	-0.50	-0.18	0.42	-0.46	0.06	-0.77	0.02	0.61	-0.10	-0.61
C11	-0.22	0.51	-0.86	-0.11	0.07	-0.83	-0.02	-0.13	-0.37	-0.06	0.34	-0.11	0.07	-0.42	-0.25	1.14	-0.04	-0.14
C10	-0.17	1.20	-0.76	-0.21	0.27	-0.91	-0.38	2.57	0.27	0.38	0.40	-0.46	-0.10	-0.74	1.81	-0.34	-0.55	-0.33
A11	-0.71	-0.20	1.09	-0.11	0.07	1.03	-0.02	-0.13	2.11	-0.06	0.32	-0.11	0.07	1.78	-0.25	0.76	-0.04	-0.14
A10	1.59	-1.19	-0.47	-0.02	0.07	-0.78	-0.72	-0.13	-1.95	0.55	0.45	0.03	0.07	-0.25	0.21	-0.75	0.02	-0.36
A12	0.26	-1.03	0.87	-0.11	0.07	1.10	-0.02	-0.13	-0.15	-0.06	-2.22	-0.11	0.07	1.04	-0.25	0.18	-0.04	-0.14
A1	0.30	-1.92	1.78	-0.11	0.07	1.32	-0.02	-0.13	0.16	-0.06	0.77	-0.11	0.07	1.34	-0.25	-1.36	-0.04	-0.14
A3	-3.23	-1.01	0.56	-2.50	0.07	1.30	0.41	-2.43	-1.43	-0.06	0.31	2.06	-1.82	1.82	1.71	-1.76	5.00	-0.30
A2	-0.53	-1.18	1.73	-0.09	0.01	1.05	-0.02	0.19	-0.28	-0.44	-2.40	1.15	0.06	0.21	0.10	0.05	-0.38	-0.23
A5	0.13	-1.34	0.87	-0.02	0.07	1.23	0.04	-0.05	-0.25	-0.06	0.39	-0.18	-0.03	0.63	0.03	-0.12	0.10	-0.33
A4	1.30	-0.01	0.72	-0.11	0.07	1.10	-0.02	-0.13	2.33	-0.06	0.38	-0.11	0.07	1.25	-0.25	-0.58	-0.04	-0.14
A7	-0.44	-1.04	0.95	-0.11	0.07	1.08	-0.02	-0.13	0.41	-0.06	0.28	-0.11	0.07	1.26	-0.25	0.36	-0.04	-0.14
A6	-0.54	-1.18	1.72	-0.14	0.07	1.06	0.67	-0.46	-0.28	0.08	-2.40	-0.25	0.12	0.17	0.92	0.05	-0.63	0.05
A9	0.09	-1.07	2.28	2.35	-5.00	1.01	5.00	-0.63	1.31	-0.06	-5.00	5.00	0.76	1.44	-1.50	1.18	1.21	-0.20
A8	-0.87	-0.12	0.72	-0.11	0.07	1.26	-0.02	-0.13	1.25	-0.06	0.32	-0.11	0.07	1.69	-0.25	-0.75	-0.04	-0.14
D8	-0.08	0.69	-0.22	-0.11	0.07	-0.82	-0.02	-0.13	0.11	-0.06	0.28	-0.11	0.07	-0.71	-0.25	-0.44	-0.04	-0.14
D9	0.95	0.29	-0.95	5.00	-1.28	-0.76	-5.00	5.00	-0.32	5.00	0.30	5.00	1.05	-0.37	0.94	0.33	-5.00	5.00
D6	0.32	0.21	-0.70	-0.11	0.07	-0.84	-0.02	-0.13	-0.45	-0.06	0.28	-0.11	0.07	-0.49	-0.25	1.01	-0.04	-0.14
D7	-0.03	0.41	-0.64	-0.11	0.07	-0.81	-0.02	-0.13	-0.46	-0.06	0.43	-0.11	0.07	-0.77	-0.25	0.63	-0.04	-0.14
D4	0.98	0.44	-0.71	-0.11	0.07	-0.89	-0.02	-0.13	0.50	-0.06	0.58	-0.11	0.07	-0.38	-0.25	1.47	-0.04	-0.14
D5	1.00	0.43	-0.70	-0.11	0.07	-0.90	-0.02	-0.13	0.50	-0.06	0.58	-0.11	0.07	-0.38	-0.25	1.45	-0.04	-0.14
D2	0.24	1.08	-0.99	-0.11	0.07	-0.82	-0.02	-0.13	-0.03	-0.06	0.25	-0.11	0.07	-0.91	-0.25	0.04	-0.04	-0.14
D3	0.39	0.39	-0.80	-0.11	0.07	-0.85	-0.02	-0.13	-0.10	-0.06	0.46	-0.11	0.07	-0.52	-0.25	1.40	-0.04	-0.14
D1	-0.23	1.02	-0.48	-0.11	0.07	-0.85	-0.02	-0.13	0.22	-0.06	0.27	-0.11	0.07	-0.76	-0.25	-0.31	-0.04	-0.14
