384A  11.88  14.70   2.82  11.97   2.73
384C  10.96  13.16   2.20  11.02   2.14
384E  12.94  11.67  -1.27  10.50   1.17
384D  10.81  13.44   2.63  10.81   2.63
384G  15.97  18.89   2.92  15.91   2.98
384I  10.56   8.86  -1.70  10.11  -1.25
384H   5.49   6.77   1.27   5.53   1.23
384K  10.84  14.29   3.45  10.13   4.16
384M   5.19   6.49   1.29   5.20   1.28
384L   5.15   3.18  -1.98   4.88  -1.70
384N   8.33  11.11   2.79   8.41   2.70
384Q   7.73   9.68   1.95   7.81   1.87
384P  25.36  28.24   2.88  25.36   2.88
384S  12.82  15.69   2.87  12.86   2.83
384R  15.98  17.35   1.36   9.41   7.94
384T   9.65  12.21   2.55   9.73   2.48
384W  -0.28  -0.38  -0.10   0.55  -0.93
384V   8.11  10.54   2.43   8.07   2.47
384Y   0.67  -0.32  -0.99   0.65  -0.96
348Y  -3.76  -0.07   3.69  -7.35   7.28
348Q  -4.95  -5.37  -0.41  -5.56   0.19
348P   6.97   3.44  -3.53  13.03  -9.59
348S  -3.15  -1.85   1.30   0.22  -2.07
348R   0.34   2.37   2.03  -3.39   5.76
348T  -0.47  -0.41   0.06  -3.69   3.28
348W  -8.71  -4.97   3.74  -7.83   2.86
348V  -1.64  -5.67  -4.04  -7.38   1.71
348I  -5.31  -7.21  -1.89  -7.88   0.68
348H   0.93   0.73  -0.21  -5.38   6.10
348K   1.03   3.71   2.68   0.34   3.37
348M  -8.35  -9.86  -1.51  -6.22  -3.64
348L  -5.65  -8.24  -2.59  -6.20  -2.04
348N  -3.55  -5.39  -1.84  -0.97  -4.42
348A  -4.80  -4.63   0.18  -5.34   0.71
348C  -6.13  -7.58  -1.45  -1.20  -6.38
348E   0.87   1.87   1.00  -0.26   2.13
348D   1.67   1.95   0.28   1.55   0.40
348F  -3.98  -4.67  -0.68  -7.13   2.46
417G  15.41  18.59   3.18  17.67   0.92
346W   6.19   5.14  -1.05  -6.37  11.52
309C   3.89   5.42   1.54   6.39  -0.97
309A   3.75   5.70   1.95   6.38  -0.67
309F  -5.70  -5.41   0.29  -2.74  -2.67
309G  11.75  13.46   1.71  11.96   1.50
309D   8.68  10.24   1.56   8.90   1.34
309E   6.22   7.81   1.58   6.51   1.30
309K   4.86   6.84   1.97   6.71   0.13
309H   0.52   2.01   1.49   3.26  -1.25
309I   0.28   1.72   1.44   3.51  -1.79
309N   5.76   7.41   1.64   6.06   1.35
309L  -4.55  -3.66   0.89  -2.23  -1.43
309R   2.81   4.12   1.32   3.58   0.54
309S   5.92   7.86   1.94   8.46  -0.61
309P  28.68  30.22   1.54  28.89   1.33
309Q   1.89   2.98   1.08   4.31  -1.34
309V   4.51   5.92   1.41   4.69   1.24
309W  -3.36  -2.86   0.51  -5.50   2.64
309T   4.12   6.01   1.88   6.64  -0.64
417M   9.78  12.09   2.32   9.15   2.95
346N  -2.12  -1.77   0.35   2.32  -4.09
346M  -5.27  -9.30  -4.03  -9.66   0.36
309Y  -2.57  -2.11   0.46  -1.17  -0.94
346K  10.55  12.82   2.27  -2.38  15.20
346I  -5.23  -7.73  -2.51  -6.57  -1.16
346H  -1.76  -5.20  -3.43  -1.16  -4.04
346L  -1.75  -5.71  -3.96  -2.68  -3.02
417K  11.60  14.41   2.81  13.20   1.21
302Y  12.71  11.79  -0.92   2.04   9.75
302W  11.00  10.79  -0.20  -1.50  12.30
302V   4.42   3.63  -0.79   5.61  -1.98
302T   7.96   7.88  -0.08   8.14  -0.26
302S  10.24  12.17   1.94  11.55   0.62
302R  14.31  17.11   2.79   9.26   7.85
302Q   6.91   9.29   2.39   8.53   0.77
302P  11.70  11.40  -0.30  12.70  -1.30
302N  13.15  13.04  -0.11   9.48   3.56
302M   5.82   3.67  -2.16   3.15   0.52
302L   5.03   2.81  -2.22  -2.75   5.56
302K  14.06  17.63   3.57  11.72   5.91
302I   7.46   7.72   0.26   6.70   1.02
302H  17.49  18.38   0.89   7.60  10.78
302G  10.08  11.60   1.52   8.57   3.03
302F  10.99  12.12   1.14   1.78  10.35
302E   8.26  12.78   4.52  10.10   2.68
302D  13.01  15.67   2.67   8.49   7.18
302C  10.81  10.34  -0.47   9.84   0.50
417T  10.18  13.28   3.11  12.51   0.77
417V  11.15  13.04   1.89  10.54   2.50
417P  19.14  20.55   1.41  21.00  -0.45
417Q  12.18  14.58   2.40  13.11   1.47
417R   8.92  11.23   2.31  11.32  -0.09
346V  -5.72  -8.13  -2.41  -5.18  -2.95
417Y   4.04   4.68   0.64   3.52   1.16
417D  15.31  18.46   3.15  17.01   1.45
417E  16.29  19.09   2.80  15.35   3.73
417F   3.70   4.98   1.28   5.46  -0.48
346T  -2.19  -3.59  -1.40  -4.11   0.52
417A  10.28  13.37   3.10  12.03   1.34
417C  11.47  14.48   3.01  13.16   1.32
417L   8.69  10.92   2.23  10.01   0.91
346S   2.24   2.13  -0.11  -1.51   3.64
417N  11.65  14.31   2.65  11.03   3.28
417H  11.51  13.96   2.45   7.66   6.30
417I  11.15  13.23   2.08   8.78   4.46
346R   4.54   5.66   1.12  -8.24  13.90
346Q  -3.36  -5.98  -2.63  -1.80  -4.18
346P  14.84  14.81  -0.03  18.21  -3.40
346Y  -0.33  -3.44  -3.11  -7.58   4.13
417S  11.76  14.92   3.16  13.47   1.45
346F  -4.96  -7.65  -2.70  -5.01  -2.64
346E   2.75   1.62  -1.14  -1.86   3.48
346D   0.80  -2.27  -3.08   3.45  -5.72
346C   4.77   2.86  -1.91  -6.22   9.08
401Y   0.61  -0.68  -1.30   0.98  -1.66
346A   0.19  -1.11  -1.31  -6.85   5.74
401S   8.98  10.08   1.10   7.19   2.89
401R   5.12   5.06  -0.06   5.48  -0.41
401Q   3.61   4.59   0.97   3.99   0.60
401P   9.62   9.94   0.32   9.15   0.78
401W   1.95   1.16  -0.78   0.20   0.96
401T   2.03   3.39   1.37   4.59  -1.19
401K   6.69   5.45  -1.24   7.47  -2.02
401I  -0.20  -1.37  -1.17  -0.51  -0.87
401H   3.46   3.89   0.43   7.24  -3.35
401N   4.77   5.67   0.90   6.36  -0.68
401M   2.20   0.64  -1.57   3.07  -2.43
401L  -0.22  -1.13  -0.91   1.87  -3.00
401C   3.35   5.04   1.69   5.04  -0.00
401A   4.00   5.56   1.56   6.05  -0.49
401G  12.22  13.47   1.26  11.65   1.82
401F  -0.57  -2.17  -1.60   0.25  -2.42
401E   8.06   9.52   1.46  10.06  -0.54
401D  11.75  12.79   1.04  11.24   1.55
305N   8.22  11.56   3.34   9.21   2.35
305L   2.15   3.74   1.58   1.98   1.75
305M   3.62   3.38  -0.24   2.32   1.05
305K  12.04  15.54   3.50   8.72   6.82
305H   5.68   8.18   2.50   5.24   2.94
305I   4.17   4.68   0.51   4.52   0.17
305G  12.26  17.10   4.84  12.10   5.01
305D  10.57  14.76   4.19  12.06   2.70
305E   8.33  11.12   2.78   8.42   2.70
305C   9.29  12.11   2.82   8.09   4.02
305A   8.45  11.80   3.35   5.91   5.89
305Y   4.24   4.11  -0.13   2.64   1.47
305V   4.68   7.66   2.98   5.51   2.14
305W   8.45   7.47  -0.98   5.31   2.16
305T   8.68  11.90   3.22   7.97   3.93
305R  11.08  14.02   2.93   6.47   7.54
305S   9.58  13.68   4.10  12.43   1.25
305P  23.88  28.12   4.24  25.63   2.49
305Q   7.01   8.94   1.93   4.61   4.33
306C   9.99  11.26   1.28  11.55  -0.29
306A   9.08  10.91   1.83  11.56  -0.65
306G  17.90  18.70   0.80  17.39   1.31
306F   0.24  -0.19  -0.43   1.30  -1.48
306E  12.08  14.64   2.56  14.15   0.49
306D  15.16  15.76   0.60  15.14   0.62
306K   8.14  10.53   2.39  10.05   0.48
306I   8.14  10.23   2.08  10.59  -0.36
306H   7.63   7.86   0.23   7.26   0.60
306N   8.27  10.62   2.35  11.42  -0.80
306M   6.03   5.81  -0.22   5.33   0.48
306L   5.22   5.28   0.06   3.92   1.36
306S  12.11  14.63   2.52  14.06   0.57
306R   7.20   6.53  -0.67   7.00  -0.47
306Q  11.37  11.71   0.34   9.28   2.43
306P  30.67  31.31   0.64  31.91  -0.60
306W   0.37   0.69   0.32   2.38  -1.69
306V  11.62  13.68   2.05  14.02  -0.34
306T  13.99  16.46   2.47  14.52   1.94
