MUT	fa_rep:	ref:	fa_atr:	hbond_sc:	fa_sol:	yhh_planarity:	dslf_fa13:	fa_intra_sol_xover4:	omega:	p_aa_pp:	TOT	sugar_bb:	fa_intra_rep:	hbond_lr_bb:	hbond_sr_bb:	hbond_bb_sc:	fa_elec:	cart_bonded:	lk_ball_wtd:	fa_dun:	rama_prepro:
384A	0.0180	2.6660	0.0000	-0.1960	-0.0010	-0.0010	-0.0010	0.0070	0.0000	2.5400	0.0000	0.0000	0.0000	-0.0390	0.0000	0.1050	0.1380	-0.0080	-0.1710	0.0230	-0.0020
384C	-0.0310	2.3360	0.0000	-0.3370	0.0000	0.0000	-0.0150	0.0010	-0.0020	2.0280	0.0000	0.0000	0.0000	-0.0050	-0.0040	-0.0040	0.0680	0.0280	0.0080	-0.0090	-0.0060
384E	-0.3230	2.3830	0.0000	0.9750	0.0000	0.0000	-0.0020	0.0000	0.0000	2.0790	0.0000	0.0000	0.0000	-0.0060	0.0000	0.0000	-0.6410	0.0000	-0.3060	0.0000	0.0000
384D	-0.1540	2.4140	0.0000	0.9640	0.0000	0.0000	-0.0280	0.0000	0.0000	2.5620	0.0000	0.0000	0.0000	-0.0070	0.0000	0.0000	-0.5120	0.0000	-0.1170	0.0000	0.0000
384G	0.0180	2.7060	0.0000	-0.1140	0.0000	0.0000	0.0110	0.0000	0.0000	2.5630	0.0000	0.0000	0.0000	-0.0380	0.0000	0.0000	0.1350	0.0000	-0.1550	0.0000	0.0000
384I	-0.0400	1.7220	0.0000	-1.0620	0.0000	-0.0010	0.0140	0.0050	-0.0050	0.7370	0.0000	0.0000	0.0000	-0.0280	0.0070	0.0050	0.3510	0.0640	-0.2840	-0.0110	0.0000
384H	-0.0510	0.8040	0.0000	1.1440	0.0010	0.0030	-0.0150	-0.0030	0.0010	1.3470	0.0000	0.0000	0.0000	-0.0080	-0.0030	0.0040	-0.3120	0.0590	-0.2420	-0.0370	-0.0040
384K	0.2460	0.4290	0.0000	2.4140	0.0000	0.0000	0.0120	0.0000	0.0000	3.0130	0.0000	0.0000	0.0000	-0.0460	0.0000	0.0000	0.5970	0.0000	-0.6410	0.0000	0.0000
384M	-0.0890	1.3640	0.0000	-0.5970	0.0000	0.0000	0.0100	0.0000	0.0000	1.3000	0.0000	0.0000	0.0000	-0.0130	0.0000	0.0000	0.5460	0.0000	0.0790	0.0000	0.0000
384L	0.2970	1.6260	0.0000	-3.3560	0.0000	0.0000	0.0390	0.0000	0.0000	-0.5510	0.0000	0.0000	0.0000	0.0060	0.0000	0.0000	1.4380	0.0000	-0.5990	0.0000	0.0000
384N	-0.1110	2.1250	0.0000	0.8840	0.0000	0.0000	0.0150	0.0000	0.0000	3.3980	0.0000	0.0000	0.0000	-0.0050	0.0000	0.0000	0.6540	0.0000	-0.1660	0.0000	0.0000
384Q	-0.0450	1.9260	0.0000	0.5600	0.0070	-0.0060	0.0140	-0.0050	0.0040	2.1340	0.0000	0.0000	0.0000	-0.0450	-0.0010	0.0540	-0.1740	-0.0180	-0.1350	-0.0040	-0.0010
384P	-0.1430	3.0080	0.0000	-0.1440	0.0000	0.0000	0.0040	0.0000	0.0000	2.6460	0.0000	0.0000	0.0000	-0.0420	0.0000	0.0000	0.0140	0.0000	-0.0530	0.0000	0.0000
384S	-0.0350	2.6270	0.0000	0.0750	0.0000	0.0000	0.0150	0.0000	0.0000	2.5470	0.0000	0.0000	0.0000	-0.0380	0.0000	0.0000	0.1460	0.0000	-0.2450	0.0000	0.0000
384R	0.1150	-0.6240	0.0000	2.8820	0.0000	0.0000	0.0010	0.0000	0.0000	2.4890	0.0000	0.0000	0.0000	-0.0350	0.0000	0.0000	0.7450	0.0000	-0.5950	0.0000	0.0000
384T	-0.0060	2.3440	0.0000	-0.1310	0.0000	0.0000	-0.0170	0.0000	0.0000	2.3890	0.0000	0.0000	0.0000	-0.0080	0.0000	0.0000	0.2230	0.0000	-0.0180	0.0000	0.0000
384W	0.0000	-1.6420	0.0000	0.9880	-0.0010	0.0000	-0.0060	-0.0120	-0.0030	-0.7800	0.0000	0.0000	0.0000	0.0110	0.0020	0.0020	-0.0030	0.0270	-0.1230	-0.0140	-0.0030
384V	0.0350	3.2640	0.0000	-0.3290	0.0050	-0.0330	0.0260	0.0080	-0.0030	2.9170	0.0000	0.0000	0.0000	-0.1020	-0.0030	0.0490	0.1730	-0.2170	-0.0340	0.0860	-0.0100
384Y	0.4040	-0.8030	0.0000	1.5550	-0.0040	0.0130	-0.0190	0.0040	-0.0040	-0.2100	0.0000	0.0000	0.0000	-1.0840	0.0020	-0.0790	-0.1130	0.2560	-0.4140	0.0470	0.0310
348Y	3.8970	-2.6790	0.0000	-0.4580	0.0000	0.0000	-0.0440	0.0000	0.0000	-0.1140	0.0000	0.0000	0.0000	-1.3680	0.0000	0.0000	-0.3580	0.0000	0.8960	0.0000	0.0000
348Q	2.1110	-1.6070	0.0000	0.7260	0.0100	0.0250	-0.0160	-0.0610	0.0650	1.3380	0.0000	0.0000	-0.0340	-0.0380	0.0000	-0.0700	-0.0240	-0.0970	0.3010	0.0470	-0.0010
348P	1.6160	-1.5060	0.0000	-0.2240	0.0000	0.0000	0.0040	0.0000	0.0000	0.4420	0.0000	0.0000	0.0000	0.0150	0.0000	0.0000	0.2150	0.0000	0.3230	0.0000	0.0000
348S	0.5110	-0.6610	0.0000	0.5870	0.0000	0.0000	-0.0030	0.0000	0.0000	0.4440	0.0000	0.0000	0.0000	0.0100	0.0000	0.0000	-0.1670	0.0000	0.1680	0.0000	0.0000
348R	2.5220	-2.1480	0.0000	1.7810	0.0000	0.0000	-0.0200	0.0000	0.0000	1.6930	0.0000	0.0000	0.0000	-0.0080	0.0000	0.0000	-0.1510	0.0000	-0.2820	0.0000	0.0000
348T	1.0380	-1.1270	0.0000	0.2670	0.0000	0.0000	-0.0210	0.0000	0.0000	0.3300	0.0000	0.0000	0.0000	-0.0090	0.0000	0.0000	-0.1120	0.0000	0.2950	0.0000	0.0000
348W	3.0210	-2.1770	0.0000	-0.4480	0.0000	0.0000	-0.0520	0.0000	0.0000	0.5360	0.0000	0.0000	0.0000	0.0250	0.0000	0.0000	-0.2460	0.0000	0.4140	0.0000	0.0000
348V	1.7160	-1.7890	0.0000	-0.5510	0.0000	0.0000	-0.0110	0.0000	0.0000	-0.2210	0.0000	0.0000	0.0000	0.0110	0.0000	0.0000	0.0740	0.0000	0.3300	0.0000	0.0000
348I	2.1690	-1.2410	0.0000	-0.7690	0.0000	0.0000	-0.0330	0.0000	0.0000	0.4320	0.0000	0.0000	0.0000	0.0140	0.0000	0.0000	-0.1670	0.0000	0.4600	0.0000	0.0000
348H	1.6880	-1.1980	0.0000	-0.1660	0.0000	0.0000	-0.0240	0.0000	0.0000	0.8180	0.0000	0.0000	0.0000	0.0170	0.0000	0.0000	-0.0550	0.0000	0.5590	0.0000	0.0000
348K	1.4600	1.4830	0.0000	0.5680	0.0000	0.0000	-0.0450	0.0000	0.0000	4.4300	0.0000	0.0000	0.0000	0.1500	0.0000	0.0000	0.0560	0.0000	0.7580	0.0000	0.0000
348M	2.8330	-1.3140	0.0000	0.7380	0.0000	0.0000	-0.0620	0.0000	0.0000	2.2250	0.0000	0.0000	0.0000	0.0700	0.0000	0.0000	-0.4310	0.0000	0.3940	0.0000	0.0000
348L	2.2720	-0.5120	0.0000	-1.9360	0.0000	0.0000	-0.0300	0.0000	0.0000	0.4210	0.0000	0.0000	0.0000	0.0330	0.0000	0.0000	0.0850	0.0000	0.5110	0.0000	0.0000
348N	1.4630	-1.6270	0.0000	0.9860	0.0000	0.0000	0.0010	0.0000	0.0000	0.9210	0.0000	0.0000	0.0000	-0.4220	0.0000	0.0000	-0.0290	0.0000	0.5480	0.0000	0.0000
348A	0.8520	-0.8480	0.0000	-0.7450	0.0000	0.0000	0.0040	0.0000	0.0000	-0.5080	0.0000	0.0000	0.0000	-0.0010	0.0000	0.0000	0.1360	0.0000	0.0950	0.0000	0.0000
348C	1.1260	-1.2530	0.0000	-0.1760	0.0000	0.0000	-0.0060	0.0000	0.0000	-0.2730	0.0000	0.0000	0.0000	0.0050	0.0000	0.0000	-0.1370	0.0000	0.1690	0.0000	0.0000
348E	2.3450	0.6510	0.0000	1.3560	0.0000	0.0000	-0.0580	0.0000	0.0000	3.4230	0.0000	0.0000	0.0000	0.0450	0.0000	0.0000	-1.1710	0.0000	0.2540	0.0000	0.0000
348D	0.9210	-1.0350	0.0000	1.3250	0.0000	0.0000	-0.0320	0.0000	0.0000	0.5890	0.0000	0.0000	0.0000	-0.0040	0.0000	0.0000	-1.1500	0.0000	0.5640	0.0000	0.0000
348F	1.0610	-0.6790	0.0000	-1.2640	0.0000	0.0000	0.0010	0.0000	0.0000	-0.5600	0.0000	0.0000	0.0000	0.0140	0.0000	0.0000	-0.0270	0.0000	0.3350	0.0000	0.0000
417G	-0.5870	4.4190	0.0000	-1.0280	0.0000	0.0000	0.0130	0.0000	0.0000	2.7010	0.0000	0.0000	0.0000	0.0070	0.0000	0.0000	-0.0300	0.0000	-0.0930	0.0000	0.0000
346W	2.1800	-0.1830	0.0000	0.1400	0.0000	0.0000	-0.1180	0.0000	0.0000	2.1970	0.0000	0.0000	0.0000	0.1920	0.0000	0.0000	-0.4890	0.0000	0.4740	0.0000	0.0000
309C	-0.0450	1.3110	0.0000	-0.2000	0.0000	0.0030	-0.0080	-0.0020	0.0000	1.0460	0.0000	0.0000	0.0000	0.0000	-0.0050	-0.0040	-0.0100	0.0230	0.0250	-0.0440	0.0040
309A	-0.1430	1.6990	0.0000	-0.2150	0.0000	0.0000	-0.0010	0.0000	0.0000	1.4120	0.0000	0.0000	0.0000	0.0020	0.0000	0.0000	-0.0160	0.0000	0.0870	0.0000	0.0000
309F	0.1710	0.3780	0.0000	-0.2500	0.0000	0.0000	0.0030	0.0000	0.0000	0.3610	0.0000	0.0000	0.0000	-0.0030	0.0000	0.0000	0.0160	0.0000	0.0490	0.0000	0.0000
309G	-0.0670	1.5780	0.0000	-0.4710	0.0000	0.0000	-0.0040	0.0000	0.0000	1.0830	0.0000	0.0000	0.0000	0.0010	0.0000	0.0000	-0.0280	0.0000	0.0720	0.0000	0.0000
309D	-0.0750	1.2670	0.0000	0.0410	-0.0060	0.0020	0.0040	-0.0130	0.0030	0.9110	0.0000	0.0000	0.0000	0.0080	-0.0090	0.0160	-0.1720	-0.1000	-0.0800	0.0160	0.0050
309E	-0.0400	0.7840	0.0000	0.6490	0.0000	0.0000	-0.0060	0.0000	0.0000	0.8520	0.0000	0.0000	0.0000	0.0000	0.0000	0.0000	-0.4040	0.0000	-0.1290	0.0000	0.0000
309K	-0.1290	0.2950	0.0000	1.2190	0.0020	0.0020	-0.0170	0.0090	-0.0010	1.2660	0.0000	0.0000	0.0000	0.0120	-0.0030	0.0070	-0.0970	0.0750	-0.0990	-0.0150	0.0040
309H	0.0420	0.2940	0.0000	0.3550	0.0000	0.0000	-0.0020	0.0000	0.0000	0.4350	0.0000	0.0000	0.0000	-0.0020	0.0000	0.0000	-0.3240	0.0000	0.0710	0.0000	0.0000
309I	-0.1860	1.1570	0.0000	-0.3900	0.0000	0.0000	0.0070	0.0000	0.0000	0.7090	0.0000	0.0000	0.0000	-0.0050	0.0000	0.0000	0.0370	0.0000	0.0880	0.0000	0.0000
309N	-0.0060	1.0290	0.0000	0.0860	-0.0010	0.0030	0.0070	0.0040	-0.0040	1.1200	0.0000	0.0000	0.0000	0.0000	0.0020	-0.0020	0.0210	0.0220	0.0240	-0.0540	-0.0090
309L	0.0400	0.6550	0.0000	-0.4080	0.0000	0.0000	-0.0050	0.0000	0.0000	0.3100	0.0000	0.0000	0.0000	0.0010	0.0000	0.0000	0.0140	0.0000	0.0140	0.0000	0.0000
309R	-0.0320	-0.2580	0.0000	1.2870	0.0000	0.0000	-0.0140	0.0000	0.0000	1.2680	0.0000	0.0000	0.0000	0.0000	0.0000	0.0000	-0.0570	0.0000	0.3420	0.0000	0.0000
309S	-0.2110	1.9160	0.0000	-0.5000	0.0000	0.0000	-0.0040	0.0000	0.0000	1.2330	0.0000	0.0000	0.0000	0.0070	0.0000	0.0000	-0.0140	0.0000	0.0390	0.0000	0.0000
309P	-0.0600	1.4910	0.0000	-0.4430	0.0000	0.0000	-0.0040	0.0000	0.0000	1.0540	0.0000	0.0000	0.0000	0.0020	0.0000	0.0000	0.0100	0.0000	0.0580	0.0000	0.0000
309Q	-0.1190	0.6190	0.0000	0.6990	0.0000	0.0000	0.0030	0.0000	0.0000	1.0210	0.0000	0.0000	0.0000	-0.0030	0.0000	0.0000	0.0940	0.0000	-0.2700	0.0000	0.0000
309V	-0.0270	1.2740	0.0000	-0.4720	0.0000	0.0000	-0.0040	0.0000	0.0000	0.8570	0.0000	0.0000	0.0000	-0.0030	0.0000	0.0000	0.0460	0.0000	0.0450	0.0000	0.0000
309W	0.0200	-0.2780	0.0000	0.5060	0.0000	0.0000	0.0050	0.0000	0.0000	0.3990	0.0000	0.0000	0.0000	-0.0030	0.0000	0.0000	0.0280	0.0000	0.1230	0.0000	0.0000
309T	-0.1290	1.8040	0.0000	-0.5120	-0.0030	-0.0020	-0.0110	0.0100	-0.0020	1.2040	0.0000	0.0000	0.0000	0.0110	-0.0100	0.0000	-0.0050	-0.0130	0.0260	0.0370	0.0020
417M	-0.4830	1.5230	0.0000	-1.0340	0.0000	0.0000	-0.0040	0.0000	0.0000	0.0030	0.0000	0.0000	0.0000	0.0110	0.0000	0.0000	-0.0050	0.0000	-0.0050	0.0000	0.0000
346N	0.9040	-1.7770	0.0000	2.3040	0.0000	0.0000	0.0130	0.0000	0.0000	-0.3830	0.0000	0.0000	0.0000	-1.5460	0.0000	0.0000	-0.2760	0.0000	-0.0060	0.0000	0.0000
346M	3.0270	-2.4310	0.0000	-2.2410	0.0000	0.0000	-0.0400	0.0000	0.0000	-1.1550	0.0000	0.0000	0.0000	0.0770	0.0000	0.0000	0.7340	0.0000	-0.2860	0.0000	0.0000
309Y	0.0850	0.3560	0.0000	0.3400	0.0000	-0.0010	-0.0160	-0.0060	0.0100	0.5750	0.0000	0.0000	0.0000	0.0080	0.0030	0.0000	-0.2120	-0.0100	0.0390	-0.0340	0.0140
346K	5.5740	-2.0910	0.0000	5.4090	0.0000	0.0000	-0.0230	0.0000	0.0000	6.0700	0.0000	0.0000	0.0000	-0.2390	0.0000	0.0000	-3.8660	0.0000	1.3040	0.0000	0.0000
346I	1.5430	-0.7090	0.0000	-1.8660	0.0000	0.0000	0.0120	0.0000	0.0000	0.0740	0.0000	0.0000	0.0000	-0.0270	0.0000	0.0000	0.9600	0.0000	0.1610	0.0000	0.0000
346H	2.0030	-1.0600	0.0000	0.3610	0.0000	0.0000	-0.0220	0.0000	0.0000	0.2840	0.0000	0.0000	0.0000	-1.6850	0.0000	0.0000	0.1300	0.0000	0.5540	0.0000	0.0000
346L	2.2730	-2.3550	0.0000	-2.0300	0.0000	0.0000	0.0740	0.0000	0.0000	-1.6920	0.0000	0.0000	0.0000	-0.0410	0.0000	0.0000	0.5030	0.0000	-0.1150	0.0000	0.0000
417K	-0.5270	2.2730	0.0000	0.0110	0.0010	0.0000	-0.0060	-0.0090	0.0140	1.1780	0.0000	0.0000	0.0050	0.0220	0.0000	0.0070	-0.2570	0.1020	-0.4320	-0.0110	-0.0130
302Y	1.1050	-4.0570	0.0000	2.6200	0.0000	0.0000	-0.0260	0.0000	0.0000	-0.4010	0.0000	0.0000	0.0000	0.0030	0.0000	0.0000	0.1230	0.0000	-0.1680	0.0000	0.0000
302W	1.0980	-4.5550	0.0000	2.4660	0.0000	0.0000	-0.0020	0.0000	0.0000	-0.9740	0.0000	0.0000	0.0000	-0.0430	0.0000	0.0000	0.5410	0.0000	-0.4760	0.0000	0.0000
302V	0.6990	-1.5250	0.0000	-0.8900	0.0000	0.0000	-0.0200	0.0000	0.0000	-1.1060	0.0000	0.0000	0.0000	0.0340	0.0000	0.0000	0.3940	0.0000	0.2000	0.0000	0.0000
302T	0.4800	-0.8790	0.0000	2.6750	0.0000	0.0000	-0.0170	0.0000	0.0000	1.6960	0.0000	0.0000	0.0000	0.0270	0.0000	0.0000	-0.6150	0.0000	0.0270	0.0000	0.0000
302S	0.1190	-0.0110	0.0000	2.2110	0.0110	-0.0340	0.0060	-0.0390	-0.0620	1.3580	0.0000	0.0000	0.0000	-0.0210	0.0000	0.0720	-0.6390	-0.3230	-0.2360	0.2950	0.0080
302R	2.3630	-3.5010	0.0000	5.8390	0.0000	0.0000	-0.0070	0.0000	0.0000	4.6160	0.0000	0.0000	0.0000	0.0300	0.0000	0.0000	0.2830	0.0000	-0.3910	0.0000	0.0000
302Q	1.4910	-2.8920	0.0000	4.5750	0.0000	0.0010	-0.0330	0.0090	-0.0150	3.5570	0.0000	0.0000	0.0000	0.0380	0.0020	0.0030	0.2370	-0.0140	0.1250	0.0250	0.0060
302P	0.5220	0.2010	0.0000	-0.1680	0.0000	0.0000	-0.0210	0.0000	0.0000	1.6010	0.0000	0.0000	0.0000	0.0520	0.0000	0.0000	0.8330	0.0000	0.1810	0.0000	0.0000
302N	0.3490	-1.2550	0.0000	3.1280	0.0000	0.0000	-0.0020	0.0000	0.0000	2.4610	0.0000	0.0000	0.0000	-0.0010	0.0000	0.0000	-0.0360	0.0000	0.2750	0.0000	0.0000
302M	2.1140	-3.2910	0.0000	1.4720	0.0000	0.0000	-0.0280	0.0000	0.0000	0.5000	0.0000	0.0000	0.0000	0.0240	0.0000	0.0000	0.3710	0.0000	-0.1600	0.0000	0.0000
302L	1.3820	-2.6370	0.0000	1.0870	0.0000	0.0000	-0.0340	0.0000	0.0000	-0.2490	0.0000	0.0000	0.0000	0.0120	0.0000	0.0000	0.1290	0.0000	-0.1880	0.0000	0.0000
302K	3.4310	-2.0070	0.0000	6.1130	0.0000	0.0000	-0.0330	0.0000	0.0000	4.8520	0.0000	0.0000	0.0000	-1.5010	0.0000	0.0000	-2.0750	0.0000	0.9240	0.0000	0.0000
302I	2.1230	-2.6930	0.0000	0.9130	0.0000	0.0000	-0.0270	0.0000	0.0000	0.3560	0.0000	0.0000	0.0000	-0.0120	0.0000	0.0000	0.3200	0.0000	-0.2690	0.0000	0.0000
302H	0.4550	-3.2690	0.0000	4.6990	0.0000	0.0000	-0.0480	0.0000	0.0000	1.7290	0.0000	0.0000	0.0000	0.0100	0.0000	0.0000	-0.5480	0.0000	0.4310	0.0000	0.0000
302G	-0.0960	1.9020	0.0000	0.2770	0.0210	-0.0460	0.2090	0.0070	-0.0110	1.7900	0.0000	0.0000	0.0000	0.0980	-0.0080	0.1490	0.2890	-0.7100	-0.3690	0.0770	0.0000
302F	0.9300	-3.7150	0.0000	2.2000	0.0000	0.0000	-0.0470	0.0000	0.0000	-0.9370	0.0000	0.0000	0.0000	-0.0070	0.0000	0.0000	-0.3280	0.0000	0.0270	0.0000	0.0000
302E	0.4910	-1.7340	0.0000	5.3560	0.0000	0.0000	-0.0140	0.0000	0.0000	4.5540	0.0000	0.0000	0.0000	0.0150	0.0000	0.0000	0.5430	0.0000	-0.1020	0.0000	0.0000
302D	-0.0520	-0.7760	0.0000	3.7310	0.0000	0.0000	-0.0270	0.0000	0.0000	2.4210	0.0000	0.0000	0.0000	0.0070	0.0000	0.0000	-0.3380	0.0000	-0.1250	0.0000	0.0000
302C	0.3600	-0.8190	0.0000	0.6620	0.0000	0.0000	-0.0030	0.0000	0.0000	-0.0160	0.0000	0.0000	0.0000	0.0020	0.0000	0.0000	-0.2820	0.0000	0.0610	0.0000	0.0000
417T	-0.7890	3.8390	0.0000	-0.8110	0.0000	0.0000	0.0250	0.0000	0.0000	2.1400	0.0000	0.0000	0.0000	-0.0030	0.0000	0.0000	0.1070	0.0000	-0.2280	0.0000	0.0000
417V	-0.8560	3.6980	0.0000	-1.3490	0.0000	0.0000	0.0200	0.0000	0.0000	1.4200	0.0000	0.0000	0.0000	0.0090	0.0000	0.0000	0.4070	0.0000	-0.5090	0.0000	0.0000
417P	-0.6100	4.2120	0.0000	-0.9260	0.0000	0.0000	0.0090	0.0000	0.0000	2.5590	0.0000	0.0000	0.0000	0.0090	0.0000	0.0000	0.0170	0.0000	-0.1520	0.0000	0.0000
417Q	-0.6320	3.6610	0.0000	-0.3340	0.0000	0.0000	0.0120	0.0000	0.0000	2.1850	0.0000	0.0000	0.0000	0.0140	0.0000	0.0000	-0.0540	0.0000	-0.4810	0.0000	0.0000
417R	-0.6180	0.8750	0.0000	1.6800	-0.0010	-0.0030	0.0020	0.0040	-0.0080	1.5140	0.0000	0.0000	-0.0080	0.0090	0.0000	0.0030	-0.2410	0.0790	-0.3100	0.0500	0.0000
346V	1.5480	-0.4670	0.0000	-2.1170	0.0000	0.0000	-0.0170	0.0000	0.0000	-0.4110	0.0000	0.0000	0.0000	0.0110	0.0000	0.0000	0.5080	0.0000	0.1220	0.0000	0.0000
417Y	-0.4210	1.4880	0.0000	-0.3010	0.0000	0.0000	0.0180	0.0000	0.0000	0.4590	0.0000	0.0000	0.0000	0.0180	0.0000	0.0000	-0.0770	0.0000	-0.2650	0.0000	0.0000
417D	-0.7620	4.5750	0.0000	-0.6240	0.0000	0.0000	0.0090	0.0000	0.0000	2.9220	0.0000	0.0000	0.0000	0.0160	0.0000	0.0000	-0.0640	0.0000	-0.2260	0.0000	0.0000
417E	-0.6210	3.4470	0.0000	0.4800	0.0000	0.0000	-0.0030	0.0000	0.0000	3.0120	0.0000	0.0000	0.0000	0.0110	0.0000	0.0000	-0.0570	0.0000	-0.2420	0.0000	0.0000
417F	-0.5890	1.9580	0.0000	-0.7980	0.0000	0.0000	0.0210	0.0000	0.0000	0.3420	0.0000	0.0000	0.0000	0.0130	0.0000	0.0000	0.0880	0.0000	-0.3480	0.0000	0.0000
346T	1.4680	0.6170	0.0000	-3.3730	0.0010	-0.0360	0.0290	-0.0070	0.0150	1.1290	0.0000	0.0000	-0.0020	-0.0690	0.0000	-0.1710	3.7620	-0.2640	-0.6350	-0.2080	0.0000
417A	-0.6530	4.4230	0.0000	-1.1160	0.0000	0.0000	0.0140	0.0000	0.0000	2.6140	0.0000	0.0000	0.0000	0.0040	0.0000	0.0000	0.1890	0.0000	-0.2440	0.0000	0.0000
417C	-0.6640	4.2720	0.0000	-1.0720	0.0000	0.0000	0.0200	0.0000	0.0000	2.4720	0.0000	0.0000	0.0000	0.0080	0.0000	0.0000	0.1710	0.0000	-0.2620	0.0000	0.0000
417L	-0.4110	2.2230	0.0000	-0.9480	0.0000	0.0000	-0.0010	0.0000	0.0000	0.4930	0.0000	0.0000	0.0000	0.0040	0.0000	0.0000	-0.2290	0.0000	-0.1440	0.0000	0.0000
346S	0.1160	0.0200	0.0000	0.8990	0.0000	0.0000	-0.0100	0.0000	0.0000	0.7900	0.0000	0.0000	0.0000	-0.0020	0.0000	0.0000	-0.0080	0.0000	-0.2290	0.0000	0.0000
417N	-0.6310	4.1640	0.0000	-0.7560	0.0000	0.0000	0.0120	0.0000	0.0000	2.6680	0.0000	0.0000	0.0000	0.0070	0.0000	0.0000	0.1700	0.0000	-0.2980	0.0000	0.0000
417H	-0.5060	2.7180	0.0000	-0.4650	0.0000	0.0000	0.0120	0.0000	0.0000	1.2530	0.0000	0.0000	0.0000	0.0150	0.0000	0.0000	-0.0940	0.0000	-0.4260	0.0000	0.0000
417I	-0.4960	2.7410	0.0000	-1.1620	0.0010	0.0030	-0.0050	0.0040	-0.0140	0.6470	0.0000	0.0000	-0.0180	0.0250	0.0000	0.0010	-0.0120	0.0370	-0.3690	-0.0910	0.0040
346R	6.0700	-2.7580	0.0000	3.4670	0.0000	0.0000	0.0120	0.0000	0.0000	7.1350	0.0000	0.0000	0.0000	-0.6460	0.0000	0.0000	-0.3580	0.0000	1.3440	0.0000	0.0000
346Q	2.8080	-2.3870	0.0000	2.1090	0.0000	0.0000	-0.0050	0.0000	0.0000	0.6010	0.0000	0.0000	0.0000	-1.0610	0.0000	0.0000	-0.6180	0.0000	-0.2470	0.0000	0.0000
346P	0.0240	-0.5080	0.0000	0.4580	0.0000	0.0000	-0.0110	0.0000	0.0000	-0.0380	0.0000	0.0000	0.0000	0.0160	0.0000	0.0000	0.3500	0.0000	-0.3700	0.0000	0.0000
346Y	4.6650	-2.1080	0.0000	0.3440	-0.0030	0.0000	-0.1590	0.0030	0.0010	0.8320	0.0000	0.0000	0.0020	-0.5120	0.0000	-0.0050	-0.5340	0.0460	-0.8490	-0.0630	0.0050
417S	-0.5920	4.3290	0.0000	-0.8830	0.0000	0.0000	0.0070	0.0000	0.0000	2.7670	0.0000	0.0000	0.0000	0.0090	0.0000	0.0000	0.0430	0.0000	-0.1440	0.0000	0.0000
346F	4.4120	-1.6590	0.0000	-1.5440	0.0000	0.0000	-0.0530	0.0000	0.0000	2.0220	0.0000	0.0000	0.0000	0.1960	0.0000	0.0000	-0.0180	0.0000	0.6890	0.0000	0.0000
346E	1.2830	-1.1920	0.0000	2.8680	0.0000	0.0000	-0.0790	0.0000	0.0000	0.8810	0.0000	0.0000	0.0000	-0.8930	0.0000	0.0000	-0.4290	0.0000	-0.6760	0.0000	0.0000
346D	0.6750	-1.0450	0.0000	3.0470	0.0000	0.0000	-0.0360	0.0000	0.0000	-1.0600	0.0000	0.0000	0.0000	-1.0850	0.0000	0.0000	-2.3940	0.0000	-0.2210	0.0000	0.0000
346C	0.5090	-0.9790	0.0000	0.3530	0.0000	0.0000	-0.0160	0.0000	0.0000	-0.3030	0.0000	0.0000	0.0000	-0.0020	0.0000	0.0000	-0.1280	0.0000	-0.0410	0.0000	0.0000
401Y	1.6670	-4.8010	0.0000	3.7660	0.0000	0.0000	-0.0080	0.0000	0.0000	-1.1830	0.0000	0.0000	0.0000	-0.9070	0.0000	0.0000	-0.5980	0.0000	-0.3020	0.0000	0.0000
346A	0.5120	-0.5970	0.0000	-1.0280	0.0000	0.0000	0.0100	0.0000	0.0000	-1.3710	0.0000	0.0000	0.0000	0.0120	0.0000	0.0000	0.0510	0.0000	-0.3350	0.0000	0.0000
401S	0.1670	1.8360	0.0000	0.2750	-0.0050	-0.0240	-0.0140	-0.0070	-0.1820	1.4120	0.0000	0.0000	0.0640	-0.0080	0.0000	0.1600	-0.6580	0.0980	-0.3040	0.1760	-0.1610
401R	0.8200	-4.0480	0.0000	7.6270	0.0000	0.0000	-0.0100	0.0000	0.0000	0.8620	0.0000	0.0000	0.0000	-1.2700	0.0000	0.0000	-2.7100	0.0000	0.4520	0.0000	0.0000
401Q	0.6150	-2.3320	0.0000	2.8370	0.0000	0.0000	0.0080	0.0000	0.0000	0.9030	0.0000	0.0000	0.0000	0.0120	0.0000	0.0000	0.2490	0.0000	-0.4880	0.0000	0.0000
401P	-0.3250	0.3060	0.0000	0.1080	0.0010	0.0010	-0.0010	-0.0110	0.0000	0.0000	0.0000	0.0000	0.0010	0.0010	0.0000	0.0090	-0.1460	0.0430	-0.0030	0.0080	0.0090
401W	3.1740	-6.0530	0.0000	3.1570	0.0000	0.0000	-0.0580	0.0000	0.0000	-0.4580	0.0000	0.0000	0.0000	0.1340	0.0000	0.0000	-0.2820	0.0000	-0.5310	0.0000	0.0000
401T	-0.1000	0.7030	0.0000	0.8310	0.0000	0.0000	0.0050	0.0000	0.0000	1.2200	0.0000	0.0000	0.0000	0.0030	0.0000	0.0000	-0.0310	0.0000	-0.1940	0.0000	0.0000
401K	0.0960	-1.9780	0.0000	5.5980	0.0000	0.0000	-0.0350	0.0000	0.0000	1.9990	0.0000	0.0000	0.0000	0.0630	0.0000	0.0000	-1.1110	0.0000	-0.6330	0.0000	0.0000
401I	0.7640	-1.8770	0.0000	-0.0950	0.0000	0.0000	0.0120	0.0000	0.0000	-1.5700	0.0000	0.0000	0.0000	0.0090	0.0000	0.0000	-0.0540	0.0000	-0.3290	0.0000	0.0000
401H	0.2220	-1.9770	0.0000	2.5610	0.0000	0.0000	0.0050	0.0000	0.0000	-0.0610	0.0000	0.0000	0.0000	0.0130	0.0000	0.0000	-0.2510	0.0000	-0.6330	0.0000	0.0000
401N	0.1860	-0.5530	0.0000	1.7470	0.0000	0.0000	0.0070	0.0000	0.0000	0.5940	0.0000	0.0000	0.0000	0.0020	0.0000	0.0000	-0.1820	0.0000	-0.6130	0.0000	0.0000
401M	0.3200	-2.3740	0.0000	0.8440	0.0000	0.0000	0.0190	0.0000	0.0000	-1.2840	0.0000	0.0000	0.0000	0.0100	0.0000	0.0000	0.1060	0.0000	-0.2080	0.0000	0.0000
401L	1.2470	-2.5510	0.0000	0.2130	0.0000	0.0000	-0.0010	0.0000	0.0000	-1.6020	0.0000	0.0000	0.0000	0.0150	0.0000	0.0000	-0.2240	0.0000	-0.2990	0.0000	0.0000
401C	-0.2390	1.1550	0.0000	0.1730	0.0000	0.0000	-0.0130	0.0000	0.0000	0.9370	0.0000	0.0000	0.0000	0.0070	0.0000	0.0000	-0.2920	0.0000	0.1460	0.0000	0.0000
401A	-0.6000	2.3290	0.0000	-0.5260	0.0010	0.0000	-0.0100	0.0030	0.0020	1.2020	0.0000	0.0000	0.0070	-0.0000	0.0000	0.0230	-0.1680	0.0480	0.0870	0.0120	-0.0080
401G	-0.1250	1.4700	0.0000	0.5810	0.0000	0.0000	0.0070	0.0000	0.0000	1.9510	0.0000	0.0000	0.0000	0.0060	0.0000	0.0000	0.0140	0.0000	-0.0020	0.0000	0.0000
401F	1.3040	-3.3570	0.0000	1.1340	0.0000	0.0000	0.0030	0.0000	0.0000	-1.3260	0.0000	0.0000	0.0000	0.0320	0.0000	0.0000	-0.1370	0.0000	-0.3040	0.0000	0.0000
401E	0.1820	-0.0860	0.0000	2.2840	0.0000	0.0000	0.0120	0.0000	0.0000	1.9750	0.0000	0.0000	0.0000	-0.0050	0.0000	0.0000	-0.2850	0.0000	-0.1270	0.0000	0.0000
401D	-0.2290	0.0080	0.0000	1.3150	0.0000	0.0000	0.0030	0.0000	0.0000	0.3390	0.0000	0.0000	0.0000	0.0090	0.0000	0.0000	-0.3020	0.0000	-0.4670	0.0000	0.0000
305N	-0.1220	1.9450	0.0000	0.5450	0.0000	0.0000	-0.0030	0.0000	0.0000	2.4150	0.0000	0.0000	0.0000	-0.0100	0.0000	0.0000	-0.1030	0.0000	0.1610	0.0000	0.0000
305L	0.2400	-0.1650	0.0000	-0.4190	0.0000	0.0000	-0.0080	0.0000	0.0000	-0.3970	0.0000	0.0000	0.0000	0.0000	0.0000	0.0000	-0.0250	0.0000	-0.0210	0.0000	0.0000
305M	0.2880	-0.0810	0.0000	-0.1820	0.0000	0.0000	0.0060	0.0000	0.0000	0.0380	0.0000	0.0000	0.0000	-0.0050	0.0000	0.0000	0.0090	0.0000	0.0030	0.0000	0.0000
305K	-0.1160	2.4170	0.0000	0.1640	0.0000	0.0000	0.0060	0.0000	0.0000	2.6640	0.0000	0.0000	0.0000	-0.0090	0.0000	0.0000	0.0880	0.0000	0.1120	0.0000	0.0000
305H	0.0460	0.5410	0.0000	0.5960	0.0010	-0.0030	-0.0100	-0.0120	-0.0120	0.9720	0.0000	0.0000	0.0000	0.0090	-0.0010	0.0050	-0.0220	0.0350	-0.2220	0.0240	0.0000
305I	0.8000	0.2250	0.0000	-1.3430	0.0000	0.0000	0.0250	0.0000	0.0000	-0.3890	0.0000	0.0000	0.0000	0.0050	0.0000	0.0000	0.1380	0.0000	-0.2410	0.0000	0.0000
305G	0.0700	4.0150	0.0000	-0.8800	0.0000	0.0000	-0.0120	0.0000	0.0000	3.1400	0.0000	0.0000	0.0000	0.0090	0.0000	0.0000	0.1890	0.0000	-0.2540	0.0000	0.0000
305D	-0.0400	1.9270	0.0000	1.1710	0.0000	0.0000	-0.0040	0.0000	0.0000	2.7330	0.0000	0.0000	0.0000	-0.0010	0.0000	0.0000	-0.3570	0.0000	0.0370	0.0000	0.0000
305E	0.0380	0.8640	0.0000	2.0860	0.0000	0.0000	-0.0130	0.0000	0.0000	2.4510	0.0000	0.0000	0.0000	0.0010	0.0000	0.0000	-0.6300	0.0000	0.1040	0.0000	0.0000
305C	0.0150	1.7780	0.0000	0.0420	0.0000	0.0000	-0.0090	0.0000	0.0000	1.8280	0.0000	0.0000	0.0000	0.0000	0.0000	0.0000	0.0050	0.0000	-0.0050	0.0000	0.0000
305A	-0.0020	3.1450	0.0000	-1.0400	-0.0010	-0.0010	0.0070	-0.0080	-0.0080	2.2430	0.0000	0.0000	0.0000	-0.0130	0.0000	-0.0030	0.0520	-0.0400	0.1590	-0.0050	0.0020
305Y	0.2240	-0.3460	0.0000	-0.3020	0.0000	0.0000	0.0020	0.0000	0.0000	-0.4890	0.0000	0.0000	0.0000	0.0030	0.0000	0.0000	0.0650	0.0000	-0.1360	0.0000	0.0000
305V	0.8240	2.0320	0.0000	-1.7780	-0.0020	0.0010	0.0270	0.0010	0.0010	1.7170	0.0000	0.0000	0.0000	0.0220	0.0050	-0.0040	0.7830	-0.1160	-0.0790	0.0080	-0.0080
305W	2.3320	-1.2900	0.0000	-2.5750	0.0260	0.0030	0.0550	-0.0060	-0.0100	-0.1750	0.0000	0.0000	0.0000	-0.0010	0.0290	-0.1440	1.2420	0.2700	-0.1330	0.0240	0.0040
305T	0.7350	1.4270	0.0000	-0.3190	0.0010	0.0050	-0.0000	0.0050	-0.0050	1.5760	0.0000	0.0000	0.0000	0.0210	-0.0070	0.0020	0.1670	0.0270	-0.4060	-0.0770	0.0000
305R	0.0620	1.0690	0.0000	0.7230	0.0010	0.0010	0.0110	-0.0060	0.0020	1.9880	0.0000	0.0000	0.0000	-0.0120	-0.0010	-0.0030	0.3460	0.0060	-0.2380	0.0210	0.0060
305S	-0.0060	2.6110	0.0000	0.2870	0.0000	0.0000	-0.0060	0.0000	0.0000	2.7270	0.0000	0.0000	0.0000	-0.0050	0.0000	0.0000	-0.0130	0.0000	-0.1400	0.0000	0.0000
305P	-0.0420	2.4000	0.0000	-0.0110	0.0000	0.0000	-0.0040	0.0000	0.0000	2.4070	0.0000	0.0000	0.0000	-0.0060	0.0000	0.0000	-0.0340	0.0000	0.1020	0.0000	0.0000
305Q	-0.3020	3.5070	0.0000	-0.1260	0.0000	0.0000	0.0030	0.0000	0.0000	3.2680	0.0000	0.0000	0.0000	0.0050	0.0000	0.0000	0.2880	0.0000	-0.1070	0.0000	0.0000
306C	-0.2120	2.1550	0.0000	-1.0200	0.0000	0.0000	0.0070	0.0000	0.0000	1.2030	0.0000	0.0000	0.0000	0.0150	0.0000	0.0000	0.4520	0.0000	-0.1980	0.0000	0.0000
306A	-0.0620	2.3240	0.0000	-1.3270	0.0000	0.0000	0.0040	0.0000	0.0000	1.1110	0.0000	0.0000	0.0000	0.0170	0.0000	0.0000	0.3770	0.0000	-0.2200	0.0000	0.0000
306G	0.0250	2.8100	0.0000	-0.7950	0.0000	0.0000	-0.0040	0.0000	0.0000	2.1840	0.0000	0.0000	0.0000	0.0070	0.0000	0.0000	0.2030	0.0000	-0.0610	0.0000	0.0000
306F	0.1660	-0.0110	0.0000	-0.1560	-0.0040	-0.0010	-0.0030	-0.0070	0.0120	0.0410	0.0000	0.0000	0.0000	0.0010	-0.0040	-0.0040	0.0120	-0.0470	0.0920	-0.0080	0.0030
306E	-0.0620	2.1610	0.0000	0.3020	-0.0030	0.0020	0.0100	-0.0140	0.0050	2.1990	0.0000	0.0000	0.0000	-0.0120	0.0050	-0.0050	0.0200	-0.0580	-0.1190	-0.0230	-0.0070
306D	0.0850	2.1810	0.0000	0.0260	0.0000	0.0000	0.0020	0.0000	0.0000	2.2460	0.0000	0.0000	0.0000	-0.0070	0.0000	0.0000	-0.1610	0.0000	0.1170	0.0000	0.0000
306K	0.2120	1.2610	0.0000	0.6270	0.0000	0.0000	-0.0060	0.0000	0.0000	1.9440	0.0000	0.0000	0.0000	0.0060	0.0000	0.0000	0.1390	0.0000	-0.2950	0.0000	0.0000
306I	0.1940	1.3060	0.0000	-0.8800	0.0000	0.0000	-0.0060	0.0000	0.0000	0.6530	0.0000	0.0000	0.0000	0.0080	0.0000	0.0000	0.1900	0.0000	-0.1590	0.0000	0.0000
306H	0.0880	0.2700	0.0000	0.5720	-0.0040	-0.0010	-0.0070	-0.0070	0.0120	0.7450	0.0000	0.0000	0.0000	0.0020	-0.0040	-0.0040	-0.0880	-0.0470	-0.0310	-0.0080	0.0030
306N	0.1320	2.1050	0.0000	-0.4050	-0.0040	-0.0010	0.0030	-0.0070	0.0120	1.9790	0.0000	0.0000	0.0000	-0.0050	-0.0040	-0.0040	0.1740	-0.0470	0.0350	-0.0080	0.0030
306M	0.0000	1.4420	0.0000	-1.7180	0.0000	0.0000	0.0100	0.0000	0.0000	-0.0840	0.0000	0.0000	0.0000	0.0230	0.0000	0.0000	0.4100	0.0000	-0.2500	0.0000	0.0000
306L	0.4520	0.9110	0.0000	-0.8650	0.0000	0.0000	-0.0090	0.0000	0.0000	0.5060	0.0000	0.0000	0.0000	0.0060	0.0000	0.0000	0.1860	0.0000	-0.1730	0.0000	0.0000
306S	-0.1120	2.3980	0.0000	-0.5780	0.0000	0.0000	0.0010	0.0000	0.0000	1.8610	0.0000	0.0000	0.0000	0.0060	0.0000	0.0000	0.2480	0.0000	-0.1000	0.0000	0.0000
306R	0.0310	-0.4150	0.0000	1.0900	0.0000	0.0000	-0.0140	0.0000	0.0000	0.9430	0.0000	0.0000	0.0000	0.0110	0.0000	0.0000	0.4520	0.0000	-0.2100	0.0000	0.0000
306Q	-0.0120	1.7070	0.0000	-0.4240	0.0000	0.0000	-0.0060	0.0000	0.0000	1.4280	0.0000	0.0000	0.0000	0.0000	0.0000	0.0000	0.3270	0.0000	-0.1650	0.0000	0.0000
306P	-1.2020	4.8730	0.0000	-0.8270	-0.0240	-0.0010	0.1440	-0.0120	0.0150	0.9700	0.0000	0.0000	0.0000	-0.7990	0.0060	0.1060	0.3520	-0.6410	0.2970	-1.2710	-0.0450
306W	0.1950	-1.0790	0.0000	0.0620	0.0000	0.0000	-0.0190	0.0000	0.0000	-1.0910	0.0000	0.0000	0.0000	0.0110	0.0000	0.0000	-0.1230	0.0000	-0.1380	0.0000	0.0000
306V	0.1390	1.6770	0.0000	-0.7870	0.0000	0.0000	-0.0050	0.0000	0.0000	1.1420	0.0000	0.0000	0.0000	0.0010	0.0000	0.0000	0.1920	0.0000	-0.0750	0.0000	0.0000
306T	0.2280	1.5460	0.0000	-1.0970	0.0000	0.0000	-0.0070	0.0000	0.0000	0.8060	0.0000	0.0000	0.0000	0.0130	0.0000	0.0000	0.3030	0.0000	-0.1780	0.0000	0.0000
