384A  11.35  14.64   3.29  11.15   3.49
384C  11.24  13.96   2.72  10.93   3.02
384E   9.75  12.65   2.90   9.64   3.01
384D  10.22  13.10   2.88   9.97   3.13
384G  15.45  20.59   5.14  15.15   5.44
384I  11.33  14.39   3.05   9.48   4.90
384H   5.88   7.68   1.80   5.54   2.14
384K   9.94  14.50   4.57   9.39   5.11
384M   4.41   5.97   1.57   5.18   0.80
384L   5.72   6.03   0.31   4.07   1.96
384N   7.92  11.18   3.26   7.69   3.49
384Q   8.32  11.00   2.68   8.08   2.92
384P  25.35  30.34   4.99  24.99   5.35
384S  12.40  15.81   3.41  12.22   3.59
384R   8.71  12.50   3.79   7.12   5.38
384T   9.80  12.81   3.00   9.59   3.21
384W  -0.40  -0.45  -0.05  -1.21   0.76
384V   8.44  12.91   4.48   8.06   4.85
384Y   1.15   0.65  -0.50   0.44   0.21
348Y  13.19  12.41  -0.78 -10.01  22.43
348Q   7.21   6.22  -0.99  -3.85  10.07
348P   7.13   6.90  -0.22  14.87  -7.97
348S  -1.57  -1.59  -0.02  -1.42  -0.17
348R   4.31   6.77   2.46  -3.43  10.20
348T  -0.48  -1.41  -0.93  -2.60   1.19
348W  20.68  20.03  -0.64 -11.76  31.79
348V  -1.42  -2.55  -1.13  -6.48   3.93
348I   2.65   0.46  -2.19  -8.48   8.94
348H   8.92   9.15   0.23  -5.81  14.97
348K   8.04  13.69   5.65  -1.84  15.53
348M   5.54   3.62  -1.92  -8.22  11.84
348L  -3.36  -2.95   0.40  -6.18   3.23
348N   2.01   2.51   0.50  -1.63   4.14
348A  -3.92  -7.09  -3.16  -3.78  -3.31
348C  -3.01  -3.97  -0.96  -4.31   0.35
348E   9.70   9.68  -0.02  -1.10  10.78
348D   7.51   8.45   0.94   2.17   6.28
348F   8.99   8.12  -0.87  -9.76  17.88
417G  15.25  18.10   2.84  18.21  -0.11
346W   9.89   8.10  -1.79 -10.00  18.10
309C   5.79   6.15   0.36   6.96  -0.81
309A   5.32   7.00   1.68   6.94   0.06
309F  -3.61  -2.97   0.64  -2.40  -0.57
309G  10.42  13.02   2.61  11.43   1.60
309D   7.81   9.30   1.50   8.92   0.39
309E   5.69   8.55   2.85   6.75   1.79
309K   7.54   9.93   2.39   6.46   3.48
309H   3.33   5.73   2.40   4.20   1.53
309I   4.82   5.57   0.75   4.75   0.82
309N   5.11   6.73   1.62   6.26   0.47
309L  -2.01  -1.09   0.92  -0.80  -0.29
309R   6.65   8.40   1.76   3.62   4.78
309S   7.61   9.36   1.75   8.96   0.40
309P  27.26  28.67   1.41  28.91  -0.24
309Q   2.97   4.32   1.36   4.44  -0.11
309V   5.05   6.10   1.05   6.58  -0.48
309W  -4.18  -1.62   2.56  -3.12   1.50
309T   6.24   9.02   2.78   7.75   1.27
417M   7.10   7.00  -0.10  10.71  -3.71
346N   4.55   2.69  -1.86   0.02   2.67
346M  -1.52  -1.95  -0.42  -9.07   7.12
309Y  -0.37   0.22   0.60   0.12   0.10
346K   4.53   3.20  -1.32  -3.30   6.50
346I  -3.21  -6.63  -3.42  -8.21   1.59
346H   2.63   4.68   2.05  -2.90   7.59
346L  -2.52  -5.80  -3.28  -6.71   0.91
417K  11.68  14.94   3.26  14.39   0.55
302Y  11.45  12.93   1.48   2.58  10.35
302W  13.60  14.27   0.68   0.22  14.06
302V   6.63   4.91  -1.73   7.63  -2.73
302T   9.68   8.57  -1.12   8.21   0.36
302S  11.19  10.78  -0.40  11.16  -0.38
302R  16.51  18.06   1.54  10.61   7.45
302Q   9.71   9.44  -0.27   8.20   1.24
302P  13.10  12.08  -1.02  12.50  -0.42
302N  11.90  11.16  -0.74   9.98   1.18
302M  12.83  12.04  -0.79   5.68   6.36
302L  -0.02  -1.34  -1.32  -2.43   1.08
302K  17.25  18.06   0.80  11.60   6.46
302I  10.96   7.26  -3.70   6.55   0.71
302H  14.85  15.79   0.94   7.85   7.94
302G  10.11  10.17   0.06  10.14   0.02
302F  11.28  10.68  -0.60   3.05   7.63
302E  12.82  12.68  -0.14  10.32   2.37
302D  13.02  15.45   2.43  11.31   4.14
302C  12.17   8.87  -3.31  10.47  -1.61
417T  10.82  12.91   2.09  12.93  -0.02
417V   8.68   8.76   0.07  11.34  -2.58
417P  20.13  21.50   1.37  23.08  -1.58
417Q   9.56   9.34  -0.22  12.49  -3.15
417R  11.51  14.81   3.30   9.14   5.67
346V  -4.91  -6.53  -1.62  -6.38  -0.15
417Y   1.97   3.08   1.11   3.82  -0.74
417D  14.26  16.18   1.92  17.45  -1.28
417E  13.75  16.39   2.65  16.28   0.11
417F   3.99   5.79   1.80   4.37   1.42
346T  -1.15   1.35   2.50  -3.37   4.72
417A  10.38  12.90   2.52  12.89   0.01
417C  10.79  12.32   1.53  12.89  -0.57
417L   6.43   8.43   2.00   9.44  -1.01
346S   1.51   3.77   2.25   0.64   3.12
417N   9.24   9.93   0.69  11.90  -1.98
417H   5.32   8.21   2.88   7.27   0.93
417I   6.69   7.41   0.71   9.97  -2.57
346R   8.81   8.52  -0.30  -5.97  14.49
346Q  -3.05  -4.45  -1.40  -5.67   1.22
346P  16.23  18.19   1.97  13.80   4.40
346Y   3.68   3.72   0.04  -7.51  11.23
417S  11.30  13.86   2.57  14.53  -0.66
346F   0.15   0.43   0.28  -7.03   7.46
346E   0.19  -2.08  -2.27  -1.24  -0.85
346D   5.34   2.88  -2.46   2.41   0.47
346C  -0.87   0.53   1.41  -0.74   1.27
401Y   1.66  -0.58  -2.25   0.68  -1.27
346A  -2.75  -2.00   0.75  -4.08   2.07
401S   5.15   6.88   1.73   6.35   0.53
401R   7.30   7.28  -0.02   3.85   3.43
401Q   4.33   5.38   1.05   4.71   0.67
401P   7.87   8.48   0.61   9.17  -0.69
401W   4.58   1.30  -3.29   1.17   0.13
401T   3.68   5.04   1.35   4.25   0.79
401K  10.63  12.33   1.70   8.35   3.98
401I   1.28   0.14  -1.14  -0.06   0.20
401H   6.86   6.79  -0.07   5.48   1.31
401N   6.78   6.01  -0.77   6.88  -0.87
401M   1.90  -0.04  -1.94  -0.23   0.19
401L   2.06   2.32   0.26   3.68  -1.36
401C   3.73   5.16   1.43   4.53   0.63
401A   3.41   4.93   1.52   4.69   0.24
401G   9.20  11.11   1.91  10.39   0.72
401F   0.59  -1.56  -2.15   0.65  -2.22
401E  10.09  11.32   1.23   8.54   2.78
401D  10.34  11.61   1.27  11.36   0.25
305N   7.64   7.50  -0.13   7.86  -0.36
305L   0.56  -0.80  -1.37   1.29  -2.10
305M   1.21   1.37   0.16   0.83   0.53
305K  10.82  10.76  -0.05   9.19   1.57
305H   5.46   5.02  -0.44   4.57   0.45
305I   4.67   3.28  -1.39   4.58  -1.30
305G  10.09   8.94  -1.16  14.38  -5.44
305D   8.96   8.00  -0.96   9.83  -1.82
305E   8.35   7.88  -0.48   5.53   2.34
305C   8.34   9.07   0.73   8.85   0.22
305A   6.54   8.70   2.16   9.07  -0.38
305Y   3.34   3.23  -0.11   2.97   0.26
305V   5.70   4.32  -1.38   6.18  -1.86
305W   8.00   5.94  -2.06   6.04  -0.11
305T   8.55   7.14  -1.40   8.11  -0.96
305R   9.36   9.21  -0.15   6.46   2.75
305S   9.65   8.63  -1.02  10.50  -1.87
305P  22.88  21.50  -1.38  23.73  -2.23
305Q   5.94   3.61  -2.33   4.71  -1.11
306C   9.93   9.43  -0.50  11.76  -2.33
306A  10.62  11.03   0.41  10.12   0.91
306G  18.29  20.28   1.99  17.99   2.29
306F   2.35   0.62  -1.73   2.68  -2.06
306E  15.25  16.40   1.15  14.16   2.24
306D  15.70  19.18   3.47  15.81   3.36
306K   9.67  12.00   2.33  10.18   1.81
306I   9.73   9.84   0.11   9.97  -0.14
306H   7.95   9.67   1.72   8.23   1.45
306N  11.00  12.47   1.47  11.43   1.04
306M   6.12   6.15   0.03   6.27  -0.12
306L   5.10   5.22   0.12   5.93  -0.71
306S  14.52  15.87   1.35  14.55   1.32
306R   7.50   8.06   0.56   7.72   0.34
306Q  11.76  12.16   0.40  10.94   1.21
306P  35.35  38.54   3.20  34.77   3.77
306W   1.72   1.50  -0.21   2.20  -0.69
306V  13.11  12.42  -0.69  13.68  -1.26
306T  14.81  15.33   0.52  14.97   0.37
