MUT	fa_rep:	ref:	fa_atr:	hbond_sc:	fa_sol:	yhh_planarity:	dslf_fa13:	fa_intra_sol_xover4:	omega:	p_aa_pp:	TOT	sugar_bb:	fa_intra_rep:	hbond_lr_bb:	hbond_sr_bb:	hbond_bb_sc:	fa_elec:	cart_bonded:	lk_ball_wtd:	fa_dun:	rama_prepro:
384A	-0.3690	2.4350	0.0000	1.1180	0.0000	0.0000	0.0060	0.0000	0.0000	3.2900	0.0000	0.0000	0.0000	0.0250	0.0000	0.0000	0.0020	0.0000	0.0700	0.0000	0.0000
384C	-0.4570	2.3520	0.0000	0.8030	0.0000	0.0000	0.0090	0.0000	0.0000	2.7180	0.0000	0.0000	0.0000	0.0240	0.0000	0.0000	-0.0070	0.0000	-0.0080	0.0000	0.0000
384E	-0.3780	1.3700	0.0000	2.6820	0.0000	0.0000	0.0070	0.0000	0.0000	2.9030	0.0000	0.0000	0.0000	0.0280	0.0000	0.0000	-0.6010	0.0000	-0.2050	0.0000	0.0000
384D	-0.3950	2.4270	0.0000	1.9790	0.0000	-0.0010	-0.0160	0.0040	0.0040	2.8810	0.0000	0.0000	0.0000	0.0410	0.0010	-0.0010	-0.9690	0.0280	-0.1980	-0.0270	0.0020
384G	-0.0330	3.3120	0.0000	0.5000	0.0000	0.0000	-0.0070	0.0000	0.0000	5.1440	0.0000	0.0000	0.0000	-0.0130	0.0000	0.0000	0.9130	0.0000	0.4700	0.0000	0.0000
384I	-0.1290	1.9410	0.0000	-0.0120	0.0030	-0.0010	0.0070	-0.0030	-0.0010	3.0520	0.0000	0.0000	0.0000	-0.0150	-0.0020	0.0010	0.8170	-0.0240	0.4340	0.0280	0.0090
384H	-0.4500	0.2300	0.0000	2.7200	-0.0010	0.0010	-0.0030	0.0000	-0.0010	1.8020	0.0000	0.0000	0.0000	0.0390	0.0000	0.0000	-0.5280	0.0170	-0.2090	-0.0100	-0.0050
384K	-0.1850	-0.2260	0.0000	4.4220	0.0000	0.0000	-0.0010	0.0000	0.0000	4.5680	0.0000	0.0000	0.0000	0.0240	0.0000	0.0000	0.7400	0.0000	-0.2090	0.0000	0.0000
384M	0.0000	0.7330	0.0000	1.0640	0.0000	0.0000	-0.0110	0.0000	0.0000	1.5670	0.0000	0.0000	0.0000	0.0380	0.0000	0.0000	-0.2390	0.0000	-0.0190	0.0000	0.0000
384L	-0.3840	0.3370	0.0000	0.2920	0.0000	0.0000	-0.0040	0.0000	0.0000	0.3130	0.0000	0.0000	0.0000	0.0410	0.0000	0.0000	-0.0020	0.0000	0.0320	0.0000	0.0000
384N	-0.4330	1.8130	0.0000	2.0520	0.0020	-0.0010	-0.0050	0.0030	0.0030	3.2610	0.0000	0.0000	0.0000	0.0340	-0.0020	0.0050	0.1000	0.0300	-0.3480	0.0000	0.0070
384Q	-0.4290	1.1410	0.0000	2.1240	0.0000	0.0000	-0.0030	0.0000	0.0000	2.6840	0.0000	0.0000	0.0000	0.0350	0.0000	0.0000	0.0670	0.0000	-0.2540	0.0000	0.0000
384P	0.0210	3.1130	0.0000	0.6230	0.0000	0.0000	-0.0050	0.0000	0.0000	4.9900	0.0000	0.0000	0.0000	-0.0220	0.0000	0.0000	0.8040	0.0000	0.4560	0.0000	0.0000
384S	-0.0890	2.2020	0.0000	1.4910	-0.0040	0.0000	-0.0060	-0.0280	0.0080	3.4070	0.0000	0.0000	0.0000	0.0470	-0.0040	0.0130	-0.1100	-0.2460	0.1210	-0.0110	0.0230
384R	0.0310	-1.5220	0.0000	4.8710	0.0000	0.0000	-0.0080	0.0000	0.0000	3.7920	0.0000	0.0000	0.0000	0.0370	0.0000	0.0000	0.8740	0.0000	-0.4940	0.0000	0.0000
384T	-0.4120	2.3270	0.0000	1.0030	0.0000	0.0000	0.0100	0.0000	0.0000	3.0040	0.0000	0.0000	0.0000	0.0280	0.0000	0.0000	0.0010	0.0000	0.0440	0.0000	0.0000
384W	0.4800	-3.3690	0.0000	3.0760	0.0000	0.0000	-0.0170	0.0000	0.0000	-0.0460	0.0000	0.0000	0.0000	0.0480	0.0000	0.0000	-0.1020	0.0000	-0.1650	0.0000	0.0000
384V	-0.0940	3.1440	0.0000	0.1350	0.0000	0.0000	-0.0030	0.0000	0.0000	4.4770	0.0000	0.0000	0.0000	-0.0210	0.0000	0.0000	0.8410	0.0000	0.4750	0.0000	0.0000
384Y	-0.1160	-0.4260	0.0000	2.3020	0.0000	0.0000	0.0040	0.0000	0.0000	-0.4990	0.0000	0.0000	0.0000	-1.3940	0.0000	0.0000	-0.9180	0.0000	0.0470	0.0000	0.0000
348Y	3.1980	-3.0390	0.0000	-0.8140	0.0000	0.0000	0.0010	0.0000	0.0000	-0.7780	0.0000	0.0000	0.0000	0.0050	0.0000	0.0000	-0.1220	0.0000	-0.0050	0.0000	0.0000
348Q	0.8560	-1.9560	0.0000	0.1840	0.0000	0.0000	-0.0110	0.0000	0.0000	-0.9950	0.0000	0.0000	0.0000	0.0080	0.0000	0.0000	-0.1130	0.0000	0.0350	0.0000	0.0000
348P	1.3620	-1.2490	0.0000	-0.5320	0.0000	0.0000	-0.0140	0.0000	0.0000	-0.2240	0.0000	0.0000	0.0000	0.0170	0.0000	0.0000	-0.2870	0.0000	0.4780	0.0000	0.0000
348S	0.7280	-1.2600	0.0000	0.7210	-0.0020	-0.0040	-0.0010	0.0080	0.0020	-0.0210	0.0000	0.0000	0.0210	0.0080	0.0000	-0.0580	-0.2440	0.0480	0.0870	-0.0700	-0.0020
348R	1.1180	-1.4690	0.0000	2.1670	0.0000	0.0000	0.0060	0.0000	0.0000	2.4610	0.0000	0.0000	0.0000	0.0860	0.0000	0.0000	-0.3390	0.0000	0.8930	0.0000	0.0000
348T	0.9060	-1.8860	0.0000	1.4090	0.0000	0.0000	-0.0040	0.0000	0.0000	-0.9340	0.0000	0.0000	0.0000	-0.8640	0.0000	0.0000	-0.8440	0.0000	0.3490	0.0000	0.0000
348W	2.1890	-2.0940	0.0000	-1.0790	0.0000	0.0000	-0.0180	0.0000	0.0000	-0.6420	0.0000	0.0000	0.0000	0.0660	0.0000	0.0000	-0.4620	0.0000	0.7590	0.0000	0.0000
348V	1.0680	-2.0630	0.0000	-0.1720	0.0000	0.0000	-0.0130	0.0000	0.0000	-1.1310	0.0000	0.0000	0.0000	0.0150	0.0000	0.0000	-0.2430	0.0000	0.2750	0.0000	0.0000
348I	1.5590	-2.8240	0.0000	-0.8880	0.0000	0.0000	-0.0050	0.0000	0.0000	-2.1920	0.0000	0.0000	0.0000	0.0210	0.0000	0.0000	-0.0820	0.0000	0.0300	0.0000	0.0000
348H	3.4490	-2.9710	0.0000	0.0950	0.0000	0.0000	0.0040	0.0000	0.0000	0.2320	0.0000	0.0000	0.0000	0.0000	0.0000	0.0000	-0.2510	0.0000	-0.0930	0.0000	0.0000
348K	0.2880	1.7240	0.0000	1.7400	0.0000	0.0000	0.2560	0.0000	0.0000	5.6480	0.0000	0.0000	0.0000	-0.3710	0.0000	0.0000	0.2860	0.0000	1.7250	0.0000	0.0000
348M	1.0040	-2.6350	0.0000	-0.1420	0.0000	0.0000	-0.0110	0.0000	0.0000	-1.9150	0.0000	0.0000	0.0000	0.0170	0.0000	0.0000	-0.2610	0.0000	0.1140	0.0000	0.0000
348L	0.2230	4.0960	0.0000	-5.7460	0.0000	0.0000	0.1230	0.0000	0.0000	0.4040	0.0000	0.0000	0.0000	-0.0490	0.0000	0.0000	0.2530	0.0000	1.5050	0.0000	0.0000
348N	2.1520	-2.0530	0.0000	1.1630	0.0000	0.0000	-0.0210	0.0000	0.0000	0.5000	0.0000	0.0000	0.0000	0.0150	0.0000	0.0000	-0.3240	0.0000	-0.4320	0.0000	0.0000
348A	0.1810	-1.0910	0.0000	-2.2030	0.0000	0.0000	0.0960	0.0000	0.0000	-3.1640	0.0000	0.0000	0.0000	0.0430	0.0000	0.0000	-0.1620	0.0000	-0.0280	0.0000	0.0000
348C	0.8580	-1.9180	0.0000	0.3030	0.0000	0.0000	-0.0040	0.0000	0.0000	-0.9570	0.0000	0.0000	0.0000	0.0140	0.0000	0.0000	-0.4410	0.0000	0.2310	0.0000	0.0000
348E	0.6340	-1.4810	0.0000	0.8560	-0.0110	0.0020	-0.0070	0.0050	-0.0070	-0.0220	0.0000	0.0000	-0.0050	0.0450	0.0000	0.0110	-0.4320	0.0920	0.2490	0.0230	0.0040
348D	2.1090	-2.0750	0.0000	1.7630	0.0430	-0.0070	-0.0270	0.0090	0.0020	0.9380	0.0000	0.0000	-0.0020	0.0080	0.0000	0.0150	-0.6600	-0.0150	-0.1850	-0.0360	-0.0040
348F	3.1730	-3.2850	0.0000	-0.7340	0.0000	0.0000	-0.0050	0.0000	0.0000	-0.8660	0.0000	0.0000	0.0000	0.0210	0.0000	0.0000	-0.1710	0.0000	0.1360	0.0000	0.0000
417G	-0.9670	2.8040	0.0000	0.8470	-0.0100	0.0050	-0.0620	0.0010	-0.0030	2.8420	0.0000	0.0000	-0.0020	-0.0070	0.0000	0.0130	0.1450	-0.1090	0.1750	0.0090	0.0050
346W	1.5120	-2.2610	0.0000	0.3280	0.0000	0.0000	-0.0600	0.0000	0.0000	-1.7870	0.0000	0.0000	0.0000	-0.8470	0.0000	0.0000	-0.6830	0.0000	0.2230	0.0000	0.0000
309C	-1.1120	3.0410	0.0000	-1.0100	0.0050	0.0050	0.0190	0.0260	-0.0240	0.3640	0.0000	0.0000	0.0000	-0.0630	-0.0130	0.0310	-0.2180	0.2700	-0.4600	-0.1040	-0.0310
309A	-0.2630	2.2710	0.0000	-0.1510	0.0000	0.0000	-0.0250	0.0000	0.0000	1.6800	0.0000	0.0000	0.0000	0.0130	0.0000	0.0000	-0.0500	0.0000	-0.1120	0.0000	0.0000
309F	-0.5140	1.0720	0.0000	0.0430	0.0000	0.0000	0.0080	0.0000	0.0000	0.6370	0.0000	0.0000	0.0000	-0.0020	0.0000	0.0000	0.2450	0.0000	-0.2170	0.0000	0.0000
309G	-0.2260	1.9980	0.0000	0.5490	0.0770	0.0000	-0.2440	0.0070	-0.0060	2.6050	0.0000	0.0000	0.0000	-0.2620	-0.0110	0.0610	0.5880	0.0630	0.0160	-0.0060	0.0010
309D	-0.1640	1.8230	0.0000	0.4870	0.0070	0.0000	0.0020	-0.0290	-0.0220	1.4950	0.0000	0.0000	0.0000	-0.0200	-0.0400	0.0070	-0.6400	0.4000	0.1970	-0.4940	-0.0170
309E	-0.3850	1.1910	0.0000	1.8370	0.0810	0.0000	-0.0460	0.0090	-0.0040	2.8530	0.0000	0.0000	0.0000	-0.0120	-0.0100	0.1350	0.3010	-0.1400	-0.0050	-0.1010	0.0030
309K	-0.0930	0.7490	0.0000	1.7080	0.0000	0.0000	-0.0190	0.0000	0.0000	2.3900	0.0000	0.0000	0.0000	0.0120	0.0000	0.0000	0.3050	0.0000	-0.2730	0.0000	0.0000
309H	0.1460	0.8750	0.0000	1.0890	0.0560	-0.0010	-0.2670	-0.0170	-0.0110	2.4010	0.0000	0.0000	0.0000	-0.2760	-0.0380	0.0200	-0.0890	0.5460	0.8450	-0.4620	-0.0130
309I	0.0640	1.3270	0.0000	-0.4250	0.0000	0.0000	-0.0300	0.0000	0.0000	0.7490	0.0000	0.0000	0.0000	0.0110	0.0000	0.0000	-0.0170	0.0000	-0.1810	0.0000	0.0000
309N	-0.2500	1.7350	0.0000	0.2570	0.0000	0.0000	0.0040	0.0000	0.0000	1.6240	0.0000	0.0000	0.0000	-0.0020	0.0000	0.0000	0.0480	0.0000	-0.1690	0.0000	0.0000
309L	-0.0730	1.4130	0.0000	-0.2770	0.0000	0.0000	-0.0190	0.0000	0.0000	0.9200	0.0000	0.0000	0.0000	0.0120	0.0000	0.0000	-0.0510	0.0000	-0.0840	0.0000	0.0000
309R	0.0480	0.1660	0.0000	1.9850	0.0000	0.0000	-0.0280	0.0000	0.0000	1.7560	0.0000	0.0000	0.0000	0.0140	0.0000	0.0000	0.2060	0.0000	-0.6350	0.0000	0.0000
309S	-0.2710	2.2740	0.0000	0.0470	0.0000	0.0000	-0.0320	0.0000	0.0000	1.7460	0.0000	0.0000	0.0000	0.0140	0.0000	0.0000	-0.1290	0.0000	-0.1570	0.0000	0.0000
309P	-0.1070	1.9810	0.0000	-0.1770	0.0070	0.0000	-0.0120	-0.0290	-0.0220	1.4060	0.0000	0.0000	0.0000	-0.0120	-0.0400	0.0070	-0.2440	0.4000	0.1680	-0.4940	-0.0170
309Q	-0.2120	0.7270	0.0000	1.1340	0.0000	0.0000	-0.0130	0.0000	0.0000	1.3560	0.0000	0.0000	0.0000	0.0090	0.0000	0.0000	0.0000	0.0000	-0.2900	0.0000	0.0000
309V	-0.8890	1.8630	0.0000	-0.3070	0.0600	0.0010	-0.0350	0.0060	-0.0130	1.0520	0.0000	0.0000	0.0000	-0.0040	0.0210	0.1190	0.6330	-0.3310	-0.0440	-0.0330	0.0030
309W	-0.1230	0.4800	0.0000	1.0300	0.0250	0.0020	-0.0200	-0.0110	-0.0040	2.5620	0.0000	0.0000	0.0000	-0.0170	-0.0010	0.1220	0.9480	-0.3020	0.4020	0.0250	0.0070
309T	-0.5470	2.2100	0.0000	0.3890	0.0750	-0.0040	-0.0610	0.0160	-0.0200	2.7790	0.0000	0.0000	0.0000	-0.0010	0.0020	0.1230	0.7860	-0.1720	0.0750	-0.0990	0.0030
417M	-1.0120	0.4960	0.0000	1.3240	0.0000	0.0000	-0.0570	0.0000	0.0000	-0.1000	0.0000	0.0000	0.0000	0.0380	0.0000	0.0000	-0.8170	0.0000	-0.0710	0.0000	0.0000
346N	0.7210	-3.8730	0.0000	4.1500	-0.1980	0.0330	-0.1380	0.0280	0.0580	-1.8600	0.0000	0.0000	-0.0210	-1.2280	0.0000	0.1560	-0.6830	-1.0370	-0.2580	0.3940	0.0350
346M	3.3660	-4.5860	0.0000	0.2690	-0.1950	0.0350	-0.0730	0.0930	0.0310	-0.4220	0.0000	0.0000	-0.0360	0.2700	0.0000	0.1110	0.9300	-0.8760	-0.1150	0.3240	0.0300
309Y	-0.0770	0.7950	0.0000	0.2260	0.0000	0.0000	-0.0230	0.0000	0.0000	0.5960	0.0000	0.0000	0.0000	0.0070	0.0000	0.0000	-0.1430	0.0000	-0.1880	0.0000	0.0000
346K	3.3650	-4.2950	0.0000	5.0190	-0.0260	0.0560	-0.1960	0.0110	0.0320	-1.3220	0.0000	0.0000	-0.0200	-1.2060	0.0000	0.1980	-4.6450	-0.0460	0.2210	0.1730	0.0370
346I	0.6490	-2.4190	0.0000	-2.1450	0.2740	0.0340	-0.1170	-0.0390	0.0130	-3.4190	0.0000	0.0000	-0.0060	-0.0430	0.0000	0.1720	-0.0450	0.0130	0.4330	-0.1950	0.0030
346H	3.1470	-0.4430	0.0000	-1.0760	0.0030	0.0010	0.0100	-0.0060	0.0030	2.0520	0.0000	0.0000	-0.0030	0.0340	0.0000	0.0050	0.3900	0.0740	-0.1390	0.0500	0.0000
346L	1.6970	-4.1980	0.0000	-0.7860	0.0020	0.0020	-0.0480	0.0120	0.0040	-3.2790	0.0000	0.0000	-0.0050	0.0480	0.0000	0.0140	0.6710	-0.0420	-0.7000	0.0510	-0.0010
417K	-0.1050	-0.4870	0.0000	3.2730	-0.1020	-0.0310	-0.0370	0.0150	-0.0020	3.2560	0.0000	0.0000	-0.0060	0.0330	0.0000	-0.0820	0.8390	-0.4760	0.2260	0.2120	-0.0110
302Y	1.3070	-5.6150	0.0000	2.4450	0.0400	0.1210	-0.0440	0.4840	0.3630	1.4750	0.0000	0.0000	0.0000	-0.2470	0.3690	1.0390	2.5150	-1.1390	-0.5780	1.0920	-0.6800
302W	3.7990	-6.2120	0.0000	3.7880	-0.0070	0.0070	-0.2790	-0.0040	0.0050	0.6780	0.0000	0.0000	0.0000	-0.2460	-0.0040	-0.0380	-0.4640	0.2750	0.0970	-0.0300	-0.0090
302V	1.1080	-1.8680	0.0000	-2.0410	0.4140	-0.0190	-0.0700	0.0900	0.0220	-1.7250	0.0000	0.0000	0.0000	0.0370	-0.0300	0.1090	0.7640	-0.7660	-0.2740	0.9050	-0.1080
302T	-0.0160	-1.6700	0.0000	3.0270	0.0000	0.0000	0.0020	0.0000	0.0000	-1.1200	0.0000	0.0000	0.0000	-1.3370	0.0000	0.0000	-0.8880	0.0000	-0.2400	0.0000	0.0000
302S	-0.0950	-0.9630	0.0000	2.7990	0.0000	0.0000	0.0000	-0.0050	-0.0130	-0.4040	0.0000	0.0000	0.0000	-1.3370	-0.0110	0.0010	-1.1050	0.0740	0.2800	-0.0350	0.0070
302R	0.5140	-2.8880	0.0000	2.9810	-0.0010	-0.0020	0.2240	0.0060	0.0050	1.5450	0.0000	0.0000	0.0000	0.1820	0.0010	0.0390	1.3580	-0.5890	-0.2730	-0.0350	0.0200
302Q	0.1690	-2.0240	0.0000	2.1100	0.0000	0.0000	-0.0170	0.0000	0.0000	-0.2710	0.0000	0.0000	0.0000	-0.0400	0.0000	0.0000	-0.0400	0.0000	-0.4320	0.0000	0.0000
302P	0.9440	-2.1980	0.0000	0.1950	0.0000	0.0000	-0.0780	0.0000	0.0000	-1.0160	0.0000	0.0000	0.0000	0.0140	0.0000	0.0000	0.3040	0.0000	-0.2000	0.0000	0.0000
302N	0.0240	-0.1370	0.0000	-0.1400	0.0000	0.0000	0.0010	0.0000	0.0000	-0.7440	0.0000	0.0000	0.0000	-0.0150	0.0000	0.0000	-0.0840	0.0000	-0.3950	0.0000	0.0000
302M	0.4430	-3.2390	0.0000	2.3110	0.0000	0.0000	-0.0320	0.0000	0.0000	-0.7910	0.0000	0.0000	0.0000	-0.0040	0.0000	0.0000	0.0520	0.0000	-0.3200	0.0000	0.0000
302L	1.3210	-3.2100	0.0000	1.2670	0.0000	0.0000	-0.0280	0.0000	0.0000	-1.3210	0.0000	0.0000	0.0000	-0.0400	0.0000	0.0000	-0.1570	0.0000	-0.4730	0.0000	0.0000
302K	0.6320	-2.0860	0.0000	2.8650	-0.0230	-0.0020	-0.0200	-0.0040	-0.0030	0.8040	0.0000	0.0000	0.0000	0.0320	-0.0040	-0.0010	0.0630	-0.1120	-0.5800	0.0460	-0.0030
302I	1.2870	-3.8850	0.0000	-0.8930	0.0350	-0.0030	-0.0120	-0.0210	0.0060	-3.6990	0.0000	0.0000	0.0000	-0.0470	0.0010	-0.0070	0.0970	0.0720	-0.3740	0.0290	0.0090
302H	0.7640	-2.8570	0.0000	3.1710	-0.0070	-0.0060	-0.0370	-0.0170	-0.0050	0.9440	0.0000	0.0000	0.0000	-0.0220	0.0070	-0.0220	0.1260	-0.0310	-0.0870	-0.0490	0.0150
302G	-0.3490	1.7010	0.0000	-1.2450	0.0000	0.0000	-0.0160	0.0000	0.0000	0.0550	0.0000	0.0000	0.0000	-0.0210	0.0000	0.0000	0.0730	0.0000	-0.0910	0.0000	0.0000
302F	1.7950	-3.4600	0.0000	1.5550	0.0080	0.0040	-0.0430	0.0050	-0.0010	-0.6000	0.0000	0.0000	0.0000	-0.0200	0.0030	0.0030	0.0840	-0.0500	-0.5100	0.0340	-0.0060
302E	0.1400	-1.7050	0.0000	2.5850	-0.0020	-0.0100	-0.0380	0.0030	0.0090	-0.1360	0.0000	0.0000	0.0000	-0.0930	0.0200	-0.0230	-0.4030	-0.0550	-0.3190	-0.2500	0.0040
302D	0.4780	-2.2830	0.0000	6.6950	0.0000	0.0000	0.0280	0.0000	0.0000	2.4260	0.0000	0.0000	0.0000	-0.6190	0.0000	0.0000	-2.6490	0.0000	0.7770	0.0000	0.0000
302C	-0.6830	-1.1500	0.0000	0.5050	0.0920	-0.0170	0.0040	-0.1350	-0.0020	-3.3080	0.0000	0.0000	0.0000	-0.0320	0.0870	0.1630	-0.9070	-0.8590	-0.0840	-0.4520	0.1630
417T	-1.0980	1.8420	0.0000	1.2890	0.0000	0.0000	-0.0650	0.0000	0.0000	2.0890	0.0000	0.0000	0.0000	-0.0100	0.0000	0.0000	0.0250	0.0000	0.1060	0.0000	0.0000
417V	-1.4480	2.3340	0.0000	-0.5770	0.0000	0.0000	0.0110	0.0000	0.0000	0.0740	0.0000	0.0000	0.0000	-0.0100	0.0000	0.0000	-0.2070	0.0000	-0.0310	0.0000	0.0000
417P	-1.2040	1.1550	0.0000	1.3760	-0.1750	0.0220	0.0240	0.0180	-0.0200	1.3720	0.0000	0.0000	-0.0010	0.3110	0.0000	0.0080	0.5060	-1.2480	-0.2480	0.8230	0.0280
417Q	-1.4490	1.8740	0.0000	0.1830	0.0000	0.0000	-0.0210	0.0000	0.0000	-0.2160	0.0000	0.0000	0.0000	0.0080	0.0000	0.0000	-0.5810	0.0000	-0.2300	0.0000	0.0000
417R	-0.5380	-0.7910	0.0000	4.0830	0.0000	0.0000	-0.0500	0.0000	0.0000	3.3000	0.0000	0.0000	0.0000	-0.0100	0.0000	0.0000	0.9350	0.0000	-0.3290	0.0000	0.0000
346V	0.8560	-3.1350	0.0000	0.2400	-0.1970	0.0330	-0.1430	-0.0080	0.0560	-1.6250	0.0000	0.0000	-0.0490	0.2540	0.0000	0.1040	0.3050	-0.9970	0.5520	0.4690	0.0330
417Y	-0.3810	-0.1240	0.0000	2.2460	-0.1530	0.0190	0.0080	0.0180	-0.0080	1.1070	0.0000	0.0000	-0.0050	0.3240	0.0000	-0.0210	-0.1420	-1.1560	-0.2150	0.7010	0.0000
417D	-1.3950	2.1870	0.0000	2.5860	0.0000	0.0000	-0.0410	0.0000	0.0000	1.9150	0.0000	0.0000	0.0000	0.0210	0.0000	0.0000	-1.0840	0.0000	-0.3610	0.0000	0.0000
417E	-0.7920	1.0410	0.0000	2.9450	0.0000	0.0000	-0.0760	0.0000	0.0000	2.6460	0.0000	0.0000	0.0000	0.0010	0.0000	0.0000	-0.2640	0.0000	-0.2100	0.0000	0.0000
417F	-0.2910	0.9790	0.0000	0.3110	-0.0630	0.0510	-0.0170	0.0020	-0.0250	1.8000	0.0000	0.0000	0.0160	0.2030	0.0000	0.2590	0.4400	-0.5920	0.4090	0.1150	0.0040
346T	1.7870	-1.5760	0.0000	3.9410	-0.1780	0.0360	-0.0710	-0.0020	0.0390	2.4990	0.0000	0.0000	-0.0440	0.2750	0.0000	0.2310	-2.4790	-0.8070	0.2970	1.0010	0.0510
417A	-1.1070	2.5980	0.0000	0.7670	0.0000	0.0000	-0.0620	0.0000	0.0000	2.5240	0.0000	0.0000	0.0000	-0.0120	0.0000	0.0000	0.1960	0.0000	0.1440	0.0000	0.0000
417C	-1.1350	1.6130	0.0000	1.0630	-0.0240	0.0020	-0.0640	0.0010	0.0050	1.5260	0.0000	0.0000	-0.0060	-0.0170	0.0000	-0.0280	0.0980	-0.1270	0.0790	0.0720	-0.0040
417L	-0.9740	0.9560	0.0000	1.3920	0.0000	0.0000	-0.0660	0.0000	0.0000	2.0020	0.0000	0.0000	0.0000	-0.0120	0.0000	0.0000	0.4050	0.0000	0.2980	0.0000	0.0000
346S	0.2870	-0.4180	0.0000	1.5790	0.0000	0.0000	-0.0800	0.0000	0.0000	2.2530	0.0000	0.0000	0.0000	-0.0220	0.0000	0.0000	0.6860	0.0000	0.2200	0.0000	0.0000
417N	-1.6660	2.8700	0.0000	0.1180	0.0000	0.0000	-0.0060	0.0000	0.0000	0.6860	0.0000	0.0000	0.0000	0.0040	0.0000	0.0000	-0.3970	0.0000	-0.2370	0.0000	0.0000
417H	-1.6910	2.5020	0.0000	1.5030	-0.0630	0.0640	-0.0270	-0.0090	-0.0160	2.8840	0.0000	0.0000	0.0160	0.2330	0.0000	0.1800	0.5920	-0.7920	-0.2320	0.6130	0.0120
417I	-1.1140	0.5800	0.0000	1.7760	0.0000	0.0000	-0.0540	0.0000	0.0000	0.7130	0.0000	0.0000	0.0000	0.0330	0.0000	0.0000	-0.5330	0.0000	0.0260	0.0000	0.0000
346R	3.1380	-4.1850	0.0000	5.0060	-0.2040	0.0360	0.0250	0.0090	0.0360	-0.2960	0.0000	0.0000	-0.0390	-0.9940	0.0000	0.0840	-2.8880	-1.0320	0.3700	0.3190	0.0210
346Q	2.0950	-4.7700	0.0000	2.9870	-0.1640	0.0240	-0.0750	0.0000	0.0530	-1.4000	0.0000	0.0000	-0.0310	0.2680	0.0000	0.1520	-0.6550	-0.9440	-0.6900	0.3040	0.0440
346P	1.2900	-2.1700	0.0000	2.4150	-0.1980	0.0340	-0.1350	0.0270	0.0490	1.9660	0.0000	0.0000	-0.0420	0.2380	0.0000	0.1090	0.6070	-0.9440	0.3060	0.3440	0.0360
346Y	3.4900	-2.2020	0.0000	-2.1600	-0.1680	0.0350	0.0360	0.0340	0.0330	0.0450	0.0000	0.0000	-0.0450	-0.5890	0.0000	-0.0880	3.1860	-0.7210	-0.5350	-0.2880	0.0260
417S	-1.1760	2.3630	0.0000	1.2880	0.0000	0.0000	-0.0510	0.0000	0.0000	2.5650	0.0000	0.0000	0.0000	0.0180	0.0000	0.0000	0.0830	0.0000	0.0410	0.0000	0.0000
346F	1.9830	-0.2280	0.0000	-5.4070	-0.0210	0.0590	0.1120	0.0230	0.0370	0.2770	0.0000	0.0000	-0.0230	0.2880	0.0000	0.0700	3.6740	-0.1770	0.3890	-0.5220	0.0200
346E	1.3920	-2.9170	0.0000	5.9360	0.0360	0.0040	-0.0390	0.4070	0.1250	-2.2720	0.0000	0.0000	-0.2180	-1.0580	0.0000	0.0470	-6.3370	0.5560	-0.3610	0.3200	-0.1630
346D	0.5070	-3.2700	0.0000	5.2970	-0.1990	0.0320	-0.1160	0.0880	0.0510	-2.4610	0.0000	0.0000	-0.0200	-0.7590	0.0000	0.1130	-3.2890	-1.1270	-0.1750	0.3750	0.0310
346C	1.5250	-2.3480	0.0000	1.6560	-0.1940	0.0350	-0.1150	0.0200	0.0390	1.4060	0.0000	0.0000	-0.0430	0.2240	0.0000	0.1350	0.6380	-0.9850	0.4020	0.3930	0.0270
401Y	1.5130	-4.3260	0.0000	2.6770	0.0000	0.0000	-0.0110	0.0000	0.0000	-2.2450	0.0000	0.0000	0.0000	-1.0820	0.0000	0.0000	-0.9150	0.0000	-0.1000	0.0000	0.0000
346A	0.9010	-1.7570	0.0000	1.1130	-0.1950	0.0360	-0.1200	0.0250	0.0530	0.7510	0.0000	0.0000	-0.0360	0.2350	0.0000	0.1610	0.8010	-0.8100	-0.0030	0.3100	0.0390
401S	0.1520	0.6520	0.0000	1.0490	0.0000	0.0000	0.0060	0.0000	0.0000	1.7270	0.0000	0.0000	0.0000	0.0040	0.0000	0.0000	-0.0130	0.0000	-0.1230	0.0000	0.0000
401R	0.9800	-4.5890	0.0000	7.4070	0.0000	0.0000	-0.0320	0.0000	0.0000	-0.0210	0.0000	0.0000	0.0000	-1.3960	0.0000	0.0000	-2.4920	0.0000	0.1010	0.0000	0.0000
401Q	1.1110	-2.0480	0.0000	2.6430	0.0390	-0.0040	-0.0190	-0.0040	0.0010	1.0510	0.0000	0.0000	-0.0010	0.0230	0.0000	0.0260	-0.3330	0.0340	-0.3460	-0.0660	-0.0030
401P	-0.1020	-0.2850	0.0000	0.8300	0.0000	0.0000	0.0050	0.0000	0.0000	0.6120	0.0000	0.0000	0.0000	-0.0110	0.0000	0.0000	0.2200	0.0000	-0.0450	0.0000	0.0000
401W	2.8380	-7.1720	0.0000	0.9260	-0.0210	-0.0040	0.0280	-0.0100	0.0000	-3.2860	0.0000	0.0000	-0.0010	0.0420	0.0000	-0.0050	-0.4370	-0.0060	0.5540	-0.0160	-0.0030
401T	0.0760	0.4390	0.0000	0.8710	-0.0170	0.0040	0.0130	-0.0190	-0.0030	1.3540	0.0000	0.0000	-0.0020	0.0540	0.0000	-0.0330	-0.0740	0.0680	-0.0490	0.0150	0.0100
401K	0.2910	0.6540	0.0000	0.6500	-0.0160	0.0050	0.0070	0.0050	-0.0010	1.7010	0.0000	0.0000	-0.0210	0.0150	0.0000	-0.0340	-0.0070	0.0250	0.0750	0.0630	-0.0090
401I	0.7690	-1.0880	0.0000	-0.4860	0.0000	0.0000	-0.0010	0.0000	0.0000	-1.1400	0.0000	0.0000	0.0000	0.0060	0.0000	0.0000	-0.3740	0.0000	0.0330	0.0000	0.0000
401H	0.6570	-2.7250	0.0000	2.7590	0.0000	0.0000	-0.0200	0.0000	0.0000	-0.0690	0.0000	0.0000	0.0000	0.0160	0.0000	0.0000	-0.3670	0.0000	-0.3890	0.0000	0.0000
401N	0.6810	-0.7360	0.0000	1.2950	0.0240	-0.0010	0.0870	-0.0010	-0.0110	-0.7680	0.0000	0.0000	0.0220	0.0060	0.0000	-0.2140	-1.0810	0.2630	-1.0350	-0.0680	0.0030
401M	0.3980	-2.4350	0.0000	0.1400	0.0890	-0.0070	0.0200	0.0240	-0.0070	-1.9380	0.0000	0.0000	-0.0290	-0.0330	0.0000	0.0350	-0.1660	-0.0770	0.0130	0.0860	0.0080
401L	-0.0540	0.2130	0.0000	0.1170	0.0000	0.0000	0.0170	0.0000	0.0000	0.2610	0.0000	0.0000	0.0000	0.0040	0.0000	0.0000	-0.0830	0.0000	0.0480	0.0000	0.0000
401C	0.1720	0.6750	0.0000	0.4940	0.0070	-0.0030	0.0020	0.0090	0.0070	1.4330	0.0000	0.0000	-0.0010	-0.0570	0.0000	0.0380	0.1000	-0.0350	-0.0360	0.0440	0.0170
401A	0.0370	0.9120	0.0000	0.4270	-0.0080	0.0020	0.0040	-0.0060	-0.0020	1.5220	0.0000	0.0000	0.0030	0.0110	0.0000	-0.0180	0.0840	0.0330	0.0360	0.0070	0.0010
401G	0.1960	1.0360	0.0000	0.5680	0.0000	0.0000	0.0050	0.0000	0.0000	1.9080	0.0000	0.0000	0.0000	0.0000	0.0000	0.0000	0.0350	0.0000	0.0660	0.0000	0.0000
401F	1.1460	-3.4830	0.0000	0.4540	0.0010	0.0010	0.0030	-0.0100	0.0040	-2.1510	0.0000	0.0000	0.0060	-0.0030	0.0000	0.0390	-0.6690	0.0620	0.2850	0.0080	0.0060
401E	-0.1420	-0.2040	0.0000	2.7110	0.0000	0.0000	0.0170	0.0000	0.0000	1.2290	0.0000	0.0000	0.0000	0.0060	0.0000	0.0000	-0.8500	0.0000	-0.3090	0.0000	0.0000
401D	0.1320	-0.4040	0.0000	2.5480	0.0000	0.0000	-0.0040	0.0000	0.0000	1.2740	0.0000	0.0000	0.0000	0.0050	0.0000	0.0000	-0.9590	0.0000	-0.0420	0.0000	0.0000
305N	-0.2670	1.3000	0.0000	-1.3660	0.0000	0.0000	0.0160	0.0000	0.0000	-0.1350	0.0000	0.0000	0.0000	0.0210	0.0000	0.0000	0.0230	0.0000	0.1380	0.0000	0.0000
305L	-0.0920	0.1460	0.0000	0.1380	0.0430	0.0110	0.1910	0.0480	0.0380	-1.3690	0.0000	0.0000	0.0000	0.2560	0.0090	-0.0960	-1.0040	0.2380	0.2530	-1.5720	0.0250
305M	-0.3210	0.2590	0.0000	0.4410	0.0000	0.0000	-0.0120	0.0000	0.0000	0.1570	0.0000	0.0000	0.0000	0.0030	0.0000	0.0000	-0.1900	0.0000	-0.0250	0.0000	0.0000
305K	0.5510	1.2430	0.0000	-1.5940	0.0600	-0.0640	-0.0720	0.0300	-0.0290	-0.0540	0.0000	0.0000	0.0000	-0.1210	-0.0060	0.1180	-0.2640	0.1160	0.0790	-0.1070	0.0030
305H	0.5960	0.7060	0.0000	-1.3470	0.0590	-0.0630	-0.0710	0.0400	0.0080	-0.4430	0.0000	0.0000	0.0000	-0.1900	0.0240	0.0510	-0.6490	0.4100	0.4120	-0.4370	0.0090
305I	0.0400	0.2000	0.0000	-1.4300	-0.0110	-0.0040	-0.0030	0.0060	0.0460	-1.3900	0.0000	0.0000	0.0000	-0.0100	-0.0030	-0.0130	-0.0270	0.0450	-0.0680	-0.1440	-0.0150
305G	-1.4600	2.2780	0.0000	-0.9420	0.0000	0.0000	0.0410	0.0000	0.0000	-1.1570	0.0000	0.0000	0.0000	0.0170	0.0000	0.0000	-0.6320	0.0000	-0.4630	0.0000	0.0000
305D	-0.7390	0.9250	0.0000	0.2930	0.0000	0.0000	0.0410	0.0000	0.0000	-0.9600	0.0000	0.0000	0.0000	0.0350	0.0000	0.0000	-1.1430	0.0000	-0.3730	0.0000	0.0000
305E	-0.5180	1.0080	0.0000	0.4340	0.0000	0.0000	0.0510	0.0000	0.0000	-0.4760	0.0000	0.0000	0.0000	0.0400	0.0000	0.0000	-1.0740	0.0000	-0.4180	0.0000	0.0000
305C	-0.1890	2.5730	0.0000	-2.2570	0.2990	-0.0320	-0.0320	-0.0440	-0.0810	0.7310	0.0000	0.0000	0.0000	-0.2000	-0.0250	0.0490	-0.1570	0.8140	0.4560	-0.5660	0.1230
305A	-0.3270	3.1790	0.0000	-0.4610	0.0000	0.0000	-0.0090	0.0000	0.0000	2.1560	0.0000	0.0000	0.0000	-0.0060	0.0000	0.0000	-0.3010	0.0000	0.0800	0.0000	0.0000
305Y	0.2710	-0.1210	0.0000	-0.0080	0.0000	0.0000	-0.0050	0.0000	0.0000	-0.1070	0.0000	0.0000	0.0000	0.0000	0.0000	0.0000	-0.2080	0.0000	-0.0370	0.0000	0.0000
305V	-0.2480	1.2540	0.0000	-1.3570	-0.0030	-0.0010	0.0150	0.0050	-0.0080	-1.3800	0.0000	0.0000	0.0000	0.0420	-0.0010	-0.0070	-0.6670	0.0260	-0.4470	0.0180	-0.0040
305W	1.7410	-0.2210	0.0000	-3.5950	0.0000	0.0000	0.0870	0.0000	0.0000	-2.0620	0.0000	0.0000	0.0000	0.1140	0.0000	0.0000	-0.0560	0.0000	-0.1340	0.0000	0.0000
305T	-0.1700	0.9660	0.0000	-1.0710	-0.0290	-0.0050	0.0370	0.0220	0.0120	-1.4010	0.0000	0.0000	0.0000	0.0400	-0.0070	-0.0290	-0.7150	0.1400	-0.5540	-0.0340	-0.0070
305R	-0.3030	1.3590	0.0000	-0.3580	0.0000	0.0000	0.0310	0.0000	0.0000	-0.1450	0.0000	0.0000	0.0000	0.0280	0.0000	0.0000	-0.4230	0.0000	-0.4770	0.0000	0.0000
305S	-0.5290	1.4730	0.0000	-0.6610	0.0310	-0.0380	0.2450	0.0230	-0.0140	-1.0200	0.0000	0.0000	0.0000	0.1070	0.0350	-0.2400	-0.5560	-0.1320	-0.2850	-0.4640	-0.0170
305P	-0.8580	1.3310	0.0000	-0.8470	0.0000	0.0000	0.0430	0.0000	0.0000	-1.3850	0.0000	0.0000	0.0000	0.0230	0.0000	0.0000	-0.5680	0.0000	-0.5100	0.0000	0.0000
305Q	-0.8850	-0.0300	0.0000	0.2060	0.0000	0.0000	0.0440	0.0000	0.0000	-2.3310	0.0000	0.0000	0.0000	0.0180	0.0000	0.0000	-0.8810	0.0000	-0.8040	0.0000	0.0000
306C	0.1070	1.7180	0.0000	-2.1110	0.0000	0.0000	-0.0060	0.0000	0.0000	-0.5040	0.0000	0.0000	0.0000	-0.0150	0.0000	0.0000	-0.0690	0.0000	-0.1260	0.0000	0.0000
306A	-0.2070	2.4060	0.0000	-2.5400	0.0090	-0.0010	0.0050	-0.0020	0.0010	0.4080	0.0000	0.0000	0.0000	-0.0260	-0.0050	-0.0030	0.7130	-0.0530	0.0260	0.0700	0.0150
306G	-0.8620	3.3040	0.0000	-1.2820	-0.0010	0.0160	-0.0220	0.0430	-0.0200	1.9940	0.0000	0.0000	0.0000	-0.0440	0.0070	-0.0070	0.6850	0.1020	0.0080	0.0790	-0.0140
306F	0.1150	0.2430	0.0000	-2.4040	0.0000	0.0000	0.0020	0.0050	-0.0010	-1.7340	0.0000	0.0000	0.0000	0.0150	0.0060	-0.0010	0.4150	-0.0300	-0.1050	0.0090	-0.0030
306E	-0.5440	0.9290	0.0000	0.7260	0.0000	0.0000	0.0010	0.0000	0.0000	1.1520	0.0000	0.0000	0.0000	-0.0110	0.0000	0.0000	0.0750	0.0000	-0.0230	0.0000	0.0000
306D	-0.0170	1.3770	0.0000	1.3630	0.0000	0.0000	-0.0180	0.0000	0.0000	3.4710	0.0000	0.0000	0.0000	-0.0250	0.0000	0.0000	0.5030	0.0000	0.2870	0.0000	0.0000
306K	-0.3420	0.7910	0.0000	1.7710	0.0000	0.0000	0.0010	0.0000	0.0000	2.3300	0.0000	0.0000	0.0000	-0.0160	0.0000	0.0000	0.4630	0.0000	-0.3360	0.0000	0.0000
306I	0.5390	0.6950	0.0000	-1.0180	0.0530	-0.0050	-0.0230	-0.0400	-0.0180	0.1050	0.0000	0.0000	0.0000	-0.1160	-0.0040	0.0000	-0.0560	0.4740	-0.2370	-0.1510	0.0120
306H	0.9270	-0.7990	0.0000	1.4880	0.1940	0.0120	-0.0870	0.0330	0.0360	1.7190	0.0000	0.0000	0.0000	-0.2660	0.0060	0.0440	-0.2220	0.6560	1.0020	-1.3010	-0.0040
306N	-0.4260	1.3940	0.0000	0.4490	0.0000	0.0000	-0.0060	0.0000	0.0000	1.4700	0.0000	0.0000	0.0000	-0.0050	0.0000	0.0000	0.0210	0.0000	0.0450	0.0000	0.0000
306M	0.2940	0.2780	0.0000	-0.2180	0.0160	-0.0070	-0.2320	0.0050	0.0180	0.0310	0.0000	0.0000	0.0000	-0.2550	0.0020	-0.0220	-0.5770	0.6940	0.5870	-0.5530	0.0010
306L	-0.0020	0.8850	0.0000	-0.6630	0.0000	0.0000	-0.0210	0.0000	0.0000	0.1180	0.0000	0.0000	0.0000	-0.0010	0.0000	0.0000	-0.1270	0.0000	0.0470	0.0000	0.0000
306S	-0.3540	2.4720	0.0000	-0.4330	0.0000	0.0000	-0.0270	0.0000	0.0000	1.3510	0.0000	0.0000	0.0000	0.0030	0.0000	0.0000	-0.1410	0.0000	-0.1700	0.0000	0.0000
306R	-0.2300	-0.5320	0.0000	1.4560	0.0000	-0.0010	-0.0030	-0.0060	-0.0160	0.5630	0.0000	0.0000	0.0000	-0.0040	0.0020	0.0000	0.2370	-0.0290	-0.3290	0.0160	0.0020
306Q	-0.5420	0.7170	0.0000	0.2940	0.0000	0.0000	-0.0020	0.0000	0.0000	0.3960	0.0000	0.0000	0.0000	-0.0120	0.0000	0.0000	0.2270	0.0000	-0.2860	0.0000	0.0000
306P	0.5270	4.2810	0.0000	-2.5070	0.0100	0.0420	0.0130	-0.0310	-0.0070	3.1950	0.0000	0.0000	0.0000	-0.1180	-0.0110	0.1480	1.1050	0.0550	0.6930	-0.9780	-0.0260
306W	0.2870	-0.9740	0.0000	0.1960	0.0000	0.0000	0.0130	0.0000	0.0000	-0.2150	0.0000	0.0000	0.0000	-0.0120	0.0000	0.0000	0.1970	0.0000	0.0780	0.0000	0.0000
306V	0.1410	1.7520	0.0000	-2.4340	0.0000	0.0000	-0.0130	0.0000	0.0000	-0.6940	0.0000	0.0000	0.0000	-0.0180	0.0000	0.0000	-0.0690	0.0000	-0.0540	0.0000	0.0000
306T	-0.3680	1.9190	0.0000	-1.0330	0.0000	0.0000	-0.0020	0.0000	0.0000	0.5220	0.0000	0.0000	0.0000	0.0000	0.0000	0.0000	-0.0240	0.0000	0.0310	0.0000	0.0000
