384A  10.77  14.69   3.92  11.03   3.66
384C  10.95  14.29   3.34  10.74   3.55
384E   9.70  12.81   3.11   9.45   3.35
384D   9.53  13.14   3.61   9.75   3.38
384G  14.89  18.93   4.03  15.17   3.76
384I  12.01  14.19   2.18   9.34   4.85
384H   5.37   7.55   2.19   5.46   2.09
384K   9.45  13.10   3.65   9.31   3.79
384M   4.73   6.60   1.88   5.07   1.54
384L   5.81   7.78   1.97   4.00   3.78
384N   7.29  10.94   3.65   7.50   3.44
384Q   6.68   9.36   2.68   7.67   1.69
384P  25.54  29.59   4.05  25.38   4.21
384S  11.85  15.85   4.00  12.09   3.76
384R   7.83  10.41   2.58   7.27   3.14
384T   9.03  12.52   3.49   9.24   3.28
384W  -0.74  -2.50  -1.76  -1.17  -1.33
384V   7.60  11.01   3.40   7.71   3.30
384Y   0.62   1.40   0.78   0.46   0.94
348Y   4.39   2.89  -1.50  -9.27  12.17
348Q   1.02  -0.06  -1.08  -6.13   6.07
348P  13.80  13.25  -0.56  12.75   0.50
348S  -1.60  -1.23   0.37  -2.16   0.93
348R  -0.61   2.60   3.21  -6.03   8.63
348T  -0.88  -2.05  -1.17  -2.96   0.91
348W   4.49   3.39  -1.10 -12.74  16.12
348V  -2.65  -5.06  -2.41  -6.72   1.66
348I  -3.88 -10.47  -6.59  -7.21  -3.26
348H   0.23  -0.11  -0.33  -5.27   5.17
348K   2.68   7.84   5.16  -3.16  10.99
348M   6.30   3.86  -2.44  -9.93  13.79
348L  -2.94  -6.39  -3.45  -7.64   1.25
348N   2.60   1.12  -1.49  -2.28   3.40
348A  -4.33  -5.74  -1.41  -4.96  -0.77
348C  -3.34  -5.22  -1.88  -4.35  -0.87
348E   5.41   7.24   1.83  -3.32  10.56
348D   4.61   4.08  -0.52   1.64   2.44
348F  -0.40  -5.90  -5.50  -9.40   3.50
417G  15.12  19.43   4.30  16.06   3.37
346W  10.76   8.91  -1.85  -8.57  17.48
309C   6.04   6.02  -0.02   6.64  -0.63
309A   5.56   5.84   0.27   6.46  -0.62
309F  -1.03  -0.80   0.23  -3.18   2.38
309G  10.15  11.58   1.43  11.79  -0.21
309D   8.81   9.87   1.06   8.88   0.99
309E   9.34  11.23   1.89   6.90   4.33
309K  12.07  13.11   1.04   6.21   6.90
309H   1.99   3.36   1.37   3.05   0.31
309I   3.69   3.26  -0.42   3.62  -0.36
309N   6.87   7.59   0.72   6.00   1.58
309L   4.17   3.51  -0.66  -1.64   5.16
309R   4.90   9.13   4.23   3.66   5.47
309S   7.62   8.71   1.09   8.60   0.11
309P  25.10  25.22   0.12  26.86  -1.63
309Q   6.05   7.37   1.32   4.35   3.02
309V   5.06   4.30  -0.76   5.10  -0.80
309W   2.88   3.86   0.98  -5.70   9.56
309T   8.43   8.72   0.29   6.98   1.74
417M   6.99  11.20   4.21   8.70   2.50
346N   4.93   6.82   1.89  -1.14   7.96
346M  -7.90  -9.15  -1.24 -10.73   1.58
309Y   4.66   6.72   2.06   0.44   6.28
346K   2.81   4.75   1.93  -2.79   7.54
346I  -1.35  -3.03  -1.69  -7.51   4.48
346H  -1.55  -2.71  -1.15  -4.63   1.92
346L  -0.69  -2.62  -1.93  -5.05   2.43
417K  10.03  14.23   4.20  12.53   1.70
302Y   9.92   7.53  -2.39   2.82   4.72
302W  10.42   9.24  -1.18   0.38   8.86
302V   5.53   3.63  -1.90   5.13  -1.50
302T   8.18   8.85   0.67   7.89   0.96
302S  11.29  12.69   1.40  11.20   1.49
302R  13.11  14.46   1.35   8.83   5.63
302Q   8.88   9.34   0.46   8.21   1.13
302P  13.34  13.58   0.24  12.56   1.02
302N  11.23  12.74   1.51   9.90   2.83
302M   6.72   3.23  -3.49   5.16  -1.93
302L  -0.95  -2.29  -1.34  -1.20  -1.08
302K  15.09  16.68   1.59  11.47   5.21
302I   9.34   6.22  -3.12   6.37  -0.15
302H  15.31  15.33   0.02   7.72   7.61
302G  10.02  11.42   1.40  10.19   1.23
302F   9.58   7.71  -1.87   3.13   4.59
302E  10.46  14.62   4.16   9.92   4.70
302D  13.89  16.32   2.43  10.74   5.58
302C  10.09   9.53  -0.56  10.11  -0.58
417T   9.80  14.16   4.37  11.76   2.40
417V   8.48   9.88   1.40  10.07  -0.18
417P  20.33  23.23   2.90  21.54   1.68
417Q   8.63  14.12   5.49  10.21   3.91
417R  11.58  15.66   4.08   8.03   7.63
346V  -4.26  -4.05   0.21  -2.98  -1.07
417Y   4.29   6.11   1.81   6.08   0.02
417D  15.87  19.66   3.79  16.08   3.58
417E  13.63  21.05   7.42  14.24   6.80
417F   5.21   6.73   1.52   6.15   0.58
346T  -2.43  -0.78   1.65  -2.94   2.16
417A   9.91  12.78   2.87  11.46   1.32
417C  10.65  13.12   2.47  12.93   0.19
417L   7.92  10.36   2.44   8.99   1.37
346S  -2.06  -2.29  -0.23  -1.87  -0.42
417N   9.65  12.52   2.87  10.73   1.78
417H   9.73  12.91   3.18   7.47   5.44
417I   7.27  10.66   3.39   9.90   0.76
346R   6.12   7.92   1.80  -5.98  13.90
346Q  -2.14  -2.78  -0.65  -5.32   2.54
346P  13.61  13.63   0.02  13.54   0.09
346Y  -1.23  -1.33  -0.10  -8.73   7.40
417S  11.72  15.77   4.06  12.76   3.01
346F   0.35   1.21   0.86  -8.31   9.52
346E   1.68   2.59   0.91  -2.27   4.86
346D   5.08   4.28  -0.80   3.36   0.93
346C   0.55  -0.60  -1.15  -2.39   1.79
401Y   0.46  -1.47  -1.93   0.16  -1.63
346A  -8.25  -9.26  -1.01  -4.47  -4.79
401S   5.89   7.08   1.20   6.44   0.64
401R   9.44  10.72   1.29   5.10   5.62
401Q   3.69   3.88   0.18   4.00  -0.12
401P   7.85   7.89   0.04   8.40  -0.51
401W   2.27   1.23  -1.04   0.31   0.93
401T   3.71   4.60   0.90   4.12   0.49
401K  11.32  12.89   1.57  11.52   1.36
401I   0.45  -1.10  -1.55   0.03  -1.13
401H   7.06   6.45  -0.61   4.35   2.11
401N   7.00   8.30   1.30   7.19   1.12
401M   2.73   0.96  -1.77   2.77  -1.81
401L   4.71   4.73   0.01   1.49   3.24
401C   3.86   4.82   0.96   4.34   0.48
401A   3.52   4.24   0.72   4.42  -0.17
401G   9.84  11.35   1.52  10.37   0.99
401F   0.69  -1.34  -2.03   0.03  -1.37
401E  10.56  11.05   0.49   9.58   1.47
401D  11.10  12.06   0.96  10.73   1.32
305N   7.73   9.46   1.73   7.88   1.58
305L   1.69   1.63  -0.06   1.48   0.15
305M   2.88   1.93  -0.95   2.28  -0.35
305K  11.00  12.75   1.76   9.40   3.36
305H   3.72   5.34   1.62   4.08   1.26
305I   4.45   3.77  -0.68   5.33  -1.56
305G  12.52  15.09   2.57  12.77   2.32
305D   9.99  11.64   1.66  10.03   1.61
305E   8.29   9.38   1.09   7.84   1.54
305C   8.74  10.16   1.42   8.98   1.18
305A   8.02   9.31   1.29   8.24   1.07
305Y   2.81   2.61  -0.20   2.80  -0.19
305V   6.15   6.22   0.07   6.77  -0.55
305W   5.99   4.66  -1.33   5.20  -0.54
305T   8.69  10.80   2.11   9.27   1.54
305R   8.94  10.33   1.39   7.64   2.69
305S  10.24  12.27   2.04  10.40   1.87
305P  24.60  26.55   1.95  24.95   1.59
305Q   6.74   7.66   0.92   6.81   0.85
306C   9.32  10.60   1.29  10.46   0.15
306A   8.90  10.91   2.01  10.07   0.84
306G  15.08  17.80   2.73  15.93   1.87
306F   4.19   4.02  -0.17   2.13   1.90
306E  13.74  15.99   2.25  12.76   3.23
306D  14.01  17.42   3.41  13.55   3.88
306K   8.14  10.58   2.44   8.70   1.88
306I   9.06   9.85   0.79   7.96   1.89
306H   7.12   8.52   1.40   7.05   1.47
306N  11.08  12.45   1.37   9.69   2.76
306M   4.86   4.98   0.12   5.06  -0.08
306L   5.07   5.94   0.88   4.12   1.82
306S  12.00  14.66   2.66  12.95   1.71
306R   5.63   6.53   0.90   6.03   0.50
306Q   8.50  10.02   1.51   8.92   1.09
306P  29.97  31.37   1.41  29.73   1.65
306W   1.91   1.18  -0.73   2.17  -1.00
306V  12.81  13.55   0.74  11.52   2.03
306T  12.72  15.49   2.76  13.00   2.49
