MUT	fa_rep:	ref:	fa_atr:	hbond_sc:	fa_sol:	yhh_planarity:	dslf_fa13:	fa_intra_sol_xover4:	omega:	p_aa_pp:	TOT	sugar_bb:	fa_intra_rep:	hbond_lr_bb:	hbond_sr_bb:	hbond_bb_sc:	fa_elec:	cart_bonded:	lk_ball_wtd:	fa_dun:	rama_prepro:
384A	0.4110	1.5170	0.0000	1.6900	-0.0080	0.0000	-0.0740	-0.0060	-0.0070	3.9230	0.0000	0.0000	0.0000	0.0240	-0.0160	0.0040	0.4190	0.0290	0.0180	-0.0750	0.0010
384C	0.2570	1.4750	0.0000	1.3280	0.0020	0.0000	-0.0740	0.0030	-0.0010	3.3410	0.0000	0.0000	0.0000	0.0200	-0.0050	0.0040	0.2420	-0.0020	0.0770	0.0210	-0.0040
384E	0.1880	1.1940	0.0000	2.6080	0.0000	0.0000	-0.0730	0.0000	0.0000	3.1080	0.0000	0.0000	0.0000	0.0220	0.0000	0.0000	-0.5570	0.0000	-0.2720	0.0000	0.0000
384D	0.2140	1.3690	0.0000	2.5530	0.0000	0.0000	-0.0770	-0.0020	0.0020	3.6090	0.0000	0.0000	0.0000	0.0290	0.0000	0.0000	-0.3610	0.0440	-0.1540	-0.0130	0.0050
384G	0.4130	1.4460	0.0000	1.8630	-0.0010	0.0000	-0.0920	-0.0040	0.0010	4.0320	0.0000	0.0000	0.0000	0.0180	0.0030	-0.0490	0.4130	0.0070	0.0110	0.0100	-0.0050
384I	0.9920	1.5650	0.0000	-0.1870	0.0000	0.0000	-0.0680	0.0020	0.0010	2.1790	0.0000	0.0000	0.0000	0.0240	0.0080	-0.0020	-0.2430	0.0530	0.0810	-0.0310	-0.0140
384H	0.2330	0.3350	0.0000	2.1000	-0.0010	0.0000	-0.0360	-0.0040	0.0010	2.1860	0.0000	0.0000	0.0000	0.0070	0.0030	-0.0490	-0.2110	0.0070	-0.2030	0.0100	-0.0050
384K	0.3750	0.5780	0.0000	2.8590	-0.0010	-0.0020	0.0030	-0.0080	-0.0060	3.6490	0.0000	0.0000	0.0000	-0.0380	-0.0100	0.0090	0.5530	0.0140	-0.5790	-0.1010	0.0060
384M	0.2430	0.1230	0.0000	1.1430	0.0000	0.0000	-0.0800	0.0000	0.0000	1.8780	0.0000	0.0000	0.0000	0.0200	0.0000	0.0000	0.4560	0.0000	-0.0280	0.0000	0.0000
384L	0.3480	0.3150	0.0000	0.8990	0.0000	0.0000	-0.0630	-0.0020	0.0000	1.9680	0.0000	0.0000	0.0000	0.0220	0.0020	0.0040	0.5140	-0.0140	-0.0340	-0.0240	0.0020
384N	0.2750	0.8980	0.0000	2.4840	0.0000	0.0000	-0.0740	0.0000	0.0000	3.6520	0.0000	0.0000	0.0000	0.0220	0.0000	0.0000	0.3360	0.0000	-0.2890	0.0000	0.0000
384Q	0.2740	0.8790	0.0000	1.7630	0.0000	0.0000	-0.0690	-0.0020	0.0000	2.6830	0.0000	0.0000	0.0000	0.0250	0.0020	0.0040	0.0500	-0.0140	-0.2030	-0.0240	0.0020
384P	0.3820	1.4040	0.0000	1.9350	0.0000	0.0000	-0.0880	0.0000	0.0000	4.0500	0.0000	0.0000	0.0000	0.0190	0.0000	0.0000	0.3960	0.0000	0.0030	0.0000	0.0000
384S	0.1600	2.2350	0.0000	1.4150	-0.0160	-0.0010	0.0090	-0.0120	-0.0120	3.9990	0.0000	0.0000	0.0000	-0.0520	-0.0130	0.0240	0.4340	-0.0440	-0.1100	-0.0170	0.0010
384R	0.2650	-0.8950	0.0000	3.5350	0.0000	0.0000	-0.0190	0.0000	0.0000	2.5820	0.0000	0.0000	0.0000	-0.0350	0.0000	0.0000	0.5630	0.0000	-0.8300	0.0000	0.0000
384T	0.2600	1.6540	0.0000	1.3200	0.0000	0.0000	-0.0680	0.0000	0.0000	3.4880	0.0000	0.0000	0.0000	0.0210	0.0000	0.0000	0.2420	0.0000	0.0610	0.0000	0.0000
384W	-0.0260	-2.9990	0.0000	1.5490	0.0030	0.0000	-0.0860	-0.0030	0.0000	-1.7650	0.0000	0.0000	0.0000	0.0360	0.0010	-0.0090	-0.0480	0.0550	-0.2480	0.0150	-0.0040
384V	0.3830	1.2660	0.0000	1.4000	0.0020	0.0000	-0.0890	-0.0010	0.0030	3.4040	0.0000	0.0000	0.0000	0.0130	0.0110	-0.0450	0.4130	-0.0190	0.0280	0.0490	-0.0100
384Y	0.2600	-1.0550	0.0000	2.0070	-0.0010	0.0000	-0.0600	-0.0040	0.0010	0.7770	0.0000	0.0000	0.0000	0.0180	0.0030	-0.0490	-0.1090	0.0070	-0.2460	0.0100	-0.0050
348Y	1.9470	-2.8710	0.0000	-1.5380	-0.0080	0.0010	-0.0350	0.0060	0.0000	-1.4960	0.0000	0.0000	-0.0060	0.0210	0.0000	0.0020	0.2260	-0.1000	0.7940	0.0600	0.0050
348Q	3.4820	-3.9260	0.0000	-0.1350	0.0000	0.0000	-0.0390	0.0000	0.0000	-1.0830	0.0000	0.0000	0.0000	0.0320	0.0000	0.0000	0.2850	0.0000	-0.7820	0.0000	0.0000
348P	1.8500	-1.2870	0.0000	-1.9290	0.0000	0.0000	-0.0520	0.0000	0.0000	-0.5560	0.0000	0.0000	0.0000	0.0470	0.0000	0.0000	0.2720	0.0000	0.5420	0.0000	0.0000
348S	0.9860	-0.5010	0.0000	-0.6650	-0.0020	0.0010	-0.0410	0.0120	-0.0100	0.3740	0.0000	0.0000	0.0050	0.0170	0.0000	-0.0050	-0.0480	0.0090	0.6680	-0.0490	-0.0060
348R	2.6040	-3.1410	0.0000	4.4810	-0.0020	0.0010	-0.0480	-0.0050	0.0070	3.2120	0.0000	0.0000	-0.0140	-0.0260	0.0000	0.0220	-0.1060	0.0020	-0.4980	-0.0710	0.0080
348T	2.0350	-1.8360	0.0000	-1.7310	0.0000	0.0000	-0.0410	0.0000	0.0000	-1.1670	0.0000	0.0000	0.0000	0.0370	0.0000	0.0000	-0.2230	0.0000	0.5930	0.0000	0.0000
348W	2.6640	-4.7600	0.0000	0.9650	0.0000	0.0000	-0.0100	0.0000	0.0000	-1.1010	0.0000	0.0000	0.0000	-0.0110	0.0000	0.0000	0.0000	0.0000	0.0480	0.0000	0.0000
348V	2.3270	-1.8900	0.0000	-3.4660	0.0000	0.0000	-0.0560	0.0000	0.0000	-2.4130	0.0000	0.0000	0.0000	0.0470	0.0000	0.0000	0.0610	0.0000	0.5640	0.0000	0.0000
348I	1.3900	-5.0120	0.0000	-3.3820	0.0000	0.0000	-0.0880	0.0150	-0.0020	-6.5860	0.0000	0.0000	-0.0050	0.0690	0.0000	0.0070	0.1910	-0.0130	0.2700	-0.0210	-0.0030
348H	4.0840	-3.8520	0.0000	-0.2980	-0.0010	0.0000	-0.0630	0.0050	-0.0080	-0.3340	0.0000	0.0000	0.0000	0.0550	0.0000	-0.0060	0.1950	-0.0430	-0.4330	0.0370	-0.0060
348K	2.3790	-2.1320	0.0000	4.7250	-0.0010	0.0010	-0.0350	0.0160	-0.0060	5.1610	0.0000	0.0000	0.0010	0.0200	0.0000	-0.0010	-0.6510	-0.0360	0.8900	-0.0050	-0.0050
348M	2.8450	-3.0750	0.0000	-2.8870	-0.0010	0.0010	-0.0670	0.0060	-0.0050	-2.4370	0.0000	0.0000	-0.0030	0.0470	0.0000	-0.0050	0.1700	-0.0480	0.6040	-0.0130	-0.0040
348L	2.9440	-3.3820	0.0000	-3.7840	0.0000	0.0000	-0.0490	0.0000	0.0000	-3.4480	0.0000	0.0000	0.0000	0.0360	0.0000	0.0000	0.3300	0.0000	0.4590	0.0000	0.0000
348N	2.1250	-2.5200	0.0000	-0.4070	0.0000	0.0000	-0.0630	0.0000	0.0000	-1.4850	0.0000	0.0000	0.0000	0.0510	0.0000	0.0000	0.0100	0.0000	-0.6840	0.0000	0.0000
348A	0.8470	0.0150	0.0000	-2.4980	-0.0010	0.0010	-0.0440	-0.0050	-0.0060	-1.4090	0.0000	0.0000	-0.0010	0.0220	0.0000	-0.0050	-0.2080	0.0090	0.5240	-0.0540	-0.0050
348C	1.7360	-1.5960	0.0000	-2.5710	-0.0020	0.0010	-0.0560	0.0020	-0.0070	-1.8820	0.0000	0.0000	-0.0040	0.0400	0.0000	-0.0060	0.0610	0.0020	0.5710	-0.0510	-0.0020
348E	1.9100	-2.7190	0.0000	2.9100	0.0000	0.0000	-0.0150	0.0000	0.0000	1.8310	0.0000	0.0000	0.0000	0.0060	0.0000	0.0000	-0.2730	0.0000	0.0080	0.0000	0.0000
348D	1.9220	-1.7590	0.0000	0.6070	0.0000	0.0000	-0.0390	0.0000	0.0000	-0.5250	0.0000	0.0000	0.0000	0.0280	0.0000	0.0000	-1.3330	0.0000	0.0490	0.0000	0.0000
348F	2.2330	-5.2640	0.0000	-2.6840	0.0000	0.0000	-0.0450	0.0000	0.0000	-5.5040	0.0000	0.0000	0.0000	0.0620	0.0000	0.0000	0.0310	0.0000	0.1650	0.0000	0.0000
417G	-2.4220	5.5850	0.0000	0.8670	0.0000	0.0000	0.0260	0.0000	0.0000	4.3050	0.0000	0.0000	0.0000	0.0170	0.0000	0.0000	0.4790	0.0000	-0.2450	0.0000	0.0000
346W	1.4250	-2.2610	0.0000	-0.1620	-0.0010	0.0000	-0.0720	-0.0040	0.0040	-1.8500	0.0000	0.0000	-0.0060	-0.8080	0.0000	0.0010	-0.1050	-0.0610	0.1490	0.0450	0.0030
309C	-0.7230	1.0970	0.0000	-0.7830	0.0000	0.0000	-0.0050	0.0000	0.0000	-0.0170	0.0000	0.0000	0.0000	0.0110	0.0000	0.0000	0.3590	0.0000	0.0290	0.0000	0.0000
309A	-1.3110	1.7950	0.0000	-0.2880	0.0030	0.0000	-0.0230	0.0020	0.0030	0.2730	0.0000	0.0000	0.0000	0.0100	0.0010	0.0090	0.0150	0.0430	-0.0090	0.0280	0.0000
309F	1.0920	0.5800	0.0000	-2.1030	0.0000	0.0000	-0.0260	0.0000	0.0000	0.2310	0.0000	0.0000	0.0000	0.0380	0.0000	0.0000	0.3390	0.0000	0.3110	0.0000	0.0000
309G	-1.5910	2.7130	0.0000	-0.4900	0.0270	0.0000	0.0820	-0.0180	0.1040	1.4280	0.0000	0.0000	0.0000	0.3490	0.0300	0.0700	0.8070	-0.3950	-0.0750	-0.0970	-0.0890
309D	-1.0530	1.5240	0.0000	0.8580	0.0000	0.0000	-0.0180	0.0000	0.0000	1.0620	0.0000	0.0000	0.0000	0.0070	0.0000	0.0000	-0.5630	0.0000	0.3080	0.0000	0.0000
309E	0.0090	0.8100	0.0000	1.2160	0.0000	0.0000	-0.0040	0.0000	0.0000	1.8930	0.0000	0.0000	0.0000	-0.0120	0.0000	0.0000	-0.2290	0.0000	0.1030	0.0000	0.0000
309K	0.0530	-0.1320	0.0000	1.3840	-0.0010	0.0010	-0.0240	0.0080	-0.0020	1.0400	0.0000	0.0000	0.0000	0.0020	0.0010	-0.0050	0.0460	0.0010	-0.3160	0.0280	0.0000
309H	-0.6110	0.8850	0.0000	1.0210	0.0000	0.0010	-0.0110	0.0070	0.0050	1.3660	0.0000	0.0000	0.0000	0.0050	0.0030	0.0160	-0.1860	0.0140	0.1450	0.0750	-0.0030
309I	-0.7180	0.8480	0.0000	-0.8910	0.0010	-0.0020	-0.0050	0.0070	0.0080	-0.4240	0.0000	0.0000	0.0000	0.0090	-0.0030	0.0000	0.1990	0.0360	0.0860	0.0010	-0.0030
309N	-0.8890	0.9150	0.0000	0.6820	0.0000	0.0000	-0.0060	0.0000	0.0000	0.7170	0.0000	0.0000	0.0000	-0.0050	0.0000	0.0000	-0.0230	0.0000	0.0420	0.0000	0.0000
309L	-0.5700	0.7640	0.0000	-0.5630	0.0000	0.0000	-0.0180	0.0000	0.0000	-0.6570	0.0000	0.0000	0.0000	0.0210	0.0000	0.0000	-0.2260	0.0000	-0.0660	0.0000	0.0000
309R	0.9790	-1.2990	0.0000	3.4300	0.0000	0.0000	-0.0080	0.0000	0.0000	4.2320	0.0000	0.0000	0.0000	-0.0120	0.0000	0.0000	0.2050	0.0000	0.9370	0.0000	0.0000
309S	-1.1370	1.5540	0.0000	0.6130	0.0000	0.0000	-0.0210	0.0000	0.0000	1.0920	0.0000	0.0000	0.0000	0.0130	0.0000	0.0000	-0.0070	0.0000	0.0780	0.0000	0.0000
309P	-1.3170	1.7620	0.0000	-0.6770	-0.0070	0.0000	0.0050	0.0420	0.0130	0.1240	0.0000	0.0000	0.0000	-0.0160	0.0390	-0.0400	0.1400	-0.0210	0.1530	0.0500	-0.0040
309Q	-0.0130	0.6320	0.0000	0.7450	0.0020	0.0000	-0.0060	-0.0070	-0.0070	1.3180	0.0000	0.0000	0.0000	-0.0130	-0.0060	0.0010	0.0020	0.0060	-0.0510	0.0330	-0.0010
309V	-0.8200	1.0070	0.0000	-1.1440	0.0000	0.0000	-0.0080	0.0000	0.0000	-0.7590	0.0000	0.0000	0.0000	0.0040	0.0000	0.0000	0.1400	0.0000	0.0630	0.0000	0.0000
309W	0.7780	-1.8130	0.0000	1.3910	-0.0020	0.0010	-0.0360	-0.0140	-0.0040	0.9790	0.0000	0.0000	0.0000	0.0050	-0.0020	0.0510	0.0450	-0.0780	0.6200	0.0380	-0.0020
309T	-1.1710	1.2220	0.0000	0.0270	0.0000	0.0000	-0.0080	0.0000	0.0000	0.2900	0.0000	0.0000	0.0000	-0.0010	0.0000	0.0000	0.0270	0.0000	0.1950	0.0000	0.0000
417M	-0.9190	3.1430	0.0000	1.3620	-0.0010	-0.0010	0.0230	-0.0050	0.0040	4.2070	0.0000	0.0000	-0.0020	-0.0160	0.0000	0.0010	0.4850	-0.0800	0.1500	0.0690	-0.0060
346N	1.1120	-0.3680	0.0000	-0.0110	-0.0020	0.0000	-0.0500	-0.0560	0.0080	1.8920	0.0000	0.0000	0.0090	0.0790	0.0000	0.0020	0.3690	0.0140	0.7790	-0.0040	0.0130
346M	2.1630	-2.6970	0.0000	-1.4160	-0.0020	-0.0010	-0.1290	0.0270	-0.0070	-1.2420	0.0000	0.0000	-0.0010	0.0970	0.0000	-0.0020	1.0020	-0.0250	-0.2370	-0.0120	-0.0070
309Y	1.7170	0.9100	0.0000	-0.3900	0.0000	0.0000	-0.0290	0.0000	0.0000	2.0580	0.0000	0.0000	0.0000	0.0130	0.0000	0.0000	-0.3600	0.0000	0.1960	0.0000	0.0000
346K	3.3360	-1.8750	0.0000	4.6430	-0.0030	0.0000	-0.0460	0.0250	0.0060	1.9340	0.0000	0.0000	-0.0150	-1.1910	0.0000	-0.0050	-4.0240	-0.0970	1.2130	-0.0250	-0.0080
346I	1.6110	-1.9660	0.0000	-1.8960	-0.0020	-0.0010	-0.1460	0.0230	-0.0050	-1.6880	0.0000	0.0000	0.0010	0.0580	0.0000	0.0010	0.9520	-0.0670	-0.2250	-0.0240	-0.0010
346H	2.0020	-2.9300	0.0000	1.2870	-0.0310	-0.0020	0.0060	-0.0830	-0.0080	-1.1540	0.0000	0.0000	0.0120	-1.5610	0.0000	0.5780	0.2050	-0.0950	-0.4090	-0.1050	-0.0210
346L	1.8380	-1.3700	0.0000	-2.5200	-0.0010	-0.0010	-0.0370	-0.0010	0.0030	-1.9340	0.0000	0.0000	-0.0080	0.0670	0.0000	-0.0030	0.9610	0.0610	-0.8940	-0.0340	0.0020
417K	-1.0420	2.0770	0.0000	3.0040	0.0000	0.0000	0.0150	0.0000	0.0000	4.2010	0.0000	0.0000	0.0000	-0.0060	0.0000	0.0000	0.3710	0.0000	-0.2160	0.0000	0.0000
302Y	1.4110	-6.2510	0.0000	2.9200	0.0000	0.0000	-0.0920	0.0000	0.0000	-2.3860	0.0000	0.0000	0.0000	-0.0110	0.0000	0.0000	-0.0030	0.0000	-0.3610	0.0000	0.0000
302W	1.2910	-6.6360	0.0000	4.1310	0.0000	0.0000	-0.1010	0.0000	0.0000	-1.1830	0.0000	0.0000	0.0000	0.0030	0.0000	0.0000	-0.0260	0.0000	0.1550	0.0000	0.0000
302V	0.5290	-1.3390	0.0000	-1.7120	0.0000	0.0000	-0.0210	0.0000	0.0000	-1.9000	0.0000	0.0000	0.0000	0.0370	0.0000	0.0000	0.2520	0.0000	0.3530	0.0000	0.0000
302T	0.2900	-0.7460	0.0000	1.9610	0.0000	0.0000	-0.0370	0.0000	0.0000	0.6690	0.0000	0.0000	0.0000	0.0270	0.0000	0.0000	-0.7670	0.0000	-0.0600	0.0000	0.0000
302S	0.4320	-0.7180	0.0000	2.8330	-0.0100	-0.0030	-0.1830	-0.0290	0.0140	1.3950	0.0000	0.0000	0.0000	-0.1330	0.0000	-0.0560	-0.9730	0.1900	0.0400	0.0120	-0.0210
302R	1.5410	-7.9930	0.0000	7.8010	0.0000	0.0000	-0.0660	0.0000	0.0000	1.3470	0.0000	0.0000	0.0000	0.0120	0.0000	0.0000	0.2380	0.0000	-0.1880	0.0000	0.0000
302Q	1.0270	-4.6690	0.0000	4.3600	-0.0100	-0.0030	-0.1820	-0.0290	0.0140	0.4610	0.0000	0.0000	0.0000	-0.1290	0.0000	-0.0560	-0.5210	0.1900	0.4770	0.0120	-0.0210
302P	0.3880	-0.1810	0.0000	-0.3530	0.0000	0.0000	-0.0330	0.0000	0.0000	0.2440	0.0000	0.0000	0.0000	0.0050	0.0000	0.0000	0.6450	0.0000	-0.2270	0.0000	0.0000
302N	0.1230	-0.8060	0.0000	2.4000	0.0000	0.0000	-0.0400	0.0000	0.0000	1.5080	0.0000	0.0000	0.0000	0.0020	0.0000	0.0000	0.1440	0.0000	-0.3160	0.0000	0.0000
302M	0.6450	-4.0500	0.0000	-0.8760	0.0220	0.0020	0.1670	0.0660	0.0040	-3.4890	0.0000	0.0000	0.0000	0.1410	0.0030	0.0500	0.6510	-0.1880	-0.0570	-0.0810	0.0110
302L	0.9100	-3.3670	0.0000	1.2470	-0.0010	0.0000	-0.0880	-0.0240	-0.0240	-1.3420	0.0000	0.0000	0.0000	0.0090	-0.0040	0.0010	0.1300	0.1470	-0.2120	-0.0680	0.0040
302K	1.8470	-5.4850	0.0000	6.0740	0.0000	0.0000	0.0060	0.0000	0.0000	1.5930	0.0000	0.0000	0.0000	0.0010	0.0000	0.0000	-0.0150	0.0000	-0.8360	0.0000	0.0000
302I	1.1160	-4.5690	0.0000	0.5690	-0.0010	-0.0020	-0.0700	-0.0070	0.0060	-3.1170	0.0000	0.0000	0.0000	0.0060	-0.0080	0.0010	0.1730	-0.1740	-0.1830	0.0230	0.0020
302H	0.7230	-4.0080	0.0000	3.9250	0.0000	0.0000	-0.0470	0.0000	0.0000	0.0250	0.0000	0.0000	0.0000	0.0000	0.0000	0.0000	-0.3070	0.0000	-0.2630	0.0000	0.0000
302G	0.2810	0.8610	0.0000	0.0020	-0.0040	-0.0010	0.0340	-0.0290	0.0090	1.3990	0.0000	0.0000	0.0000	-0.0230	0.0000	-0.0070	0.6070	-0.1710	-0.0770	-0.0770	-0.0020
302F	1.2270	-4.7180	0.0000	1.9390	0.0000	0.0000	-0.0950	-0.0130	0.0270	-1.8690	0.0000	0.0000	0.0000	0.0130	0.0110	-0.0060	-0.0080	0.0350	-0.2550	-0.0160	-0.0100
302E	0.1780	-3.1620	0.0000	5.9690	0.0020	-0.0020	0.0010	-0.0190	0.0180	4.1560	0.0000	0.0000	0.0000	0.0090	0.0090	0.0030	0.8790	-0.0670	0.3080	0.0370	-0.0040
302D	-0.1830	-0.0380	0.0000	2.9340	-0.0100	0.0000	0.0550	0.0000	0.0180	2.4260	0.0000	0.0000	0.0000	0.0080	0.0210	0.1250	0.1100	-0.2400	-0.3800	0.0110	-0.0050
302C	0.5050	-0.6000	0.0000	0.5850	-0.0260	-0.0030	-0.1710	-0.3000	-0.1010	-0.5610	0.0000	0.0000	0.0000	0.0380	-0.0050	0.0490	-0.7570	-0.0260	0.2970	-0.1570	0.1120
417T	-2.0400	4.5310	0.0000	1.8110	0.0010	-0.0010	0.0170	-0.0100	0.0020	4.3660	0.0000	0.0000	-0.0010	0.0130	0.0000	-0.0060	0.3390	-0.0330	-0.2850	0.0330	-0.0010
417V	-1.4550	3.4070	0.0000	-0.4580	0.0000	0.0000	0.0110	0.0000	0.0000	1.3980	0.0000	0.0000	0.0000	0.0090	0.0000	0.0000	0.0800	0.0000	-0.1940	0.0000	0.0000
417P	-1.8670	3.6140	0.0000	1.0350	0.0000	0.0000	0.0160	0.0000	0.0000	2.9000	0.0000	0.0000	0.0000	0.0240	0.0000	0.0000	0.3280	0.0000	-0.2480	0.0000	0.0000
417Q	-0.7930	2.8520	0.0000	3.0400	-0.0010	-0.0010	0.0110	-0.0050	0.0040	5.4930	0.0000	0.0000	-0.0020	-0.0120	0.0000	0.0010	0.6660	-0.0800	-0.2510	0.0690	-0.0060
417R	-0.6020	1.3670	0.0000	3.5130	0.0040	0.0020	0.0050	0.0080	0.0060	4.0820	0.0000	0.0000	0.0000	-0.0060	0.0000	-0.0030	0.3900	0.0220	-0.6780	0.0640	-0.0080
346V	0.6720	-0.4360	0.0000	-2.0590	0.0000	0.0000	-0.0250	0.0000	0.0000	0.2110	0.0000	0.0000	0.0000	-0.0120	0.0000	0.0000	1.4600	0.0000	0.6100	0.0000	0.0000
417Y	-0.3980	1.9540	0.0000	0.2660	0.0000	0.0000	0.0020	0.0000	0.0000	1.8120	0.0000	0.0000	0.0000	-0.0010	0.0000	0.0000	0.1570	0.0000	-0.1650	0.0000	0.0000
417D	-1.7190	3.8810	0.0000	2.6060	-0.0060	-0.0080	0.0180	0.0000	-0.0030	3.7870	0.0000	0.0000	0.0050	0.0080	0.0000	-0.0070	-0.3170	-0.0400	-0.6740	0.0390	0.0050
417E	-0.6860	3.3670	0.0000	4.4060	0.0000	0.0000	0.0100	0.0000	0.0000	7.4180	0.0000	0.0000	0.0000	-0.0050	0.0000	0.0000	0.4540	0.0000	-0.1270	0.0000	0.0000
417F	-0.6080	2.1610	0.0000	-0.0880	0.0020	-0.0010	0.0130	-0.0160	-0.0010	1.5240	0.0000	0.0000	0.0060	0.0050	0.0000	0.0000	0.1060	0.0900	-0.1020	-0.0280	-0.0110
346T	0.8120	0.2830	0.0000	-1.3970	0.0000	0.0000	-0.0180	0.0000	0.0000	1.6530	0.0000	0.0000	0.0000	-0.0130	0.0000	0.0000	1.7020	0.0000	0.2850	0.0000	0.0000
417A	-2.2880	4.8370	0.0000	0.1290	0.0000	0.0000	0.0270	0.0000	0.0000	2.8680	0.0000	0.0000	0.0000	0.0180	0.0000	0.0000	0.4160	0.0000	-0.2690	0.0000	0.0000
417C	-1.4340	3.8150	0.0000	0.1770	-0.0010	-0.0010	0.0080	-0.0050	0.0040	2.4740	0.0000	0.0000	-0.0020	0.0050	0.0000	0.0010	0.1160	-0.0800	-0.1930	0.0690	-0.0060
417L	-0.8170	3.2040	0.0000	-0.0830	0.0000	0.0000	0.0120	0.0000	0.0000	2.4400	0.0000	0.0000	0.0000	0.0000	0.0000	0.0000	0.2340	0.0000	-0.1080	0.0000	0.0000
346S	0.0970	-0.2220	0.0000	-0.0050	0.0030	0.0000	0.0060	-0.0480	0.0180	-0.2310	0.0000	0.0000	-0.0060	-0.0160	0.0000	0.0020	0.0560	-0.0500	-0.0790	0.0040	0.0080
417N	-1.7880	3.6330	0.0000	1.5380	0.0000	0.0000	0.0140	0.0000	0.0000	2.8680	0.0000	0.0000	0.0000	0.0140	0.0000	0.0000	0.0800	0.0000	-0.6220	0.0000	0.0000
417H	-1.1270	3.0310	0.0000	1.6240	0.0000	0.0000	0.0110	0.0000	0.0000	3.1810	0.0000	0.0000	0.0000	0.0050	0.0000	0.0000	0.0180	0.0000	-0.3790	0.0000	0.0000
417I	-0.7310	3.1020	0.0000	0.8150	0.0000	0.0000	0.0090	0.0000	0.0000	3.3860	0.0000	0.0000	0.0000	-0.0020	0.0000	0.0000	0.2340	0.0000	-0.0370	0.0000	0.0000
346R	3.2470	-4.4250	0.0000	3.2600	0.0000	0.0000	-0.0380	0.0000	0.0000	1.8050	0.0000	0.0000	0.0000	0.0750	0.0000	0.0000	-0.4370	0.0000	0.1230	0.0000	0.0000
346Q	0.9070	-1.9260	0.0000	1.2420	-0.0020	-0.0010	-0.0490	0.0020	-0.0050	-0.6460	0.0000	0.0000	-0.0030	-1.0450	0.0000	0.0000	0.6800	-0.0990	-0.3470	0.0060	-0.0050
346P	0.2570	-0.7680	0.0000	0.6140	-0.0030	0.0000	-0.0500	-0.0370	0.0090	0.0210	0.0000	0.0000	-0.0010	0.0260	0.0000	0.0030	0.2140	-0.0990	-0.2010	0.0430	0.0130
346Y	3.7740	-2.0120	0.0000	0.3030	0.0000	0.0000	-0.1260	0.0000	0.0000	-0.0970	0.0000	0.0000	0.0000	-0.6010	0.0000	0.0000	-0.5020	0.0000	-0.9320	0.0000	0.0000
417S	-2.2040	4.5220	0.0000	1.6400	0.0000	0.0000	0.0230	0.0000	0.0000	4.0560	0.0000	0.0000	0.0000	0.0180	0.0000	0.0000	0.3010	0.0000	-0.2440	0.0000	0.0000
346F	3.3980	-0.7420	0.0000	-2.0060	0.0020	0.0010	-0.0080	0.0000	-0.0060	0.8590	0.0000	0.0000	0.0160	-0.0870	0.0000	0.0110	0.4750	-0.0080	-0.2210	0.0380	-0.0010
346E	0.6550	-1.1510	0.0000	2.5490	0.0000	0.0000	-0.0210	0.0000	0.0000	0.9050	0.0000	0.0000	0.0000	-0.9630	0.0000	0.0000	-0.3170	0.0000	0.1530	0.0000	0.0000
346D	0.3990	-0.5700	0.0000	2.4910	0.0000	0.0000	0.0360	0.0000	0.0000	-0.7950	0.0000	0.0000	0.0000	-0.9870	0.0000	0.0000	-3.1680	0.0000	1.0050	0.0000	0.0000
346C	0.0500	-1.5280	0.0000	0.1740	0.0020	0.0010	-0.0110	0.0000	-0.0060	-1.1530	0.0000	0.0000	0.0160	0.0090	0.0000	0.0110	-0.0110	-0.0080	0.1120	0.0380	-0.0010
401Y	0.3290	-4.1190	0.0000	4.0180	0.0000	0.0000	-0.0350	0.0000	0.0000	-1.9310	0.0000	0.0000	0.0000	-0.9540	0.0000	0.0000	-1.2420	0.0000	0.0710	0.0000	0.0000
346A	0.1260	-0.5880	0.0000	-0.5750	0.0000	0.0000	0.0100	0.0000	0.0000	-1.0110	0.0000	0.0000	0.0000	-0.0040	0.0000	0.0000	0.1080	0.0000	-0.0840	0.0000	0.0000
401S	-0.5060	0.8670	0.0000	1.7350	0.0000	0.0000	0.0020	0.0000	0.0000	1.1960	0.0000	0.0000	0.0000	0.0120	0.0000	0.0000	-0.4140	0.0000	-0.4990	0.0000	0.0000
401R	0.1210	0.4970	0.0000	1.2190	0.0000	0.0000	-0.0020	0.0000	0.0000	1.2880	0.0000	0.0000	0.0000	0.0090	0.0000	0.0000	-0.3590	0.0000	-0.1980	0.0000	0.0000
401Q	0.5220	-2.0290	0.0000	1.8090	0.0000	0.0000	-0.0170	0.0000	0.0000	0.1830	0.0000	0.0000	0.0000	0.0430	0.0000	0.0000	0.2270	0.0000	-0.3710	0.0000	0.0000
401P	-0.2090	-0.1860	0.0000	1.1400	0.0000	0.0000	0.0000	0.0000	0.0000	0.0430	0.0000	0.0000	0.0000	0.0010	0.0000	0.0000	-0.4460	0.0000	-0.2570	0.0000	0.0000
401W	2.6690	-7.1570	0.0000	4.1340	0.0000	0.0000	-0.1200	0.0000	0.0000	-1.0380	0.0000	0.0000	0.0000	0.2900	0.0000	0.0000	-0.4450	0.0000	-0.4090	0.0000	0.0000
401T	-0.0370	0.4200	0.0000	1.2640	0.0000	0.0000	0.0010	0.0000	0.0000	0.8960	0.0000	0.0000	0.0000	0.0130	0.0000	0.0000	-0.4160	0.0000	-0.3490	0.0000	0.0000
401K	0.0640	0.7450	0.0000	0.8150	0.0000	0.0000	0.0020	0.0000	0.0000	1.5740	0.0000	0.0000	0.0000	0.0110	0.0000	0.0000	-0.0320	0.0000	-0.0300	0.0000	0.0000
401I	1.3790	-1.6150	0.0000	-0.9360	0.0000	0.0000	0.0040	0.0000	0.0000	-1.5520	0.0000	0.0000	0.0000	0.0240	0.0000	0.0000	-0.2120	0.0000	-0.1980	0.0000	0.0000
401H	0.0530	-2.3310	0.0000	3.1170	0.0000	0.0000	-0.0110	0.0000	0.0000	-0.6130	0.0000	0.0000	0.0000	0.0300	0.0000	0.0000	-0.6940	0.0000	-0.7770	0.0000	0.0000
401N	0.2400	0.5000	0.0000	1.1650	0.0000	0.0000	0.0070	0.0000	0.0000	1.3010	0.0000	0.0000	0.0000	0.0080	0.0000	0.0000	-0.4000	0.0000	-0.2180	0.0000	0.0000
401M	0.3670	-2.6890	0.0000	1.2850	0.0000	0.0000	0.0130	0.0000	0.0000	-1.7700	0.0000	0.0000	0.0000	0.0080	0.0000	0.0000	-0.4360	0.0000	-0.3190	0.0000	0.0000
401L	0.2540	0.1960	0.0000	0.6090	0.0000	0.0000	-0.0060	0.0000	0.0000	0.0150	0.0000	0.0000	0.0000	0.0290	0.0000	0.0000	-0.6600	0.0000	-0.4070	0.0000	0.0000
401C	-0.4220	0.7880	0.0000	1.1150	0.0000	0.0000	0.0080	0.0000	0.0000	0.9560	0.0000	0.0000	0.0000	0.0050	0.0000	0.0000	-0.3010	0.0000	-0.2360	0.0000	0.0000
401A	-0.6620	1.2330	0.0000	0.6030	0.0000	0.0000	-0.0010	0.0000	0.0000	0.7200	0.0000	0.0000	0.0000	-0.0000	0.0000	0.0000	-0.2130	0.0000	-0.2390	0.0000	0.0000
401G	-0.5260	1.2680	0.0000	1.2880	0.0010	0.0000	-0.0020	0.0000	0.0050	1.5160	0.0000	0.0000	-0.0020	0.0170	0.0000	0.0110	-0.3490	0.0820	-0.2660	-0.0210	0.0100
401F	1.2650	-4.0720	0.0000	1.6780	0.0000	0.0000	0.0140	0.0150	-0.0030	-2.0320	0.0000	0.0000	-0.0060	0.0260	0.0000	-0.0070	-0.6640	0.1690	-0.4920	0.0410	0.0060
401E	0.9430	-0.4520	0.0000	0.6580	0.0000	0.0000	-0.0080	0.0000	0.0000	0.4940	0.0000	0.0000	0.0000	0.0200	0.0000	0.0000	-0.3150	0.0000	-0.3500	0.0000	0.0000
401D	0.1020	-0.5310	0.0000	2.6550	0.0010	0.0000	-0.0040	-0.0210	0.0040	0.9560	0.0000	0.0000	-0.0070	0.0340	0.0000	-0.0790	-0.4940	-0.0960	-0.5590	-0.0410	-0.0060
305N	-0.3510	1.4970	0.0000	0.4660	0.0020	0.0000	-0.0010	-0.0010	-0.0080	1.7300	0.0000	0.0000	0.0000	-0.0040	0.0020	0.0030	0.1570	0.0370	-0.1050	0.0390	-0.0020
305L	-0.3040	0.6540	0.0000	-0.6020	0.0000	0.0000	0.0090	0.0000	0.0000	-0.0600	0.0000	0.0000	0.0000	-0.0240	0.0000	0.0000	-0.0780	0.0000	0.2850	0.0000	0.0000
305M	-0.0770	-0.6260	0.0000	-0.2500	0.0000	0.0000	0.0060	0.0000	0.0000	-0.9520	0.0000	0.0000	0.0000	0.0030	0.0000	0.0000	0.0100	0.0000	-0.0160	0.0000	0.0000
305K	-0.2380	1.6150	0.0000	0.2840	0.0000	0.0000	0.0060	-0.0020	0.0170	1.7560	0.0000	0.0000	0.0000	-0.0110	-0.0020	0.0010	0.0560	0.0110	0.0690	-0.0450	-0.0020
305H	-0.3360	1.5600	0.0000	0.5470	0.0000	0.0000	0.0030	0.0000	0.0000	1.6210	0.0000	0.0000	0.0000	-0.0090	0.0000	0.0000	-0.1570	0.0000	0.0140	0.0000	0.0000
305I	-0.5760	-0.3730	0.0000	-0.3700	0.0000	0.0000	0.0150	0.0000	0.0000	-0.6820	0.0000	0.0000	0.0000	-0.0180	0.0000	0.0000	0.4910	0.0000	0.1500	0.0000	0.0000
305G	-0.3700	3.1200	0.0000	-0.3130	-0.0020	-0.0010	-0.0130	0.0030	0.0070	2.5730	0.0000	0.0000	0.0000	-0.0100	0.0100	0.0070	-0.0700	0.0570	0.1950	-0.0400	-0.0050
305D	-0.3180	1.6000	0.0000	0.9370	-0.0030	0.0010	0.0350	-0.0070	0.0100	1.6580	0.0000	0.0000	0.0000	-0.0260	-0.0140	-0.0020	-0.4620	0.0110	-0.0660	-0.0450	0.0030
305E	0.2150	0.9130	0.0000	1.8210	0.0100	0.0010	-0.2040	-0.0110	-0.0200	1.0860	0.0000	0.0000	0.0000	-0.2260	0.0020	0.0100	-2.1960	0.3960	0.2340	0.1330	0.0100
305C	-0.3000	1.5860	0.0000	0.0570	0.0000	0.0000	0.0010	0.0000	0.0000	1.4210	0.0000	0.0000	0.0000	-0.0120	0.0000	0.0000	-0.0090	0.0000	0.0970	0.0000	0.0000
305A	-0.2940	2.1810	0.0000	-0.6980	0.0000	0.0000	0.0010	0.0000	0.0000	1.2900	0.0000	0.0000	0.0000	-0.0090	0.0000	0.0000	-0.0120	0.0000	0.1200	0.0000	0.0000
305Y	0.1010	-0.3610	0.0000	0.0840	0.0000	0.0000	-0.0000	0.0000	0.0000	-0.1950	0.0000	0.0000	0.0000	0.0050	0.0000	0.0000	0.0100	0.0000	-0.0350	0.0000	0.0000
305V	-0.4190	0.1400	0.0000	-0.1060	0.0000	0.0000	0.0090	0.0000	0.0000	0.0740	0.0000	0.0000	0.0000	-0.0010	0.0000	0.0000	0.5210	0.0000	-0.0710	0.0000	0.0000
305W	0.9360	-1.5600	0.0000	-1.8650	0.0000	0.0000	-0.0080	0.0000	0.0000	-1.3340	0.0000	0.0000	0.0000	-0.0290	0.0000	0.0000	1.2600	0.0000	-0.0690	0.0000	0.0000
305T	-0.2670	1.7320	0.0000	0.5970	0.0000	0.0000	0.0010	0.0000	0.0000	2.1100	0.0000	0.0000	0.0000	-0.0090	0.0000	0.0000	-0.0830	0.0000	0.1400	0.0000	0.0000
305R	0.7960	-2.3320	0.0000	2.9090	0.0000	0.0000	0.0160	0.0000	0.0000	1.3930	0.0000	0.0000	0.0000	-0.0540	0.0000	0.0000	-0.1540	0.0000	0.2130	0.0000	0.0000
305S	-0.3440	2.0560	0.0000	0.3200	0.0000	0.0000	-0.0010	0.0000	0.0000	2.0360	0.0000	0.0000	0.0000	-0.0130	0.0000	0.0000	0.0150	0.0000	0.0030	0.0000	0.0000
305P	-0.3070	1.9920	0.0000	0.0850	0.0000	0.0000	-0.0030	0.0000	0.0000	1.9520	0.0000	0.0000	0.0000	-0.0110	0.0000	0.0000	0.0540	0.0000	0.1440	0.0000	0.0000
305Q	-0.3820	0.3260	0.0000	1.1140	0.0000	0.0000	-0.0070	0.0000	0.0000	0.9240	0.0000	0.0000	0.0000	-0.0130	0.0000	0.0000	-0.2110	0.0000	0.0980	0.0000	0.0000
306C	-0.8040	1.4580	0.0000	0.4060	0.0000	0.0000	0.0080	0.0000	0.0000	1.2880	0.0000	0.0000	0.0000	-0.0070	0.0000	0.0000	0.0130	0.0000	0.2150	0.0000	0.0000
306A	-1.2370	2.4180	0.0000	0.4570	0.0000	0.0000	0.0150	0.0000	0.0000	2.0100	0.0000	0.0000	0.0000	-0.0080	0.0000	0.0000	0.1210	0.0000	0.2400	0.0000	0.0000
306G	-0.8330	2.4470	0.0000	0.8820	0.0000	0.0000	0.0100	0.0000	0.0000	2.7280	0.0000	0.0000	0.0000	-0.0080	0.0000	0.0000	0.0290	0.0000	0.2000	0.0000	0.0000
306F	0.4710	-0.2030	0.0000	-0.6400	0.0000	0.0000	-0.0020	0.0000	0.0000	-0.1710	0.0000	0.0000	0.0000	-0.0060	0.0000	0.0000	0.0780	0.0000	0.1310	0.0000	0.0000
306E	-0.1080	0.6880	0.0000	2.4870	0.0000	0.0010	0.0010	0.0100	0.0150	2.2510	0.0000	0.0000	0.0000	-0.0010	0.0000	-0.0030	-0.5200	0.0340	-0.2990	-0.0490	-0.0030
306D	0.2880	0.7300	0.0000	1.9710	0.0000	0.0000	-0.0020	0.0000	0.0000	3.4110	0.0000	0.0000	0.0000	0.0000	0.0000	0.0000	0.1410	0.0000	0.2820	0.0000	0.0000
306K	0.3100	-0.1370	0.0000	1.8140	0.0010	-0.0010	0.0040	0.0060	-0.0030	2.4370	0.0000	0.0000	0.0000	-0.0070	-0.0050	0.0010	0.2370	0.0060	0.2110	-0.0020	-0.0010
306I	0.0960	0.6070	0.0000	-0.0090	0.0000	0.0000	-0.0010	0.0000	0.0000	0.7850	0.0000	0.0000	0.0000	0.0000	0.0000	0.0000	-0.0850	0.0000	0.1760	0.0000	0.0000
306H	0.2420	-0.1050	0.0000	1.1940	0.0000	0.0000	-0.0010	0.0000	0.0000	1.4020	0.0000	0.0000	0.0000	0.0000	0.0000	0.0000	0.1680	0.0000	-0.0960	0.0000	0.0000
306N	-0.2910	0.7020	0.0000	1.2780	0.0000	0.0000	0.0060	0.0000	0.0000	1.3700	0.0000	0.0000	0.0000	-0.0030	0.0000	0.0000	-0.1110	0.0000	-0.2090	0.0000	0.0000
306M	0.0990	0.0720	0.0000	-0.1460	0.0000	0.0000	-0.0060	0.0000	0.0000	0.1200	0.0000	0.0000	0.0000	-0.0020	0.0000	0.0000	-0.0490	0.0000	0.1520	0.0000	0.0000
306L	0.8550	0.4410	0.0000	-0.4380	0.0000	0.0000	-0.0090	0.0000	0.0000	0.8750	0.0000	0.0000	0.0000	0.0010	0.0000	0.0000	-0.0610	0.0000	0.0840	0.0000	0.0000
306S	-0.9640	1.8870	0.0000	1.4460	0.0000	0.0000	0.0060	0.0000	0.0000	2.6590	0.0000	0.0000	0.0000	-0.0030	0.0000	0.0000	0.0200	0.0000	0.2670	0.0000	0.0000
306R	0.0660	-0.6360	0.0000	1.5430	0.0000	0.0000	-0.0100	0.0000	0.0000	0.9040	0.0000	0.0000	0.0000	0.0060	0.0000	0.0000	0.2310	0.0000	-0.2980	0.0000	0.0000
306Q	0.0940	0.5850	0.0000	0.6920	0.0000	0.0000	-0.0070	0.0000	0.0000	1.5130	0.0000	0.0000	0.0000	0.0010	0.0000	0.0000	0.0570	0.0000	0.0890	0.0000	0.0000
306P	0.0470	0.9180	0.0000	0.2690	0.0000	0.0000	-0.0020	0.0030	0.0080	1.4070	0.0000	0.0000	0.0000	0.0010	0.0000	0.0020	0.0400	-0.0060	0.1270	-0.0030	0.0030
306W	0.2790	-1.5860	0.0000	-0.1960	0.0000	0.0010	-0.0250	0.0100	0.0150	-0.7270	0.0000	0.0000	0.0000	0.0070	0.0000	-0.0030	0.4150	0.0340	0.3740	-0.0490	-0.0030
306V	0.2910	0.7760	0.0000	-0.4210	0.0000	0.0000	-0.0040	0.0000	0.0000	0.7410	0.0000	0.0000	0.0000	0.0010	0.0000	0.0000	-0.0560	0.0000	0.1540	0.0000	0.0000
306T	-0.3930	1.5330	0.0000	1.2610	0.0000	0.0000	-0.0020	0.0000	0.0000	2.7650	0.0000	0.0000	0.0000	-0.0030	0.0000	0.0000	0.0590	0.0000	0.3110	0.0000	0.0000
