384A  10.55  14.62   4.06  11.37   3.25
384C  10.65  14.19   3.55  10.24   3.96
384E   9.98  13.29   3.31   9.70   3.59
384D  10.35  13.81   3.46   9.80   4.01
384G  14.76  18.92   4.16  14.91   4.01
384I  12.22  15.15   2.93  10.43   4.71
384H   4.88   7.33   2.44   5.46   1.87
384K  10.24  14.79   4.56   9.60   5.19
384M   5.71   7.02   1.31   6.06   0.96
384L   6.43   7.66   1.23   4.22   3.44
384N   7.00  10.81   3.81   6.98   3.84
384Q   7.72  10.84   3.12   8.43   2.41
384P  25.51  29.62   4.11  25.53   4.09
384S  12.35  16.46   4.11  12.41   4.05
384R   8.33  12.15   3.82   7.51   4.65
384T   9.90  13.66   3.76   9.91   3.75
384W  -0.40  -0.88  -0.48  -1.06   0.18
384V   8.66  12.33   3.67   7.94   4.38
384Y   0.73   1.81   1.08   0.22   1.59
348Y   3.33   5.76   2.44  -9.91  15.67
348Q   2.05   3.30   1.25  -5.47   8.77
348P   4.70   5.42   0.72   2.04   3.39
348S  -0.51   0.75   1.26  -2.17   2.92
348R   1.52   6.25   4.73  -4.01  10.26
348T  -0.43   0.72   1.15  -3.26   3.99
348W   2.82   5.79   2.98 -12.16  17.95
348V  -4.27  -5.42  -1.15  -7.26   1.85
348I  -1.85  -2.53  -0.68  -6.66   4.13
348H   5.36   8.65   3.29  -5.61  14.26
348K   4.49  10.23   5.75  -2.52  12.75
348M   2.05   2.64   0.59  -9.24  11.88
348L  -6.04  -6.09  -0.05  -6.81   0.71
348N  -0.79   0.23   1.02  -1.83   2.06
348A  -3.26  -3.28  -0.01  -4.04   0.77
348C  -2.44  -1.95   0.49  -4.48   2.53
348E   2.03   5.86   3.83  -3.28   9.14
348D   6.59   9.77   3.18   2.03   7.74
348F   2.31   5.23   2.92  -9.47  14.70
417G  16.14  19.62   3.48  16.69   2.93
346W   5.26   5.89   0.64 -10.89  16.78
309C   6.52   6.82   0.30   6.99  -0.17
309A   5.36   6.82   1.46   6.43   0.40
309F  -2.07  -2.40  -0.33  -2.91   0.51
309G  11.09  13.06   1.97  12.29   0.77
309D   8.73  10.94   2.21   8.75   2.19
309E   8.24  10.25   2.01   6.18   4.07
309K  11.42  13.08   1.66   6.01   7.07
309H   3.77   4.57   0.80   3.35   1.22
309I   2.30   3.49   1.19   2.97   0.52
309N   6.17   8.37   2.20   6.19   2.18
309L  -1.95  -0.09   1.86  -1.87   1.78
309R   7.97  12.58   4.60   3.88   8.70
309S   7.68   9.65   1.97   8.06   1.59
309P  26.67  27.60   0.94  27.62  -0.01
309Q   5.75   6.90   1.14   4.19   2.70
309V   3.70   4.63   0.93   4.43   0.20
309W   0.33   2.96   2.63  -5.65   8.61
309T   5.64   7.24   1.61   6.48   0.76
417M   8.90  10.34   1.44   9.45   0.89
346N   6.36   5.81  -0.55  -4.16   9.97
346M  -7.38 -11.93  -4.55 -12.91   0.98
309Y   1.38   1.26  -0.12   0.09   1.18
346K   2.10   5.58   3.48  -3.20   8.78
346I   2.91  -0.55  -3.47 -10.56  10.01
346H  -2.45  -4.37  -1.92  -7.58   3.21
346L  -1.07  -4.92  -3.85  -6.68   1.76
417K  12.08  14.87   2.78  13.65   1.22
302Y  14.14  10.82  -3.32   2.88   7.94
302W  17.85  20.12   2.27  -0.14  20.26
302V   7.02   3.66  -3.36   7.09  -3.43
302T   8.82   8.86   0.04   9.79  -0.93
302S  11.16  11.84   0.68  10.95   0.89
302R  16.79  18.77   1.98   9.75   9.02
302Q   9.85   8.64  -1.21  10.24  -1.60
302P  12.83  11.97  -0.86  12.45  -0.48
302N  13.15  15.35   2.20   9.16   6.19
302M  10.69  10.97   0.28   8.41   2.56
302L   0.38  -3.22  -3.60  -0.83  -2.39
302K  16.81  19.34   2.54  11.29   8.05
302I   8.42   5.28  -3.14   7.51  -2.23
302H  13.84  15.12   1.28   7.52   7.60
302G  10.08  11.79   1.71  10.15   1.64
302F  11.30   7.96  -3.34   2.91   5.05
302E  12.99  14.40   1.41   9.83   4.56
302D  12.21  13.97   1.76   9.71   4.26
302C  10.78   9.31  -1.47  10.25  -0.93
417T  12.02  14.95   2.93  12.13   2.82
417V   9.84  12.00   2.17  10.21   1.79
417P  19.69  23.45   3.76  21.02   2.43
417Q  10.59  12.99   2.40  11.17   1.82
417R   8.40  11.35   2.95   8.80   2.55
346V  -2.55  -4.82  -2.26  -9.35   4.53
417Y   3.54   4.91   1.37   4.62   0.29
417D  15.18  19.06   3.89  16.24   2.82
417E  14.17  17.53   3.36  14.54   2.99
417F   4.08   5.44   1.36   5.26   0.18
346T  -2.60  -2.94  -0.34  -0.38  -2.56
417A  10.62  14.31   3.68  11.86   2.45
417C  11.84  15.41   3.57  12.36   3.05
417L   8.08  10.47   2.38   9.19   1.27
346S  -1.44  -1.79  -0.34  -1.81   0.03
417N  10.51  13.97   3.46  11.70   2.26
417H   5.83   9.31   3.48   7.35   1.96
417I   9.44  10.88   1.43  10.53   0.34
346R   7.20   5.94  -1.25  -5.97  11.92
346Q  -2.75  -4.91  -2.15  -2.73  -2.18
346P  13.49  12.04  -1.44  10.92   1.12
346Y  -0.58  -3.69  -3.11  -4.81   1.12
417S  12.57  15.98   3.41  13.16   2.82
346F   2.91  -0.76  -3.67  -8.03   7.28
346E  -1.43  -3.17  -1.74  -2.61  -0.56
346D   8.26   7.82  -0.45   3.07   4.75
346C  -2.76  -4.40  -1.63  -3.91  -0.48
401Y   3.33   1.76  -1.57   0.12   1.63
346A  -3.75  -4.27  -0.53  -3.98  -0.29
401S   5.64   6.34   0.71   6.13   0.21
401R   7.34   6.37  -0.96   3.97   2.41
401Q   4.15   4.20   0.05   4.30  -0.10
401P   8.35   8.20  -0.15   8.39  -0.19
401W   2.70  -1.26  -3.95  -0.94  -0.32
401T   3.80   4.36   0.56   4.10   0.25
401K  11.25  11.88   0.63  12.22  -0.34
401I   1.41  -0.13  -1.55   0.68  -0.81
401H   4.38   3.73  -0.64   3.95  -0.21
401N   7.25   7.94   0.69   7.01   0.93
401M   1.80  -1.12  -2.91   0.83  -1.94
401L   4.44   4.37  -0.07   1.54   2.83
401C   4.09   4.60   0.51   4.62  -0.02
401A   3.73   4.24   0.50   4.28  -0.04
401G   9.83  10.68   0.85   9.62   1.06
401F   1.78   1.27  -0.51  -1.85   3.12
401E  11.76  12.70   0.94   9.75   2.96
401D  10.72  11.36   0.63  11.11   0.24
305N   7.86  10.42   2.56   7.72   2.70
305L   1.68   1.90   0.22   2.09  -0.19
305M   3.26   2.66  -0.60   2.09   0.57
305K  12.99  14.02   1.03   9.00   5.03
305H   6.43   7.24   0.81   4.12   3.12
305I   5.54   4.91  -0.64   4.91  -0.00
305G  12.61  15.89   3.28  11.94   3.95
305D   9.79  13.14   3.36   9.51   3.63
305E   7.94   7.86  -0.09   7.54   0.32
305C   8.71  10.68   1.98   8.79   1.89
305A   8.22   9.15   0.93   8.65   0.50
305Y   3.02   3.03   0.00   2.89   0.13
305V   7.12   6.63  -0.49   6.23   0.40
305W   9.62   7.86  -1.76   5.28   2.57
305T   9.40  10.09   0.69   8.77   1.32
305R  11.20  13.21   2.02   7.35   5.86
305S  11.31  13.37   2.06  10.20   3.17
305P  25.80  27.42   1.62  25.69   1.73
305Q   7.91   8.48   0.57   6.52   1.96
306C  10.73  11.70   0.97  11.04   0.66
306A  10.35  11.04   0.69  10.67   0.37
306G  16.13  17.51   1.38  16.38   1.13
306F   2.46   2.33  -0.12   2.48  -0.15
306E  14.26  16.86   2.60  13.24   3.63
306D  15.36  18.50   3.14  14.56   3.94
306K  10.39  12.86   2.47   9.27   3.59
306I   8.75  10.13   1.38   8.30   1.83
306H   8.49   9.66   1.17   8.91   0.75
306N  11.25  13.59   2.34  10.47   3.12
306M   6.76   7.38   0.62  11.76  -4.38
306L   7.51   8.59   1.08   5.57   3.02
306S  13.53  15.70   2.17  13.61   2.09
306R  14.30  17.16   2.86  13.85   3.31
306Q  10.77  12.50   1.73  10.62   1.88
306P  33.49  34.88   1.39  31.82   3.06
306W   2.72   2.10  -0.62   3.40  -1.30
306V  10.42  11.21   0.80  10.55   0.66
306T  14.04  15.23   1.19  13.81   1.42
