MUT	fa_rep:	ref:	fa_atr:	hbond_sc:	fa_sol:	yhh_planarity:	dslf_fa13:	fa_intra_sol_xover4:	omega:	p_aa_pp:	TOT	sugar_bb:	fa_intra_rep:	hbond_lr_bb:	hbond_sr_bb:	hbond_bb_sc:	fa_elec:	cart_bonded:	lk_ball_wtd:	fa_dun:	rama_prepro:
384A	-0.4130	3.3910	0.0000	0.4870	0.0010	-0.0010	-0.0070	0.0060	-0.0010	4.1750	0.0000	0.0000	0.0000	-0.0200	0.0040	0.0040	0.0800	0.0560	0.6120	-0.0400	0.0160
384C	-0.4290	3.1100	0.0000	0.2190	0.0000	0.0000	0.0060	0.0000	0.0000	3.5070	0.0000	0.0000	0.0000	-0.0200	0.0000	0.0000	0.0130	0.0000	0.6080	0.0000	0.0000
384E	-0.5380	2.4750	0.0000	1.7660	0.0000	0.0000	0.0010	0.0000	0.0000	3.4470	0.0000	0.0000	0.0000	-0.0280	0.0000	0.0000	-0.5740	0.0000	0.3430	0.0000	0.0000
384D	-0.5740	3.5740	0.0000	1.1020	0.0000	0.0000	-0.0170	0.0000	0.0000	3.6160	0.0000	0.0000	0.0000	0.0510	0.0000	0.0000	-0.9610	0.0000	0.4400	0.0000	0.0000
384G	-0.3640	3.5020	0.0000	0.5140	0.0000	0.0000	0.0000	0.0000	0.0000	4.3310	0.0000	0.0000	0.0000	-0.0170	0.0000	0.0000	0.0870	0.0000	0.6090	0.0000	0.0000
384I	-0.1880	3.1510	0.0000	-0.9170	0.0000	0.0000	0.0020	0.0000	0.0000	2.7400	0.0000	0.0000	0.0000	0.0410	0.0000	0.0000	0.5130	0.0000	0.1380	0.0000	0.0000
384H	-0.3410	0.9830	0.0000	1.6560	0.0000	0.0000	0.0260	0.0000	0.0000	2.2500	0.0000	0.0000	0.0000	0.0080	0.0000	0.0000	-0.3520	0.0000	0.2670	0.0000	0.0000
384K	0.2320	0.1620	0.0000	4.0230	0.0000	0.0000	-0.0030	0.0000	0.0000	4.5320	0.0000	0.0000	0.0000	0.0970	0.0000	0.0000	0.3280	0.0000	-0.3080	0.0000	0.0000
384M	0.0800	1.0510	0.0000	-0.4020	0.0000	0.0000	0.0140	0.0000	0.0000	1.3300	0.0000	0.0000	0.0000	-0.0130	0.0000	0.0000	0.1270	0.0000	0.4730	0.0000	0.0000
384L	-0.3070	2.5790	0.0000	-2.1390	0.0000	0.0000	-0.0070	0.0000	0.0000	0.7450	0.0000	0.0000	0.0000	-0.0020	0.0000	0.0000	0.5480	0.0000	0.0720	0.0000	0.0000
384N	-0.4880	2.7410	0.0000	1.2220	0.0000	0.0000	0.0010	0.0000	0.0000	3.9280	0.0000	0.0000	0.0000	-0.0190	0.0000	0.0000	0.1680	0.0000	0.3010	0.0000	0.0000
384Q	-0.0140	1.8170	0.0000	1.2740	0.0000	0.0000	0.0080	0.0000	0.0000	3.5220	0.0000	0.0000	0.0000	-0.0170	0.0000	0.0000	0.1130	0.0000	0.3400	0.0000	0.0000
384P	-0.4010	3.3180	0.0000	0.7140	0.0000	0.0000	-0.0060	0.0000	0.0000	4.2900	0.0000	0.0000	0.0000	-0.0210	0.0000	0.0000	0.1460	0.0000	0.5390	0.0000	0.0000
384S	-0.4880	3.3830	0.0000	0.7190	0.0020	0.0000	-0.0020	0.0060	0.0070	4.2030	0.0000	0.0000	0.0000	-0.0130	0.0040	-0.0220	-0.0790	0.1040	0.5620	0.0190	0.0000
384R	0.3410	-1.7660	0.0000	5.6100	0.0000	0.0000	-0.0190	0.0000	0.0000	3.8140	0.0000	0.0000	0.0000	0.0560	0.0000	0.0000	0.2520	0.0000	-0.6610	0.0000	0.0000
384T	-0.5740	3.3090	0.0000	0.2620	0.0010	0.0000	0.0020	0.0000	-0.0010	3.7710	0.0000	0.0000	0.0000	-0.0140	-0.0020	0.0020	0.0630	0.1220	0.5880	0.0090	0.0010
384W	0.8130	-3.0640	0.0000	2.3600	0.0000	0.0000	-0.0240	0.0000	0.0000	-0.6620	0.0000	0.0000	0.0000	0.1220	0.0000	0.0000	-0.6010	0.0000	-0.2690	0.0000	0.0000
384V	-0.4630	3.3120	0.0000	0.1240	0.0000	0.0000	0.0060	0.0000	0.0000	3.6880	0.0000	0.0000	0.0000	-0.0170	0.0000	0.0000	0.1290	0.0000	0.5950	0.0000	0.0000
384Y	-0.3490	0.6250	0.0000	0.8770	0.0000	0.0000	0.0260	0.0000	0.0000	0.5520	0.0000	0.0000	0.0000	0.1040	0.0000	0.0000	-0.5260	0.0000	-0.2050	0.0000	0.0000
348Y	2.1320	1.8910	0.0000	-1.1540	0.1340	-0.0020	-0.0180	-0.0600	0.0030	2.1840	0.0000	0.0000	-0.0570	-0.1770	0.0000	0.2850	0.5320	0.1680	-1.6710	0.1610	0.0190
348Q	1.9700	2.7410	0.0000	-0.1260	-0.0050	-0.0050	0.0090	0.0070	-0.0070	3.9760	0.0000	0.0000	-0.0100	-0.0560	0.0000	0.0050	0.0480	-0.0080	-0.6540	0.0730	-0.0060
348P	2.4230	0.5440	0.0000	-0.3900	-0.0070	0.0020	-0.0110	-0.0050	-0.0060	2.8010	0.0000	0.0000	0.0030	-0.0860	0.0000	0.0030	0.2210	-0.1020	0.1270	0.0930	-0.0080
348S	1.2150	0.7710	0.0000	0.3900	0.0000	0.0000	-0.0030	0.0000	0.0000	1.0470	0.0000	0.0000	0.0000	-0.9370	0.0000	0.0000	-0.2160	0.0000	-0.1740	0.0000	0.0000
348R	3.8600	1.7940	0.0000	-1.7600	0.0000	0.0000	-0.0190	0.0000	0.0000	2.2750	0.0000	0.0000	0.0000	-0.2390	0.0000	0.0000	0.5200	0.0000	-1.8810	0.0000	0.0000
348T	2.3510	-0.3350	0.0000	0.6430	0.0000	0.0000	-0.0040	0.0000	0.0000	2.3740	0.0000	0.0000	0.0000	-0.1980	0.0000	0.0000	0.4690	0.0000	-0.5520	0.0000	0.0000
348W	1.7690	1.8580	0.0000	-0.8450	0.0000	0.0000	-0.0030	0.0000	0.0000	2.1800	0.0000	0.0000	0.0000	-0.0010	0.0000	0.0000	0.1350	0.0000	-0.7320	0.0000	0.0000
348V	2.0140	2.3870	0.0000	-2.1570	0.0000	0.0000	-0.0010	0.0000	0.0000	1.5260	0.0000	0.0000	0.0000	-0.0550	0.0000	0.0000	-0.2720	0.0000	-0.3910	0.0000	0.0000
348I	2.1600	2.2540	0.0000	-1.1420	0.0000	0.0000	-0.0020	0.0000	0.0000	2.6490	0.0000	0.0000	0.0000	-0.0230	0.0000	0.0000	-0.1780	0.0000	-0.4190	0.0000	0.0000
348H	1.1980	3.4530	0.0000	-0.3140	0.0000	0.0000	0.0140	0.0000	0.0000	2.8810	0.0000	0.0000	0.0000	-0.3040	0.0000	0.0000	0.6940	0.0000	-1.8580	0.0000	0.0000
348K	3.5580	0.8770	0.0000	-0.0860	-0.0040	-0.0030	0.0010	-0.0310	0.0060	3.1950	0.0000	0.0000	0.0090	-0.3220	0.0000	0.0020	-0.2280	0.1480	-0.7140	-0.0160	-0.0040
348M	2.0690	-0.7890	0.0000	0.8370	0.0000	0.0000	-0.0100	0.0000	0.0000	2.2940	0.0000	0.0000	0.0000	-0.2390	0.0000	0.0000	0.2910	0.0000	0.1340	0.0000	0.0000
348L	1.6560	2.0420	0.0000	-0.7090	0.0000	0.0000	0.0050	0.0000	0.0000	2.5890	0.0000	0.0000	0.0000	-0.0390	0.0000	0.0000	-0.0060	0.0000	-0.3590	0.0000	0.0000
348N	0.6090	1.4740	0.0000	0.8700	0.0050	-0.0010	0.0100	-0.0060	0.0000	1.9290	0.0000	0.0000	0.0000	-0.0520	0.0000	0.0000	-0.0790	0.1180	-0.9920	-0.0210	-0.0030
348A	1.1020	0.1930	0.0000	-1.2320	0.0000	0.0000	-0.0110	0.0000	0.0000	-0.5550	0.0000	0.0000	0.0000	-0.1650	0.0000	0.0000	-0.1390	0.0000	-0.3040	0.0000	0.0000
348C	1.0960	1.7310	0.0000	-1.2340	0.0000	0.0000	0.0110	0.0000	0.0000	1.1670	0.0000	0.0000	0.0000	-0.0360	0.0000	0.0000	0.0160	0.0000	-0.4160	0.0000	0.0000
348E	0.3180	1.3700	0.0000	2.9350	0.0000	0.0000	-0.0300	0.0000	0.0000	1.6540	0.0000	0.0000	0.0000	0.1500	0.0000	0.0000	-1.2600	0.0000	-1.8300	0.0000	0.0000
348D	1.7930	-0.4670	0.0000	2.6220	0.0000	0.0000	-0.0020	0.0000	0.0000	3.3420	0.0000	0.0000	0.0000	-0.1970	0.0000	0.0000	0.4710	0.0000	-0.8760	0.0000	0.0000
348F	2.2260	2.0040	0.0000	-1.0980	0.0000	0.0000	-0.0070	0.0000	0.0000	2.0960	0.0000	0.0000	0.0000	-0.2530	0.0000	0.0000	0.5860	0.0000	-1.3620	0.0000	0.0000
417G	-0.6220	4.8420	0.0000	-1.3820	0.0000	0.0000	0.0610	0.0000	0.0000	1.4960	0.0000	0.0000	0.0000	0.1120	0.0000	0.0000	0.1650	0.0000	-1.6810	0.0000	0.0000
346W	5.2940	-2.3260	0.0000	-3.9260	0.0000	0.0000	-0.0530	0.0000	0.0000	-4.1440	0.0000	0.0000	0.0000	0.7560	0.0000	0.0000	-1.6620	0.0000	-2.2290	0.0000	0.0000
309C	0.4930	-1.1500	0.0000	-0.0450	-0.0020	-0.0010	0.0180	0.0020	0.0000	-1.8980	0.0000	0.0000	0.0000	0.2350	0.0100	0.0120	0.3380	-0.0430	-1.8110	0.0460	0.0000
309A	-0.0920	0.6720	0.0000	-1.1610	0.0020	-0.0010	-0.0120	-0.0090	-0.0020	-1.1240	0.0000	0.0000	0.0000	0.1160	-0.0060	0.0060	0.0500	0.0950	-0.7900	0.0170	-0.0060
309F	0.7830	-3.1030	0.0000	1.8450	0.0060	0.0000	0.0190	0.0000	0.0200	-2.9430	0.0000	0.0000	0.0000	0.2120	-0.0330	0.0160	-0.6180	0.0760	-2.2080	0.0330	0.0050
309G	0.2800	0.0730	0.0000	-1.5130	0.0000	0.0000	0.0370	0.0000	0.0000	-2.5090	0.0000	0.0000	0.0000	0.2090	0.0000	0.0000	0.0940	0.0000	-1.6890	0.0000	0.0000
309D	-0.1020	0.5310	0.0000	1.2560	0.0040	0.0000	-0.0070	0.0140	-0.0030	1.3570	0.0000	0.0000	0.0000	-0.0370	0.0000	-0.0340	0.1330	-0.0160	-0.3750	-0.0050	-0.0020
309E	0.0530	0.8320	0.0000	-0.3160	0.0000	0.0000	-0.0020	0.0050	0.0010	-0.2020	0.0000	0.0000	0.0000	0.1740	-0.0060	-0.0110	0.3860	-0.0340	-1.3000	0.0320	-0.0150
309K	0.1050	-0.2830	0.0000	3.1870	0.0000	0.0000	0.0050	0.0000	0.0000	1.3280	0.0000	0.0000	0.0000	-0.8170	0.0000	0.0000	-0.3720	0.0000	-0.4960	0.0000	0.0000
309H	0.1620	0.3400	0.0000	0.3350	0.0000	0.0000	-0.0010	0.0000	0.0000	-0.6970	0.0000	0.0000	0.0000	-1.2040	0.0000	0.0000	-0.0770	0.0000	-0.2500	0.0000	0.0000
309I	0.1500	0.2250	0.0000	-0.8380	0.0000	0.0000	0.0080	0.0000	0.0000	-1.4590	0.0000	0.0000	0.0000	0.1690	0.0000	0.0000	0.0900	0.0000	-1.2610	0.0000	0.0000
309N	-0.0800	0.8730	0.0000	0.4720	-0.0020	0.0010	0.0150	-0.0040	0.0040	-0.4250	0.0000	0.0000	0.0000	-0.5080	-0.0060	0.0000	0.0990	-0.0350	-1.3200	0.0630	0.0030
309L	0.2190	-0.1980	0.0000	-0.3730	0.0000	0.0000	-0.0000	0.0000	0.0000	-0.8470	0.0000	0.0000	0.0000	-0.1100	0.0000	0.0000	-0.0110	0.0000	-0.3750	0.0000	0.0000
309R	0.4070	-0.5280	0.0000	2.3450	0.0000	0.0000	0.0150	0.0000	0.0000	1.6710	0.0000	0.0000	0.0000	-0.2240	0.0000	0.0000	0.2090	0.0000	-0.5520	0.0000	0.0000
309S	-0.1130	0.7920	0.0000	-0.1740	0.0000	0.0000	-0.0260	0.0000	0.0000	0.0030	0.0000	0.0000	0.0000	0.0340	0.0000	0.0000	0.1290	0.0000	-0.6400	0.0000	0.0000
309P	0.2440	-0.8430	0.0000	-0.1890	0.0150	0.0020	-0.0180	-0.0130	-0.0100	-3.1550	0.0000	0.0000	0.0000	0.2520	-0.0040	-0.0370	-0.7630	0.2380	-2.0500	0.0130	0.0060
309Q	-0.0020	0.2210	0.0000	0.1680	0.0000	0.0000	0.0020	0.0000	0.0000	-2.1180	0.0000	0.0000	0.0000	-1.6850	0.0000	0.0000	-0.2840	0.0000	-0.5370	0.0000	0.0000
309V	0.8070	-0.7890	0.0000	-1.0130	-0.0100	-0.0010	0.0010	0.0060	0.0000	-2.3130	0.0000	0.0000	0.0000	0.2270	0.0070	-0.0550	0.4080	-0.0670	-1.7660	-0.0750	0.0070
309W	1.1100	-3.0560	0.0000	3.6720	0.0000	0.0000	0.0400	0.0000	0.0000	0.6740	0.0000	0.0000	0.0000	0.1690	0.0000	0.0000	0.6380	0.0000	-1.9030	0.0000	0.0000
309T	-0.0730	0.7690	0.0000	-0.8780	0.0080	0.0010	-0.0130	-0.0050	0.0020	-0.9400	0.0000	0.0000	0.0000	0.1120	-0.0010	0.0200	0.2560	0.1000	-1.1780	-0.0570	-0.0040
417M	-0.2150	0.6870	0.0000	0.7820	0.0000	0.0000	-0.0000	0.0000	0.0000	-1.5260	0.0000	0.0000	0.0000	0.1980	0.0000	0.0000	-0.6550	0.0000	-2.3210	0.0000	0.0000
346N	1.2100	1.6830	0.0000	-0.9140	0.0750	-0.0030	-0.0720	-0.0270	0.0000	0.9550	0.0000	0.0000	0.0190	-0.2740	0.0000	0.0480	-1.1590	0.0760	0.3420	-0.0490	-0.0010
346M	2.8190	-1.5220	0.0000	-2.9770	0.0000	0.0000	-0.0200	0.0000	0.0000	-2.1150	0.0000	0.0000	0.0000	-0.0830	0.0000	0.0000	-0.2450	0.0000	-0.0880	0.0000	0.0000
309Y	1.1980	-3.0600	0.0000	2.1920	0.0330	0.0020	0.0240	-0.0040	-0.0270	-2.3430	0.0000	0.0000	0.0000	0.2300	0.0160	-0.0010	-0.3910	-0.0890	-2.4470	-0.0080	-0.0070
346K	3.7340	0.2730	0.0000	1.6080	0.0000	0.0000	0.0110	0.0000	0.0000	3.1530	0.0000	0.0000	0.0000	0.0430	0.0000	0.0000	-2.0940	0.0000	-0.4220	0.0000	0.0000
346I	1.2710	0.7410	0.0000	-4.1770	0.0000	0.0000	-0.0070	0.0000	0.0000	-3.0340	0.0000	0.0000	0.0000	-0.0400	0.0000	0.0000	-0.9470	0.0000	0.1230	0.0000	0.0000
346H	2.7980	0.6830	0.0000	-1.7980	-0.0040	0.0010	0.0040	0.0030	0.0000	-1.5870	0.0000	0.0000	-0.0030	-1.7470	0.0000	0.0000	-1.2980	-0.0850	-0.1780	0.0370	0.0020
346L	0.3270	1.1530	0.0000	-5.0910	0.0000	0.0000	0.0170	0.0000	0.0000	-4.7530	0.0000	0.0000	0.0000	-0.3240	0.0000	0.0000	-0.5960	0.0000	-0.2400	0.0000	0.0000
417K	-0.3360	0.4440	0.0000	3.9760	0.0110	-0.0020	-0.0130	-0.0040	0.0130	1.0580	0.0000	0.0000	0.0010	0.1930	0.0000	-0.0130	-0.8450	0.0840	-2.5110	0.0580	0.0000
302Y	2.9790	-5.4630	0.0000	5.3320	0.0000	0.0000	-0.0260	0.0000	0.0000	0.2140	0.0000	0.0000	0.0000	0.1490	0.0000	0.0000	-1.4010	0.0000	-1.3580	0.0000	0.0000
302W	1.8000	-6.8040	0.0000	3.9390	0.0000	0.0000	0.0230	0.0000	0.0000	-2.1950	0.0000	0.0000	0.0000	0.2030	0.0000	0.0000	-0.5350	0.0000	-0.8220	0.0000	0.0000
302V	0.9530	-1.0380	0.0000	-0.0010	0.0000	0.0000	0.0390	0.0000	0.0000	-1.6070	0.0000	0.0000	0.0000	-0.0820	0.0000	0.0000	-0.7300	0.0000	-0.7480	0.0000	0.0000
302T	0.3680	0.1050	0.0000	2.1860	0.3260	0.0000	0.0710	0.0120	-0.0270	-0.3280	0.0000	0.0000	0.0000	0.0260	-0.0220	-0.3090	-2.0080	-0.1890	-0.9740	0.1100	-0.0070
302S	0.4990	-0.6810	0.0000	3.6200	0.0000	0.0000	0.0220	0.0000	0.0000	1.7670	0.0000	0.0000	0.0000	-0.0570	0.0000	0.0000	-1.0970	0.0000	-0.5410	0.0000	0.0000
302R	1.3010	-3.1390	0.0000	5.1380	0.0000	0.0010	-0.0220	-0.0020	0.0050	1.1910	0.0000	0.0000	0.0000	0.1360	0.0000	0.0020	-1.2180	0.0080	-1.0450	0.0210	0.0050
302Q	-0.2280	-3.0170	0.0000	3.4860	0.0890	-0.0350	-0.0040	0.1590	-0.0970	-0.7280	0.0000	0.0000	0.0000	1.4470	0.2030	-0.1610	-0.3590	-0.5430	-1.3970	-0.1440	-0.1270
302P	0.1620	0.1080	0.0000	0.8190	0.0020	0.0030	0.0600	-0.0140	0.0050	0.8780	0.0000	0.0000	0.0000	-0.1610	-0.0020	0.0350	-0.5660	0.0620	0.3410	0.0240	-0.0020
302N	0.5060	0.3190	0.0000	1.9770	-0.0040	0.0020	-0.0200	0.0010	0.0090	0.8120	0.0000	0.0000	0.0000	-1.1510	-0.0070	-0.0070	-1.2330	-0.0100	0.4550	-0.0320	0.0040
302M	0.4290	-2.4020	0.0000	2.2500	0.0000	0.0000	0.0380	0.0000	0.0000	-0.3050	0.0000	0.0000	0.0000	0.1770	0.0000	0.0000	-0.2770	0.0000	-0.5170	0.0000	0.0000
302L	0.5820	-1.8460	0.0000	1.5190	0.0090	-0.0050	0.0360	0.0160	0.0040	-0.1300	0.0000	0.0000	0.0000	0.1140	-0.0060	-0.0220	-0.2190	0.0330	-0.3200	-0.0130	-0.0150
302K	0.6470	-2.2490	0.0000	4.0350	0.0000	0.0000	0.0170	0.0000	0.0000	2.3600	0.0000	0.0000	0.0000	0.1150	0.0000	0.0000	0.1740	0.0000	-0.3770	0.0000	0.0000
302I	1.3760	-1.2270	0.0000	-0.7780	0.0000	0.0000	0.0180	0.0000	0.0000	-1.5900	0.0000	0.0000	0.0000	-0.1650	0.0000	0.0000	-0.7070	0.0000	-0.1060	0.0000	0.0000
302H	0.0840	-2.5480	0.0000	3.1940	0.0000	0.0000	-0.0070	0.0000	0.0000	0.5920	0.0000	0.0000	0.0000	-0.0160	0.0000	0.0000	-0.4690	0.0000	0.3570	0.0000	0.0000
302G	-0.7370	1.6130	0.0000	-0.0620	-0.0010	0.0000	0.0410	0.0000	-0.0010	0.9810	0.0000	0.0000	0.0000	-0.0190	-0.0060	-0.0070	0.2520	0.0590	-0.0830	-0.0730	0.0010
302F	3.0040	-5.9040	0.0000	4.3010	0.0000	0.0000	-0.0070	0.0000	0.0000	0.6510	0.0000	0.0000	0.0000	-0.0190	0.0000	0.0000	-0.7430	0.0000	0.0160	0.0000	0.0000
302E	0.4920	-1.8940	0.0000	3.4100	-0.0030	0.0020	0.0060	-0.0080	0.0170	0.9770	0.0000	0.0000	0.0000	0.0220	0.0010	-0.0010	-0.5310	0.0920	-0.5520	-0.0710	-0.0070
302D	-0.3400	1.7550	0.0000	3.9680	-0.0010	0.0000	0.0240	0.0080	0.0090	1.1610	0.0000	0.0000	0.0000	-1.1420	0.0010	-0.0030	-4.2540	-0.0210	1.1930	-0.0360	-0.0040
302C	1.7560	-2.5170	0.0000	0.4350	0.0320	0.0000	0.0200	0.0400	0.0120	-0.3100	0.0000	0.0000	0.0000	-0.1590	-0.0010	0.0120	-0.4780	0.3380	0.3370	-0.1100	-0.0300
417T	-0.3650	2.5830	0.0000	1.2730	0.0000	0.0000	0.0020	0.0000	0.0000	1.1810	0.0000	0.0000	0.0000	0.1240	0.0000	0.0000	-0.6500	0.0000	-1.7880	0.0000	0.0000
417V	-0.1600	2.0860	0.0000	0.8530	0.0000	0.0000	-0.0080	0.0000	0.0000	0.6730	0.0000	0.0000	0.0000	0.1230	0.0000	0.0000	-0.8300	0.0000	-1.3940	0.0000	0.0000
417P	-0.3200	2.5940	0.0000	0.7820	0.0000	0.0000	0.0060	0.0000	0.0000	0.8680	0.0000	0.0000	0.0000	0.1260	0.0000	0.0000	-0.5720	0.0000	-1.7500	0.0000	0.0000
417Q	0.0690	0.7310	0.0000	3.6590	-0.0300	-0.0070	-0.0120	-0.0010	0.0030	1.6900	0.0000	0.0000	0.0050	0.1170	0.0000	0.0870	-0.8440	-0.0660	-2.0980	0.0800	0.0010
417R	-0.0980	1.1770	0.0000	3.2720	0.0000	0.0000	0.0130	0.0000	0.0000	2.4430	0.0000	0.0000	0.0000	-0.2390	0.0000	0.0000	-0.2240	0.0000	-1.4580	0.0000	0.0000
346V	1.3200	-0.5900	0.0000	-1.6410	0.0000	0.0000	0.0090	0.0000	0.0000	-1.4050	0.0000	0.0000	0.0000	-0.2080	0.0000	0.0000	-0.5290	0.0000	0.2360	0.0000	0.0000
417Y	1.1950	-1.0650	0.0000	1.9960	-0.0010	-0.0020	0.0250	-0.0050	0.0010	1.0880	0.0000	0.0000	-0.0210	0.1230	0.0000	-0.0320	-0.2240	0.3400	-1.3630	0.1200	-0.0040
417D	-0.2710	2.0380	0.0000	3.4930	-0.0190	-0.0020	0.0010	0.0040	0.0080	2.3910	0.0000	0.0000	-0.0040	0.0630	0.0000	-0.0010	-1.2600	0.0920	-1.8110	0.0470	0.0100
417E	-0.1680	0.9800	0.0000	5.3010	0.0050	0.0000	-0.0140	-0.0070	0.0110	2.7660	0.0000	0.0000	-0.0010	0.1330	0.0000	0.0130	-1.0690	-0.0020	-2.3090	-0.1030	-0.0050
417F	0.3670	0.6310	0.0000	0.5920	-0.0410	-0.0010	-0.0260	0.0210	0.0100	-0.8540	0.0000	0.0000	-0.0060	0.1210	0.0000	0.0970	-0.7570	-0.0110	-1.7430	-0.1010	-0.0060
346T	0.9540	2.3660	0.0000	-1.8640	0.0000	0.0000	0.0210	0.0000	0.0000	0.4640	0.0000	0.0000	0.0000	-0.1250	0.0000	0.0000	-1.0550	0.0000	0.1670	0.0000	0.0000
417A	-0.6540	4.1050	0.0000	-1.0370	0.0000	0.0000	0.0740	0.0000	0.0000	1.1340	0.0000	0.0000	0.0000	0.1050	0.0000	0.0000	0.2070	0.0000	-1.6640	0.0000	0.0000
417C	-0.7250	3.0750	0.0000	-0.4320	-0.0010	0.0010	0.0770	-0.0100	-0.0040	0.3830	0.0000	0.0000	-0.0040	0.1080	0.0000	0.0010	-0.0440	0.0590	-1.7070	-0.0130	-0.0020
417L	0.9010	-0.0190	0.0000	1.4070	0.0000	0.0000	-0.0220	0.0000	0.0000	-0.3730	0.0000	0.0000	0.0000	0.1320	0.0000	0.0000	-0.9580	0.0000	-1.8140	0.0000	0.0000
346S	-0.0070	0.0070	0.0000	0.5500	0.0000	0.0000	-0.0020	0.0000	0.0000	0.3690	0.0000	0.0000	0.0000	-0.1350	0.0000	0.0000	-0.1190	0.0000	0.0710	0.0000	0.0000
417N	-0.5330	2.7150	0.0000	1.2890	0.0000	0.0000	0.0110	0.0000	0.0000	0.6720	0.0000	0.0000	0.0000	0.1110	0.0000	0.0000	-0.9470	0.0000	-1.9750	0.0000	0.0000
417H	-0.2140	0.9510	0.0000	3.1340	0.0000	0.0000	-0.0210	0.0000	0.0000	0.9960	0.0000	0.0000	0.0000	0.1330	0.0000	0.0000	-1.2030	0.0000	-1.7850	0.0000	0.0000
417I	0.1130	0.1590	0.0000	1.9880	0.0000	0.0000	-0.0160	0.0000	0.0000	-0.1260	0.0000	0.0000	0.0000	0.1290	0.0000	0.0000	-1.0710	0.0000	-1.4300	0.0000	0.0000
346R	3.1060	-2.0500	0.0000	2.9330	0.0000	0.0000	0.0210	0.0000	0.0000	0.1510	0.0000	0.0000	0.0000	-0.5710	0.0000	0.0000	-4.1450	0.0000	0.8580	0.0000	0.0000
346Q	1.7270	-2.0720	0.0000	2.3630	0.0000	0.0000	-0.0310	0.0190	-0.0100	-0.7750	0.0000	0.0000	-0.0100	-1.0520	0.0000	-0.0010	-1.6790	0.0380	-0.0620	0.0020	-0.0070
346P	-0.0380	0.5930	0.0000	0.3190	-0.0040	0.0010	0.0030	-0.0080	0.0010	0.8330	0.0000	0.0000	0.0070	-0.1820	0.0000	-0.0020	0.1380	-0.0420	-0.0110	0.0570	0.0000
346Y	2.0220	-1.1530	0.0000	-3.1130	0.0070	0.0000	0.0370	0.0060	-0.0020	-4.2400	0.0000	0.0000	-0.0030	-2.1150	0.0000	0.0040	-0.5240	0.0570	0.5050	0.0310	0.0010
417S	-0.5080	3.1030	0.0000	1.2370	0.0000	0.0000	-0.0010	0.0000	0.0000	1.3740	0.0000	0.0000	0.0000	0.1170	0.0000	0.0000	-0.8450	0.0000	-1.7310	0.0000	0.0000
346F	1.9150	-1.4120	0.0000	-4.2930	0.0010	-0.0010	0.0110	0.0060	0.0010	-4.1040	0.0000	0.0000	0.0040	-0.0880	0.0000	0.0030	-0.7050	0.0530	0.4460	-0.0450	0.0010
346E	1.3370	0.6890	0.0000	1.7300	0.0170	0.0000	-0.0440	-0.0400	-0.0090	-0.7210	0.0000	0.0000	-0.0030	-0.7840	0.0000	0.0220	-3.3840	0.0430	-0.3860	0.1000	-0.0070
346D	0.9410	-2.0660	0.0000	4.4610	0.0000	0.0000	0.0610	0.0000	0.0000	-2.3820	0.0000	0.0000	0.0000	-0.9970	0.0000	0.0000	-3.9390	0.0000	-0.8460	0.0000	0.0000
346C	0.4950	-0.7290	0.0000	-1.2750	-0.0020	0.0020	0.0130	-0.0210	0.0040	-2.1830	0.0000	0.0000	0.0000	-0.0540	0.0000	-0.0010	0.0140	-0.1870	-0.5390	0.0950	0.0060
401Y	2.4480	-3.9180	0.0000	4.2830	-0.0030	-0.0010	0.0680	-0.0060	-0.0010	1.2580	0.0000	0.0000	0.0060	-0.9130	0.0000	-0.0010	-1.1030	0.0430	0.3620	-0.0050	0.0000
346A	-0.0180	-0.1410	0.0000	-0.8110	0.0000	0.0000	-0.0040	0.0000	0.0000	-0.8960	0.0000	0.0000	0.0000	-0.0760	0.0000	0.0000	0.0440	0.0000	0.1100	0.0000	0.0000
401S	-0.2790	0.4310	0.0000	2.2980	0.0000	0.0000	0.0240	0.0000	0.0000	1.1300	0.0000	0.0000	0.0000	0.0670	0.0000	0.0000	0.0500	0.0000	-1.4610	0.0000	0.0000
401R	0.4160	-3.2950	0.0000	6.3080	0.0000	0.0000	-0.0780	0.0000	0.0000	-0.3260	0.0000	0.0000	0.0000	-1.2040	0.0000	0.0000	-2.9220	0.0000	0.4480	0.0000	0.0000
401Q	0.4900	-2.2980	0.0000	2.5080	0.0000	0.0030	0.0570	-0.0120	-0.0010	-1.1990	0.0000	0.0000	0.0110	0.0830	0.0000	0.0170	0.1440	0.0100	-2.1820	-0.0250	-0.0030
401P	0.4200	-0.7920	0.0000	1.5040	0.0000	0.0000	0.0230	0.0000	0.0000	-0.1420	0.0000	0.0000	0.0000	0.0800	0.0000	0.0000	-0.1030	0.0000	-1.2730	0.0000	0.0000
401W	3.5890	-7.9440	0.0000	3.3500	0.0040	0.0020	-0.0290	-0.0190	0.0010	-2.7930	0.0000	0.0000	0.0050	0.2200	0.0000	0.0200	-0.5040	0.0270	-1.5080	-0.0060	0.0030
401T	0.2290	-0.5170	0.0000	2.0450	0.0010	0.0010	0.0240	0.0020	-0.0020	0.3050	0.0000	0.0000	0.0020	0.0940	0.0000	-0.0030	-0.1810	-0.0390	-1.3580	0.0060	-0.0010
401K	0.8170	-4.8300	0.0000	8.2390	0.0010	0.0010	0.0370	0.0020	-0.0020	-1.0460	0.0000	0.0000	0.0020	0.2770	0.0000	-0.0030	-2.9150	-0.0390	-2.6370	0.0060	-0.0010
401I	0.4400	-0.3740	0.0000	0.6730	-0.0050	0.0020	0.0190	-0.0150	-0.0030	1.1050	0.0000	0.0000	0.0130	-0.2280	0.0000	0.0000	0.0380	-0.0290	0.6350	-0.0530	-0.0060
401H	1.4450	-3.0880	0.0000	2.8030	0.0650	-0.0010	0.0220	-0.0030	0.0000	-0.0280	0.0000	0.0000	-0.0250	0.0800	0.0000	0.0150	0.0130	-0.0280	-1.3630	0.0510	-0.0110
401N	0.4540	-2.0110	0.0000	3.3000	-0.0030	0.0030	0.0170	0.0210	0.0110	-0.9360	0.0000	0.0000	0.0080	0.0850	0.0000	0.0820	-0.9740	-0.0490	-1.8600	-0.0240	0.0080
401M	0.1360	-1.1330	0.0000	-0.7560	0.0040	0.0020	0.0200	-0.0020	-0.0010	-2.0050	0.0000	0.0000	0.0050	0.0590	0.0000	0.0150	-0.7670	0.0290	0.3890	-0.0040	0.0030
401L	0.6620	-0.6750	0.0000	1.1590	0.0040	0.0020	0.0170	-0.0020	-0.0010	1.3540	0.0000	0.0000	0.0050	-0.2190	0.0000	0.0150	0.0690	0.0290	0.2900	-0.0040	0.0030
401C	-0.0520	-0.6260	0.0000	1.2340	0.0000	0.0000	0.0260	0.0000	0.0000	-0.7330	0.0000	0.0000	0.0000	0.0760	0.0000	0.0000	-0.0730	0.0000	-1.3180	0.0000	0.0000
401A	-0.4650	0.5150	0.0000	1.3360	0.0530	-0.0070	0.0350	0.0000	0.0050	-0.0650	0.0000	0.0000	0.0040	0.1150	0.0000	-0.0520	-0.2990	0.1000	-1.4490	0.0390	0.0040
401G	-0.4110	1.1400	0.0000	1.5560	0.0710	-0.0140	0.0300	-0.0060	0.0030	1.3670	0.0000	0.0000	0.0040	0.0740	0.0000	-0.0750	0.2550	0.0860	-1.3730	0.0210	0.0010
401F	1.4110	-3.6790	0.0000	1.2230	0.0000	0.0000	0.0890	0.0000	0.0000	-2.1000	0.0000	0.0000	0.0000	0.0710	0.0000	0.0000	0.4130	0.0000	-1.6280	0.0000	0.0000
401E	0.4560	-0.7600	0.0000	2.7550	0.0150	-0.0010	0.0190	0.0340	-0.0020	2.3630	0.0000	0.0000	-0.0050	-0.2500	0.0000	-0.0190	-0.2160	0.2400	0.1660	-0.0730	0.0020
401D	0.0880	-0.3070	0.0000	2.6770	-0.0050	0.0020	0.0350	-0.0150	-0.0030	0.2960	0.0000	0.0000	0.0130	0.0920	0.0000	0.0000	-0.7050	-0.0290	-1.4880	-0.0530	-0.0060
305N	0.0200	2.3220	0.0000	1.1230	0.0000	0.0000	0.0000	0.0000	0.0000	3.2330	0.0000	0.0000	0.0000	-0.0640	0.0000	0.0000	-0.0210	0.0000	-0.1460	0.0000	0.0000
305L	0.0180	0.4190	0.0000	-0.5010	0.0010	-0.0010	0.0010	-0.0040	0.0000	-0.0270	0.0000	0.0000	0.0000	-0.0140	-0.0010	0.0040	0.0290	-0.0260	0.0080	0.0340	0.0030
305M	0.2890	-0.3610	0.0000	0.0250	0.0000	0.0000	0.0090	0.0000	0.0000	-0.2830	0.0000	0.0000	0.0000	-0.0550	0.0000	0.0000	-0.0270	0.0000	-0.1650	0.0000	0.0000
305K	-0.0290	0.0310	0.0000	2.0270	0.0020	-0.0010	0.0090	-0.0130	-0.0010	1.9660	0.0000	0.0000	0.0000	-0.0340	0.0080	-0.0040	0.2190	-0.0300	-0.2990	0.0730	0.0090
305H	0.1310	0.8820	0.0000	1.3420	0.0100	0.0020	-0.0200	-0.0070	-0.0020	2.1320	0.0000	0.0000	0.0000	-0.0040	0.0140	0.0120	0.0270	-0.1160	-0.2410	0.1020	0.0020
305I	0.8250	0.4600	0.0000	-0.8090	0.0000	0.0000	0.0060	0.0000	0.0000	0.4260	0.0000	0.0000	0.0000	-0.0700	0.0000	0.0000	0.0220	0.0000	-0.0060	0.0000	0.0000
305G	1.0920	6.0300	0.0000	-2.9640	-0.3730	0.1070	-0.0670	0.1570	-0.0170	1.8140	0.0000	0.0000	0.0000	0.1840	0.0760	0.0800	-1.6250	1.6290	-0.8970	-1.5420	-0.0570
305D	-0.2530	2.7270	0.0000	1.7630	-0.0080	-0.0020	0.0070	0.0160	-0.0090	3.9630	0.0000	0.0000	0.0000	-0.1120	0.0000	-0.0040	-0.0190	0.0040	-0.1110	-0.0380	0.0000
305E	-0.6140	5.0850	0.0000	0.0550	0.0000	0.0000	0.0170	0.0000	0.0000	2.0040	0.0000	0.0000	0.0000	0.0300	0.0000	0.0000	-0.9600	0.0000	-1.6090	0.0000	0.0000
305C	-0.0970	2.3650	0.0000	0.1420	0.0000	0.0000	-0.0040	0.0000	0.0000	2.4340	0.0000	0.0000	0.0000	-0.0730	0.0000	0.0000	0.0500	0.0000	0.0520	0.0000	0.0000
305A	0.5540	3.0970	0.0000	-1.3250	0.0000	0.0000	0.0000	0.0000	0.0000	1.7590	0.0000	0.0000	0.0000	-0.1250	0.0000	0.0000	-0.1460	0.0000	-0.2930	0.0000	0.0000
305Y	0.0220	-0.1100	0.0000	0.1060	0.0050	0.0010	0.0000	-0.0020	-0.0130	-0.0730	0.0000	0.0000	0.0000	-0.0020	0.0050	0.0000	-0.0330	-0.0350	-0.0780	0.0550	0.0050
305V	0.7360	1.8840	0.0000	-0.4540	0.0000	0.0000	-0.0030	0.0000	0.0000	2.1660	0.0000	0.0000	0.0000	-0.0840	0.0000	0.0000	0.0540	0.0000	0.0350	0.0000	0.0000
305W	1.7590	-1.6610	0.0000	-1.3700	0.0000	0.0000	0.0230	0.0000	0.0000	-1.8270	0.0000	0.0000	0.0000	-0.0400	0.0000	0.0000	-0.3680	0.0000	-0.1700	0.0000	0.0000
305T	0.0790	2.5750	0.0000	-0.8490	0.0000	0.0000	0.0020	0.0000	0.0000	0.6640	0.0000	0.0000	0.0000	0.0540	0.0000	0.0000	0.1290	0.0000	-1.3260	0.0000	0.0000
305R	1.8320	-0.7570	0.0000	2.6630	-0.0470	-0.0060	0.0220	-0.0010	-0.0250	2.1820	0.0000	0.0000	0.0000	-0.0400	0.0130	0.0590	-0.8650	0.0830	-0.6940	-0.0520	-0.0050
305S	-0.0930	3.5550	0.0000	0.0250	0.0000	0.0000	0.0020	0.0000	0.0000	2.8210	0.0000	0.0000	0.0000	-0.0630	0.0000	0.0000	0.1290	0.0000	-0.7330	0.0000	0.0000
305P	0.4440	2.8590	0.0000	-0.0530	-0.0050	0.0010	-0.0040	-0.0040	-0.0130	2.6150	0.0000	0.0000	0.0000	-0.1320	0.0020	0.0020	-0.2300	0.0330	-0.2550	-0.0310	0.0030
305Q	-0.2140	3.1230	0.0000	0.3120	0.0000	0.0000	0.0070	0.0000	0.0000	1.6680	0.0000	0.0000	0.0000	-0.0480	0.0000	0.0000	-0.9080	0.0000	-0.6030	0.0000	0.0000
306C	-1.4240	3.0260	0.0000	-1.2380	-0.1050	0.0060	-0.0150	0.0120	-0.0130	0.6150	0.0000	0.0000	0.0000	-0.0190	0.0070	0.0690	0.3240	0.0840	-0.1280	0.0290	-0.0020
306A	-2.1100	2.8620	0.0000	-1.7880	-0.1530	0.0130	0.0420	-0.0200	0.0030	-2.2610	0.0000	0.0000	0.0000	0.1990	0.0030	0.1520	0.8420	-0.0480	-2.3470	0.0970	-0.0080
306G	-1.5360	2.9870	0.0000	-1.1050	0.0000	0.0000	0.0370	0.0000	0.0000	-0.9850	0.0000	0.0000	0.0000	0.2340	0.0000	0.0000	0.6860	0.0000	-2.2910	0.0000	0.0000
306F	0.2890	0.2010	0.0000	-0.4080	-0.0220	0.0070	-0.0050	-0.0090	-0.0110	0.0130	0.0000	0.0000	0.0000	-0.0730	0.0010	0.0100	-0.0700	-0.0210	0.1090	0.0160	-0.0010
306E	-1.1420	1.8910	0.0000	1.5510	0.0000	-0.0010	0.0110	-0.0020	-0.0020	1.3540	0.0000	0.0000	0.0000	-0.0830	0.0080	0.0130	-0.5470	-0.0320	-0.2760	-0.0280	-0.0060
306D	-0.8260	2.4140	0.0000	1.7660	-0.0220	0.0090	0.0000	0.0050	-0.0020	1.9550	0.0000	0.0000	0.0000	-0.1620	-0.0010	0.0070	-1.3230	-0.0220	0.1560	-0.0410	-0.0020
306K	-0.2250	1.0670	0.0000	1.7090	-0.0220	0.0090	-0.0010	-0.0020	-0.0270	2.6690	0.0000	0.0000	0.0000	-0.0990	-0.0010	0.0130	0.4680	-0.0070	-0.2300	0.0140	0.0000
306I	-1.0560	0.6840	0.0000	-2.2330	-0.0210	0.0070	0.0170	-0.0110	-0.0190	-4.2510	0.0000	0.0000	0.0000	0.2120	-0.0050	0.0050	0.2800	-0.0470	-2.0520	-0.0130	-0.0020
306H	-0.3470	0.5990	0.0000	1.2400	-0.0220	0.0090	0.0010	0.0050	-0.0020	1.1290	0.0000	0.0000	0.0000	-0.0080	-0.0010	0.0070	-0.0860	-0.0220	-0.2010	-0.0410	-0.0020
306N	-0.7720	1.5430	0.0000	1.1600	-0.0220	0.0090	0.0010	0.0050	-0.0020	1.5870	0.0000	0.0000	0.0000	-0.0770	-0.0010	0.0070	-0.1700	-0.0220	-0.0290	-0.0410	-0.0020
306M	-0.8490	1.0640	0.0000	-0.2750	0.0350	0.0120	0.0140	0.0270	-0.0360	-0.4080	0.0000	0.0000	0.0000	0.1260	0.0100	-0.2220	0.2440	-0.0920	-1.3120	0.8600	-0.0150
306L	-0.6620	1.7420	0.0000	-0.6020	-0.0210	0.0070	0.0140	-0.0110	-0.0190	0.7460	0.0000	0.0000	0.0000	-0.1560	-0.0050	0.0050	0.4870	-0.0470	0.0250	-0.0130	-0.0020
306S	-1.5330	3.0990	0.0000	0.2920	-0.0220	0.0090	-0.0040	0.0050	-0.0020	2.0810	0.0000	0.0000	0.0000	-0.0400	-0.0010	0.0070	0.2630	-0.0220	0.0720	-0.0410	-0.0020
306R	-0.9000	0.5690	0.0000	1.1840	-0.0220	0.0070	-0.0020	-0.0090	-0.0110	1.2110	0.0000	0.0000	0.0000	-0.0600	0.0010	0.0100	0.7110	-0.0210	-0.2610	0.0160	-0.0010
306Q	-1.1220	1.6500	0.0000	0.7440	-0.0220	0.0090	0.0000	0.0050	-0.0020	0.9630	0.0000	0.0000	0.0000	-0.1060	-0.0010	0.0070	0.2250	-0.0220	-0.3590	-0.0410	-0.0020
306P	-1.2810	2.6040	0.0000	-0.6520	-0.0220	0.0090	-0.0050	0.0050	-0.0020	0.8850	0.0000	0.0000	0.0000	-0.0560	-0.0010	0.0070	0.4050	-0.0220	-0.0600	-0.0410	-0.0020
306W	0.5050	-0.8510	0.0000	-0.4930	0.0490	0.0070	0.0020	0.0230	-0.0140	-1.3450	0.0000	0.0000	0.0000	0.1020	0.0100	-0.0740	-0.2530	-0.0210	-0.2520	-0.0750	-0.0110
306V	-1.4280	1.3560	0.0000	-2.7820	-0.0310	0.0080	0.0110	-0.0080	-0.0190	-4.2910	0.0000	0.0000	0.0000	0.2110	0.0010	0.0130	0.2010	-0.0210	-1.8120	-0.0020	0.0080
306T	-1.3740	3.1260	0.0000	-1.2550	-0.0250	0.0100	-0.0030	-0.0020	-0.0050	0.7170	0.0000	0.0000	0.0000	-0.0230	-0.0040	0.0190	0.5010	-0.0730	-0.2040	0.0190	0.0110
