384A  10.79  14.97   4.17  11.31   3.65
384C  10.33  13.84   3.51  10.78   3.06
384E   9.44  12.89   3.45   9.84   3.05
384D   9.50  13.11   3.62  10.12   2.99
384G  14.82  19.15   4.33  15.36   3.78
384I  11.30  14.04   2.74  11.34   2.70
384H   5.07   7.32   2.25   5.34   1.98
384K   9.71  14.24   4.53   9.71   4.53
384M   4.78   6.11   1.33   4.97   1.14
384L   5.63   6.37   0.74   5.00   1.37
384N   7.12  11.04   3.93   7.65   3.39
384Q   6.67  10.19   3.52   7.06   3.13
384P  26.15  30.44   4.29  26.73   3.71
384S  11.99  16.20   4.20  12.44   3.76
384R   7.37  11.18   3.81   7.49   3.69
384T   9.27  13.04   3.77   9.75   3.30
384W  -0.57  -1.23  -0.66  -0.89  -0.34
384V   7.90  11.59   3.69   8.39   3.20
384Y   0.24   0.79   0.55   0.60   0.19
348Y  19.57  21.75   2.18  -7.74  29.50
348Q   3.88   7.86   3.98  -5.68  13.54
348P   5.63   8.44   2.80   1.16   7.28
348S   0.21   1.25   1.05  -2.08   3.33
348R   5.25   7.52   2.27  -6.56  14.08
348T   1.28   3.65   2.37  -3.52   7.17
348W  15.72  17.89   2.18 -12.39  30.29
348V  -1.35   0.18   1.53  -6.98   7.16
348I   5.09   7.74   2.65  -7.41  15.15
348H   5.63   8.51   2.88  -5.72  14.23
348K   9.35  12.54   3.20  -1.39  13.93
348M   4.59   6.88   2.29  -9.34  16.23
348L  -0.88   1.71   2.59  -6.64   8.35
348N   2.98   4.91   1.93  -2.39   7.31
348A  -2.73  -3.28  -0.55  -5.23   1.95
348C  -1.38  -0.22   1.17  -5.00   4.79
348E  11.38  13.04   1.65  -3.88  16.92
348D   6.70  10.04   3.34   1.74   8.31
348F  13.73  15.83   2.10  -7.44  23.27
417G  14.95  16.45   1.50  15.97   0.48
346W  13.18   9.03  -4.14  -9.71  18.75
309C   6.47   4.57  -1.90   6.09  -1.52
309A   6.18   5.05  -1.12   6.44  -1.39
309F  -1.81  -4.76  -2.94  -3.37  -1.39
309G  11.54   9.03  -2.51  11.77  -2.75
309D   8.84  10.19   1.36   8.10   2.10
309E   9.14   8.94  -0.20   5.92   3.02
309K   8.56   9.89   1.33   6.31   3.58
309H   4.76   4.06  -0.70   2.43   1.63
309I   4.13   2.68  -1.46   3.56  -0.89
309N   6.20   5.77  -0.43   5.54   0.23
309L  -1.09  -1.94  -0.85  -2.37   0.43
309R   6.44   8.11   1.67   3.15   4.96
309S   8.50   8.50   0.00   8.82  -0.31
309P  25.66  22.50  -3.16  25.78  -3.28
309Q   5.57   3.45  -2.12   4.41  -0.96
309V   6.46   4.15  -2.31   4.80  -0.65
309W   0.80   1.48   0.67  -6.00   7.48
309T   6.97   6.03  -0.94   7.13  -1.10
417M   7.92   6.39  -1.53   8.52  -2.13
346N   8.01   8.97   0.95  -0.41   9.38
346M  -8.67 -10.78  -2.11  -9.83  -0.95
309Y   1.46  -0.89  -2.34  -0.11  -0.78
346K   6.97  10.13   3.15  -3.41  13.54
346I  -1.50  -4.53  -3.03  -5.29   0.76
346H   2.37   0.78  -1.59  -6.32   7.10
346L  -1.87  -6.62  -4.75  -7.75   1.12
417K  11.72  12.78   1.06  13.34  -0.56
302Y  12.15  12.36   0.21   2.51   9.86
302W  11.60   9.40  -2.20   0.35   9.06
302V   8.01   6.41  -1.61   7.31  -0.90
302T   9.04   8.72  -0.33   8.70   0.01
302S  12.08  13.84   1.77  11.35   2.50
302R  27.94  29.13   1.19  11.31  17.82
302Q  11.86  11.13  -0.73   8.32   2.81
302P  12.94  13.82   0.88  12.91   0.90
302N  12.91  13.72   0.81   9.90   3.82
302M   9.35   9.04  -0.30  10.99  -1.95
302L   4.61   4.48  -0.13  -2.63   7.11
302K  18.54  20.90   2.36  11.96   8.94
302I  10.45   8.86  -1.59   7.04   1.82
302H  16.44  17.04   0.59   7.72   9.32
302G   9.61  10.59   0.98   9.94   0.65
302F  15.35  16.00   0.65   2.37  13.64
302E  13.41  14.39   0.98  11.02   3.37
302D  11.34  12.50   1.16  10.50   2.00
302C  12.13  11.83  -0.31  10.98   0.85
417T  10.51  11.69   1.18  11.53   0.16
417V   9.10   9.77   0.67   9.84  -0.07
417P  19.63  20.50   0.87  20.65  -0.15
417Q   9.50  11.19   1.69   9.56   1.63
417R   8.57  11.01   2.44   7.97   3.04
346V  -5.66  -7.06  -1.41  -5.25  -1.82
417Y   5.35   6.44   1.09   5.34   1.10
417D  15.25  17.64   2.39  15.99   1.65
417E  13.82  16.59   2.77  13.90   2.68
417F   3.90   3.05  -0.85   6.15  -3.10
346T  -1.75  -1.29   0.46  -3.62   2.33
417A  10.04  11.17   1.13  11.22  -0.05
417C  11.68  12.07   0.38  12.81  -0.74
417L  10.07   9.70  -0.37   8.51   1.19
346S   2.51   2.88   0.37  -4.23   7.10
417N   9.57  10.25   0.67   9.84   0.41
417H   6.77   7.77   1.00   7.23   0.54
417I  10.59  10.46  -0.13   9.91   0.55
346R   7.85   8.00   0.15  -6.14  14.14
346Q  -0.31  -1.09  -0.78  -4.77   3.68
346P  11.07  11.91   0.83  11.27   0.63
346Y   1.53  -2.71  -4.24  -8.04   5.33
417S  11.56  12.93   1.37  12.57   0.36
346F  -0.67  -4.77  -4.10  -9.56   4.79
346E   1.19   0.47  -0.72  -3.84   4.31
346D   9.06   6.67  -2.38   3.02   3.65
346C   0.66  -1.52  -2.18  -2.94   1.42
401Y   3.85   5.11   1.26   0.54   4.57
346A  -5.01  -5.91  -0.90  -4.94  -0.97
401S   6.92   8.05   1.13   7.06   0.99
401R   8.35   8.03  -0.33   5.65   2.38
401Q   4.82   3.62  -1.20   5.33  -1.72
401P   9.00   8.86  -0.14   8.88  -0.02
401W   4.45   1.66  -2.79  -0.50   2.16
401T   4.39   4.70   0.31   4.15   0.54
401K   8.33   7.28  -1.05   8.39  -1.10
401I   0.95   2.05   1.11  -0.16   2.21
401H   6.30   6.27  -0.03   7.69  -1.41
401N   8.24   7.30  -0.94   7.10   0.20
401M   4.73   2.72  -2.00   2.73  -0.00
401L   4.58   5.93   1.35   2.46   3.48
401C   6.31   5.58  -0.73   4.17   1.40
401A   4.49   4.43  -0.07   4.98  -0.55
401G  10.44  11.81   1.37   9.73   2.08
401F   2.58   0.48  -2.10   1.65  -1.17
401E  12.30  14.66   2.36  10.99   3.67
401D  11.17  11.46   0.30  10.78   0.68
305N   7.19  10.43   3.23   7.44   2.99
305L   1.45   1.42  -0.03   1.15   0.27
305M   2.43   2.15  -0.28   1.85   0.30
305K  11.77  13.73   1.97   8.54   5.19
305H   5.82   7.96   2.13   3.25   4.71
305I   4.95   5.38   0.43   4.19   1.19
305G  11.79  13.60   1.81  11.66   1.94
305D   9.27  13.23   3.96   9.41   3.82
305E   7.25   9.25   2.00   7.84   1.41
305C   8.12  10.55   2.43   8.43   2.12
305A   8.54  10.30   1.76   8.21   2.09
305Y   2.76   2.68  -0.07   2.90  -0.22
305V   6.31   8.48   2.17   5.17   3.31
305W   6.31   4.49  -1.83  -2.21   6.69
305T   8.03   8.69   0.66   8.09   0.61
305R   9.18  11.36   2.18   6.45   4.92
305S   9.36  12.19   2.82  10.46   1.73
305P  25.91  28.53   2.62  25.26   3.26
305Q   6.18   7.85   1.67   6.83   1.01
306C   9.21   9.82   0.62  10.09  -0.27
306A   8.21   5.95  -2.26  10.44  -4.49
306G  13.80  12.81  -0.99  16.12  -3.31
306F   1.56   1.57   0.01   2.05  -0.48
306E  12.77  14.12   1.35  13.17   0.95
306D  13.19  15.14   1.95  13.31   1.83
306K   8.71  11.38   2.67   9.30   2.08
306I   8.53   4.28  -4.25   8.93  -4.66
306H   6.96   8.08   1.13   7.30   0.78
306N   9.62  11.21   1.59   9.44   1.77
306M   5.05   4.64  -0.41   5.28  -0.64
306L   3.80   4.55   0.75   4.60  -0.05
306S  11.50  13.58   2.08  12.57   1.00
306R   8.26   9.47   1.21   6.49   2.99
306Q   8.69   9.65   0.96   9.35   0.31
306P  30.02  30.90   0.88  31.01  -0.10
306W   0.70  -0.65  -1.35   1.39  -2.04
306V  11.57   7.28  -4.29  12.48  -5.20
306T  13.21  13.93   0.72  13.97  -0.04
