384A  10.45  11.23   0.78  11.18   0.05
384C   9.86  10.16   0.30  10.55  -0.39
384E   9.15   9.70   0.55   9.91  -0.20
384D   9.31   9.74   0.43  10.10  -0.36
384G  14.61  15.47   0.86  15.40   0.07
384I  10.46   9.38  -1.08   9.24   0.15
384H   4.66   2.80  -1.85   5.23  -2.42
384K   9.79  13.51   3.72   9.62   3.90
384M   4.73   3.52  -1.21   5.32  -1.80
384L   5.46   3.31  -2.15   4.30  -0.99
384N   7.05   7.81   0.75   7.82  -0.01
384Q   8.03  10.26   2.24   7.64   2.62
384P  24.38  25.00   0.62  25.12  -0.12
384S  11.59  12.37   0.78  12.30   0.07
384R   8.51  10.51   2.00   7.55   2.96
384T   8.46   9.01   0.55   9.12  -0.11
384W  -0.03  -1.63  -1.60  -0.35  -1.28
384V   6.54   6.70   0.16   7.39  -0.70
384Y   0.45   1.65   1.20   0.58   1.07
348Y   0.86  -1.32  -2.18 -11.00   9.69
348Q   0.07  -1.11  -1.18  -4.10   3.00
348P   3.58   1.66  -1.91   3.05  -1.39
348S  -1.86  -2.24  -0.38  -1.71  -0.53
348R   4.16   2.55  -1.61  -4.28   6.82
348T  -3.53  -4.78  -1.24  -3.98  -0.80
348W   5.67   4.19  -1.48  -9.06  13.26
348V  -6.06  -8.23  -2.16  -6.59  -1.64
348I  -3.82  -5.86  -2.04  -8.46   2.60
348H  -0.99  -1.46  -0.47  -5.64   4.19
348K   3.85   5.04   1.19  -1.86   6.91
348M  -5.82  -9.42  -3.60  -7.77  -1.65
348L  -8.93 -11.21  -2.28  -9.56  -1.65
348N  -0.36  -2.12  -1.76  -2.35   0.23
348A  -3.38  -5.31  -1.93  -4.03  -1.28
348C  -3.67  -5.40  -1.73  -4.58  -0.82
348E   3.08   2.98  -0.10  -1.33   4.31
348D   4.50   3.85  -0.64   2.22   1.64
348F  -2.23  -5.06  -2.83 -11.17   6.11
417G  15.86  17.64   1.78  18.08  -0.44
346W   3.99   1.54  -2.46 -11.80  13.34
309C   6.80   7.93   1.13   7.05   0.88
309A   6.27   7.85   1.57   6.64   1.21
309F  -2.29  -2.60  -0.31  -1.91  -0.69
309G  10.88  12.56   1.68  11.23   1.33
309D   8.27   9.89   1.62   8.70   1.19
309E   5.68   7.26   1.58   6.61   0.65
309K   7.59   8.69   1.09   5.93   2.75
309H   3.48   4.11   0.63   3.71   0.40
309I   5.49   5.61   0.12   5.29   0.32
309N   5.46   6.88   1.43   5.83   1.05
309L  -0.31  -0.12   0.19  -0.52   0.40
309R   5.22   4.83  -0.39   3.53   1.30
309S   8.10   9.69   1.59   8.45   1.24
309P  27.75  28.77   1.02  27.99   0.78
309Q   4.17   4.98   0.82   4.27   0.71
309V   6.87   8.21   1.34   7.94   0.27
309W  -2.92  -2.24   0.68  -2.60   0.37
309T   7.86   9.35   1.49   7.98   1.38
417M   9.16   7.05  -2.11  10.95  -3.90
346N   0.61  -0.59  -1.20  -2.02   1.43
346M  -1.62  -5.34  -3.72 -11.02   5.67
309Y   1.31   1.16  -0.15  -0.00   1.17
346K  13.83  11.98  -1.85  -4.76  16.74
346I   1.04  -3.75  -4.79  -9.70   5.95
346H   0.54  -2.34  -2.88  -5.93   3.60
346L  -2.22  -6.73  -4.51  -8.38   1.65
417K  13.55  15.81   2.25  14.95   0.86
302Y  14.64  14.12  -0.52   3.05  11.07
302W   9.27   6.02  -3.25   0.52   5.50
302V   6.27   6.01  -0.26   5.71   0.31
302T   9.63  12.16   2.53   8.25   3.91
302S  12.13  14.88   2.76  11.16   3.72
302R  20.63  22.56   1.93   8.61  13.95
302Q  10.58  11.84   1.26   8.42   3.42
302P  12.87  12.82  -0.05  12.74   0.08
302N  12.25  14.83   2.58  10.11   4.72
302M  12.46  11.20  -1.26   6.79   4.41
302L  -0.43   0.78   1.21  -2.50   3.28
302K  17.24  20.69   3.45  11.17   9.52
302I   9.46   6.82  -2.64   5.98   0.84
302H  15.65  17.81   2.15   8.05   9.75
302G   9.93  11.73   1.79  10.07   1.66
302F  15.15  14.29  -0.87   3.63  10.66
302E  11.84  13.21   1.36  10.75   2.46
302D  12.75  14.82   2.07  10.66   4.16
302C   9.92  11.22   1.30  10.20   1.02
417T  10.88  10.21  -0.67  12.98  -2.77
417V   8.07   7.05  -1.02  10.50  -3.45
417P  20.46  20.16  -0.29  22.98  -2.81
417Q  11.38  10.12  -1.27  13.48  -3.37
417R  10.62  13.05   2.43   9.74   3.31
346V  -4.53  -6.32  -1.79  -7.51   1.18
417Y   2.43   1.03  -1.39   4.11  -3.08
417D  15.66  18.65   2.99  18.11   0.54
417E  12.49  15.44   2.94  14.35   1.09
417F   2.97   0.75  -2.22   4.56  -3.80
346T  -1.70  -3.24  -1.54  -4.49   1.25
417A  10.31  10.58   0.26  12.76  -2.19
417C  10.13   9.46  -0.67  12.79  -3.33
417L   7.94   6.21  -1.73  10.08  -3.87
346S  -2.96  -3.31  -0.35  -1.89  -1.42
417N   9.87   9.63  -0.24  12.02  -2.39
417H   5.55   4.55  -1.00   7.34  -2.78
417I   9.12   7.15  -1.98  10.37  -3.22
346R   5.34   5.10  -0.25  -7.35  12.44
346Q  -3.65  -7.60  -3.95  -6.53  -1.08
346P  10.12   9.42  -0.70  11.12  -1.70
346Y   1.15  -5.10  -6.25  -9.76   4.66
417S  12.19  14.59   2.41  14.31   0.28
346F   1.76  -3.26  -5.02  -9.71   6.45
346E   1.20   0.02  -1.18  -3.09   3.11
346D   4.15   1.44  -2.70   1.68  -0.23
346C  -2.95  -4.41  -1.46  -3.37  -1.04
401Y   1.41  -1.84  -3.25   0.33  -2.17
346A  -6.70  -8.64  -1.94  -5.11  -3.53
401S   5.58   6.87   1.29   6.59   0.28
401R   6.51   5.90  -0.62   3.68   2.22
401Q   3.65   3.23  -0.42   5.96  -2.73
401P   8.31   9.05   0.73   9.65  -0.60
401W   2.34  -2.26  -4.60   1.29  -3.55
401T   3.36   5.30   1.95   4.31   0.99
401K   7.39   9.18   1.79   8.43   0.75
401I  -0.10  -0.60  -0.50  -0.26  -0.34
401H   3.42   3.02  -0.40   4.38  -1.36
401N   5.27   5.39   0.11   6.46  -1.07
401M   1.80  -0.63  -2.44   0.02  -0.65
401L   0.69   2.22   1.52   2.29  -0.08
401C   3.87   3.98   0.11   4.95  -0.98
401A   3.65   5.59   1.94   5.01   0.58
401G   9.21   9.90   0.69  10.57  -0.67
401F   0.00  -2.51  -2.51   0.40  -2.91
401E   9.26  10.98   1.73   8.54   2.44
401D   9.42  11.09   1.67  10.73   0.35
305N   6.39   8.80   2.41   7.24   1.56
305L   0.12   0.19   0.07   1.03  -0.84
305M   0.67   1.95   1.28   2.47  -0.52
305K   8.76  10.35   1.58   7.17   3.17
305H   4.79   5.85   1.06   3.28   2.57
305I   2.99   0.40  -2.59   2.12  -1.72
305G   8.93  12.19   3.26  11.06   1.13
305D   8.11  11.01   2.90   8.45   2.56
305E   9.62  11.71   2.09   6.20   5.51
305C   7.28   8.37   1.09   7.43   0.94
305A   5.03   5.75   0.72   6.66  -0.91
305Y   3.77   2.34  -1.43   3.06  -0.72
305V   2.96   3.04   0.08   3.66  -0.61
305W   3.69   3.66  -0.03  -1.52   5.19
305T   5.85   6.89   1.04   6.02   0.87
305R   9.50  11.08   1.58   4.57   6.50
305S   8.02  10.61   2.59   9.06   1.55
305P  22.64  24.04   1.41  24.80  -0.75
305Q   3.87   5.26   1.38   4.96   0.30
306C  10.99  11.16   0.18  11.92  -0.75
306A  11.00  11.75   0.74  12.00  -0.25
306G  17.25  18.56   1.31  17.68   0.88
306F   2.50   1.67  -0.83   2.89  -1.22
306E  15.13  16.48   1.35  14.91   1.57
306D  15.70  17.61   1.91  16.31   1.30
306K  12.48  13.77   1.29  10.79   2.98
306I  10.46  10.00  -0.47  10.17  -0.17
306H   9.08  10.15   1.08   8.58   1.58
306N  11.19  12.43   1.24  11.48   0.96
306M   7.10   6.97  -0.12   6.62   0.35
306L   5.39   5.20  -0.19   5.35  -0.16
306S  14.21  15.56   1.35  14.90   0.66
306R   7.71   8.59   0.88   7.74   0.85
306Q  10.64  11.46   0.83  10.78   0.69
306P  36.20  35.69  -0.51  36.97  -1.28
306W   3.79   2.09  -1.70   2.03   0.06
306V  13.83  13.92   0.09  13.47   0.45
306T  14.96  15.28   0.32  15.30  -0.02
