MUT	fa_rep:	ref:	fa_atr:	hbond_sc:	fa_sol:	yhh_planarity:	dslf_fa13:	fa_intra_sol_xover4:	omega:	p_aa_pp:	TOT	sugar_bb:	fa_intra_rep:	hbond_lr_bb:	hbond_sr_bb:	hbond_bb_sc:	fa_elec:	cart_bonded:	lk_ball_wtd:	fa_dun:	rama_prepro:
384A	-0.1520	2.1060	0.0000	1.4730	0.0000	0.0000	-0.0100	0.0000	0.0000	3.9490	0.0000	0.0000	0.0000	0.0400	0.0000	0.0000	0.3060	0.0000	0.1870	0.0000	0.0000
384C	-0.3630	2.5310	0.0000	0.2830	0.0000	0.0000	-0.0020	0.0000	0.0000	2.7650	0.0000	0.0000	0.0000	0.0240	0.0000	0.0000	0.0870	0.0000	0.2030	0.0000	0.0000
384E	-0.2470	1.2480	0.0000	2.7630	0.0000	0.0000	-0.0110	0.0000	0.0000	3.4610	0.0000	0.0000	0.0000	0.1110	0.0000	0.0000	-0.2140	0.0000	-0.1920	0.0000	0.0000
384D	-0.1850	1.9240	0.0000	2.4960	0.0000	0.0000	-0.0140	0.0000	0.0000	2.9570	0.0000	0.0000	0.0000	0.0540	0.0000	0.0000	-1.0250	0.0000	-0.2930	0.0000	0.0000
384G	-0.1690	2.1720	0.0000	1.5720	0.0000	0.0000	-0.0110	0.0000	0.0000	4.1060	0.0000	0.0000	0.0000	0.0420	0.0000	0.0000	0.3090	0.0000	0.1900	0.0000	0.0000
384I	0.1260	1.7360	0.0000	-0.3710	0.0030	-0.0010	-0.0000	0.0150	-0.0020	1.9410	0.0000	0.0000	0.0000	0.0190	-0.0010	-0.0040	0.1840	-0.0040	0.2260	0.0100	0.0060
384H	-0.1600	-0.2870	0.0000	3.1220	0.0000	0.0000	0.0040	0.0000	0.0000	2.0370	0.0000	0.0000	0.0000	0.0230	0.0000	0.0000	-0.4740	0.0000	-0.1910	0.0000	0.0000
384K	-0.1950	0.3010	0.0000	3.6860	0.0000	0.0000	0.0010	0.0000	0.0000	3.4590	0.0000	0.0000	0.0000	0.0270	0.0000	0.0000	0.1900	0.0000	-0.5510	0.0000	0.0000
384M	-1.0430	1.6790	0.0000	-0.4090	-0.0200	-0.0030	0.0430	-0.0670	0.0420	-0.4040	0.0000	0.0000	0.0000	-0.0590	-0.0520	0.0370	0.0120	-0.6550	-0.3080	0.4600	-0.0590
384L	0.7640	1.0080	0.0000	-0.9700	-0.0210	0.0000	0.0040	0.0020	0.0120	0.5450	0.0000	0.0000	0.0000	-0.0150	-0.0150	0.0660	-0.0500	-0.0010	-0.1630	-0.1180	0.0420
384N	-0.5110	2.5600	0.0000	0.9710	0.0000	0.0000	0.0130	0.0000	0.0000	2.6680	0.0000	0.0000	0.0000	0.0320	0.0000	0.0000	-0.1020	0.0000	-0.2960	0.0000	0.0000
384Q	-0.2540	0.9960	0.0000	2.3400	0.0000	0.0000	-0.0070	0.0000	0.0000	3.1560	0.0000	0.0000	0.0000	0.0340	0.0000	0.0000	0.2520	0.0000	-0.2070	0.0000	0.0000
384P	-0.1640	1.9240	0.0000	1.7500	0.0000	0.0000	-0.0110	0.0000	0.0000	4.0830	0.0000	0.0000	0.0000	0.0500	0.0000	0.0000	0.3520	0.0000	0.1830	0.0000	0.0000
384S	-0.4610	2.9990	0.0000	0.5100	0.0000	0.0000	-0.0070	0.0000	0.0000	3.4410	0.0000	0.0000	0.0000	0.0440	0.0000	0.0000	0.1430	0.0000	0.2120	0.0000	0.0000
384R	-0.3150	-0.0950	0.0000	3.0300	0.0000	0.0000	0.0100	0.0000	0.0000	1.5550	0.0000	0.0000	0.0000	0.1050	0.0000	0.0000	-0.6860	0.0000	-0.4960	0.0000	0.0000
384T	-0.3760	2.7220	0.0000	0.2860	0.0000	0.0000	-0.0040	0.0000	0.0000	2.8870	0.0000	0.0000	0.0000	0.0170	0.0000	0.0000	0.0650	0.0000	0.1760	0.0000	0.0000
384W	0.3460	-3.5180	0.0000	2.3630	0.0000	0.0000	-0.0200	0.0000	0.0000	-1.4220	0.0000	0.0000	0.0000	0.2020	0.0000	0.0000	-0.8920	0.0000	0.0970	0.0000	0.0000
384V	-0.4110	2.7450	0.0000	0.0790	0.0000	0.0000	-0.0050	0.0000	0.0000	2.7500	0.0000	0.0000	0.0000	0.0160	0.0000	0.0000	0.1170	0.0000	0.2060	0.0000	0.0000
384Y	0.2500	-1.7920	0.0000	3.3880	-0.0010	0.0000	-0.0100	-0.0030	-0.0010	0.9060	0.0000	0.0000	0.0000	0.0810	0.0010	0.0000	-0.4430	0.0140	-0.5740	-0.0080	0.0020
348Y	4.7480	-2.6610	0.0000	-0.3250	0.0000	0.0000	-0.0250	0.0000	0.0000	1.9230	0.0000	0.0000	0.0000	0.1780	0.0000	0.0000	-0.0530	0.0000	0.0600	0.0000	0.0000
348Q	0.8690	-2.8720	0.0000	1.8970	0.0000	0.0000	-0.0020	0.0000	0.0000	0.0730	0.0000	0.0000	0.0000	0.1650	0.0000	0.0000	-0.0670	0.0000	0.0810	0.0000	0.0000
348P	1.7930	-1.8660	0.0000	0.4480	0.0000	0.0000	-0.0100	0.0000	0.0000	0.7420	0.0000	0.0000	0.0000	0.1650	0.0000	0.0000	-0.1470	0.0000	0.3590	0.0000	0.0000
348S	0.4560	-1.3510	0.0000	2.3820	0.0000	0.0000	-0.0090	0.0000	0.0000	1.9590	0.0000	0.0000	0.0000	0.1620	0.0000	0.0000	0.1570	0.0000	0.1610	0.0000	0.0000
348R	2.1420	-2.0460	0.0000	2.8730	0.0000	0.0000	-0.0210	0.0000	0.0000	3.4260	0.0000	0.0000	0.0000	0.1350	0.0000	0.0000	0.2210	0.0000	0.1210	0.0000	0.0000
348T	1.4060	-2.4380	0.0000	0.8710	0.0000	0.0000	-0.0030	0.0000	0.0000	-0.0260	0.0000	0.0000	0.0000	0.1780	0.0000	0.0000	-0.1750	0.0000	0.1330	0.0000	0.0000
348W	1.9120	-3.3920	0.0000	1.3840	0.0000	0.0000	-0.0150	0.0000	0.0000	0.2650	0.0000	0.0000	0.0000	0.1680	0.0000	0.0000	-0.1130	0.0000	0.3210	0.0000	0.0000
348V	1.1000	-2.1670	0.0000	-0.1570	0.0000	0.0000	-0.0210	0.0000	0.0000	-0.9110	0.0000	0.0000	0.0000	0.1570	0.0000	0.0000	-0.1230	0.0000	0.2970	0.0000	0.0000
348I	1.9350	-4.4020	0.0000	0.9780	0.0000	0.0000	-0.0040	0.0000	0.0000	-1.6260	0.0000	0.0000	0.0000	0.0720	0.0000	0.0000	-0.2320	0.0000	0.0270	0.0000	0.0000
348H	1.8210	-2.1800	0.0000	2.8670	0.0000	0.0000	-0.0210	0.0000	0.0000	2.4010	0.0000	0.0000	0.0000	0.1330	0.0000	0.0000	-0.1620	0.0000	-0.0590	0.0000	0.0000
348K	1.1720	-0.4520	0.0000	2.5410	0.0040	0.0170	0.0030	0.0070	-0.0120	4.6230	0.0000	0.0000	0.0010	0.1710	0.0000	0.0040	0.5790	0.0610	0.5150	0.0230	-0.0130
348M	0.5590	-2.4030	0.0000	1.5610	-0.0480	0.0020	0.0110	-0.0010	-0.0380	-0.5350	0.0000	0.0000	0.0030	0.2420	0.0000	-0.0220	-0.3660	-0.3710	0.3120	0.0320	-0.0050
348L	1.4670	-2.4470	0.0000	0.1800	0.0000	0.0000	-0.0120	0.0000	0.0000	-0.4720	0.0000	0.0000	0.0000	0.1870	0.0000	0.0000	-0.1170	0.0000	0.2700	0.0000	0.0000
348N	0.2160	-1.7040	0.0000	1.9750	-0.0480	0.0010	-0.0060	0.0020	-0.0280	-0.4690	0.0000	0.0000	-0.0090	0.0920	0.0000	-0.0310	-0.1390	-0.3690	-0.4230	0.0090	-0.0030
348A	0.8710	-1.4630	0.0000	0.4410	0.0000	0.0000	0.0020	0.0000	0.0000	-0.0440	0.0000	0.0000	0.0000	0.0500	0.0000	0.0000	0.0740	0.0000	-0.0200	0.0000	0.0000
348C	0.8550	-2.9850	0.0000	1.1480	0.0000	0.0000	0.0000	0.0000	0.0000	-0.6420	0.0000	0.0000	0.0000	0.2090	0.0000	0.0000	-0.0780	0.0000	0.2090	0.0000	0.0000
348E	0.3240	-2.1390	0.0000	4.7760	-0.0460	0.0020	0.0160	0.0160	-0.0420	1.8180	0.0000	0.0000	-0.0050	0.1920	0.0000	-0.0300	-0.6900	-0.1740	-0.3870	0.0210	-0.0120
348D	0.6330	-1.4080	0.0000	1.1130	0.0000	0.0000	-0.0160	0.0000	0.0000	0.7540	0.0000	0.0000	0.0000	0.1810	0.0000	0.0000	-0.1480	0.0000	0.3970	0.0000	0.0000
348F	4.3770	-2.4440	0.0000	-0.9140	0.0000	0.0000	-0.0250	0.0000	0.0000	1.2110	0.0000	0.0000	0.0000	0.1800	0.0000	0.0000	-0.0090	0.0000	0.0430	0.0000	0.0000
417G	-1.2460	3.0340	0.0000	2.3840	0.0000	0.0000	0.0230	0.0000	0.0000	4.2720	0.0000	0.0000	0.0000	-0.0070	0.0000	0.0000	0.2110	0.0000	-0.1240	0.0000	0.0000
346W	4.8340	-6.2570	0.0000	1.7650	0.0000	0.0000	-0.0010	0.0000	0.0000	-0.0680	0.0000	0.0000	0.0000	0.1650	0.0000	0.0000	-1.3790	0.0000	0.8020	0.0000	0.0000
309C	-0.6520	0.7730	0.0000	-0.3730	0.0000	-0.0010	0.0070	0.0130	0.0020	-0.1130	0.0000	0.0000	0.0000	-0.0080	0.0070	0.0070	0.0210	0.0630	0.0420	-0.0080	-0.0080
309A	-1.1270	1.5520	0.0000	-0.8960	0.0380	-0.0010	0.1570	0.0000	0.0090	-0.0510	0.0000	0.0000	0.0000	0.2520	-0.0160	0.0310	0.5350	-0.3620	-0.0870	-0.1180	-0.0180
309F	-0.0580	-0.7820	0.0000	1.5180	0.0040	0.0000	0.0280	0.0100	0.0030	1.0570	0.0000	0.0000	0.0000	-0.0900	0.0010	-0.0010	0.1590	0.0680	0.1870	0.0080	-0.0010
309G	-0.7250	1.3940	0.0000	1.6350	0.0000	0.0000	0.0300	0.0000	0.0000	2.5730	0.0000	0.0000	0.0000	-0.1060	0.0000	0.0000	0.1150	0.0000	0.2300	0.0000	0.0000
309D	-0.6050	0.1890	0.0000	2.2160	0.0000	0.0000	0.0040	0.0000	0.0000	1.9150	0.0000	0.0000	0.0000	-0.0170	0.0000	0.0000	0.0220	0.0000	0.1050	0.0000	0.0000
309E	-0.6560	-0.5180	0.0000	3.1690	0.0000	0.0000	0.0260	0.0000	0.0000	1.8670	0.0000	0.0000	0.0000	-0.0730	0.0000	0.0000	-0.0990	0.0000	0.0180	0.0000	0.0000
309K	-0.0210	-1.0040	0.0000	4.2980	0.0000	0.0000	0.0280	0.0000	0.0000	3.8380	0.0000	0.0000	0.0000	0.0440	0.0000	0.0000	0.3280	0.0000	0.1650	0.0000	0.0000
309H	-0.3140	-0.8300	0.0000	2.3060	0.0000	0.0000	0.0290	0.0000	0.0000	1.5730	0.0000	0.0000	0.0000	-0.0660	0.0000	0.0000	0.1040	0.0000	0.3430	0.0000	0.0000
309I	-1.0110	1.3800	0.0000	0.4470	-0.0240	0.0010	0.1800	0.0240	-0.0200	0.3240	0.0000	0.0000	0.0000	0.2770	-0.0760	0.0000	0.0430	-0.6130	-0.2070	-0.0720	-0.0040
309N	-0.9100	0.9510	0.0000	2.1100	-0.0830	0.0040	0.0370	0.0120	0.0130	2.3060	0.0000	0.0000	0.0000	-0.1470	-0.0210	0.0380	0.1620	0.0910	0.0450	0.0180	-0.0120
309L	-0.8160	0.6250	0.0000	0.9340	-0.0270	0.0040	0.0460	0.0050	-0.0070	1.2250	0.0000	0.0000	0.0000	-0.1200	-0.0130	0.0200	0.1510	0.1320	0.2390	0.0640	-0.0120
309R	0.3990	-2.6080	0.0000	3.9970	0.0000	0.0000	0.0010	0.0000	0.0000	2.3480	0.0000	0.0000	0.0000	0.0900	0.0000	0.0000	0.4040	0.0000	0.0650	0.0000	0.0000
309S	-0.7310	1.2050	0.0000	1.8140	0.0000	0.0000	0.0100	0.0000	0.0000	2.5900	0.0000	0.0000	0.0000	-0.0250	0.0000	0.0000	0.1700	0.0000	0.1480	0.0000	0.0000
309P	-0.9330	0.8840	0.0000	-0.1160	0.0200	0.0000	0.0140	0.0210	-0.0100	-0.1550	0.0000	0.0000	0.0000	-0.0100	-0.0090	-0.0300	-0.0900	-0.0140	0.0800	0.0520	-0.0140
309Q	-0.4630	0.7580	0.0000	0.5990	0.0150	-0.0010	0.0240	0.0010	0.0110	1.0240	0.0000	0.0000	0.0000	-0.0050	-0.0070	0.0400	0.0200	0.0620	-0.0610	0.0200	0.0100
309V	-0.7130	1.1490	0.0000	-0.4070	-0.0010	0.0020	0.0150	0.0010	-0.0050	0.1070	0.0000	0.0000	0.0000	0.0170	0.0010	0.0320	-0.0460	-0.0150	0.0180	0.0460	0.0120
309W	1.2610	-1.7650	0.0000	2.2800	0.3010	-0.0020	0.0190	-0.0070	-0.0160	1.9110	0.0000	0.0000	0.0000	-0.0960	0.0010	0.0040	0.1420	-0.3680	0.1470	0.0090	-0.0020
309T	-0.6470	0.9400	0.0000	0.4740	0.0000	0.0000	-0.0020	0.0000	0.0000	0.9170	0.0000	0.0000	0.0000	0.0130	0.0000	0.0000	0.0330	0.0000	0.1050	0.0000	0.0000
417M	-0.7760	-0.2170	0.0000	2.3690	0.0000	0.0000	0.0210	0.0000	0.0000	1.5120	0.0000	0.0000	0.0000	-0.0580	0.0000	0.0000	0.2320	0.0000	-0.0560	0.0000	0.0000
346N	1.4270	-2.2390	0.0000	5.1140	-0.0290	0.0030	-0.0060	-0.0200	-0.0070	0.8400	0.0000	0.0000	-0.0140	-0.0230	0.0000	0.1170	-4.1030	0.1870	-0.0950	0.5310	-0.0010
346M	2.8310	-4.1800	0.0000	0.4560	0.0000	0.0000	0.0010	0.0000	0.0000	-1.1110	0.0000	0.0000	0.0000	-0.0040	0.0000	0.0000	0.0260	0.0000	-0.2400	0.0000	0.0000
309Y	-0.5020	-0.5730	0.0000	2.0970	-0.0310	0.0010	0.1970	0.0190	-0.0170	0.6900	0.0000	0.0000	0.0000	0.1730	-0.0750	-0.0140	0.2320	-0.5880	-0.1130	-0.1130	-0.0010
346K	4.3370	-4.8580	0.0000	5.8230	0.0000	0.0000	0.0130	0.0000	0.0000	4.1700	0.0000	0.0000	0.0000	0.1990	0.0000	0.0000	-1.5840	0.0000	0.2380	0.0000	0.0000
346I	1.0300	-3.0320	0.0000	-1.4100	0.0010	-0.0020	-0.0110	0.0400	-0.0040	-3.5950	0.0000	0.0000	-0.0110	0.1020	0.0000	0.0050	-0.0830	-0.1090	-0.1130	0.0040	0.0000
346H	1.6350	-3.9550	0.0000	3.0010	0.0000	0.0000	0.0020	0.0000	0.0000	-1.3370	0.0000	0.0000	0.0000	-1.3140	0.0000	0.0000	-1.5380	0.0000	0.8330	0.0000	0.0000
346L	3.2360	-4.4210	0.0000	-0.4810	0.0000	0.0000	0.0070	0.0000	0.0000	-2.0870	0.0000	0.0000	0.0000	0.0720	0.0000	0.0000	-0.1870	0.0000	-0.3110	0.0000	0.0000
417K	-0.6350	0.5700	0.0000	2.6010	0.0000	0.0000	0.0030	0.0000	0.0000	3.3000	0.0000	0.0000	0.0000	0.1100	0.0000	0.0000	0.6260	0.0000	0.0260	0.0000	0.0000
302Y	4.0000	-9.4010	0.0000	4.3860	0.0000	0.0000	-0.0340	0.0000	0.0000	-1.6200	0.0000	0.0000	0.0000	0.2560	0.0000	0.0000	-0.1330	0.0000	-0.6910	0.0000	0.0000
302W	2.9370	-10.0380	0.0000	4.5280	-0.0510	-0.0060	-0.0230	0.0020	-0.0040	-4.3660	0.0000	0.0000	0.0000	0.1170	-0.0030	-0.0160	0.0010	-0.6910	-0.9730	-0.1340	-0.0140
302V	0.1910	-2.6500	0.0000	0.7650	-0.0650	-0.0100	0.0030	-0.0180	0.0090	-3.1810	0.0000	0.0000	0.0000	0.0170	-0.0040	-0.0260	-0.2400	-0.5640	-0.3130	-0.2730	-0.0050
302T	-0.0130	-2.0040	0.0000	3.2020	-0.0650	-0.0100	0.0100	-0.0180	0.0090	-0.4280	0.0000	0.0000	0.0000	0.0210	-0.0040	-0.0260	-0.3480	-0.5640	-0.3420	-0.2730	-0.0050
302S	0.2460	-0.6420	0.0000	2.5640	0.0000	0.0000	-0.0250	0.0000	0.0000	1.0960	0.0000	0.0000	0.0000	0.0180	0.0000	0.0000	-0.5010	0.0000	-0.5660	0.0000	0.0000
302R	-0.1190	-4.2810	0.0000	3.8460	0.0000	0.0000	-0.0320	0.0000	0.0000	-1.1390	0.0000	0.0000	0.0000	0.2370	0.0000	0.0000	-0.2830	0.0000	-0.5080	0.0000	0.0000
302Q	0.0230	-2.9820	0.0000	3.7590	0.0050	-0.0020	-0.0020	0.0020	0.0020	0.6410	0.0000	0.0000	0.0000	0.0700	0.0000	-0.0070	0.1380	0.0600	-0.3660	-0.0520	-0.0080
302P	0.5510	-3.1900	0.0000	1.6180	-0.0650	-0.0100	0.0080	-0.0180	0.0090	-2.3720	0.0000	0.0000	0.0000	0.0550	-0.0040	-0.0260	-0.4160	-0.5640	-0.0420	-0.2730	-0.0050
302N	0.3130	-5.2880	0.0000	7.0110	0.0000	0.0000	-0.0160	0.0000	0.0000	0.8030	0.0000	0.0000	0.0000	-0.7400	0.0000	0.0000	-0.4280	0.0000	-0.0490	0.0000	0.0000
302M	-0.3810	-1.5340	0.0000	2.5860	-0.0650	-0.0100	-0.0140	-0.0180	0.0090	-0.8030	0.0000	0.0000	0.0000	0.2080	-0.0040	-0.0260	-0.6470	-0.5640	-0.0660	-0.2730	-0.0050
302L	0.2620	-3.5610	0.0000	0.8820	-0.0650	-0.0100	0.0150	-0.0180	0.0090	-4.7110	0.0000	0.0000	0.0000	0.1590	-0.0040	-0.0260	-0.5560	-0.5640	-0.9580	-0.2730	-0.0050
302K	0.3070	-3.1040	0.0000	2.3140	0.3210	0.0040	-0.0490	0.2210	0.0090	-0.1880	0.0000	0.0000	0.0000	0.0120	0.3050	0.2260	0.2890	-0.5810	-0.8510	0.6650	-0.2730
302I	1.6170	-4.7830	0.0000	-0.3430	-0.0050	0.0030	0.0050	0.0050	0.0040	-3.4860	0.0000	0.0000	0.0000	-0.0150	0.0040	0.0070	0.2670	0.0610	-0.2610	-0.0470	-0.0030
302H	2.1090	-7.6370	0.0000	7.9760	0.0000	0.0000	-0.0070	0.0000	0.0000	2.5400	0.0000	0.0000	0.0000	0.1820	0.0000	0.0000	-0.1200	0.0000	0.0370	0.0000	0.0000
302G	0.0460	0.6470	0.0000	0.7760	0.0000	0.0000	-0.0070	0.0000	0.0000	1.3480	0.0000	0.0000	0.0000	0.0040	0.0000	0.0000	-0.0740	0.0000	-0.0420	0.0000	0.0000
302F	0.3520	-4.6900	0.0000	1.1330	-0.0660	0.0070	-0.0170	0.0030	0.0070	-3.7090	0.0000	0.0000	0.0000	0.1180	0.0070	0.0060	-0.1840	0.0700	-0.4330	-0.0120	-0.0080
302E	-0.1710	-1.4100	0.0000	2.6020	0.0000	0.0000	-0.0120	0.0000	0.0000	0.5850	0.0000	0.0000	0.0000	0.1550	0.0000	0.0000	-0.3920	0.0000	-0.1850	0.0000	0.0000
302D	0.0240	-1.4050	0.0000	2.2150	0.0480	0.0060	0.0070	0.0010	0.0260	1.6200	0.0000	0.0000	0.0000	0.0470	0.0060	0.0420	0.1390	0.5370	-0.2020	0.1370	-0.0060
302C	-0.1540	-3.5030	0.0000	2.8130	-0.0570	-0.0070	-0.0010	-0.0130	-0.2120	-1.6020	0.0000	0.0000	0.0000	0.0330	0.2930	-0.0090	0.4490	-0.8840	-0.3900	0.0550	-0.0140
417T	-1.1160	1.4840	0.0000	2.8970	0.0000	0.0000	0.0200	0.0000	0.0000	3.2350	0.0000	0.0000	0.0000	0.0150	0.0000	0.0000	0.2720	0.0000	-0.3370	0.0000	0.0000
417V	-0.4110	1.3960	0.0000	1.7730	0.0000	0.0000	0.0190	0.0000	0.0000	2.9820	0.0000	0.0000	0.0000	-0.0600	0.0000	0.0000	0.2430	0.0000	0.0250	0.0000	0.0000
417P	-1.0470	1.6060	0.0000	2.7430	0.0000	0.0000	0.0260	0.0000	0.0000	3.4910	0.0000	0.0000	0.0000	-0.0090	0.0000	0.0000	0.3040	0.0000	-0.1310	0.0000	0.0000
417Q	-1.0830	0.6120	0.0000	3.8720	0.0000	0.0000	0.0180	0.0000	0.0000	3.1290	0.0000	0.0000	0.0000	-0.0500	0.0000	0.0000	0.1730	0.0000	-0.4110	0.0000	0.0000
417R	0.0070	-0.6840	0.0000	3.6730	0.0000	0.0000	0.0030	0.0000	0.0000	3.8400	0.0000	0.0000	0.0000	0.1170	0.0000	0.0000	0.8860	0.0000	-0.1620	0.0000	0.0000
346V	0.3170	-1.8660	0.0000	-1.2490	0.0100	-0.0070	-0.0070	-0.0030	-0.0050	-2.8720	0.0000	0.0000	0.0030	0.0890	0.0000	0.0090	-0.1560	0.0540	-0.1030	0.0420	-0.0010
417Y	-0.7280	-0.4170	0.0000	2.1400	-0.0010	0.0020	0.0280	-0.0010	0.0010	1.0850	0.0000	0.0000	0.0020	-0.0450	0.0000	0.0030	0.2420	0.0570	-0.1670	-0.0210	-0.0080
417D	-1.0200	1.3250	0.0000	4.2540	0.0000	0.0000	0.0230	0.0000	0.0000	3.9750	0.0000	0.0000	0.0000	-0.0180	0.0000	0.0000	-0.1110	0.0000	-0.4770	0.0000	0.0000
417E	-0.8950	0.5780	0.0000	4.9300	0.0000	0.0000	0.0220	0.0000	0.0000	4.0810	0.0000	0.0000	0.0000	-0.0560	0.0000	0.0000	-0.0770	0.0000	-0.4190	0.0000	0.0000
417F	-0.6630	-0.4110	0.0000	1.9890	-0.0020	-0.0030	0.0350	-0.0010	-0.0050	1.0680	0.0000	0.0000	-0.0080	-0.0400	0.0000	0.0070	0.2510	0.0820	-0.1220	-0.0450	0.0040
346T	0.4240	-1.1790	0.0000	-0.4650	0.0000	0.0000	-0.0160	0.0000	0.0000	-1.4960	0.0000	0.0000	0.0000	0.0930	0.0000	0.0000	-0.1140	0.0000	-0.2410	0.0000	0.0000
417A	-1.1600	2.3670	0.0000	2.1610	0.0000	0.0000	0.0170	0.0000	0.0000	3.4520	0.0000	0.0000	0.0000	0.0150	0.0000	0.0000	0.2040	0.0000	-0.1510	0.0000	0.0000
417C	-1.0930	2.4860	0.0000	2.2390	0.0000	0.0000	0.0190	0.0000	0.0000	3.9550	0.0000	0.0000	0.0000	-0.0430	0.0000	0.0000	0.1970	0.0000	0.1510	0.0000	0.0000
417L	-1.2720	1.3370	0.0000	2.6750	-0.0310	0.0020	0.0070	-0.0040	0.0050	2.0530	0.0000	0.0000	0.0000	0.0310	0.0000	-0.0670	-0.2100	-0.3140	-0.1700	0.0590	0.0040
346S	0.0740	-0.9400	0.0000	0.6320	0.0000	0.0000	-0.0250	0.0000	0.0000	-0.7040	0.0000	0.0000	0.0000	0.0850	0.0000	0.0000	-0.3220	0.0000	-0.2090	0.0000	0.0000
417N	-1.1650	1.4720	0.0000	3.2280	0.0000	0.0000	0.0170	0.0000	0.0000	3.3000	0.0000	0.0000	0.0000	0.0210	0.0000	0.0000	0.0290	0.0000	-0.3000	0.0000	0.0000
417H	-0.8260	0.7260	0.0000	3.1960	0.0000	0.0000	0.0180	0.0000	0.0000	2.9850	0.0000	0.0000	0.0000	-0.0330	0.0000	0.0000	0.1860	0.0000	-0.2780	0.0000	0.0000
417I	-0.5780	-0.3070	0.0000	2.2590	0.0000	0.0000	0.0220	0.0000	0.0000	1.4710	0.0000	0.0000	0.0000	0.0520	0.0000	0.0000	0.2680	0.0000	-0.2440	0.0000	0.0000
346R	3.8290	-7.8860	0.0000	7.0300	0.0000	0.0000	0.0060	0.0000	0.0000	1.7360	0.0000	0.0000	0.0000	0.1130	0.0000	0.0000	-1.1310	0.0000	-0.2240	0.0000	0.0000
346Q	2.4870	-4.0540	0.0000	2.8080	0.0000	0.0000	-0.0190	0.0000	0.0000	-0.6300	0.0000	0.0000	0.0000	0.0180	0.0000	0.0000	-0.6210	0.0000	-1.2480	0.0000	0.0000
346P	-0.0090	-1.9440	0.0000	0.9410	-0.0160	-0.0010	-0.2480	0.0050	-0.0130	-1.4740	0.0000	0.0000	0.0060	-0.0260	0.0000	-0.0680	-0.8020	0.4690	0.0240	0.2120	-0.0060
346Y	2.6540	-6.2020	0.0000	2.3520	0.0000	0.0000	0.0700	0.0000	0.0000	-2.9380	0.0000	0.0000	0.0000	-1.6330	0.0000	0.0000	-0.5800	0.0000	0.4020	0.0000	0.0000
417S	-1.5480	2.7620	0.0000	3.8540	-0.0330	0.0010	-0.0050	0.0010	0.0080	4.0680	0.0000	0.0000	-0.0020	0.0750	0.0000	-0.0630	-0.1440	-0.4780	-0.3970	0.0370	0.0010
346F	2.0690	-5.8630	0.0000	0.6760	0.0000	0.0000	0.0820	0.0000	0.0000	-3.0260	0.0000	0.0000	0.0000	-0.1220	0.0000	0.0000	-0.1700	0.0000	0.3020	0.0000	0.0000
346E	1.1830	-3.4600	0.0000	3.5330	-0.0050	-0.0050	0.0370	-0.1070	0.0340	-0.7030	0.0000	0.0000	0.0210	0.0000	0.0000	-0.0010	-1.1350	-0.1250	-0.6050	-0.1060	0.0380
346D	0.2880	-0.7100	0.0000	1.6490	0.0000	0.0000	0.0050	0.0000	0.0000	-0.6030	0.0000	0.0000	0.0000	0.0040	0.0000	0.0000	-1.2080	0.0000	-0.6310	0.0000	0.0000
346C	-0.2650	-1.6060	0.0000	-0.2680	0.0150	0.0030	0.0120	0.0170	0.0120	-2.1050	0.0000	0.0000	-0.0170	0.0400	0.0000	-0.0430	-0.1730	0.1540	-0.1100	0.1230	0.0010
401Y	0.1260	-5.5010	0.0000	5.6330	-0.0760	0.0000	-0.0520	0.0160	-0.0100	-1.4970	0.0000	0.0000	-0.0070	0.3640	0.0000	0.0700	-0.9250	-0.5750	-0.4640	-0.1030	0.0090
346A	0.5820	-0.6920	0.0000	-1.4560	0.0000	0.0000	-0.0080	0.0000	0.0000	-1.2620	0.0000	0.0000	0.0000	0.0950	0.0000	0.0000	0.1080	0.0000	0.1080	0.0000	0.0000
401S	-0.4430	0.1310	0.0000	2.0490	-0.0200	0.0010	-0.0220	-0.0070	0.0000	1.8240	0.0000	0.0000	-0.0150	0.4670	0.0000	-0.0420	-0.2510	0.0680	-0.0810	-0.0070	0.0010
401R	-0.2030	-0.1590	0.0000	1.0480	-0.0080	-0.0010	-0.0220	0.0290	0.0020	0.8040	0.0000	0.0000	-0.0020	0.3860	0.0000	0.0150	-0.2140	-0.0450	-0.0340	0.0090	0.0020
401Q	-1.2620	1.0420	0.0000	1.8360	-0.0770	0.0010	-0.0120	0.0150	-0.0090	0.9970	0.0000	0.0000	-0.0030	0.1650	0.0000	0.0170	-0.1860	-0.4450	-0.0190	-0.0760	0.0110
401P	-0.5740	-1.4280	0.0000	2.3880	-0.0080	-0.0010	-0.0030	0.0290	0.0020	0.6280	0.0000	0.0000	-0.0020	0.1190	0.0000	0.0150	0.2450	-0.0450	-0.1240	0.0090	0.0020
401W	1.5790	-6.6310	0.0000	2.7870	-0.0810	-0.0010	-0.0350	0.0280	-0.0100	-3.1370	0.0000	0.0000	-0.0120	0.4940	0.0000	0.0080	-0.3340	-0.4440	-0.3740	-0.1200	0.0080
401T	0.2450	-1.1660	0.0000	0.9070	-0.0050	-0.0020	-0.0170	0.0290	-0.0010	-0.0230	0.0000	0.0000	0.0140	0.3560	0.0000	-0.0020	-0.1530	-0.0430	-0.2080	0.0160	0.0030
401K	-0.4130	-0.5090	0.0000	2.7500	-0.0890	0.0000	-0.0150	-0.0080	-0.0150	0.7920	0.0000	0.0000	-0.0180	0.3720	0.0000	0.1550	-0.6360	-0.5110	-0.1150	-0.1630	0.0090
401I	-0.0290	-1.3140	0.0000	0.3670	-0.0080	-0.0010	0.0030	0.0290	0.0020	-0.8060	0.0000	0.0000	-0.0020	0.0900	0.0000	0.0150	0.1200	-0.0450	-0.0460	0.0090	0.0020
401H	0.0190	-3.4410	0.0000	3.0260	-0.0360	-0.0010	-0.0430	0.0350	0.0070	-0.3670	0.0000	0.0000	0.0120	0.4110	0.0000	0.0340	-0.2950	0.1250	-0.2330	0.0030	0.0120
401N	-1.3630	1.2870	0.0000	1.7100	-0.0840	-0.0010	0.0020	0.0300	-0.0080	0.8680	0.0000	0.0000	-0.0060	0.1630	0.0000	0.0080	-0.2230	-0.4770	-0.0430	-0.1370	0.0090
401M	0.6040	-3.6340	0.0000	0.6410	-0.0150	0.0000	-0.0270	0.0100	0.0010	-2.3900	0.0000	0.0000	-0.0010	0.4250	0.0000	-0.0260	-0.1770	0.1050	-0.3230	0.0280	0.0040
401L	-0.6190	-1.3680	0.0000	1.2970	-0.0810	-0.0010	-0.0040	0.0280	-0.0100	-1.4690	0.0000	0.0000	-0.0120	0.1750	0.0000	0.0080	-0.1670	-0.4440	-0.1570	-0.1200	0.0080
401C	-0.7280	-0.9530	0.0000	3.1630	-0.0740	0.0000	0.0040	-0.0050	-0.0130	0.2640	0.0000	0.0000	-0.0090	-0.0620	0.0000	0.0570	-0.3710	-0.5050	-0.1130	-0.1300	0.0040
401A	-0.7690	-0.3630	0.0000	3.0800	-0.0760	-0.0010	-0.0200	0.0220	-0.0150	1.2930	0.0000	0.0000	0.0020	0.4560	0.0000	0.0710	-0.5470	-0.2210	-0.2080	-0.1280	0.0110
401G	-0.5620	-0.0200	0.0000	2.6950	-0.0760	0.0000	-0.0210	0.0160	-0.0100	1.5130	0.0000	0.0000	-0.0070	0.3410	0.0000	0.0700	-0.5120	-0.5750	0.2720	-0.1030	0.0090
401F	0.0080	-4.6040	0.0000	2.7210	-0.0840	-0.0010	-0.0380	0.0300	-0.0080	-3.0290	0.0000	0.0000	-0.0060	0.4290	0.0000	0.0080	-0.6650	-0.4770	-0.2160	-0.1370	0.0090
401E	0.2970	-0.6040	0.0000	2.8220	-0.0840	-0.0010	-0.0190	0.0300	-0.0080	1.5520	0.0000	0.0000	-0.0060	0.3160	0.0000	0.0080	-0.6020	-0.4770	0.0060	-0.1370	0.0090
401D	-0.6200	-0.4010	0.0000	3.1250	-0.0810	-0.0010	-0.0370	0.0280	-0.0100	0.8400	0.0000	0.0000	-0.0120	0.3810	0.0000	0.0080	-0.6840	-0.4440	-0.2970	-0.1200	0.0080
305N	-0.7450	1.5110	0.0000	2.0010	-0.0260	-0.0010	0.0090	0.0110	-0.0040	1.9000	0.0000	0.0000	0.0000	-0.0100	0.0090	0.0010	-0.3090	-0.3770	-0.1440	-0.0270	0.0010
305L	-0.4220	0.7660	0.0000	0.1530	0.0000	0.0000	0.0290	0.0000	0.0000	0.6980	0.0000	0.0000	0.0000	-0.0750	0.0000	0.0000	0.0490	0.0000	0.1960	0.0000	0.0000
305M	-0.0290	-1.4490	0.0000	0.2740	0.0000	0.0000	0.0040	0.0000	0.0000	-1.3180	0.0000	0.0000	0.0000	0.0060	0.0000	0.0000	-0.1770	0.0000	0.0540	0.0000	0.0000
305K	0.2790	-1.1420	0.0000	1.2500	0.0000	0.0000	-0.0250	0.0000	0.0000	0.0730	0.0000	0.0000	0.0000	0.0720	0.0000	0.0000	-0.1070	0.0000	-0.2550	0.0000	0.0000
305H	-0.0810	1.3900	0.0000	1.4330	0.0000	0.0000	0.0070	0.0000	0.0000	2.6130	0.0000	0.0000	0.0000	-0.0230	0.0000	0.0000	-0.1350	0.0000	0.0240	0.0000	0.0000
305I	-0.1000	-0.6520	0.0000	-0.6630	0.0090	-0.0010	0.0320	0.0260	-0.0040	-0.9910	0.0000	0.0000	0.0000	0.0960	0.0000	0.0010	-0.1450	0.1230	0.2400	0.0480	-0.0010
305G	-0.7750	3.5540	0.0000	0.7880	-0.0620	0.0010	-0.0030	0.0100	0.0130	2.5670	0.0000	0.0000	0.0000	-0.0190	-0.0050	0.0000	-0.3450	-0.5110	-0.0660	-0.0190	0.0060
305D	0.8520	0.6220	0.0000	0.2460	0.0550	0.0000	-0.0990	-0.0100	-0.0140	2.0390	0.0000	0.0000	0.0000	-0.2830	-0.0120	-0.0170	-0.3260	0.9230	0.1280	-0.0320	0.0050
305E	0.1640	0.0440	0.0000	2.1440	0.0450	0.0000	0.0340	0.0000	0.0020	3.2220	0.0000	0.0000	0.0000	-0.1010	0.0080	0.0430	0.0940	0.4300	0.2920	0.0310	-0.0030
305C	-0.1430	1.5310	0.0000	0.0090	-0.0210	0.0000	0.0170	-0.0020	-0.0050	1.3890	0.0000	0.0000	0.0000	-0.0240	0.0080	0.0240	0.0820	-0.1490	0.0330	0.0190	0.0050
305A	-0.6780	1.9280	0.0000	-0.0570	-0.0670	0.0000	0.1650	0.0170	0.0250	0.6270	0.0000	0.0000	0.0000	0.2560	0.0130	0.0630	0.0340	-0.7730	-0.2190	-0.0820	0.0020
305Y	0.2540	-0.8580	0.0000	-0.3130	0.0060	0.0010	-0.0230	0.0140	-0.0060	-1.0330	0.0000	0.0000	0.0000	0.0690	-0.0030	0.0000	-0.1120	0.0540	-0.1050	-0.0120	0.0010
305V	-0.1990	-0.0730	0.0000	0.1290	-0.0390	0.0000	0.0170	0.0040	0.0040	-1.0370	0.0000	0.0000	0.0000	-0.0780	-0.0020	-0.0200	-0.1860	-0.4150	-0.1340	-0.0520	0.0050
305W	1.6180	-3.3340	0.0000	0.4090	0.0000	0.0000	0.0250	0.0000	0.0000	-1.2030	0.0000	0.0000	0.0000	-0.0820	0.0000	0.0000	0.0830	0.0000	0.0780	0.0000	0.0000
305T	1.0380	0.3240	0.0000	-0.5150	0.0000	0.0010	-0.0210	-0.0090	-0.0040	0.5310	0.0000	0.0000	0.0000	0.0570	0.0060	0.0040	-0.1730	0.0120	-0.2160	0.0340	-0.0080
305R	0.9100	-3.9630	0.0000	5.2220	-0.0320	0.0010	0.3700	0.0080	0.0060	1.3600	0.0000	0.0000	0.0000	0.4170	0.0030	0.0790	0.5390	-1.2480	-0.8650	-0.1000	0.0100
305S	-0.4760	2.2930	0.0000	1.5040	-0.0740	-0.0020	-0.0050	0.0090	0.0340	2.1430	0.0000	0.0000	0.0000	-0.0040	0.0050	0.0180	-0.4430	-0.4970	-0.2120	-0.0100	0.0050
305P	-0.3480	1.6490	0.0000	0.9480	-0.0720	0.0020	-0.0010	0.0180	0.0050	0.9920	0.0000	0.0000	0.0000	0.0010	-0.0100	0.0130	-0.4800	-0.5270	-0.1550	-0.0630	0.0120
305Q	-0.7840	-0.4280	0.0000	4.1510	-0.0670	0.0000	0.0270	0.0250	0.0170	1.4930	0.0000	0.0000	0.0000	-0.0750	-0.0020	0.0170	-0.7820	-0.4500	-0.0810	-0.0800	0.0060
306C	-0.9480	1.4190	0.0000	-1.3070	0.0000	0.0000	0.0110	0.0000	0.0000	-0.7580	0.0000	0.0000	0.0000	0.0210	0.0000	0.0000	0.0120	0.0000	0.0350	0.0000	0.0000
306A	-1.6630	2.4720	0.0000	0.3480	-0.0750	-0.0010	0.0110	-0.0040	0.0090	0.5220	0.0000	0.0000	0.0000	-0.0520	-0.0010	-0.0050	-0.1970	-0.2680	0.1020	-0.1390	-0.0130
306G	-1.1110	2.7600	0.0000	-0.7910	0.0000	0.0000	-0.0030	0.0000	0.0000	0.9910	0.0000	0.0000	0.0000	0.0180	0.0000	0.0000	0.0590	0.0000	0.0600	0.0000	0.0000
306F	-0.5230	0.5900	0.0000	0.6980	-0.0390	0.0020	-0.0070	-0.0110	0.0220	-0.0990	0.0000	0.0000	0.0000	-0.0030	-0.0110	-0.0230	-0.4010	-0.3360	0.0730	-0.1190	-0.0100
306E	-0.8730	-0.3890	0.0000	3.4590	0.0000	0.0000	0.0280	0.0000	0.0000	1.8660	0.0000	0.0000	0.0000	-0.0320	0.0000	0.0000	-0.0620	0.0000	-0.2660	0.0000	0.0000
306D	-0.5510	1.2110	0.0000	2.0290	-0.0410	0.0030	0.0080	-0.0110	0.0110	1.4220	0.0000	0.0000	0.0000	-0.0520	-0.0020	-0.0250	-0.8180	-0.3390	0.1210	-0.1140	-0.0060
306K	0.1090	-0.7850	0.0000	3.8710	0.1820	0.0070	0.0280	0.0840	0.0510	2.7300	0.0000	0.0000	0.0000	-0.0370	0.0370	-0.0020	0.7600	-0.6080	-0.6650	-0.3210	0.0190
306I	-0.3090	1.0760	0.0000	-0.6580	-0.1750	0.0040	-0.1680	-0.0140	0.0030	-0.2790	0.0000	0.0000	0.0000	-0.1780	-0.0130	-0.0400	-0.4270	0.5800	0.0680	-0.0340	0.0060
306H	0.0430	-0.2350	0.0000	2.1340	-0.0230	-0.0230	-0.0120	-0.0200	0.0050	0.5310	0.0000	0.0000	0.0000	0.0500	-0.0020	-0.0410	-0.7130	-0.3550	-0.1960	-0.0770	-0.0060
306N	-0.9920	0.6520	0.0000	2.8560	-0.0410	0.0030	0.0170	-0.0110	0.0110	1.5820	0.0000	0.0000	0.0000	-0.0740	-0.0020	-0.0250	-0.3680	-0.3390	0.0160	-0.1140	-0.0060
306M	-0.1500	-0.0840	0.0000	-1.2660	0.0000	0.0000	-0.0010	0.0000	0.0000	-1.3950	0.0000	0.0000	0.0000	0.0170	0.0000	0.0000	0.0760	0.0000	0.0140	0.0000	0.0000
306L	-0.2880	-0.6890	0.0000	2.8820	-0.0410	0.0030	0.0180	-0.0110	0.0110	1.2880	0.0000	0.0000	0.0000	-0.0190	-0.0020	-0.0250	-0.1520	-0.3390	0.0620	-0.1140	-0.0060
306S	-1.2220	1.6510	0.0000	-0.1220	-0.2150	0.0010	-0.1710	-0.0310	0.0160	0.0510	0.0000	0.0000	0.0000	-0.1790	-0.0220	-0.0500	-0.3630	0.7010	0.1120	-0.0550	0.0010
306R	-0.5990	-0.7520	0.0000	1.5040	0.0200	0.0030	0.0140	-0.0230	-0.0140	-0.5170	0.0000	0.0000	0.0000	0.5680	-0.0480	-0.0140	0.4370	-0.9320	-0.5810	-0.0910	-0.0090
306Q	-0.9590	-0.7760	0.0000	3.0550	-0.2760	0.0060	-0.1460	-0.0440	0.0140	0.7660	0.0000	0.0000	0.0000	-0.2160	-0.0300	-0.1220	-0.1760	0.7340	-0.2480	-0.0570	0.0070
306P	-0.7180	0.1100	0.0000	-0.8680	0.0000	0.0000	0.0230	0.0000	0.0000	-1.4450	0.0000	0.0000	0.0000	-0.0310	0.0000	0.0000	-0.0250	0.0000	0.0650	0.0000	0.0000
306W	0.5800	-3.7690	0.0000	5.1670	-0.3180	0.0100	-0.3690	-0.1330	0.2040	-0.4100	0.0000	0.0000	0.0000	-0.3730	0.0170	-0.1890	0.0040	2.0790	0.3380	-3.5910	-0.0630
306V	-1.1200	1.6740	0.0000	-0.4780	-0.0330	0.0010	-0.0280	-0.0110	0.0120	-0.8630	0.0000	0.0000	0.0000	0.0560	-0.0010	-0.0430	-0.4040	-0.4150	-0.0790	0.0060	0.0000
306T	-0.6500	1.4790	0.0000	-0.5530	0.0370	-0.0000	-0.0070	-0.0110	0.0050	0.3680	0.0000	0.0000	0.0000	0.0160	-0.0090	-0.0170	0.0190	-0.1120	0.1520	0.0250	-0.0070
