384A   9.90  13.84   3.95  10.48   3.37
384C   9.25  12.01   2.76   9.68   2.33
384E   8.74  12.20   3.46   9.38   2.82
384D   8.67  11.62   2.96   9.28   2.35
384G  14.29  18.39   4.11  14.83   3.56
384I   9.61  11.55   1.94   9.12   2.43
384H   4.60   6.63   2.04   4.92   1.71
384K   8.72  12.17   3.46   9.02   3.15
384M   5.25   4.85  -0.40   5.25  -0.40
384L   4.27   4.81   0.54   3.66   1.15
384N   6.55   9.22   2.67   7.01   2.21
384Q   7.06  10.22   3.16   7.57   2.64
384P  23.96  28.04   4.08  24.52   3.53
384S  11.06  14.50   3.44  11.56   2.94
384R   7.02   8.58   1.55   6.78   1.80
384T   8.14  11.03   2.89   8.44   2.59
384W  -1.06  -2.49  -1.42  -0.75  -1.74
384V   6.56   9.30   2.75   7.02   2.28
384Y   0.03   0.94   0.91   0.22   0.72
348Y  12.15  14.07   1.92 -10.15  24.22
348Q   3.25   3.32   0.07  -5.94   9.26
348P   5.71   6.45   0.74  11.73  -5.28
348S   0.37   2.33   1.96  -2.15   4.48
348R   2.49   5.91   3.43  -5.76  11.68
348T   4.54   4.52  -0.03  -4.24   8.75
348W   3.85   4.12   0.27 -12.81  16.93
348V  -2.34  -3.25  -0.91  -8.22   4.98
348I   1.77   0.14  -1.63  -9.11   9.25
348H   4.11   6.51   2.40  -5.84  12.35
348K   8.53  13.16   4.62  -3.25  16.41
348M  -3.46  -4.00  -0.54  -9.17   5.17
348L  -4.96  -5.43  -0.47  -7.56   2.13
348N   1.18   0.71  -0.47  -2.40   3.11
348A  -2.64  -2.68  -0.04  -4.69   2.00
348C  -1.47  -2.11  -0.64  -4.94   2.82
348E   4.49   6.31   1.82  -3.49   9.80
348D   5.62   6.37   0.75   1.50   4.87
348F  11.29  12.50   1.21  -9.91  22.41
417G  16.11  20.38   4.27  16.95   3.43
346W   7.12   7.06  -0.07  -7.93  14.99
309C   6.90   6.78  -0.11   6.50   0.29
309A   5.86   5.81  -0.05   6.37  -0.56
309F  -2.38  -1.32   1.06  -2.79   1.47
309G  11.49  14.06   2.57  12.16   1.90
309D   9.15  11.06   1.92   8.79   2.27
309E   6.88   8.75   1.87   6.17   2.58
309K   7.41  11.25   3.84   5.88   5.37
309H   3.68   5.25   1.57   3.20   2.05
309I   3.02   3.34   0.32   3.18   0.17
309N   5.46   7.77   2.31   6.02   1.75
309L  -2.46  -1.24   1.23  -1.90   0.67
309R   6.08   8.43   2.35   3.77   4.65
309S   8.12  10.71   2.59   8.74   1.97
309P  25.61  25.46  -0.15  26.94  -1.48
309Q   5.96   6.98   1.02   4.39   2.60
309V   3.63   3.74   0.11   4.53  -0.80
309W   6.56   8.48   1.91  -5.87  14.34
309T   6.27   7.19   0.92   6.55   0.63
417M   8.81  10.32   1.51  10.33  -0.01
346N   5.65   6.49   0.84   1.83   4.66
346M -11.59 -12.71  -1.11  -9.81  -2.89
309Y   1.92   2.61   0.69  -0.21   2.82
346K   2.82   6.99   4.17  -3.45  10.44
346I  -5.36  -8.96  -3.60  -3.45  -5.50
346H  -0.18  -1.52  -1.34   3.24  -4.76
346L  -3.81  -5.90  -2.09  -9.78   3.88
417K  12.36  15.65   3.30  13.70   1.96
302Y   8.78   7.16  -1.62   2.94   4.22
302W  12.19   7.82  -4.37   0.32   7.50
302V   5.18   1.99  -3.18   7.06  -5.07
302T   8.67   8.24  -0.43   9.22  -0.98
302S  11.30  12.40   1.10  10.77   1.63
302R  21.63  20.49  -1.14   8.58  11.91
302Q   8.90   9.54   0.64   8.29   1.25
302P  13.67  11.30  -2.37  12.27  -0.97
302N   9.32  10.12   0.80   9.51   0.61
302M   7.83   7.03  -0.80   8.96  -1.93
302L  -2.16  -6.87  -4.71  -2.25  -4.62
302K  16.64  16.45  -0.19  10.99   5.47
302I   8.08   4.59  -3.49   6.45  -1.86
302H  10.86  13.40   2.54   7.63   5.77
302G   9.65  11.00   1.35   9.86   1.14
302F   9.40   5.69  -3.71   3.24   2.45
302E  12.74  13.32   0.59   9.98   3.34
302D  14.75  16.37   1.62  10.23   6.14
302C  10.23   8.62  -1.60  10.25  -1.63
417T  11.52  14.75   3.24  12.14   2.61
417V  10.32  13.30   2.98  10.39   2.91
417P  20.24  23.74   3.49  20.94   2.79
417Q  10.26  13.39   3.13  10.90   2.49
417R   9.11  12.94   3.84   8.80   4.14
346V  -6.07  -8.95  -2.87  -6.11  -2.84
417Y   5.47   6.56   1.09   5.37   1.19
417D  15.72  19.69   3.98  16.41   3.28
417E  14.33  18.41   4.08  14.63   3.78
417F   5.74   6.80   1.07   5.68   1.12
346T   0.10  -1.39  -1.50  -3.09   1.70
417A  11.29  14.74   3.45  12.04   2.70
417C  11.82  15.78   3.95  13.54   2.24
417L   9.19  11.24   2.05   9.47   1.76
346S  -1.17  -1.88  -0.70   3.75  -5.63
417N  11.08  14.38   3.30  11.80   2.59
417H   9.78  12.76   2.98  10.40   2.36
417I  10.29  11.76   1.47  10.79   0.97
346R   4.13   5.87   1.74  -6.00  11.88
346Q  -3.07  -3.70  -0.63  -5.61   1.91
346P  13.53  12.05  -1.47  13.62  -1.57
346Y  -2.23  -5.17  -2.94  -7.83   2.66
417S  12.54  16.61   4.07  13.32   3.28
346F  -1.88  -4.90  -3.03 -11.04   6.13
346E  -0.67  -1.37  -0.70  -3.60   2.23
346D   9.06   8.45  -0.60   9.19  -0.73
346C  -0.31  -2.42  -2.11  -3.01   0.59
401Y  -0.45  -1.95  -1.50   0.36  -2.31
346A  -4.39  -5.66  -1.26  -4.48  -1.18
401S   5.03   6.86   1.82   6.26   0.59
401R   6.51   7.32   0.80   4.18   3.13
401Q   6.15   7.15   1.00   4.31   2.84
401P   8.34   8.97   0.63   8.86   0.11
401W   2.52  -0.62  -3.14   0.01  -0.63
401T   4.53   4.51  -0.02   4.09   0.41
401K   8.47   9.26   0.79   8.88   0.38
401I   0.40  -0.40  -0.81   0.08  -0.48
401H   3.80   3.43  -0.37   6.26  -2.82
401N   6.34   7.21   0.87   6.79   0.41
401M   2.61   0.22  -2.39   3.03  -2.81
401L   1.02  -0.45  -1.47   1.02  -1.47
401C   5.35   5.61   0.26   4.34   1.27
401A   3.71   5.00   1.29   4.27   0.73
401G   9.55  11.07   1.51  10.07   1.00
401F  -0.15  -3.18  -3.03  -0.07  -3.11
401E  10.82  12.38   1.55   9.56   2.82
401D  10.59  11.43   0.84  10.76   0.66
305N   7.62   9.52   1.90   7.80   1.72
305L   0.81   1.51   0.70   1.53  -0.03
305M   3.16   1.85  -1.32   2.21  -0.36
305K  13.19  13.27   0.07   9.14   4.13
305H   3.43   6.04   2.61   4.09   1.94
305I   6.45   5.46  -0.99   5.17   0.28
305G  12.50  15.07   2.57  12.61   2.46
305D   9.98  12.02   2.04   9.81   2.21
305E   7.61  10.83   3.22   7.60   3.22
305C   8.84  10.23   1.39   8.76   1.47
305A   8.82   9.44   0.63   8.27   1.17
305Y   3.73   2.70  -1.03   2.75  -0.06
305V   9.53   8.50  -1.04   6.40   2.09
305W   7.63   6.43  -1.20   5.18   1.25
305T  10.88  11.41   0.53   9.02   2.40
305R  11.08  12.44   1.36   7.61   4.83
305S  10.35  12.49   2.14  10.25   2.24
305P  27.02  28.01   0.99  26.28   1.73
305Q   6.65   8.14   1.49   6.53   1.61
306C  10.93  10.17  -0.76  11.15  -0.97
306A   9.99  10.51   0.52  10.91  -0.39
306G  15.84  16.83   0.99  16.33   0.50
306F   2.28   2.18  -0.10   2.46  -0.27
306E  14.05  15.92   1.87  13.44   2.48
306D  15.89  17.31   1.42  14.77   2.54
306K  10.48  13.21   2.73   9.31   3.90
306I   8.64   8.36  -0.28   8.92  -0.56
306H   8.88   9.41   0.53   8.04   1.37
306N  11.02  12.60   1.58  11.01   1.59
306M   6.81   5.42  -1.39   5.85  -0.43
306L   5.49   6.78   1.29   5.53   1.25
306S  14.01  14.06   0.05  13.52   0.54
306R   7.47   6.95  -0.52   7.28  -0.34
306Q  10.27  11.04   0.77  10.70   0.33
306P  33.81  32.36  -1.45  32.99  -0.63
306W   4.15   3.74  -0.41   2.19   1.55
306V  11.46  10.59  -0.86  11.64  -1.04
306T  16.16  16.53   0.37  14.21   2.32
