MUT_116MET_120ILE_121PHE_124ALA_161ASN_163PHE_199TYR_bj1.pdb:LIG_270 -36.1588 1.84902 23.7993 0.1181 5.47421 -4.07591 -6.77304 0 0 -1.89067 -1.48641 0 0 0 0 0 0 0 0 1.11602 -18.0281
MUT_116MET_120ILE_121PHE_124ALA_161ASN_163PHE_199TYR_bj2.pdb:LIG_270 -36.1656 1.85067 23.8118 0.11743 5.47497 -4.07542 -6.77539 0 0 -1.89103 -1.48646 0 0 0 0 0 0 0 0 1.1163 -18.0227
MUT_116MET_120ILE_121PHE_124ALA_161ASN_163PHE_199TYR_bj3.pdb:LIG_270 -36.268 1.93631 23.9354 0.14558 5.47124 -3.92798 -6.73646 0 0 -1.88227 -1.47865 0 0 0 0 0 0 0 0 1.19425 -17.6106
MUT_117THR_120LEU_121ALA_124LEU_161ALA_163ALA_216LEU_232LEU_bj1.pdb:LIG_270 -33.6329 1.2707 24.5616 0.05175 5.31924 -3.85037 -6.81611 0 0 -1.87434 -1.31927 0 0 0 0 0 0 0 0 1.03507 -15.2546
MUT_117THR_120LEU_121ALA_124LEU_161ALA_163ALA_216LEU_232LEU_bj2.pdb:LIG_270 -34.0901 1.36047 25.1122 0.06903 5.06146 -3.83007 -6.53341 0 0 -1.85248 -1.27685 0 0 0 0 0 0 0 0 1.54707 -14.4327
MUT_117THR_120LEU_121ALA_124LEU_161ALA_163ALA_216LEU_232LEU_bj3.pdb:LIG_270 -34.0161 1.18094 25.1607 0.06337 5.05147 -3.88677 -6.25473 0 0 -1.8496 -1.2866 0 0 0 0 0 0 0 0 1.58024 -14.257
MUT_117THR_120LEU_121ALA_124LEU_161VAL_163THR_216LEU_bj1.pdb:LIG_270 -36.5205 2.29227 24.8017 0.07467 5.17757 -3.9702 -6.78319 0 0 -1.86594 -1.28428 0 0 0 0 0 0 0 0 1.16679 -16.9111
MUT_117THR_120LEU_121ALA_124LEU_161VAL_163THR_216LEU_bj2.pdb:LIG_270 -36.2967 1.99181 24.8597 0.1629 5.21553 -3.89894 -6.48328 0 0 -1.87333 -1.26208 0 0 0 0 0 0 0 0 1.5749 -16.0095
MUT_117THR_120LEU_121ALA_124LEU_161VAL_163THR_216LEU_bj3.pdb:LIG_270 -36.5323 2.30475 24.8151 0.07462 5.18027 -3.97129 -6.78626 0 0 -1.86711 -1.28317 0 0 0 0 0 0 0 0 1.17017 -16.8952
MUT_117THR_120LEU_121LEU_124LEU_161ALA_163ALA_216LEU_232LEU_bj1.pdb:LIG_270 -34.0734 1.33145 24.2759 0.05072 5.40242 -3.84075 -6.72445 0 0 -1.88087 -1.27166 0 0 0 0 0 0 0 0 1.18853 -15.5421
MUT_117THR_120LEU_121LEU_124LEU_161ALA_163ALA_216LEU_232LEU_bj2.pdb:LIG_270 -33.964 1.31515 24.2095 0.0512 5.43415 -3.78542 -6.79662 0 0 -1.88322 -1.22988 0 0 0 0 0 0 0 0 1.17921 -15.4699
MUT_117THR_120LEU_121LEU_124LEU_161ALA_163ALA_216LEU_232LEU_bj3.pdb:LIG_270 -34.0734 1.33145 24.2759 0.05072 5.40242 -3.84075 -6.72445 0 0 -1.88087 -1.27166 0 0 0 0 0 0 0 0 1.18853 -15.5421
MUT_117THR_120LEU_121LEU_124LEU_161VAL_163ALA_216LEU_232SER_bj1.pdb:LIG_270 -34.6589 1.09829 24.8785 0.04775 5.2796 -3.94719 -6.95588 0 0 -1.86992 -1.36397 0 0 0 0 0 0 0 0 0.92221 -16.5694
MUT_117THR_120LEU_121LEU_124LEU_161VAL_163ALA_216LEU_232SER_bj2.pdb:LIG_270 -34.6589 1.09829 24.8785 0.04775 5.2796 -3.94719 -6.95588 0 0 -1.86992 -1.36397 0 0 0 0 0 0 0 0 0.92221 -16.5694
MUT_117THR_120LEU_121LEU_124LEU_161VAL_163ALA_216LEU_232SER_bj3.pdb:LIG_270 -34.6807 1.10633 24.8973 0.04772 5.26762 -3.92117 -6.98205 0 0 -1.87518 -1.36061 0 0 0 0 0 0 0 0 0.90932 -16.5914
MUT_117THR_120LEU_121LEU_124LEU_161VAL_163THR_216LEU_bj1.pdb:LIG_270 -37.164 2.55819 24.6912 0.07259 5.24237 -3.97839 -6.82201 0 0 -1.87563 -1.22935 0 0 0 0 0 0 0 0 1.26267 -17.2424
MUT_117THR_120LEU_121LEU_124LEU_161VAL_163THR_216LEU_bj2.pdb:LIG_270 -37.1669 2.54768 24.6967 0.07268 5.2411 -3.97818 -6.81697 0 0 -1.8768 -1.2285 0 0 0 0 0 0 0 0 1.27333 -17.2358
MUT_117THR_120LEU_121LEU_124LEU_161VAL_163THR_216LEU_bj3.pdb:LIG_270 -37.1491 2.5347 24.697 0.072 5.24237 -3.97262 -6.80935 0 0 -1.8759 -1.22918 0 0 0 0 0 0 0 0 1.25175 -17.2383
MUT_117THR_120LEU_121PHE_124LEU_161VAL_163ALA_216LEU_232SER_bj1.pdb:LIG_270 -34.7003 1.30991 24.5766 0.04887 5.25041 -4.0002 -6.50383 0 0 -1.87293 -1.33362 0 0 0 0 0 0 0 0 1.10336 -16.1217
MUT_117THR_120LEU_121PHE_124LEU_161VAL_163ALA_216LEU_232SER_bj2.pdb:LIG_270 -34.8451 1.35391 24.5741 0.04824 5.17583 -4.02385 -6.23141 0 0 -1.86475 -1.2483 0 0 0 0 0 0 0 0 1.1828 -15.8785
MUT_117THR_120LEU_121PHE_124LEU_161VAL_163ALA_216LEU_232SER_bj3.pdb:LIG_270 -34.6993 1.30536 24.5759 0.04889 5.25115 -4.00189 -6.50439 0 0 -1.87303 -1.33183 0 0 0 0 0 0 0 0 1.11772 -16.1114
MUT_117THR_120LEU_121THR_124LEU_161VAL_163ALA_216LEU_232SER_bj1.pdb:LIG_270 -34.2958 1.02959 25.2777 0.04737 5.24916 -3.94049 -7.03318 0 0 -1.86511 -1.41524 0 0 0 0 0 0 0 0 0.87775 -16.0683
MUT_117THR_120LEU_121THR_124LEU_161VAL_163ALA_216LEU_232SER_bj2.pdb:LIG_270 -34.2958 1.02959 25.2777 0.04737 5.24916 -3.94049 -7.03318 0 0 -1.86511 -1.41524 0 0 0 0 0 0 0 0 0.87775 -16.0683
MUT_117THR_120LEU_121THR_124LEU_161VAL_163ALA_216LEU_232SER_bj3.pdb:LIG_270 -34.2958 1.02959 25.2777 0.04737 5.24916 -3.94049 -7.03318 0 0 -1.86511 -1.41524 0 0 0 0 0 0 0 0 0.87775 -16.0683
MUT_117THR_120LEU_121VAL_124LEU_161VAL_163ALA_216LEU_232SER_bj1.pdb:LIG_270 -34.2394 1.49876 24.7454 0.05711 5.23799 -3.95479 -6.83876 0 0 -1.87405 -1.23885 0 0 0 0 0 0 0 0 1.27272 -15.3338
MUT_117THR_120LEU_121VAL_124LEU_161VAL_163ALA_216LEU_232SER_bj2.pdb:LIG_270 -34.4222 1.34907 24.6945 0.05084 5.22804 -4.00623 -6.61172 0 0 -1.87139 -1.27579 0 0 0 0 0 0 0 0 1.19632 -15.6686
MUT_117THR_120LEU_121VAL_124LEU_161VAL_163ALA_216LEU_232SER_bj3.pdb:LIG_270 -34.4194 1.34307 24.6961 0.05065 5.22694 -4.00537 -6.60662 0 0 -1.87143 -1.27897 0 0 0 0 0 0 0 0 1.20392 -15.6611
MUT_117THR_120LEU_124LEU_161ALA_163ALA_216LEU_232CYS_bj1.pdb:LIG_270 -33.9093 1.19627 24.5385 0.05998 5.3655 -3.85812 -6.85083 0 0 -1.87963 -1.31126 0 0 0 0 0 0 0 0 1.14145 -15.5075
MUT_117THR_120LEU_124LEU_161ALA_163ALA_216LEU_232CYS_bj2.pdb:LIG_270 -33.9093 1.19627 24.5385 0.05998 5.3655 -3.85812 -6.85083 0 0 -1.87963 -1.31126 0 0 0 0 0 0 0 0 1.14145 -15.5075
MUT_117THR_120LEU_124LEU_161ALA_163ALA_216LEU_232CYS_bj3.pdb:LIG_270 -33.9093 1.19627 24.5385 0.05998 5.3655 -3.85812 -6.85083 0 0 -1.87963 -1.31126 0 0 0 0 0 0 0 0 1.14145 -15.5075
MUT_117THR_120LEU_124LEU_161ALA_163ALA_216LEU_232LEU_bj1.pdb:LIG_270 -34.5941 1.35418 24.5384 0.04767 5.14202 -4.03292 -7.14801 0 0 -1.85957 -1.15435 0 0 0 0 0 0 0 0 1.04478 -16.6619
MUT_117THR_120LEU_124LEU_161ALA_163ALA_216LEU_232LEU_bj2.pdb:LIG_270 -33.9592 1.1955 24.2823 0.05864 5.37027 -3.8745 -6.77819 0 0 -1.87748 -1.30244 0 0 0 0 0 0 0 0 1.28354 -15.6016
MUT_117THR_120LEU_124LEU_161ALA_163ALA_216LEU_232LEU_bj3.pdb:LIG_270 -33.9245 1.19306 24.1811 0.0581 5.38047 -3.85342 -6.78178 0 0 -1.8773 -1.28404 0 0 0 0 0 0 0 0 1.34887 -15.5594
MUT_117THR_120LEU_124LEU_161ALA_163ALA_216LEU_232SER_bj1.pdb:LIG_270 -33.654 1.24038 24.4751 0.05154 5.34422 -3.89352 -6.71397 0 0 -1.87322 -1.3053 0 0 0 0 0 0 0 0 1.21868 -15.1101
MUT_117THR_120LEU_124LEU_161ALA_163ALA_216LEU_232SER_bj2.pdb:LIG_270 -33.6679 1.25673 24.4923 0.05158 5.34275 -3.89718 -6.72909 0 0 -1.87386 -1.30424 0 0 0 0 0 0 0 0 1.20033 -15.1286
MUT_117THR_120LEU_124LEU_161ALA_163ALA_216LEU_232SER_bj3.pdb:LIG_270 -33.654 1.24038 24.4751 0.05154 5.34422 -3.89352 -6.71397 0 0 -1.87322 -1.3053 0 0 0 0 0 0 0 0 1.21868 -15.1101
MUT_117THR_120LEU_124LEU_161ASN_163CYS_216LEU_bj1.pdb:LIG_270 -36.7176 2.03352 25.4815 0.15751 5.04088 -3.93099 -7.44156 0 0 -1.8398 -1.40816 0 0 0 0 0 0 0 0 1.83824 -16.7865
MUT_117THR_120LEU_124LEU_161ASN_163CYS_216LEU_bj2.pdb:LIG_270 -37.344 2.42207 24.9266 0.20884 5.19646 -3.86879 -6.97819 0 0 -1.85922 -0.70126 0 0 0 0 0 0 0 0 1.29744 -16.7001
MUT_117THR_120LEU_124LEU_161ASN_163CYS_216LEU_bj3.pdb:LIG_270 -37.5803 2.0895 25.4206 0.12568 5.18223 -4.31389 -6.97133 0 0 -1.86999 -0.69703 0 0 0 0 0 0 0 0 1.10121 -17.5133
MUT_117THR_120LEU_124LEU_161ASN_163CYS_bj1.pdb:LIG_270 -36.6985 1.96073 24.7719 0.10194 5.2909 -3.86086 -6.8686 0 0 -1.87128 -0.69446 0 0 0 0 0 0 0 0 1.1795 -16.6888
MUT_117THR_120LEU_124LEU_161ASN_163CYS_bj2.pdb:LIG_270 -36.8609 1.881 25.3577 0.12353 5.07638 -3.93649 -7.43986 0 0 -1.84565 -1.39766 0 0 0 0 0 0 0 0 1.69984 -17.3421
MUT_117THR_120LEU_124LEU_161ASN_163CYS_bj3.pdb:LIG_270 -36.6878 1.94909 24.7927 0.104 5.28068 -3.86087 -6.86519 0 0 -1.87059 -0.69503 0 0 0 0 0 0 0 0 1.20086 -16.6522
MUT_117THR_120LEU_124LEU_161VAL_163ALA_216LEU_232ALA_bj1.pdb:LIG_270 -34.3078 1.29091 24.7675 0.05336 5.29428 -3.94486 -6.84183 0 0 -1.87748 -1.30293 0 0 0 0 0 0 0 0 1.03707 -15.8318
MUT_117THR_120LEU_124LEU_161VAL_163ALA_216LEU_232ALA_bj2.pdb:LIG_270 -34.3078 1.29091 24.7675 0.05336 5.29428 -3.94486 -6.84183 0 0 -1.87748 -1.30293 0 0 0 0 0 0 0 0 1.03707 -15.8318
MUT_117THR_120LEU_124LEU_161VAL_163ALA_216LEU_232ALA_bj3.pdb:LIG_270 -34.3078 1.29091 24.7675 0.05336 5.29428 -3.94486 -6.84183 0 0 -1.87748 -1.30293 0 0 0 0 0 0 0 0 1.03707 -15.8318
MUT_117THR_120LEU_124LEU_161VAL_163ALA_216LEU_232LEU_bj1.pdb:LIG_270 -34.6864 1.24922 24.4495 0.05055 5.25503 -4.01989 -6.5832 0 0 -1.87227 -1.33004 0 0 0 0 0 0 0 0 1.12723 -16.3602
MUT_117THR_120LEU_124LEU_161VAL_163ALA_216LEU_232LEU_bj2.pdb:LIG_270 -34.9318 1.15599 24.6933 0.05089 5.27705 -4.01462 -7.06204 0 0 -1.87202 -1.41104 0 0 0 0 0 0 0 0 0.94433 -17.1699
MUT_117THR_120LEU_124LEU_161VAL_163ALA_216LEU_232LEU_bj3.pdb:LIG_270 -34.9377 1.14538 24.699 0.05091 5.27696 -4.01409 -7.06097 0 0 -1.87159 -1.41148 0 0 0 0 0 0 0 0 0.95274 -17.1708
MUT_117THR_120LEU_124LEU_161VAL_163ALA_216LEU_232SER_bj1.pdb:LIG_270 -34.3568 1.26935 24.7643 0.05004 5.25228 -4.01616 -6.55152 0 0 -1.87225 -1.33347 0 0 0 0 0 0 0 0 1.1085 -15.6858
MUT_117THR_120LEU_124LEU_161VAL_163ALA_216LEU_232SER_bj2.pdb:LIG_270 -34.3205 1.28566 24.8471 0.05304 5.28421 -3.97103 -6.80594 0 0 -1.87676 -1.30986 0 0 0 0 0 0 0 0 1.06358 -15.7504
MUT_117THR_120LEU_124LEU_161VAL_163ALA_216LEU_232SER_bj3.pdb:LIG_270 -34.3568 1.26935 24.7643 0.05004 5.25228 -4.01616 -6.55152 0 0 -1.87225 -1.33347 0 0 0 0 0 0 0 0 1.1085 -15.6858
MUT_117THR_120LEU_124LEU_161VAL_163ALA_216LEU_232THR_bj1.pdb:LIG_270 -34.5641 1.3123 24.7701 0.04909 5.17581 -4.05168 -6.29548 0 0 -1.86449 -1.2613 0 0 0 0 0 0 0 0 1.13931 -15.5904
MUT_117THR_120LEU_124LEU_161VAL_163ALA_216LEU_232THR_bj2.pdb:LIG_270 -34.4237 1.24592 24.7849 0.04982 5.23957 -4.04124 -6.58239 0 0 -1.87119 -1.33473 0 0 0 0 0 0 0 0 1.09934 -15.8336
MUT_117THR_120LEU_124LEU_161VAL_163ALA_216LEU_232THR_bj3.pdb:LIG_270 -34.4237 1.24592 24.7849 0.04982 5.23957 -4.04124 -6.58239 0 0 -1.87119 -1.33473 0 0 0 0 0 0 0 0 1.09934 -15.8336
MUT_117THR_120LEU_124LEU_161VAL_163ALA_216LEU_232VAL_bj1.pdb:LIG_270 -34.4984 1.20769 24.6231 0.06133 5.33428 -3.91334 -6.85911 0 0 -1.88372 -1.30794 0 0 0 0 0 0 0 0 1.03199 -16.2041
MUT_117THR_120LEU_124LEU_161VAL_163ALA_216LEU_232VAL_bj2.pdb:LIG_270 -34.4961 1.20806 24.6247 0.06152 5.33859 -3.91199 -6.86193 0 0 -1.88327 -1.30774 0 0 0 0 0 0 0 0 1.02717 -16.201
MUT_117THR_120LEU_124LEU_161VAL_163ALA_216LEU_232VAL_bj3.pdb:LIG_270 -34.4984 1.20769 24.6231 0.06133 5.33428 -3.91334 -6.85911 0 0 -1.88372 -1.30794 0 0 0 0 0 0 0 0 1.03199 -16.2041
MUT_117THR_120LEU_124LEU_161VAL_163ALA_216LEU_bj1.pdb:LIG_270 -37.2134 2.29973 24.1628 0.06397 5.03719 -4.04209 -6.53 0 0 -1.84957 -1.18788 0 0 0 0 0 0 0 0 1.46051 -17.7987
MUT_117THR_120LEU_124LEU_161VAL_163ALA_216LEU_bj2.pdb:LIG_270 -36.7938 2.33833 24.1 0.06691 5.1178 -4.05338 -6.8565 0 0 -1.86082 -1.26069 0 0 0 0 0 0 0 0 1.48801 -17.7142
MUT_117THR_120LEU_124LEU_161VAL_163ALA_216LEU_bj3.pdb:LIG_270 -37.2134 2.29973 24.1628 0.06397 5.03719 -4.04209 -6.53 0 0 -1.84957 -1.18788 0 0 0 0 0 0 0 0 1.46051 -17.7987
MUT_117THR_120LEU_124LEU_161VAL_163CYS_216LEU_232ALA_bj1.pdb:LIG_270 -34.6672 1.26082 24.7861 0.05504 5.30493 -3.89806 -6.83602 0 0 -1.87744 -1.30448 0 0 0 0 0 0 0 0 1.07366 -16.1026
MUT_117THR_120LEU_124LEU_161VAL_163CYS_216LEU_232ALA_bj2.pdb:LIG_270 -34.6788 1.26529 24.8069 0.05571 5.32098 -3.89045 -6.84538 0 0 -1.87965 -1.30486 0 0 0 0 0 0 0 0 1.04652 -16.1038
MUT_117THR_120LEU_124LEU_161VAL_163CYS_216LEU_232ALA_bj3.pdb:LIG_270 -34.677 1.268 24.8005 0.05557 5.31895 -3.89133 -6.84974 0 0 -1.88034 -1.30548 0 0 0 0 0 0 0 0 1.05312 -16.1078
MUT_117THR_120LEU_124LEU_161VAL_163CYS_216LEU_232CYS_bj1.pdb:LIG_270 -34.8481 1.24378 24.7884 0.05661 5.31586 -3.9041 -6.88486 0 0 -1.88031 -1.30557 0 0 0 0 0 0 0 0 1.06891 -16.3494
MUT_117THR_120LEU_124LEU_161VAL_163CYS_216LEU_232CYS_bj2.pdb:LIG_270 -34.8543 1.23845 24.779 0.0566 5.31462 -3.90317 -6.88361 0 0 -1.87998 -1.30473 0 0 0 0 0 0 0 0 1.08223 -16.3549
MUT_117THR_120LEU_124LEU_161VAL_163CYS_216LEU_232CYS_bj3.pdb:LIG_270 -34.8513 1.24067 24.7817 0.05653 5.31534 -3.90285 -6.88558 0 0 -1.88 -1.30345 0 0 0 0 0 0 0 0 1.07277 -16.3562
MUT_117THR_120LEU_124LEU_161VAL_163CYS_216LEU_232SER_bj1.pdb:LIG_270 -34.6665 1.26207 24.8743 0.05546 5.31586 -3.91073 -6.84045 0 0 -1.88009 -1.30378 0 0 0 0 0 0 0 0 1.07233 -16.0216
MUT_117THR_120LEU_124LEU_161VAL_163CYS_216LEU_232SER_bj2.pdb:LIG_270 -35.0519 1.10737 24.9806 0.04867 5.26363 -4.01174 -7.02497 0 0 -1.8648 -1.4187 0 0 0 0 0 0 0 0 0.88049 -17.0914
MUT_117THR_120LEU_124LEU_161VAL_163CYS_216LEU_232SER_bj3.pdb:LIG_270 -34.6781 1.26021 24.882 0.05559 5.31393 -3.91223 -6.82867 0 0 -1.88034 -1.30741 0 0 0 0 0 0 0 0 1.0764 -16.0187
MUT_117THR_120LEU_124LEU_161VAL_163CYS_216LEU_232THR_bj1.pdb:LIG_270 -34.7789 1.23964 24.8035 0.05068 5.26749 -3.97875 -6.60124 0 0 -1.87289 -1.33064 0 0 0 0 0 0 0 0 1.10346 -16.0977
MUT_117THR_120LEU_124LEU_161VAL_163CYS_216LEU_232THR_bj2.pdb:LIG_270 -34.7789 1.23964 24.8035 0.05068 5.26749 -3.97875 -6.60124 0 0 -1.87289 -1.33064 0 0 0 0 0 0 0 0 1.10346 -16.0977
MUT_117THR_120LEU_124LEU_161VAL_163CYS_216LEU_232THR_bj3.pdb:LIG_270 -34.7789 1.23964 24.8035 0.05068 5.26749 -3.97875 -6.60124 0 0 -1.87289 -1.33064 0 0 0 0 0 0 0 0 1.10346 -16.0977
MUT_117THR_120LEU_124LEU_161VAL_163CYS_216LEU_232VAL_bj1.pdb:LIG_270 -35.3181 1.11127 24.7753 0.04956 5.25906 -4.04551 -7.07337 0 0 -1.86549 -1.42109 0 0 0 0 0 0 0 0 0.8694 -17.659
MUT_117THR_120LEU_124LEU_161VAL_163CYS_216LEU_232VAL_bj2.pdb:LIG_270 -35.3181 1.11127 24.7753 0.04956 5.25906 -4.04551 -7.07337 0 0 -1.86549 -1.42109 0 0 0 0 0 0 0 0 0.8694 -17.659
MUT_117THR_120LEU_124LEU_161VAL_163CYS_216LEU_232VAL_bj3.pdb:LIG_270 -35.3181 1.11127 24.7753 0.04956 5.25906 -4.04551 -7.07337 0 0 -1.86549 -1.42109 0 0 0 0 0 0 0 0 0.8694 -17.659
MUT_117THR_120LEU_124LEU_161VAL_163CYS_216LEU_bj1.pdb:LIG_270 -37.282 2.31835 24.2571 0.08323 5.15024 -4.02612 -6.84898 0 0 -1.86465 -1.25294 0 0 0 0 0 0 0 0 1.49005 -17.9757
MUT_117THR_120LEU_124LEU_161VAL_163CYS_216LEU_bj2.pdb:LIG_270 -36.4567 1.82651 24.4443 0.05279 5.22601 -3.94956 -6.29698 0 0 -1.86496 -1.20684 0 0 0 0 0 0 0 0 1.10143 -17.124
MUT_117THR_120LEU_124LEU_161VAL_163CYS_216LEU_bj3.pdb:LIG_270 -36.2301 1.72093 24.3772 0.05178 5.31382 -3.95139 -6.50151 0 0 -1.87492 -1.33156 0 0 0 0 0 0 0 0 1.00981 -17.4159
MUT_117THR_120LEU_124LEU_161VAL_163LEU_216LEU_232ALA_bj1.pdb:LIG_270 -34.6048 1.28861 23.8206 0.10048 5.93482 -3.79099 -6.80568 0 0 -1.87495 -1.25832 0 0 0 0 0 0 0 0 0.78386 -16.4064
MUT_117THR_120LEU_124LEU_161VAL_163LEU_216LEU_232ALA_bj2.pdb:LIG_270 -34.8838 1.30155 24.3632 0.08081 5.40652 -3.69846 -6.88002 0 0 -1.8824 -1.30161 0 0 0 0 0 0 0 0 1.33059 -16.1637
MUT_117THR_120LEU_124LEU_161VAL_163LEU_216LEU_232ALA_bj3.pdb:LIG_270 -34.6084 1.29075 23.8212 0.10063 5.93347 -3.7931 -6.80704 0 0 -1.87457 -1.25905 0 0 0 0 0 0 0 0 0.78837 -16.4077
MUT_117THR_120LEU_124LEU_161VAL_163LEU_216LEU_232CYS_bj1.pdb:LIG_270 -34.7936 1.27988 23.8323 0.09627 5.91088 -3.80623 -6.84761 0 0 -1.87233 -1.26212 0 0 0 0 0 0 0 0 0.77514 -16.6875
MUT_117THR_120LEU_124LEU_161VAL_163LEU_216LEU_232CYS_bj2.pdb:LIG_270 -34.7941 1.27649 23.8333 0.0962 5.91099 -3.80349 -6.84841 0 0 -1.87336 -1.2616 0 0 0 0 0 0 0 0 0.78355 -16.6804
MUT_117THR_120LEU_124LEU_161VAL_163LEU_216LEU_232CYS_bj3.pdb:LIG_270 -34.7977 1.2747 23.8339 0.09655 5.91129 -3.80489 -6.84207 0 0 -1.87253 -1.26341 0 0 0 0 0 0 0 0 0.7802 -16.6839
MUT_117THR_120LEU_124LEU_161VAL_163LEU_216LEU_232LEU_bj1.pdb:LIG_270 -35.1738 1.29317 23.5451 0.09459 5.88769 -3.80031 -6.83847 0 0 -1.86963 -1.26245 0 0 0 0 0 0 0 0 0.79734 -17.3267
MUT_117THR_120LEU_124LEU_161VAL_163LEU_216LEU_232LEU_bj2.pdb:LIG_270 -34.8539 1.41215 23.6519 0.10474 6.02144 -3.73747 -6.81845 0 0 -1.88685 -1.28338 0 0 0 0 0 0 0 0 0.75082 -16.639
MUT_117THR_120LEU_124LEU_161VAL_163LEU_216LEU_232LEU_bj3.pdb:LIG_270 -35.1822 1.30007 23.5479 0.09413 5.88752 -3.80041 -6.8484 0 0 -1.86885 -1.26049 0 0 0 0 0 0 0 0 0.79511 -17.3357
MUT_117THR_120LEU_124LEU_161VAL_163LEU_216LEU_232SER_bj1.pdb:LIG_270 -34.621 1.28728 23.9152 0.10162 5.9376 -3.8207 -6.81403 0 0 -1.87551 -1.25812 0 0 0 0 0 0 0 0 0.78875 -16.3589
MUT_117THR_120LEU_124LEU_161VAL_163LEU_216LEU_232SER_bj2.pdb:LIG_270 -34.621 1.28728 23.9152 0.10162 5.9376 -3.8207 -6.81403 0 0 -1.87551 -1.25812 0 0 0 0 0 0 0 0 0.78875 -16.3589
MUT_117THR_120LEU_124LEU_161VAL_163LEU_216LEU_232SER_bj3.pdb:LIG_270 -34.621 1.28728 23.9152 0.10162 5.9376 -3.8207 -6.81403 0 0 -1.87551 -1.25812 0 0 0 0 0 0 0 0 0.78875 -16.3589
MUT_117THR_120LEU_124LEU_161VAL_163LEU_216LEU_232THR_bj1.pdb:LIG_270 -34.667 1.31015 23.8969 0.10296 5.95365 -3.81699 -6.80222 0 0 -1.87727 -1.2577 0 0 0 0 0 0 0 0 0.78032 -16.3773
MUT_117THR_120LEU_124LEU_161VAL_163LEU_216LEU_232THR_bj2.pdb:LIG_270 -34.6665 1.31151 23.8982 0.10298 5.95355 -3.81559 -6.80488 0 0 -1.87769 -1.25849 0 0 0 0 0 0 0 0 0.7799 -16.377
MUT_117THR_120LEU_124LEU_161VAL_163LEU_216LEU_232THR_bj3.pdb:LIG_270 -34.6628 1.31164 23.8964 0.10305 5.95333 -3.81665 -6.80337 0 0 -1.87693 -1.25764 0 0 0 0 0 0 0 0 0.77573 -16.3772
MUT_117THR_120LEU_124LEU_161VAL_163LEU_216LEU_232VAL_bj1.pdb:LIG_270 -34.7698 1.30054 23.7487 0.09954 5.93597 -3.79261 -6.81718 0 0 -1.8753 -1.26879 0 0 0 0 0 0 0 0 0.76249 -16.6765
MUT_117THR_120LEU_124LEU_161VAL_163LEU_216LEU_232VAL_bj2.pdb:LIG_270 -34.7738 1.30276 23.7504 0.0995 5.93653 -3.79385 -6.81488 0 0 -1.87511 -1.26872 0 0 0 0 0 0 0 0 0.75626 -16.6809
MUT_117THR_120LEU_124LEU_161VAL_163LEU_216LEU_232VAL_bj3.pdb:LIG_270 -34.7743 1.30168 23.7497 0.09941 5.93562 -3.79226 -6.81778 0 0 -1.87486 -1.26774 0 0 0 0 0 0 0 0 0.76135 -16.6792
MUT_117THR_120LEU_124LEU_161VAL_163PHE_216LEU_232ALA_bj1.pdb:LIG_270 -35.6598 2.22929 24.1593 0.05368 5.37626 -3.70754 -6.98897 0 0 -1.88152 -1.32978 0 0 0 0 0 0 0 0 1.6621 -16.087
MUT_117THR_120LEU_124LEU_161VAL_163PHE_216LEU_232ALA_bj2.pdb:LIG_270 -35.0045 2.22911 23.4979 0.06409 5.77345 -3.77037 -6.69352 0 0 -1.85781 -1.13685 0 0 0 0 0 0 0 0 1.2667 -15.6318
MUT_117THR_120LEU_124LEU_161VAL_163PHE_216LEU_232ALA_bj3.pdb:LIG_270 -35.0045 2.22911 23.4979 0.06409 5.77345 -3.77037 -6.69352 0 0 -1.85781 -1.13685 0 0 0 0 0 0 0 0 1.2667 -15.6318
MUT_117THR_120LEU_124LEU_161VAL_163PHE_216LEU_232CYS_bj1.pdb:LIG_270 -35.6045 2.24928 24.0084 0.05559 5.3511 -3.64849 -6.49373 0 0 -1.87839 -1.30607 0 0 0 0 0 0 0 0 1.92823 -15.3386
MUT_117THR_120LEU_124LEU_161VAL_163PHE_216LEU_232CYS_bj2.pdb:LIG_270 -35.6737 2.28217 24.1311 0.056 5.33582 -3.70201 -6.99581 0 0 -1.87753 -1.32303 0 0 0 0 0 0 0 0 1.72744 -16.0395
MUT_117THR_120LEU_124LEU_161VAL_163PHE_216LEU_232CYS_bj3.pdb:LIG_270 -35.4505 2.14004 24.0455 0.05652 5.24134 -3.68141 -6.50965 0 0 -1.86918 -1.29124 0 0 0 0 0 0 0 0 2.1591 -15.1595
MUT_117THR_120LEU_124LEU_161VAL_163PHE_216LEU_232SER_bj1.pdb:LIG_270 -35.6221 2.22222 24.1793 0.05432 5.36115 -3.71862 -6.99506 0 0 -1.87906 -1.32851 0 0 0 0 0 0 0 0 1.69551 -16.0308
MUT_117THR_120LEU_124LEU_161VAL_163PHE_216LEU_232SER_bj2.pdb:LIG_270 -35.1688 2.06876 24.1699 0.05392 5.29743 -3.73405 -6.55532 0 0 -1.87629 -1.31051 0 0 0 0 0 0 0 0 1.93253 -15.1224
MUT_117THR_120LEU_124LEU_161VAL_163PHE_216LEU_232SER_bj3.pdb:LIG_270 -35.6221 2.22222 24.1793 0.05432 5.36115 -3.71862 -6.99506 0 0 -1.87906 -1.32851 0 0 0 0 0 0 0 0 1.69551 -16.0308
MUT_117THR_120LEU_124LEU_161VAL_163PHE_216LEU_232THR_bj1.pdb:LIG_270 -35.2448 2.07409 23.6613 0.06106 5.21071 -3.79847 -6.55752 0 0 -1.84562 -1.24549 0 0 0 0 0 0 0 0 1.3078 -16.3769
MUT_117THR_120LEU_124LEU_161VAL_163PHE_216LEU_232THR_bj2.pdb:LIG_270 -35.6673 2.3786 24.1479 0.05716 5.32409 -3.69868 -7.0006 0 0 -1.87589 -1.32047 0 0 0 0 0 0 0 0 1.80112 -15.854
MUT_117THR_120LEU_124LEU_161VAL_163PHE_216LEU_232THR_bj3.pdb:LIG_270 -34.9345 2.39624 23.4975 0.06345 5.75771 -3.80769 -6.72565 0 0 -1.85956 -1.1234 0 0 0 0 0 0 0 0 1.25247 -15.4834
MUT_117THR_120LEU_124LEU_161VAL_163PHE_216LEU_232VAL_bj1.pdb:LIG_270 -35.3609 2.11032 23.6555 0.06097 5.2499 -3.73151 -6.6014 0 0 -1.84868 -1.24539 0 0 0 0 0 0 0 0 1.27536 -16.4359
MUT_117THR_120LEU_124LEU_161VAL_163PHE_216LEU_232VAL_bj2.pdb:LIG_270 -35.3712 2.11931 23.6635 0.06096 5.24623 -3.73369 -6.6044 0 0 -1.84837 -1.24642 0 0 0 0 0 0 0 0 1.27552 -16.4386
MUT_117THR_120LEU_124LEU_161VAL_163PHE_216LEU_232VAL_bj3.pdb:LIG_270 -35.6861 2.4102 24.0856 0.05747 5.31607 -3.69323 -7.00814 0 0 -1.87505 -1.32171 0 0 0 0 0 0 0 0 1.80034 -15.9146
MUT_117THR_120LEU_124LEU_161VAL_163PHE_216LEU_bj1.pdb:LIG_270 -36.3433 3.2819 23.6923 0.11625 5.52411 -3.90848 -6.9068 0 0 -1.88944 -1.10001 0 0 0 0 0 0 0 0 1.47531 -16.0581
MUT_117THR_120LEU_124LEU_161VAL_163PHE_216LEU_bj2.pdb:LIG_270 -36.433 3.23812 23.7202 0.12892 5.52683 -3.88688 -6.92845 0 0 -1.89302 -1.1376 0 0 0 0 0 0 0 0 1.47966 -16.1852
MUT_117THR_120LEU_124LEU_161VAL_163PHE_216LEU_bj3.pdb:LIG_270 -36.2841 3.19687 23.6006 0.1267 5.55091 -3.92366 -6.91089 0 0 -1.88042 -1.10935 0 0 0 0 0 0 0 0 1.48769 -16.1457
MUT_117THR_120LEU_124LEU_161VAL_163THR_216LEU_232ALA_bj1.pdb:LIG_270 -34.5846 1.25646 25.1066 0.05711 5.37808 -3.83582 -6.85642 0 0 -1.88387 -1.30303 0 0 0 0 0 0 0 0 0.96789 -15.6976
MUT_117THR_120LEU_124LEU_161VAL_163THR_216LEU_232ALA_bj2.pdb:LIG_270 -34.9728 1.11932 25.2194 0.04985 5.31898 -3.92877 -7.07764 0 0 -1.87391 -1.42089 0 0 0 0 0 0 0 0 0.83525 -16.7312
MUT_117THR_120LEU_124LEU_161VAL_163THR_216LEU_232ALA_bj3.pdb:LIG_270 -34.9732 1.12075 25.2206 0.04987 5.31887 -3.92952 -7.08066 0 0 -1.87408 -1.42014 0 0 0 0 0 0 0 0 0.83572 -16.7318
MUT_117THR_120LEU_124LEU_161VAL_163THR_216LEU_232CYS_bj1.pdb:LIG_270 -35.086 1.11076 25.2434 0.04975 5.3112 -3.94529 -7.09504 0 0 -1.87364 -1.41968 0 0 0 0 0 0 0 0 0.83117 -16.8733
MUT_117THR_120LEU_124LEU_161VAL_163THR_216LEU_232CYS_bj2.pdb:LIG_270 -34.712 1.21893 25.0264 0.0529 5.32867 -3.89323 -6.60072 0 0 -1.88144 -1.32583 0 0 0 0 0 0 0 0 1.07563 -15.7107
MUT_117THR_120LEU_124LEU_161VAL_163THR_216LEU_232CYS_bj3.pdb:LIG_270 -35.086 1.11076 25.2434 0.04975 5.3112 -3.94529 -7.09504 0 0 -1.87364 -1.41968 0 0 0 0 0 0 0 0 0.83117 -16.8733
MUT_117THR_120LEU_124LEU_161VAL_163THR_216LEU_232LEU_bj1.pdb:LIG_270 -35.0886 1.33231 24.9674 0.05611 5.37736 -3.90046 -6.83214 0 0 -1.88372 -1.30204 0 0 0 0 0 0 0 0 0.92297 -16.3508
MUT_117THR_120LEU_124LEU_161VAL_163THR_216LEU_232LEU_bj2.pdb:LIG_270 -34.9483 1.28317 24.8984 0.05663 5.35982 -3.89115 -6.82443 0 0 -1.88343 -1.3076 0 0 0 0 0 0 0 0 1.00557 -16.2513
MUT_117THR_120LEU_124LEU_161VAL_163THR_216LEU_232LEU_bj3.pdb:LIG_270 -34.9536 1.27546 24.9064 0.05679 5.36638 -3.89381 -6.81842 0 0 -1.88274 -1.30826 0 0 0 0 0 0 0 0 1.00666 -16.2452
MUT_117THR_120LEU_124LEU_161VAL_163THR_216LEU_232SER_bj1.pdb:LIG_270 -34.5645 1.25879 25.1704 0.05722 5.38204 -3.84789 -6.84592 0 0 -1.88429 -1.30056 0 0 0 0 0 0 0 0 0.96346 -15.6113
MUT_117THR_120LEU_124LEU_161VAL_163THR_216LEU_232SER_bj2.pdb:LIG_270 -34.6061 1.22769 25.0974 0.05074 5.31802 -3.9355 -6.5568 0 0 -1.87816 -1.33143 0 0 0 0 0 0 0 0 1.04552 -15.5686
MUT_117THR_120LEU_124LEU_161VAL_163THR_216LEU_232SER_bj3.pdb:LIG_270 -34.6132 1.23098 25.103 0.05077 5.31801 -3.93463 -6.55545 0 0 -1.87893 -1.32947 0 0 0 0 0 0 0 0 1.04078 -15.5681
MUT_117THR_120LEU_124LEU_161VAL_163THR_216LEU_232THR_bj1.pdb:LIG_270 -35.0405 1.12026 25.2863 0.04978 5.31906 -3.96049 -7.08417 0 0 -1.87407 -1.4188 0 0 0 0 0 0 0 0 0.84342 -16.7593
MUT_117THR_120LEU_124LEU_161VAL_163THR_216LEU_232THR_bj2.pdb:LIG_270 -34.721 1.22774 25.1309 0.05108 5.31554 -3.9497 -6.57761 0 0 -1.87984 -1.32978 0 0 0 0 0 0 0 0 1.04198 -15.6907
MUT_117THR_120LEU_124LEU_161VAL_163THR_216LEU_232THR_bj3.pdb:LIG_270 -35.0405 1.12026 25.2863 0.04978 5.31906 -3.96049 -7.08417 0 0 -1.87407 -1.4188 0 0 0 0 0 0 0 0 0.84342 -16.7593
MUT_117THR_120LEU_124LEU_161VAL_163THR_216LEU_bj1.pdb:LIG_270 -37.1563 2.37539 24.5022 0.07848 5.19233 -4.02978 -6.82538 0 0 -1.86939 -1.25106 0 0 0 0 0 0 0 0 1.38333 -17.6001
MUT_117THR_120LEU_124LEU_161VAL_163THR_216LEU_bj2.pdb:LIG_270 -37.3108 2.47712 24.6319 0.07795 5.19797 -4.03693 -6.79457 0 0 -1.87006 -1.2589 0 0 0 0 0 0 0 0 1.26357 -17.6227
MUT_117THR_120LEU_124LEU_161VAL_163THR_216LEU_bj3.pdb:LIG_270 -37.1563 2.37539 24.5022 0.07848 5.19233 -4.02978 -6.82538 0 0 -1.86939 -1.25106 0 0 0 0 0 0 0 0 1.38333 -17.6001
MUT_117THR_120LEU_124LEU_161VAL_163TRP_216LEU_232ALA_bj1.pdb:LIG_270 -36.2071 2.46993 23.7303 0.06588 5.3022 -3.68673 -6.51722 0 0 -1.84969 -1.27454 0 0 0 0 0 0 0 0 1.39698 -16.5699
MUT_117THR_120LEU_124LEU_161VAL_163TRP_216LEU_232ALA_bj2.pdb:LIG_270 -36.2881 2.64873 24.1109 0.06161 5.38727 -3.56457 -6.90918 0 0 -1.88029 -1.33833 0 0 0 0 0 0 0 0 1.83226 -15.9397
MUT_117THR_120LEU_124LEU_161VAL_163TRP_216LEU_232ALA_bj3.pdb:LIG_270 -36.2936 2.65984 24.1107 0.06154 5.3861 -3.56438 -6.91387 0 0 -1.87954 -1.33858 0 0 0 0 0 0 0 0 1.82984 -15.9419
MUT_117THR_120LEU_124LEU_161VAL_163TRP_216LEU_232ASN_bj1.pdb:LIG_270 -34.9132 1.76283 24.5344 0.05824 5.46317 -3.82372 -6.80761 0 0 -1.8862 -1.26871 0 0 0 0 0 0 0 0 1.25155 -15.6293
MUT_117THR_120LEU_124LEU_161VAL_163TRP_216LEU_232ASN_bj2.pdb:LIG_270 -33.2179 1.88139 23.4208 0.21811 6.09559 -3.31751 -7.34223 0 0 -1.27921 -2.20372 0 0 0 0 0 0 0 0 2.15962 -13.585
MUT_117THR_120LEU_124LEU_161VAL_163TRP_216LEU_232ASN_bj3.pdb:LIG_270 -35.919 1.34968 25.1689 0.10386 5.43016 -3.89854 -6.44222 0 0 -1.89424 -1.40214 0 0 0 0 0 0 0 0 1.46596 -16.0376
MUT_117THR_120LEU_124LEU_161VAL_163TRP_216LEU_232ASP_bj1.pdb:LIG_270 -32.9306 1.83597 23.2985 0.2357 6.09095 -3.30309 -7.50147 0 0 -1.2643 -2.20921 0 0 0 0 0 0 0 0 2.0775 -13.67
MUT_117THR_120LEU_124LEU_161VAL_163TRP_216LEU_232ASP_bj2.pdb:LIG_270 -36.5222 2.95465 24.122 0.06561 5.41741 -3.58802 -6.88227 0 0 -1.87817 -1.34643 0 0 0 0 0 0 0 0 1.85841 -15.799
MUT_117THR_120LEU_124LEU_161VAL_163TRP_216LEU_232ASP_bj3.pdb:LIG_270 -34.7915 1.7769 24.6459 0.05883 5.46876 -3.83005 -6.80983 0 0 -1.88746 -1.26686 0 0 0 0 0 0 0 0 1.21972 -15.4156
MUT_117THR_120LEU_124LEU_161VAL_163TRP_216LEU_232CYS_bj1.pdb:LIG_270 -36.3752 2.90849 24.1514 0.0646 5.4103 -3.54325 -6.92016 0 0 -1.88149 -1.34145 0 0 0 0 0 0 0 0 1.93124 -15.5954
MUT_117THR_120LEU_124LEU_161VAL_163TRP_216LEU_232CYS_bj2.pdb:LIG_270 -36.2257 2.85342 23.6999 0.08398 5.8114 -3.62962 -6.56711 0 0 -1.85907 -1.24135 0 0 0 0 0 0 0 0 1.05307 -16.021
MUT_117THR_120LEU_124LEU_161VAL_163TRP_216LEU_232CYS_bj3.pdb:LIG_270 -33.3366 1.96371 23.4321 0.25323 6.09023 -3.37744 -7.44198 0 0 -1.2749 -2.23071 0 0 0 0 0 0 0 0 2.23481 -13.6875
MUT_117THR_120LEU_124LEU_161VAL_163TRP_216LEU_232GLN_bj1.pdb:LIG_270 -33.2333 1.92205 23.5133 0.20281 6.04463 -3.22665 -7.40659 0 0 -1.27647 -2.1977 0 0 0 0 0 0 0 0 2.16965 -13.4882
MUT_117THR_120LEU_124LEU_161VAL_163TRP_216LEU_232GLN_bj2.pdb:LIG_270 -33.2124 1.85963 23.5084 0.19609 6.03594 -3.222 -7.40664 0 0 -1.27839 -2.19035 0 0 0 0 0 0 0 0 2.15043 -13.5593
MUT_117THR_120LEU_124LEU_161VAL_163TRP_216LEU_232GLN_bj3.pdb:LIG_270 -33.1033 1.86939 23.3843 0.22154 6.08681 -3.31972 -7.47315 0 0 -1.27423 -2.21036 0 0 0 0 0 0 0 0 2.19101 -13.6277
MUT_117THR_120LEU_124LEU_161VAL_163TRP_216LEU_232GLU_bj1.pdb:LIG_270 -33.1988 1.93718 23.4329 0.24175 6.09137 -3.36474 -7.46323 0 0 -1.27419 -2.21893 0 0 0 0 0 0 0 0 2.22616 -13.5906
MUT_117THR_120LEU_124LEU_161VAL_163TRP_216LEU_232GLU_bj2.pdb:LIG_270 -33.1359 1.86465 23.399 0.21352 6.09853 -3.31379 -7.32928 0 0 -1.27977 -2.19267 0 0 0 0 0 0 0 0 2.13469 -13.541
MUT_117THR_120LEU_124LEU_161VAL_163TRP_216LEU_232GLU_bj3.pdb:LIG_270 -33.2596 1.9034 23.5136 0.21773 6.03777 -3.23726 -7.40774 0 0 -1.27177 -2.18673 0 0 0 0 0 0 0 0 2.19276 -13.4978
MUT_117THR_120LEU_124LEU_161VAL_163TRP_216LEU_232GLY_bj1.pdb:LIG_270 -36.1012 2.03359 24.2955 0.05274 5.35908 -3.74141 -6.98943 0 0 -1.88037 -1.34592 0 0 0 0 0 0 0 0 1.56417 -16.7533
MUT_117THR_120LEU_124LEU_161VAL_163TRP_216LEU_232GLY_bj2.pdb:LIG_270 -35.8475 2.12403 24.4665 0.05413 5.36938 -3.87075 -6.67409 0 0 -1.87614 -1.23941 0 0 0 0 0 0 0 0 1.33178 -16.1622
MUT_117THR_120LEU_124LEU_161VAL_163TRP_216LEU_232GLY_bj3.pdb:LIG_270 -36.1062 2.03762 24.2981 0.05274 5.35877 -3.74087 -6.98972 0 0 -1.88067 -1.34583 0 0 0 0 0 0 0 0 1.56481 -16.7512
MUT_117THR_120LEU_124LEU_161VAL_163TRP_216LEU_232ILE_bj1.pdb:LIG_270 -36.5417 3.16685 23.9005 0.07784 5.33246 -3.63976 -6.93239 0 0 -1.8738 -1.34796 0 0 0 0 0 0 0 0 1.95458 -15.9034
MUT_117THR_120LEU_124LEU_161VAL_163TRP_216LEU_232ILE_bj2.pdb:LIG_270 -36.5648 3.23207 23.8941 0.07888 5.32556 -3.64161 -6.92644 0 0 -1.87376 -1.34916 0 0 0 0 0 0 0 0 1.93686 -15.8883
MUT_117THR_120LEU_124LEU_161VAL_163TRP_216LEU_232ILE_bj3.pdb:LIG_270 -36.5646 3.23822 23.893 0.07886 5.32559 -3.6411 -6.93078 0 0 -1.8735 -1.34896 0 0 0 0 0 0 0 0 1.93759 -15.8857
MUT_117THR_120LEU_124LEU_161VAL_163TRP_216LEU_232LEU_bj1.pdb:LIG_270 -32.5001 2.04316 23.1431 0.25095 6.15226 -3.38088 -7.54909 0 0 -1.26455 -2.21472 0 0 0 0 0 0 0 0 1.97577 -13.344
MUT_117THR_120LEU_124LEU_161VAL_163TRP_216LEU_232LEU_bj2.pdb:LIG_270 -36.2397 1.50277 25.3747 0.05877 5.3174 -4.07288 -7.17391 0 0 -1.88149 -1.28681 0 0 0 0 0 0 0 0 1.13413 -17.2669
MUT_117THR_120LEU_124LEU_161VAL_163TRP_216LEU_232LEU_bj3.pdb:LIG_270 -35.4944 1.48994 24.5304 0.05219 5.24118 -3.96677 -6.53208 0 0 -1.8681 -1.3929 0 0 0 0 0 0 0 0 1.40964 -16.5308
MUT_117THR_120LEU_124LEU_161VAL_163TRP_216LEU_232LYS_bj1.pdb:LIG_270 -33.3651 1.99821 23.4693 0.23464 6.13239 -3.33342 -7.32921 0 0 -1.28014 -2.1902 0 0 0 0 0 0 0 0 2.16102 -13.5025
MUT_117THR_120LEU_124LEU_161VAL_163TRP_216LEU_232LYS_bj2.pdb:LIG_270 -33.3651 1.99821 23.4693 0.23464 6.13239 -3.33342 -7.32921 0 0 -1.28014 -2.1902 0 0 0 0 0 0 0 0 2.16102 -13.5025
MUT_117THR_120LEU_124LEU_161VAL_163TRP_216LEU_232LYS_bj3.pdb:LIG_270 -33.3203 2.02781 23.4779 0.2584 6.12606 -3.37637 -7.45746 0 0 -1.27582 -2.21553 0 0 0 0 0 0 0 0 2.21673 -13.5385
MUT_117THR_120LEU_124LEU_161VAL_163TRP_216LEU_232MET_bj1.pdb:LIG_270 -35.9435 2.96165 23.2819 0.06548 4.7288 -3.80631 -6.56212 0 0 -1.89078 -1.26203 0 0 0 0 0 0 0 0 1.187 -17.2399
MUT_117THR_120LEU_124LEU_161VAL_163TRP_216LEU_232MET_bj2.pdb:LIG_270 -36.025 3.00308 23.3073 0.06575 4.84117 -3.80555 -6.49488 0 0 -1.86864 -1.28166 0 0 0 0 0 0 0 0 1.37071 -16.8878
MUT_117THR_120LEU_124LEU_161VAL_163TRP_216LEU_232MET_bj3.pdb:LIG_270 -33.1145 1.85059 23.3731 0.20532 6.10789 -3.40153 -7.33992 0 0 -1.27508 -2.18246 0 0 0 0 0 0 0 0 2.14214 -13.6344
MUT_117THR_120LEU_124LEU_161VAL_163TRP_216LEU_232PRO_bj1.pdb:LIG_270 -36.4574 3.02173 23.7353 0.06652 5.63215 -3.73847 -6.57806 0 0 -1.85088 -1.2819 0 0 0 0 0 0 0 0 1.25479 -16.1962
MUT_117THR_120LEU_124LEU_161VAL_163TRP_216LEU_232PRO_bj2.pdb:LIG_270 -36.4604 3.0279 23.7381 0.06643 5.62876 -3.73837 -6.58006 0 0 -1.85083 -1.28012 0 0 0 0 0 0 0 0 1.25667 -16.1918
MUT_117THR_120LEU_124LEU_161VAL_163TRP_216LEU_232PRO_bj3.pdb:LIG_270 -33.1373 1.85234 23.3703 0.2184 6.10113 -3.31468 -7.32921 0 0 -1.27754 -2.1937 0 0 0 0 0 0 0 0 2.1534 -13.5569
MUT_117THR_120LEU_124LEU_161VAL_163TRP_216LEU_232SER_bj1.pdb:LIG_270 -36.3 2.78143 24.1493 0.06373 5.39257 -3.55166 -6.93168 0 0 -1.88086 -1.34107 0 0 0 0 0 0 0 0 1.87818 -15.74
MUT_117THR_120LEU_124LEU_161VAL_163TRP_216LEU_232SER_bj2.pdb:LIG_270 -36.3 2.78143 24.1493 0.06373 5.39257 -3.55166 -6.93168 0 0 -1.88086 -1.34107 0 0 0 0 0 0 0 0 1.87818 -15.74
MUT_117THR_120LEU_124LEU_161VAL_163TRP_216LEU_232SER_bj3.pdb:LIG_270 -33.1042 1.89762 23.405 0.18707 6.08176 -3.31038 -7.34894 0 0 -1.28147 -2.20781 0 0 0 0 0 0 0 0 2.07341 -13.608
MUT_117THR_120LEU_124LEU_161VAL_163TRP_216LEU_232THR_bj1.pdb:LIG_270 -36.2388 2.65161 23.7932 0.07472 5.72629 -3.91737 -6.78273 0 0 -1.84855 -1.04833 0 0 0 0 0 0 0 0 1.06024 -16.5297
MUT_117THR_120LEU_124LEU_161VAL_163TRP_216LEU_232THR_bj2.pdb:LIG_270 -36.4322 3.06569 24.1556 0.06591 5.42544 -3.54406 -6.91711 0 0 -1.88137 -1.34205 0 0 0 0 0 0 0 0 1.98217 -15.422
MUT_117THR_120LEU_124LEU_161VAL_163TRP_216LEU_232THR_bj3.pdb:LIG_270 -33.3608 1.91594 23.5598 0.23564 6.07632 -3.22708 -7.45962 0 0 -1.29104 -2.21667 0 0 0 0 0 0 0 0 2.24868 -13.5189
MUT_117THR_120LEU_124LEU_161VAL_163TRP_216LEU_232VAL_bj1.pdb:LIG_270 -33.3775 1.94739 23.4281 0.24289 6.09504 -3.34626 -7.33609 0 0 -1.2804 -2.19996 0 0 0 0 0 0 0 0 2.21514 -13.6117
MUT_117THR_120LEU_124LEU_161VAL_163TRP_216LEU_232VAL_bj2.pdb:LIG_270 -36.4173 3.06939 24.13 0.06643 5.43279 -3.53614 -6.91826 0 0 -1.88224 -1.342 0 0 0 0 0 0 0 0 2.039 -15.3583
MUT_117THR_120LEU_124LEU_161VAL_163TRP_216LEU_232VAL_bj3.pdb:LIG_270 -33.1047 2.26958 23.4354 0.23457 6.14718 -3.33277 -7.4153 0 0 -1.28101 -2.17582 0 0 0 0 0 0 0 0 2.26231 -12.9605
MUT_117THR_120LEU_124LEU_161VAL_163TRP_216LEU_bj1.pdb:LIG_270 -33.7773 3.19011 23.3872 0.23346 6.37943 -3.29001 -7.69105 0 0 -1.22995 -2.17516 0 0 0 0 0 0 0 0 2.63561 -12.3377
MUT_117THR_120LEU_124LEU_161VAL_163TRP_216LEU_bj2.pdb:LIG_270 -33.6454 2.93386 23.4338 0.22501 6.39117 -3.30706 -7.69353 0 0 -1.2342 -2.17493 0 0 0 0 0 0 0 0 2.49586 -12.5754
MUT_117THR_120LEU_124LEU_161VAL_163TRP_216LEU_bj3.pdb:LIG_270 -37.2487 2.5424 24.5369 0.12774 5.27845 -3.95248 -6.58093 0 0 -1.87716 -1.16287 0 0 0 0 0 0 0 0 1.48381 -16.8528
MUT_117THR_120LEU_124LEU_161VAL_163VAL_216LEU_232ALA_bj1.pdb:LIG_270 -34.8258 1.32073 24.4265 0.05201 5.3245 -3.90638 -6.58057 0 0 -1.8782 -1.32742 0 0 0 0 0 0 0 0 1.11789 -16.2767
MUT_117THR_120LEU_124LEU_161VAL_163VAL_216LEU_232ALA_bj2.pdb:LIG_270 -34.8258 1.32073 24.4265 0.05201 5.3245 -3.90638 -6.58057 0 0 -1.8782 -1.32742 0 0 0 0 0 0 0 0 1.11789 -16.2767
MUT_117THR_120LEU_124LEU_161VAL_163VAL_216LEU_232ALA_bj3.pdb:LIG_270 -34.9484 1.38847 24.4413 0.05062 5.25698 -3.9446 -6.32727 0 0 -1.87135 -1.25023 0 0 0 0 0 0 0 0 1.13824 -16.0662
MUT_117THR_120LEU_124LEU_161VAL_163VAL_216LEU_232CYS_bj1.pdb:LIG_270 -35.2741 1.24725 24.5949 0.05097 5.31958 -3.97603 -7.05189 0 0 -1.87083 -1.42458 0 0 0 0 0 0 0 0 0.85261 -17.5321
MUT_117THR_120LEU_124LEU_161VAL_163VAL_216LEU_232CYS_bj2.pdb:LIG_270 -35.2696 1.24431 24.6052 0.05117 5.32312 -3.97949 -7.05045 0 0 -1.87092 -1.42528 0 0 0 0 0 0 0 0 0.8386 -17.5333
MUT_117THR_120LEU_124LEU_161VAL_163VAL_216LEU_232CYS_bj3.pdb:LIG_270 -34.9287 1.34611 24.3844 0.05238 5.33636 -3.91623 -6.59835 0 0 -1.87765 -1.32327 0 0 0 0 0 0 0 0 1.08402 -16.4409
MUT_117THR_120LEU_124LEU_161VAL_163VAL_216LEU_232SER_bj1.pdb:LIG_270 -34.8218 1.32482 24.5015 0.05212 5.32714 -3.92498 -6.57818 0 0 -1.8783 -1.32542 0 0 0 0 0 0 0 0 1.1204 -16.2027
MUT_117THR_120LEU_124LEU_161VAL_163VAL_216LEU_232SER_bj2.pdb:LIG_270 -35.1614 1.2171 24.7165 0.05066 5.31058 -3.9748 -7.02003 0 0 -1.87097 -1.42266 0 0 0 0 0 0 0 0 0.88529 -17.2697
MUT_117THR_120LEU_124LEU_161VAL_163VAL_216LEU_232SER_bj3.pdb:LIG_270 -34.7981 1.34949 24.5559 0.05674 5.36945 -3.8632 -6.7973 0 0 -1.88231 -1.30308 0 0 0 0 0 0 0 0 1.09946 -16.2129
MUT_117THR_120LEU_124LEU_161VAL_163VAL_216LEU_232THR_bj1.pdb:LIG_270 -35.2218 1.21474 24.7163 0.05066 5.31172 -3.98448 -7.03034 0 0 -1.87062 -1.42425 0 0 0 0 0 0 0 0 0.88213 -17.356
MUT_117THR_120LEU_124LEU_161VAL_163VAL_216LEU_232THR_bj2.pdb:LIG_270 -34.8714 1.35271 24.5455 0.05703 5.37142 -3.87007 -6.81103 0 0 -1.88274 -1.30347 0 0 0 0 0 0 0 0 1.08822 -16.3239
MUT_117THR_120LEU_124LEU_161VAL_163VAL_216LEU_232THR_bj3.pdb:LIG_270 -34.8714 1.35271 24.5455 0.05703 5.37142 -3.87007 -6.81103 0 0 -1.88274 -1.30347 0 0 0 0 0 0 0 0 1.08822 -16.3239
MUT_117THR_120LEU_124LEU_161VAL_163VAL_216LEU_232VAL_bj1.pdb:LIG_270 -35.0334 1.39444 24.2809 0.05748 5.37107 -3.86921 -6.83075 0 0 -1.8825 -1.30224 0 0 0 0 0 0 0 0 1.09527 -16.7189
MUT_117THR_120LEU_124LEU_161VAL_163VAL_216LEU_232VAL_bj2.pdb:LIG_270 -34.985 1.35359 24.351 0.05734 5.36008 -3.86933 -6.84111 0 0 -1.88226 -1.30288 0 0 0 0 0 0 0 0 1.05794 -16.7007
MUT_117THR_120LEU_124LEU_161VAL_163VAL_216LEU_232VAL_bj3.pdb:LIG_270 -35.3863 1.21076 24.4921 0.05148 5.30594 -4.01313 -7.04775 0 0 -1.86973 -1.42515 0 0 0 0 0 0 0 0 0.84555 -17.8363
MUT_117THR_120LEU_124LEU_161VAL_163VAL_216LEU_bj1.pdb:LIG_270 -37.4249 2.56961 24.0615 0.08256 5.22997 -3.97295 -6.81912 0 0 -1.8723 -1.25835 0 0 0 0 0 0 0 0 1.24026 -18.1637
MUT_117THR_120LEU_124LEU_161VAL_163VAL_216LEU_bj2.pdb:LIG_270 -37.4296 2.57644 24.0577 0.08263 5.22975 -3.97358 -6.82314 0 0 -1.87192 -1.26084 0 0 0 0 0 0 0 0 1.24082 -18.1717
MUT_117THR_120LEU_124LEU_161VAL_163VAL_216LEU_bj3.pdb:LIG_270 -37.4244 2.57648 24.0563 0.08269 5.23035 -3.97337 -6.82352 0 0 -1.87243 -1.25901 0 0 0 0 0 0 0 0 1.24701 -18.1599
MUT_120CYS_124VAL_161GLN_163CYS_216CYS_bj1.pdb:LIG_270 -34.7489 1.16379 23.8929 0.05975 5.03709 -4.19602 -6.87772 0 0 -1.83055 -0.722 0 0 0 0 0 0 0 0 1.21828 -17.0034
MUT_120CYS_124VAL_161GLN_163CYS_216CYS_bj2.pdb:LIG_270 -34.7825 1.17125 23.9268 0.05929 5.07059 -4.19914 -6.88002 0 0 -1.82958 -0.72321 0 0 0 0 0 0 0 0 1.20102 -16.9855
MUT_120CYS_124VAL_161GLN_163CYS_216CYS_bj3.pdb:LIG_270 -34.7825 1.17125 23.9268 0.05929 5.07059 -4.19914 -6.88002 0 0 -1.82958 -0.72321 0 0 0 0 0 0 0 0 1.20102 -16.9855
MUT_120ILE_121PHE_122TYR_123ASN_124TYR_163PHE_bj1.pdb:LIG_270 -34.9522 2.27747 21.9266 0.12714 5.92583 -3.85803 -6.33355 0 0 -1.9029 -0.69573 0 0 0 0 0 0 0 0 1.42473 -16.0606
MUT_120ILE_121PHE_122TYR_123ASN_124TYR_163PHE_bj2.pdb:LIG_270 -34.9691 2.22002 21.9729 0.14842 5.9618 -3.89863 -6.32892 0 0 -1.90685 -0.69802 0 0 0 0 0 0 0 0 1.47455 -16.0238
MUT_120ILE_121PHE_122TYR_123ASN_124TYR_163PHE_bj3.pdb:LIG_270 -31.8612 1.67472 21.6548 0.31524 6.18139 -3.73036 -6.64421 0 0 -1.73442 -1.06488 0 0 0 0 0 0 0 0 1.28901 -13.9199
MUT_120ILE_121PHE_124ALA_161ASN_163PHE_199TYR_bj1.pdb:LIG_270 -36.4199 2.11424 23.9954 0.16553 5.46185 -3.8156 -6.75158 0 0 -1.88067 -1.47229 0 0 0 0 0 0 0 0 1.3035 -17.2995
MUT_120ILE_121PHE_124ALA_161ASN_163PHE_199TYR_bj2.pdb:LIG_270 -37.0663 1.84559 25.1574 0.08121 5.26426 -4.09621 -6.961 0 0 -1.88125 -1.50464 0 0 0 0 0 0 0 0 1.37605 -17.7849
MUT_120ILE_121PHE_124ALA_161ASN_163PHE_199TYR_bj3.pdb:LIG_270 -36.9368 1.82549 24.7382 0.07526 5.13594 -4.10783 -7.38692 0 0 -1.86597 -1.21221 0 0 0 0 0 0 0 0 1.69747 -18.0374
MUT_120LEU_121ALA_124LEU_161ASN_163CYS_199TYR_bj1.pdb:LIG_270 -35.2966 1.59905 24.6448 0.11328 5.2038 -3.79679 -6.61014 0 0 -1.8662 -1.45498 0 0 0 0 0 0 0 0 1.38801 -16.0757
MUT_120LEU_121ALA_124LEU_161ASN_163CYS_199TYR_bj2.pdb:LIG_270 -36.0316 1.32546 25.7827 0.06431 5.09022 -4.14011 -6.81317 0 0 -1.86398 -1.45886 0 0 0 0 0 0 0 0 1.24739 -16.7977
MUT_120LEU_121ALA_124LEU_161ASN_163CYS_199TYR_bj3.pdb:LIG_270 -35.8243 1.56378 25.1259 0.10642 5.0636 -3.64636 -7.00166 0 0 -1.85215 -2.22804 0 0 0 0 0 0 0 0 1.59463 -17.0982
MUT_120LEU_121ALA_124LEU_161ASN_163CYS_bj1.pdb:LIG_270 -34.592 1.69355 23.529 0.17193 5.3777 -3.97777 -6.2063 0 0 -1.87917 -0.64732 0 0 0 0 0 0 0 0 1.29775 -15.2327
MUT_120LEU_121ALA_124LEU_161ASN_163CYS_bj2.pdb:LIG_270 -34.5885 1.69702 23.5279 0.17066 5.37577 -3.97917 -6.20733 0 0 -1.87971 -0.6463 0 0 0 0 0 0 0 0 1.29445 -15.2353
MUT_120LEU_121ALA_124LEU_161ASN_163CYS_bj3.pdb:LIG_270 -34.5889 1.69518 23.5332 0.17155 5.37457 -3.97831 -6.20765 0 0 -1.87939 -0.64679 0 0 0 0 0 0 0 0 1.29223 -15.2343
MUT_120LEU_121ALA_161ASN_163ALA_199TYR_bj1.pdb:LIG_270 -34.2141 1.70721 23.8442 0.12417 5.57086 -4.24304 -6.18475 0 0 -1.89302 -0.70219 0 0 0 0 0 0 0 0 1.1499 -14.8407
MUT_120LEU_121ALA_161ASN_163ALA_199TYR_bj2.pdb:LIG_270 -34.8174 2.03066 24.2926 0.14055 5.29792 -3.94295 -6.70191 0 0 -1.88026 -1.44096 0 0 0 0 0 0 0 0 1.41149 -15.6103
MUT_120LEU_121ALA_161ASN_163ALA_199TYR_bj3.pdb:LIG_270 -34.5775 2.03234 24.1876 0.11736 5.47029 -4.00376 -6.48476 0 0 -1.88606 -1.46879 0 0 0 0 0 0 0 0 1.19854 -15.4148
MUT_120LEU_121CYS_124LEU_161ASN_163SER_216CYS_bj1.pdb:LIG_270 -33.923 1.44645 24.2595 0.09248 5.38482 -3.95078 -6.24409 0 0 -1.8838 -0.6256 0 0 0 0 0 0 0 0 1.43181 -14.0122
MUT_120LEU_121CYS_124LEU_161ASN_163SER_216CYS_bj2.pdb:LIG_270 -35.1313 1.35543 25.5539 0.06769 5.19444 -4.0712 -6.59301 0 0 -1.87533 -1.51707 0 0 0 0 0 0 0 0 1.24347 -15.773
MUT_120LEU_121CYS_124LEU_161ASN_163SER_216CYS_bj3.pdb:LIG_270 -33.9107 1.47166 24.1592 0.13083 5.31714 -3.96033 -6.20624 0 0 -1.87685 -0.63915 0 0 0 0 0 0 0 0 1.27995 -14.2345
MUT_120LEU_121CYS_124LEU_161GLN_163CYS_216CYS_bj1.pdb:LIG_270 -35.2326 1.70365 24.6029 0.14188 5.29447 -4.2616 -6.00622 0 0 -1.87566 -0.64538 0 0 0 0 0 0 0 0 1.25077 -15.0278
MUT_120LEU_121CYS_124LEU_161GLN_163CYS_216CYS_bj2.pdb:LIG_270 -35.2185 1.68072 24.6479 0.14099 5.2632 -4.28855 -5.9901 0 0 -1.87325 -0.64189 0 0 0 0 0 0 0 0 1.28447 -14.995
MUT_120LEU_121CYS_124LEU_161GLN_163CYS_216CYS_bj3.pdb:LIG_270 -35.5012 1.49731 24.7044 0.1435 5.10495 -3.99331 -6.29264 0 0 -1.87985 -0.63848 0 0 0 0 0 0 0 0 1.21119 -15.6441
MUT_120LEU_121GLY_124LEU_161ASN_163ALA_220ARG_bj1.pdb:LIG_270 -34.1402 1.79067 23.516 0.16098 5.38133 -4.02585 -6.24164 0 0 -1.88055 -0.65455 0 0 0 0 0 0 0 0 1.1518 -14.942
MUT_120LEU_121GLY_124LEU_161ASN_163ALA_220ARG_bj2.pdb:LIG_270 -34.1428 1.78974 23.5171 0.16158 5.38324 -4.02436 -6.23582 0 0 -1.88036 -0.65507 0 0 0 0 0 0 0 0 1.14682 -14.94
MUT_120LEU_121GLY_124LEU_161ASN_163ALA_220ARG_bj3.pdb:LIG_270 -34.1386 1.79411 23.5143 0.16091 5.38119 -4.02627 -6.24215 0 0 -1.88017 -0.65439 0 0 0 0 0 0 0 0 1.1442 -14.9469
MUT_120LEU_121GLY_124LEU_161ASN_163CYS_220ARG_bj1.pdb:LIG_270 -34.5139 1.73513 23.604 0.15937 5.3872 -3.9582 -6.22901 0 0 -1.88457 -0.64432 0 0 0 0 0 0 0 0 1.23085 -15.1134
MUT_120LEU_121GLY_124LEU_161ASN_163CYS_220ARG_bj2.pdb:LIG_270 -34.495 1.73184 23.6319 0.16978 5.37741 -3.975 -6.2226 0 0 -1.87941 -0.64955 0 0 0 0 0 0 0 0 1.22066 -15.09
MUT_120LEU_121GLY_124LEU_161ASN_163CYS_220ARG_bj3.pdb:LIG_270 -35.9544 1.45083 25.2899 0.06047 5.03033 -3.99158 -6.61431 0 0 -1.86772 -1.40206 0 0 0 0 0 0 0 0 1.22765 -16.7709
MUT_120LEU_121GLY_124LEU_161ASN_163CYS_bj1.pdb:LIG_270 -34.5153 1.70264 23.72 0.11766 5.43508 -3.95549 -6.24722 0 0 -1.88567 -0.6377 0 0 0 0 0 0 0 0 1.42048 -14.8455
MUT_120LEU_121GLY_124LEU_161ASN_163CYS_bj2.pdb:LIG_270 -34.5153 1.70264 23.72 0.11766 5.43508 -3.95549 -6.24722 0 0 -1.88567 -0.6377 0 0 0 0 0 0 0 0 1.42048 -14.8455
MUT_120LEU_121GLY_124LEU_161ASN_163CYS_bj3.pdb:LIG_270 -34.7818 1.70452 23.8059 0.16875 5.20816 -3.98982 -6.42225 0 0 -1.8787 -0.63683 0 0 0 0 0 0 0 0 1.33424 -15.4879
MUT_120LEU_121GLY_124LEU_161ASN_163PHE_bj1.pdb:LIG_270 -34.6169 2.03286 22.9255 0.07197 5.10669 -3.781 -6.18739 0 0 -1.84291 -1.22897 0 0 0 0 0 0 0 0 2.35622 -15.164
MUT_120LEU_121GLY_124LEU_161ASN_163PHE_bj2.pdb:LIG_270 -34.6167 2.03293 22.9244 0.07217 5.10698 -3.77947 -6.18952 0 0 -1.84217 -1.23144 0 0 0 0 0 0 0 0 2.36144 -15.1614
MUT_120LEU_121GLY_124LEU_161ASN_163PHE_bj3.pdb:LIG_270 -34.6121 2.02958 22.9206 0.07229 5.10474 -3.77838 -6.18622 0 0 -1.84315 -1.22768 0 0 0 0 0 0 0 0 2.36056 -15.1598
MUT_120LEU_121GLY_124LEU_161ASN_163SER_bj1.pdb:LIG_270 -35.2 1.4602 25.5142 0.06468 5.21858 -4.05587 -6.59448 0 0 -1.87783 -1.5095 0 0 0 0 0 0 0 0 1.21242 -15.7675
MUT_120LEU_121GLY_124LEU_161ASN_163SER_bj2.pdb:LIG_270 -34.1399 1.69362 24.1415 0.10602 5.49294 -4.01194 -6.29487 0 0 -1.88856 -0.64814 0 0 0 0 0 0 0 0 1.30998 -14.2393
MUT_120LEU_121GLY_124LEU_161ASN_163SER_bj3.pdb:LIG_270 -35.1284 1.42394 25.3947 0.06265 5.24536 -4.04561 -6.6174 0 0 -1.88683 -1.49038 0 0 0 0 0 0 0 0 1.22562 -15.8164
MUT_120LEU_121LEU_124ALA_161ASN_163SER_bj1.pdb:LIG_270 -34.5598 1.69447 23.9102 0.17344 5.41411 -3.97618 -6.25277 0 0 -1.88216 -0.65299 0 0 0 0 0 0 0 0 1.20462 -14.9271
MUT_120LEU_121LEU_124ALA_161ASN_163SER_bj2.pdb:LIG_270 -35.5908 1.44304 25.4117 0.05759 5.15927 -3.98609 -6.60147 0 0 -1.87866 -1.49347 0 0 0 0 0 0 0 0 1.15585 -16.3231
MUT_120LEU_121LEU_124ALA_161ASN_163SER_bj3.pdb:LIG_270 -34.5598 1.69506 23.9109 0.17396 5.41527 -3.97682 -6.25002 0 0 -1.88128 -0.65301 0 0 0 0 0 0 0 0 1.20031 -14.9255
MUT_120LEU_121MET_124GLY_161ASN_163ALA_199TYR_bj1.pdb:LIG_270 -35.0448 1.4163 24.5025 0.08306 5.45463 -4.21377 -6.52722 0 0 -1.8916 -1.46656 0 0 0 0 0 0 0 0 0.91044 -16.777
MUT_120LEU_121MET_124GLY_161ASN_163ALA_199TYR_bj2.pdb:LIG_270 -34.923 1.82386 24.2556 0.10599 5.35993 -3.86225 -6.46424 0 0 -1.8778 -1.47062 0 0 0 0 0 0 0 0 1.12228 -15.9303
MUT_120LEU_121MET_124GLY_161ASN_163ALA_199TYR_bj3.pdb:LIG_270 -35.0447 1.4155 24.5036 0.08324 5.45377 -4.21219 -6.5274 0 0 -1.89258 -1.4678 0 0 0 0 0 0 0 0 0.91202 -16.7766
MUT_120LEU_121MET_124GLY_161ASN_163ALA_bj1.pdb:LIG_270 -35.4431 1.41446 24.8956 0.06065 5.13621 -4.0347 -6.52337 0 0 -1.86767 -1.49904 0 0 0 0 0 0 0 0 1.28437 -16.5766
MUT_120LEU_121MET_124GLY_161ASN_163ALA_bj2.pdb:LIG_270 -34.6081 1.76616 23.4681 0.15561 5.39573 -3.92689 -6.21647 0 0 -1.8828 -0.65394 0 0 0 0 0 0 0 0 1.17049 -15.3321
MUT_120LEU_121MET_124GLY_161ASN_163ALA_bj3.pdb:LIG_270 -34.5999 1.76453 23.4741 0.15525 5.39343 -3.92964 -6.21784 0 0 -1.88216 -0.65411 0 0 0 0 0 0 0 0 1.1802 -15.3161
MUT_120LEU_121PHE_124ALA_161ASN_163THR_199TYR_220ALA_230GLU_bj1.pdb:LIG_270 -36.597 1.40085 25.5965 0.06141 5.10867 -4.14312 -6.83134 0 0 -1.86923 -1.46711 0 0 0 0 0 0 0 0 1.28869 -17.4518
MUT_120LEU_121PHE_124ALA_161ASN_163THR_199TYR_220ALA_230GLU_bj2.pdb:LIG_270 -35.5362 1.92847 24.3619 0.12077 5.46752 -3.81749 -6.43193 0 0 -1.88742 -1.48294 0 0 0 0 0 0 0 0 1.17245 -16.1048
MUT_120LEU_121PHE_124ALA_161ASN_163THR_199TYR_220ALA_230GLU_bj3.pdb:LIG_270 -35.85 1.98138 24.4909 0.11058 5.33361 -3.89273 -6.58708 0 0 -1.87668 -1.47456 0 0 0 0 0 0 0 0 1.23942 -16.5252
MUT_120LEU_121PHE_124ALA_161ASN_163THR_bj1.pdb:LIG_270 -35.2115 1.86372 23.6808 0.10537 5.59783 -3.88162 -6.28292 0 0 -1.897 -0.65609 0 0 0 0 0 0 0 0 1.29601 -15.3854
MUT_120LEU_121PHE_124ALA_161ASN_163THR_bj2.pdb:LIG_270 -35.5675 1.86271 23.7853 0.17123 5.2999 -3.88006 -6.46068 0 0 -1.888 -0.65164 0 0 0 0 0 0 0 0 1.28613 -16.0426
MUT_120LEU_121PHE_124ALA_161ASN_163THR_bj3.pdb:LIG_270 -35.2182 1.86224 23.686 0.10547 5.59472 -3.87975 -6.28465 0 0 -1.89721 -0.65602 0 0 0 0 0 0 0 0 1.30129 -15.3861
MUT_120LEU_124ALA_161ASN_163ALA_bj1.pdb:LIG_270 -34.8965 1.64487 23.3264 0.20163 5.32363 -3.96199 -6.34246 0 0 -1.87536 -0.6418 0 0 0 0 0 0 0 0 1.30333 -15.9183
MUT_120LEU_124ALA_161ASN_163ALA_bj2.pdb:LIG_270 -34.8887 1.63952 23.3201 0.20072 5.32666 -3.96005 -6.33845 0 0 -1.87495 -0.64206 0 0 0 0 0 0 0 0 1.29716 -15.9201
MUT_120LEU_124ALA_161ASN_163ALA_bj3.pdb:LIG_270 -34.8858 1.64179 23.3186 0.19967 5.32562 -3.96054 -6.34377 0 0 -1.87412 -0.64172 0 0 0 0 0 0 0 0 1.29885 -15.9214
MUT_120LEU_124ALA_161ASN_163CYS_199TYR_bj1.pdb:LIG_270 -36.2326 1.54511 25.014 0.11766 5.25467 -3.73183 -6.81966 0 0 -1.87238 -2.1499 0 0 0 0 0 0 0 0 1.5494 -17.3256
MUT_120LEU_124ALA_161ASN_163CYS_199TYR_bj2.pdb:LIG_270 -36.452 1.30357 25.6147 0.06293 5.07711 -4.11849 -6.89919 0 0 -1.86115 -1.48447 0 0 0 0 0 0 0 0 1.33562 -17.4214
MUT_120LEU_124ALA_161ASN_163CYS_199TYR_bj3.pdb:LIG_270 -36.2258 1.54258 25.0148 0.11734 5.25564 -3.73153 -6.81993 0 0 -1.87187 -2.14901 0 0 0 0 0 0 0 0 1.55033 -17.3175
MUT_120LEU_124ALA_161ASN_163CYS_230GLU_bj1.pdb:LIG_270 -35.8354 1.69975 24.1532 0.07006 4.77795 -3.86859 -6.37323 0 0 -1.83274 -0.72203 0 0 0 0 0 0 0 0 1.70199 -16.2291
MUT_120LEU_124ALA_161ASN_163CYS_230GLU_bj2.pdb:LIG_270 -35.8699 1.72297 24.1671 0.06947 4.80583 -3.8593 -6.39521 0 0 -1.8318 -0.72471 0 0 0 0 0 0 0 0 1.6954 -16.2201
MUT_120LEU_124ALA_161ASN_163CYS_230GLU_bj3.pdb:LIG_270 -35.855 1.70587 24.1631 0.06975 4.79133 -3.86498 -6.37752 0 0 -1.83118 -0.72331 0 0 0 0 0 0 0 0 1.69941 -16.2225
MUT_120LEU_124ALA_161ASN_163CYS_bj1.pdb:LIG_270 -35.3289 1.63831 23.5133 0.18405 5.31692 -3.94312 -6.33121 0 0 -1.87459 -0.64302 0 0 0 0 0 0 0 0 1.27917 -16.1891
MUT_120LEU_124ALA_161ASN_163CYS_bj2.pdb:LIG_270 -35.3367 1.6398 23.5162 0.18438 5.3154 -3.94451 -6.32891 0 0 -1.87502 -0.64291 0 0 0 0 0 0 0 0 1.27694 -16.1952
MUT_120LEU_124ALA_161ASN_163CYS_bj3.pdb:LIG_270 -36.227 1.36556 24.9393 0.06241 5.08059 -4.03373 -6.64421 0 0 -1.85862 -1.46838 0 0 0 0 0 0 0 0 1.34565 -17.4385
MUT_120LEU_124ALA_161ASN_163ILE_199TYR_bj1.pdb:LIG_270 -33.5513 1.97698 23.6071 0.12982 6.6212 -4.01399 -6.91221 0 0 -1.94973 -1.39731 0 0 0 0 0 0 0 0 1.16892 -14.3205
MUT_120LEU_124ALA_161ASN_163ILE_199TYR_bj2.pdb:LIG_270 -34.0616 2.7724 23.6858 0.1956 6.50847 -4.00468 -6.34108 0 0 -1.94412 -0.67239 0 0 0 0 0 0 0 0 1.46109 -12.4006
MUT_120LEU_124ALA_161ASN_163ILE_199TYR_bj3.pdb:LIG_270 -33.5513 1.97698 23.6071 0.12982 6.6212 -4.01399 -6.91221 0 0 -1.94973 -1.39731 0 0 0 0 0 0 0 0 1.16892 -14.3205
MUT_120LEU_124ALA_161ASN_163PHE_199TYR_250ARG_bj1.pdb:LIG_270 -36.0066 1.75533 24.1177 0.15177 5.43139 -3.84563 -6.63658 0 0 -1.86863 -1.47071 0 0 0 0 0 0 0 0 1.24676 -17.1252
MUT_120LEU_124ALA_161ASN_163PHE_199TYR_250ARG_bj2.pdb:LIG_270 -35.9769 1.76344 24.0955 0.12919 5.4698 -3.87866 -6.58867 0 0 -1.87564 -1.45322 0 0 0 0 0 0 0 0 1.20247 -17.1128
MUT_120LEU_124ALA_161ASN_163PHE_199TYR_250ARG_bj3.pdb:LIG_270 -35.9621 1.73435 24.1099 0.12157 5.46661 -3.86338 -6.5955 0 0 -1.87474 -1.4492 0 0 0 0 0 0 0 0 1.21949 -17.093
MUT_120LEU_124ALA_161ASN_163PHE_199TYR_bj1.pdb:LIG_270 -35.8984 1.44617 24.3777 0.10142 5.55459 -4.24666 -6.69432 0 0 -1.89937 -1.47982 0 0 0 0 0 0 0 0 0.9466 -17.792
MUT_120LEU_124ALA_161ASN_163PHE_199TYR_bj2.pdb:LIG_270 -35.8066 1.33003 24.212 0.06338 4.71581 -3.88411 -6.98909 0 0 -1.87669 -1.35722 0 0 0 0 0 0 0 0 1.09785 -18.4946
MUT_120LEU_124ALA_161ASN_163PHE_199TYR_bj3.pdb:LIG_270 -36.0033 1.78122 24.1624 0.15135 5.41499 -3.87109 -6.65003 0 0 -1.8801 -1.47095 0 0 0 0 0 0 0 0 1.22061 -17.1449
MUT_120LEU_124ALA_161ASN_163PHE_bj1.pdb:LIG_270 -35.6486 1.75935 23.2746 0.20475 5.45855 -3.94324 -6.42186 0 0 -1.88301 -0.65491 0 0 0 0 0 0 0 0 1.27498 -16.5794
MUT_120LEU_124ALA_161ASN_163PHE_bj2.pdb:LIG_270 -35.6502 1.75869 23.2747 0.20458 5.45869 -3.94452 -6.41935 0 0 -1.88258 -0.65459 0 0 0 0 0 0 0 0 1.27445 -16.5802
MUT_120LEU_124ALA_161ASN_163PHE_bj3.pdb:LIG_270 -35.6568 1.7659 23.2801 0.20366 5.46029 -3.94306 -6.42316 0 0 -1.88253 -0.65512 0 0 0 0 0 0 0 0 1.26473 -16.5861
MUT_120LEU_124ALA_161ASN_163SER_199TYR_bj1.pdb:LIG_270 -35.228 1.63652 24.6508 0.14108 5.36456 -3.88843 -6.57964 0 0 -1.87765 -1.47028 0 0 0 0 0 0 0 0 1.18476 -16.0663
MUT_120LEU_124ALA_161ASN_163SER_199TYR_bj2.pdb:LIG_270 -35.222 1.63457 24.6476 0.14079 5.36375 -3.89061 -6.57808 0 0 -1.87748 -1.46957 0 0 0 0 0 0 0 0 1.18793 -16.0631
MUT_120LEU_124ALA_161ASN_163SER_199TYR_bj3.pdb:LIG_270 -35.2135 1.63564 24.6499 0.14065 5.36695 -3.88912 -6.57612 0 0 -1.87686 -1.46908 0 0 0 0 0 0 0 0 1.17237 -16.0592
MUT_120LEU_124ALA_161ASN_163SER_216CYS_bj1.pdb:LIG_270 -34.6028 1.46925 24.2532 0.18306 5.17437 -3.99398 -6.48532 0 0 -1.87551 -0.62953 0 0 0 0 0 0 0 0 1.31159 -15.1956
MUT_120LEU_124ALA_161ASN_163SER_216CYS_bj2.pdb:LIG_270 -34.3252 1.49318 24.0646 0.17345 5.35789 -3.96955 -6.31012 0 0 -1.87832 -0.64442 0 0 0 0 0 0 0 0 1.23541 -14.8031
MUT_120LEU_124ALA_161ASN_163SER_216CYS_bj3.pdb:LIG_270 -34.5863 1.4673 24.2412 0.18036 5.17788 -3.99342 -6.48472 0 0 -1.87513 -0.63033 0 0 0 0 0 0 0 0 1.29086 -15.2123
MUT_120LEU_124ALA_161ASN_163SER_bj1.pdb:LIG_270 -34.8556 1.60014 23.7617 0.20575 5.38816 -3.97817 -6.30939 0 0 -1.87844 -0.64833 0 0 0 0 0 0 0 0 1.27283 -15.4413
MUT_120LEU_124ALA_161ASN_163SER_bj2.pdb:LIG_270 -34.8722 1.6104 23.7498 0.20465 5.39156 -3.977 -6.31265 0 0 -1.87849 -0.64848 0 0 0 0 0 0 0 0 1.26341 -15.469
MUT_120LEU_124ALA_161ASN_163SER_bj3.pdb:LIG_270 -34.8858 1.61185 23.7491 0.20358 5.39319 -3.97386 -6.31286 0 0 -1.87899 -0.64888 0 0 0 0 0 0 0 0 1.25603 -15.4867
MUT_120LEU_124ALA_161ASN_163THR_bj1.pdb:LIG_270 -35.2206 1.66182 23.6104 0.17839 5.39681 -3.96244 -6.28924 0 0 -1.87946 -0.65151 0 0 0 0 0 0 0 0 1.21576 -15.94
MUT_120LEU_124ALA_161ASN_163THR_bj2.pdb:LIG_270 -35.2187 1.665 23.6124 0.17898 5.39044 -3.96248 -6.29132 0 0 -1.87909 -0.65097 0 0 0 0 0 0 0 0 1.2178 -15.938
MUT_120LEU_124ALA_161ASN_163THR_bj3.pdb:LIG_270 -35.2209 1.66368 23.6121 0.17905 5.39038 -3.96332 -6.29138 0 0 -1.8798 -0.65104 0 0 0 0 0 0 0 0 1.22108 -15.9402
MUT_120LEU_124ALA_161ASN_163VAL_199TYR_bj1.pdb:LIG_270 -35.7225 1.69928 24.0428 0.10546 5.35338 -3.81875 -6.6296 0 0 -1.87738 -1.46245 0 0 0 0 0 0 0 0 1.16731 -17.1425
MUT_120LEU_124ALA_161ASN_163VAL_199TYR_bj2.pdb:LIG_270 -35.7225 1.69928 24.0428 0.10546 5.35338 -3.81875 -6.6296 0 0 -1.87738 -1.46245 0 0 0 0 0 0 0 0 1.16731 -17.1425
MUT_120LEU_124ALA_161ASN_163VAL_199TYR_bj3.pdb:LIG_270 -35.7379 1.68813 24.0561 0.10281 5.35436 -3.80565 -6.63284 0 0 -1.87536 -1.45832 0 0 0 0 0 0 0 0 1.17121 -17.1375
MUT_120LEU_124ALA_161ASN_163VAL_bj1.pdb:LIG_270 -35.4448 1.675 23.2111 0.14872 5.36128 -3.92955 -6.36134 0 0 -1.87984 -0.6517 0 0 0 0 0 0 0 0 1.20435 -16.6668
MUT_120LEU_124ALA_161ASN_163VAL_bj2.pdb:LIG_270 -35.4352 1.67302 23.2072 0.14732 5.37201 -3.93011 -6.36604 0 0 -1.87901 -0.65249 0 0 0 0 0 0 0 0 1.19921 -16.6641
MUT_120LEU_124ALA_161ASN_163VAL_bj3.pdb:LIG_270 -35.4345 1.67222 23.2082 0.14924 5.36298 -3.93098 -6.36337 0 0 -1.87979 -0.65147 0 0 0 0 0 0 0 0 1.20282 -16.6646
MUT_120LEU_124ALA_161GLN_163CYS_216CYS_bj1.pdb:LIG_270 -35.5212 1.72203 24.5723 0.13328 5.28844 -4.21439 -6.15501 0 0 -1.8742 -0.64777 0 0 0 0 0 0 0 0 1.22051 -15.476
MUT_120LEU_124ALA_161GLN_163CYS_216CYS_bj2.pdb:LIG_270 -35.5282 1.72602 24.5769 0.13395 5.2853 -4.21718 -6.15408 0 0 -1.8742 -0.6476 0 0 0 0 0 0 0 0 1.22086 -15.4783
MUT_120LEU_124ALA_161GLN_163CYS_216CYS_bj3.pdb:LIG_270 -35.5326 1.72369 24.5837 0.13449 5.28697 -4.22027 -6.14808 0 0 -1.87486 -0.64841 0 0 0 0 0 0 0 0 1.22899 -15.4664
MUT_120LEU_124LEU_161ASN_163CYS_199TRP_bj1.pdb:LIG_270 -36.6314 1.89036 24.0057 0.20088 5.14185 -4.14058 -6.49206 0 0 -1.86663 -0.68158 0 0 0 0 0 0 0 0 1.45741 -17.116
MUT_120LEU_124LEU_161ASN_163CYS_199TRP_bj2.pdb:LIG_270 -36.6565 1.93183 24.0333 0.18568 5.13968 -4.15415 -6.5032 0 0 -1.86478 -0.67806 0 0 0 0 0 0 0 0 1.51205 -17.0542
MUT_120LEU_124LEU_161ASN_163CYS_199TRP_bj3.pdb:LIG_270 -36.6359 1.88946 24.0089 0.20166 5.14278 -4.14057 -6.49197 0 0 -1.86627 -0.68152 0 0 0 0 0 0 0 0 1.46003 -17.1134
MUT_120LEU_124LEU_161ASN_163CYS_199TYR_bj1.pdb:LIG_270 -36.6982 1.91958 24.9051 0.13098 5.29487 -3.82625 -6.82243 0 0 -1.85297 -2.19274 0 0 0 0 0 0 0 0 1.69776 -17.4443
MUT_120LEU_124LEU_161ASN_163CYS_199TYR_bj2.pdb:LIG_270 -36.6861 1.56362 24.855 0.11809 5.05754 -3.65104 -7.11994 0 0 -1.85085 -2.24537 0 0 0 0 0 0 0 0 1.61046 -18.3485
MUT_120LEU_124LEU_161ASN_163CYS_199TYR_bj3.pdb:LIG_270 -36.0149 1.69829 24.2 0.13347 5.27998 -3.86097 -6.6016 0 0 -1.87294 -1.46475 0 0 0 0 0 0 0 0 1.23143 -17.272
MUT_120LEU_124LEU_161ASN_163CYS_bj1.pdb:LIG_270 -35.7256 1.72897 23.3152 0.17921 5.30815 -3.9756 -6.3244 0 0 -1.87458 -0.64362 0 0 0 0 0 0 0 0 1.26106 -16.7512
MUT_120LEU_124LEU_161ASN_163CYS_bj2.pdb:LIG_270 -36.3199 1.81889 24.0396 0.10775 4.85214 -3.88104 -6.41091 0 0 -1.83497 -0.72869 0 0 0 0 0 0 0 0 1.56597 -16.7912
MUT_120LEU_124LEU_161ASN_163CYS_bj3.pdb:LIG_270 -36.0475 1.6498 23.8064 0.1365 5.18092 -3.94778 -6.61247 0 0 -1.84384 -1.30622 0 0 0 0 0 0 0 0 1.89903 -17.0852
MUT_120LEU_124LEU_161ASN_163PHE_199TRP_bj1.pdb:LIG_270 -36.4517 2.47255 23.658 0.2376 5.48065 -4.01718 -6.5216 0 0 -1.87527 -0.68617 0 0 0 0 0 0 0 0 1.69689 -16.0062
MUT_120LEU_124LEU_161ASN_163PHE_199TRP_bj2.pdb:LIG_270 -36.501 2.64249 23.3267 0.08878 5.44666 -4.06895 -6.0387 0 0 -1.89079 -0.67381 0 0 0 0 0 0 0 0 1.40885 -16.2598
MUT_120LEU_124LEU_161ASN_163PHE_199TRP_bj3.pdb:LIG_270 -35.9051 1.9313 23.1454 0.11228 5.76564 -4.27368 -6.37932 0 0 -1.89019 -0.67757 0 0 0 0 0 0 0 0 1.31294 -16.8583
MUT_120LEU_124LEU_161ASN_163PHE_bj1.pdb:LIG_270 -36.2918 2.50249 23.2241 0.08707 5.56694 -3.78869 -6.14387 0 0 -1.88597 -1.26635 0 0 0 0 0 0 0 0 1.64065 -16.3554
MUT_120LEU_124LEU_161ASN_163PHE_bj2.pdb:LIG_270 -36.4333 2.53655 23.4371 0.09307 5.41787 -3.88278 -6.10272 0 0 -1.86731 -1.31999 0 0 0 0 0 0 0 0 1.54319 -16.5784
MUT_120LEU_124LEU_161ASN_163PHE_bj3.pdb:LIG_270 -36.2861 2.47853 23.2331 0.08805 5.54778 -3.71604 -6.18669 0 0 -1.88185 -1.28436 0 0 0 0 0 0 0 0 1.72566 -16.2819
MUT_120LEU_124LEU_161ASN_163SER_bj1.pdb:LIG_270 -36.351 1.48957 25.3034 0.05713 5.06922 -4.12731 -6.61851 0 0 -1.85239 -1.43006 0 0 0 0 0 0 0 0 1.25345 -17.2064
MUT_120LEU_124LEU_161ASN_163SER_bj2.pdb:LIG_270 -35.1772 1.78307 23.8954 0.16157 5.40058 -3.93771 -6.28294 0 0 -1.8823 -0.65451 0 0 0 0 0 0 0 0 1.17106 -15.523
MUT_120LEU_124LEU_161ASN_163SER_bj3.pdb:LIG_270 -35.7785 1.74297 24.3277 0.07459 4.79012 -3.95274 -6.35986 0 0 -1.83499 -0.72327 0 0 0 0 0 0 0 0 1.70295 -16.011
MUT_120LEU_124LEU_161ASN_163THR_181LEU_199TYR_211LYS_249CYS_250ILE_bj1.pdb:LIG_270 -36.3842 1.32831 25.073 0.08099 5.51064 -4.33476 -7.10332 0 0 -1.88528 -1.5137 0 0 0 0 0 0 0 0 0.91902 -18.3093
MUT_120LEU_124LEU_161ASN_163THR_181LEU_199TYR_211LYS_249CYS_250ILE_bj2.pdb:LIG_270 -36.2667 1.70304 24.8282 0.09876 5.44943 -3.99174 -7.06346 0 0 -1.87661 -1.48184 0 0 0 0 0 0 0 0 1.12974 -17.4712
MUT_120LEU_124LEU_161ASN_163THR_181LEU_199TYR_211LYS_249CYS_250ILE_bj3.pdb:LIG_270 -36.2619 1.698 24.8268 0.09893 5.45143 -3.99175 -7.05875 0 0 -1.87573 -1.48259 0 0 0 0 0 0 0 0 1.12143 -17.4742
MUT_120LEU_124LEU_161ASN_163THR_bj1.pdb:LIG_270 -35.3964 1.83084 23.633 0.1605 5.47132 -3.93525 -6.24988 0 0 -1.88759 -0.6612 0 0 0 0 0 0 0 0 1.19512 -15.8395
MUT_120LEU_124LEU_161ASN_163THR_bj2.pdb:LIG_270 -35.3939 1.83046 23.6271 0.16042 5.47164 -3.93517 -6.24825 0 0 -1.88683 -0.66076 0 0 0 0 0 0 0 0 1.19184 -15.8435
MUT_120LEU_124LEU_161ASN_163THR_bj3.pdb:LIG_270 -35.4057 1.83472 23.6344 0.16044 5.47183 -3.9378 -6.25005 0 0 -1.88763 -0.66126 0 0 0 0 0 0 0 0 1.20144 -15.8395
MUT_120LEU_124LEU_161GLN_163ALA_199TYR_216MET_bj1.pdb:LIG_270 -38.4743 2.0347 26.2118 0.08504 5.14213 -4.03942 -7.60777 0 0 -1.88867 -1.67717 0 0 0 0 0 0 0 0 1.21581 -18.9978
MUT_120LEU_124LEU_161GLN_163ALA_199TYR_216MET_bj2.pdb:LIG_270 -36.1877 1.74995 24.6297 0.09586 4.63869 -3.94593 -6.86243 0 0 -1.88017 -1.41426 0 0 0 0 0 0 0 0 1.34144 -17.8349
MUT_120LEU_124LEU_161GLN_163ALA_199TYR_216MET_bj3.pdb:LIG_270 -37.6632 1.79019 25.5968 0.09959 5.37446 -4.46507 -6.3787 0 0 -1.88598 -1.46284 0 0 0 0 0 0 0 0 1.0879 -17.9068
MUT_120LEU_124LEU_161GLN_163THR_199TYR_216MET_bj1.pdb:LIG_270 -37.8906 1.93002 25.9065 0.15419 5.58656 -4.45795 -6.0938 0 0 -1.90568 -1.45871 0 0 0 0 0 0 0 0 0.98089 -17.2486
MUT_120LEU_124LEU_161GLN_163THR_199TYR_216MET_bj2.pdb:LIG_270 -37.9343 1.88274 25.9124 0.0832 5.45288 -4.48855 -6.43052 0 0 -1.89574 -1.46092 0 0 0 0 0 0 0 0 1.0095 -17.8694
MUT_120LEU_124LEU_161GLN_163THR_199TYR_216MET_bj3.pdb:LIG_270 -37.3458 1.78882 25.8553 0.15377 5.5647 -4.4721 -6.05425 0 0 -1.90524 -1.4565 0 0 0 0 0 0 0 0 1.13541 -16.736
MUT_120LEU_124LEU_bj1.pdb:LIG_270 -33.9036 1.30557 23.8936 0.06948 5.4035 -4.04877 -6.05507 0 0 -1.88403 -0.7316 0 0 0 0 0 0 0 0 0.93718 -15.0137
MUT_120LEU_124LEU_bj2.pdb:LIG_270 -33.908 1.30345 23.8945 0.06988 5.40125 -4.0486 -6.06642 0 0 -1.88154 -0.73225 0 0 0 0 0 0 0 0 0.9681 -14.9996
MUT_120LEU_124LEU_bj3.pdb:LIG_270 -33.9036 1.30557 23.8936 0.06948 5.4035 -4.04877 -6.05507 0 0 -1.88403 -0.7316 0 0 0 0 0 0 0 0 0.93718 -15.0137
MUT_120LEU_124VAL_161ASN_163PHE_199TYR_bj1.pdb:LIG_270 -35.8879 1.74933 24.0878 0.12555 5.42688 -3.89749 -6.55693 0 0 -1.88323 -1.45113 0 0 0 0 0 0 0 0 1.21324 -17.0739
MUT_120LEU_124VAL_161ASN_163PHE_199TYR_bj2.pdb:LIG_270 -35.9175 1.74263 24.1187 0.14816 5.38296 -3.85878 -6.61341 0 0 -1.87672 -1.46922 0 0 0 0 0 0 0 0 1.26162 -17.0816
MUT_120LEU_124VAL_161ASN_163PHE_199TYR_bj3.pdb:LIG_270 -36.6317 1.44468 25.3426 0.08662 5.17846 -4.04132 -6.98143 0 0 -1.87532 -1.51804 0 0 0 0 0 0 0 0 1.47614 -17.5193
MUT_29ASN_91ASN_120LEU_121ALA_124LEU_161ASN_163CYS_220ARG_228SER_bj1.pdb:LIG_270 -34.2894 1.56091 23.4497 0.17712 5.34576 -3.96377 -6.17522 0 0 -1.86996 -0.68699 0 0 0 0 0 0 0 0 1.18942 -15.2624
MUT_29ASN_91ASN_120LEU_121ALA_124LEU_161ASN_163CYS_220ARG_228SER_bj2.pdb:LIG_270 -34.2982 1.55908 23.4573 0.17741 5.3475 -3.96233 -6.16851 0 0 -1.87018 -0.68727 0 0 0 0 0 0 0 0 1.18055 -15.2646
MUT_29ASN_91ASN_120LEU_121ALA_124LEU_161ASN_163CYS_220ARG_228SER_bj3.pdb:LIG_270 -35.6469 1.31016 25.1737 0.05323 5.08705 -3.96562 -6.53118 0 0 -1.85486 -1.48939 0 0 0 0 0 0 0 0 1.13795 -16.7259
MUT_29ASN_91ASN_120LEU_121GLY_124LEU_161ASN_163CYS_220ARG_228SER_bj1.pdb:LIG_270 -34.2532 1.58674 23.5365 0.16857 5.35619 -3.9621 -6.18514 0 0 -1.87112 -0.6876 0 0 0 0 0 0 0 0 1.16094 -15.1502
MUT_29ASN_91ASN_120LEU_121GLY_124LEU_161ASN_163CYS_220ARG_228SER_bj2.pdb:LIG_270 -35.5135 1.36944 25.2035 0.056 5.13238 -3.94423 -6.53595 0 0 -1.86324 -1.51398 0 0 0 0 0 0 0 0 1.10785 -16.5018
MUT_29ASN_91ASN_120LEU_121GLY_124LEU_161ASN_163CYS_220ARG_228SER_bj3.pdb:LIG_270 -34.2498 1.5844 23.5363 0.16871 5.35434 -3.96149 -6.18187 0 0 -1.87032 -0.68793 0 0 0 0 0 0 0 0 1.16116 -15.1465
MUT_29ASN_91ASN_120LEU_121GLY_124LEU_161ASN_163CYS_228SER_bj1.pdb:LIG_270 -34.3435 1.59138 23.6861 0.11142 5.45868 -3.97278 -6.22903 0 0 -1.88152 -0.68144 0 0 0 0 0 0 0 0 1.32985 -14.9308
MUT_29ASN_91ASN_120LEU_121GLY_124LEU_161ASN_163CYS_228SER_bj2.pdb:LIG_270 -34.345 1.58872 23.6914 0.11175 5.45948 -3.97238 -6.22743 0 0 -1.88103 -0.68202 0 0 0 0 0 0 0 0 1.33082 -14.9256
MUT_29ASN_91ASN_120LEU_121GLY_124LEU_161ASN_163CYS_228SER_bj3.pdb:LIG_270 -34.3478 1.59087 23.6901 0.11112 5.45907 -3.97356 -6.23325 0 0 -1.88076 -0.68152 0 0 0 0 0 0 0 0 1.33119 -14.9346
MUT_91PHE_117SER_120LEU_121CYS_161ASN_163CYS_199TYR_bj1.pdb:LIG_270 -34.9219 1.68882 25.064 0.09785 5.3019 -4.17036 -6.18826 0 0 -1.86723 -1.44755 0 0 0 0 0 0 0 0 1.26656 -15.1761
MUT_91PHE_117SER_120LEU_121CYS_161ASN_163CYS_199TYR_bj2.pdb:LIG_270 -34.9206 1.68525 25.0633 0.09864 5.30095 -4.17089 -6.18384 0 0 -1.86723 -1.44691 0 0 0 0 0 0 0 0 1.26624 -15.1752
MUT_91PHE_117SER_120LEU_121CYS_161ASN_163CYS_199TYR_bj3.pdb:LIG_270 -34.9184 1.6902 25.0621 0.09825 5.29779 -4.17085 -6.19064 0 0 -1.86687 -1.44827 0 0 0 0 0 0 0 0 1.2771 -15.1696
MUT_91PRO_120LEU_124LEU_161GLN_163ALA_199TYR_216MET_bj1.pdb:LIG_270 -37.2494 1.87532 25.1212 0.22832 5.41492 -4.50667 -5.95277 0 0 -1.88626 -0.69125 0 0 0 0 0 0 0 0 0.93545 -16.7112
MUT_91PRO_120LEU_124LEU_161GLN_163ALA_199TYR_216MET_bj2.pdb:LIG_270 -37.2513 1.68214 24.8889 0.21245 5.35953 -4.59887 -5.91409 0 0 -1.87972 -0.69215 0 0 0 0 0 0 0 0 0.91665 -17.2765
MUT_91PRO_120LEU_124LEU_161GLN_163ALA_199TYR_216MET_bj3.pdb:LIG_270 -37.2552 1.71819 24.8827 0.21056 5.33411 -4.58925 -5.91706 0 0 -1.88179 -0.69364 0 0 0 0 0 0 0 0 0.9363 -17.255
WT_bj1.pdb:LIG_270 -34.9247 1.40843 23.9108 0.07373 5.25689 -4.13149 -6.13936 0 0 -1.86806 -0.72092 0 0 0 0 0 0 0 0 1.08179 -16.0529
WT_bj2.pdb:LIG_270 -34.932 1.40582 23.9192 0.07346 5.25965 -4.13031 -6.13739 0 0 -1.86688 -0.72073 0 0 0 0 0 0 0 0 1.07394 -16.0553
WT_bj3.pdb:LIG_270 -34.995 1.36005 23.791 0.07138 5.4341 -4.28434 -6.19465 0 0 -1.8479 -0.74284 0 0 0 0 0 0 0 0 0.94549 -16.4627
