ACYVQCFCW -30.9624 -25.3684 2.12012 17.2328 0.06581 4.02067 -1.15404 -5.7334 0 0 0 -1.37552 -1.20272 0 0 0 0 0 0 0 0 -11.3947
AFYMGGFVW -32.1818 -25.2023 1.84765 15.939 0.05659 3.85619 -1.19782 -5.52869 0 0 0 -1.32172 -0.62698 0 0 0 0 0 0 0 0 -12.1781
AIFANFYVW -29.7417 -25.1553 2.37244 16.4825 0.06776 3.70105 -0.91527 -5.63201 0 0 0 -1.38621 -0.63698 0 0 0 0 0 0 0 0 -11.102
AIFYGFFVW -28.4642 -24.009 2.96359 15.1595 0.06943 3.81812 -1.08637 -5.23934 0 0 0 -1.37188 -0.64867 0 0 0 0 0 0 0 0 -10.3446
ALALNCFVW -29.0829 -24.0845 1.77443 16.5001 0.06341 3.82703 -1.04135 -5.38266 0 0 0 -1.26573 -1.04171 0 0 0 0 0 0 0 0 -10.651
ALALNCYVW -28.4062 -24.2821 1.75742 17.303 0.0686 3.81487 -1.01722 -5.6063 0 0 0 -1.31143 -1.04655 0 0 0 0 0 0 0 0 -10.3196
ALAMNAYVW -29.1202 -24.6062 1.81802 17.2834 0.06066 3.82759 -1.05161 -5.65902 0 0 0 -1.27571 -1.069 0 0 0 0 0 0 0 0 -10.6719
ALCLNSFCW -28.4771 -24.7685 2.048 17.4747 0.05794 3.83197 -1.19151 -5.58416 0 0 0 -1.20545 -1.01158 0 0 0 0 0 0 0 0 -10.3486
ALCLQCFCW -30.5183 -24.2908 1.92639 15.7457 0.05612 3.89703 -1.33636 -5.34298 0 0 0 -1.30316 -0.65794 0 0 0 0 0 0 0 0 -11.306
ALFANTFVW -31.1405 -25.6237 2.31083 16.7528 0.06389 3.83595 -1.10426 -5.51363 0 0 0 -1.26801 -1.12422 0 0 0 0 0 0 0 0 -11.6704
ALFANTYVW -29.5552 -25.4795 2.19259 17.6608 0.06238 3.8262 -1.0304 -5.72019 0 0 0 -1.28508 -1.11584 0 0 0 0 0 0 0 0 -10.889
ALGLNAFVW -28.9606 -24.2848 1.79194 16.901 0.06187 3.82932 -1.07598 -5.47773 0 0 0 -1.2647 -1.07009 0 0 0 0 0 0 0 0 -10.5891
ALGLNCFVW -28.6078 -24.0946 1.78161 16.8149 0.06182 3.82842 -1.02205 -5.50384 0 0 0 -1.27395 -1.00596 0 0 0 0 0 0 0 0 -10.4137
ALGLNFFVW -28.9975 -23.6136 2.12617 15.9687 0.07677 3.9113 -0.85357 -5.6478 0 0 0 -1.35793 -1.12069 0 0 0 0 0 0 0 0 -10.5107
ALGLNSFVW -28.102 -24.0018 1.74041 17.1023 0.06277 3.82901 -1.05229 -5.49305 0 0 0 -1.29072 -1.05586 0 0 0 0 0 0 0 0 -10.1592
ALLANSFVW -29.2331 -24.5044 1.95454 16.9388 0.06073 3.83125 -1.13086 -5.52507 0 0 0 -1.25832 -1.09119 0 0 0 0 0 0 0 0 -10.7245
ALMGNAFVW -28.6063 -24.5105 2.50737 16.8153 0.05927 3.82954 -1.1398 -5.59293 0 0 0 -1.26989 -1.11264 0 0 0 0 0 0 0 0 -10.4144
ALMGNAYVW -27.6547 -24.5293 2.51394 17.4026 0.05968 3.82404 -1.13052 -5.684 0 0 0 -1.27413 -1.1259 0 0 0 0 0 0 0 0 -9.94364
ALYANAFVW -30.9601 -25.0882 2.08729 16.4879 0.06203 3.84042 -1.11854 -5.50687 0 0 0 -1.25788 -1.08373 0 0 0 0 0 0 0 0 -11.5776
ALYANCFVW -31.1762 -25.3588 2.19245 16.6179 0.07021 3.80433 -1.07672 -5.57482 0 0 0 -1.29954 -1.08859 0 0 0 0 0 0 0 0 -11.7136
ALYANCYVW -29.6093 -25.0832 2.21087 17.2673 0.06485 3.82522 -1.1683 -5.63209 0 0 0 -1.28854 -1.11073 0 0 0 0 0 0 0 0 -10.9146
ALYANFFVW -30.5501 -24.9936 2.60289 16.1426 0.22822 3.86846 -1.01508 -5.59326 0 0 0 -1.36964 -1.0489 0 0 0 0 0 0 0 0 -11.1784
ALYANFYVW -29.8311 -25.0318 2.49754 16.864 0.22932 3.85833 -1.05906 -5.69441 0 0 0 -1.39119 -1.10063 0 0 0 0 0 0 0 0 -10.8279
ALYANIYVW -29.8113 -25.6001 2.58188 17.1014 0.32134 3.93451 -1.20008 -5.38463 0 0 0 -1.34564 -1.05846 0 0 0 0 0 0 0 0 -10.6498
ALYANSFCW -28.8705 -24.5745 1.74128 17.4335 0.08049 3.77589 -1.00827 -5.64716 0 0 0 -1.34528 -1.03484 0 0 0 0 0 0 0 0 -10.5789
ALYANSFVW -30.0222 -24.9019 2.01254 16.9338 0.06036 3.84591 -1.14366 -5.59205 0 0 0 -1.23316 -1.08666 0 0 0 0 0 0 0 0 -11.1048
ALYANSYVW -28.9971 -24.8814 1.93064 17.5289 0.0602 3.83638 -1.17388 -5.61678 0 0 0 -1.23454 -1.05146 0 0 0 0 0 0 0 0 -10.602
ALYANTFVW -30.6001 -25.2177 2.02305 16.8003 0.06075 3.83968 -1.10758 -5.5002 0 0 0 -1.20432 -1.09371 0 0 0 0 0 0 0 0 -11.3996
ALYANVFVW -31.0097 -25.3395 2.23818 16.5324 0.06236 3.82216 -1.09208 -5.49895 0 0 0 -1.26397 -1.08091 0 0 0 0 0 0 0 0 -11.6203
ALYANVYVW -29.5231 -25.2077 2.2719 17.2772 0.06687 3.78754 -1.10272 -5.61628 0 0 0 -1.29082 -1.09309 0 0 0 0 0 0 0 0 -10.9071
ALYAQCFCW -29.2373 -25.4579 2.251 17.5399 0.05588 3.88357 -1.56617 -5.33995 0 0 0 -1.36622 -0.67929 0 0 0 0 0 0 0 0 -10.6792
ALYLGGFVW -32.7467 -25.502 1.56781 16.2389 0.05669 3.87545 -1.30413 -5.39257 0 0 0 -1.32456 -0.65686 0 0 0 0 0 0 0 0 -12.4412
ALYLNCFVW -31.9674 -25.4973 2.20256 16.3374 0.0644 3.8265 -1.11917 -5.52435 0 0 0 -1.28475 -1.09815 0 0 0 0 0 0 0 0 -12.0928
ALYLNCWVW -32.5447 -26.1269 2.1548 16.7084 0.0723 3.79272 -1.14098 -5.5243 0 0 0 -1.30546 -1.03792 0 0 0 0 0 0 0 0 -12.4073
ALYLNCYVW -30.7295 -25.2766 2.10036 16.8924 0.06374 3.82489 -1.11323 -5.58185 0 0 0 -1.30472 -1.08107 0 0 0 0 0 0 0 0 -11.4761
ALYLNFFVW -30.2862 -24.5754 3.09889 15.4512 0.08399 3.95165 -1.04878 -5.59955 0 0 0 -1.39765 -1.07188 0 0 0 0 0 0 0 0 -11.1074
ALYLNFWVW -32.0543 -25.7995 2.83636 15.8262 0.55794 4.08148 -1.21403 -5.21807 0 0 0 -1.41414 -1.04399 0 0 0 0 0 0 0 0 -11.3877
ALYLNSFVW -31.335 -25.6515 2.15442 16.756 0.05762 3.83856 -1.17545 -5.53526 0 0 0 -1.20734 -1.00841 0 0 0 0 0 0 0 0 -11.7713
ALYLNTFVW -31.7545 -25.4616 2.02708 16.519 0.06022 3.84847 -1.13591 -5.50469 0 0 0 -1.21172 -1.10943 0 0 0 0 0 0 0 0 -11.9685
ALYLNTYVW -30.6391 -25.4962 1.98102 17.2298 0.06102 3.83693 -1.05251 -5.64346 0 0 0 -1.23358 -1.10466 0 0 0 0 0 0 0 0 -11.4216
ALYLQAYMW -31.3218 -24.5959 1.5766 16.0085 0.05488 3.87492 -1.36598 -5.32169 0 0 0 -1.30294 -0.65948 0 0 0 0 0 0 0 0 -11.7311
ALYLQTYMW -30.7177 -24.4142 1.52526 16.0605 0.05527 3.86819 -1.25047 -5.3501 0 0 0 -1.26393 -0.66593 0 0 0 0 0 0 0 0 -11.4354
ALYVNFYVW -30.4324 -24.6336 2.28531 16.4225 0.11999 3.85395 -1.1032 -5.66582 0 0 0 -1.3662 -1.15517 0 0 0 0 0 0 0 0 -11.2423
SLCMNCYVW -28.6188 -24.8853 1.90729 17.8942 0.06561 3.82552 -1.12122 -5.72816 0 0 0 -1.30462 -1.07155 0 0 0 0 0 0 0 0 -10.4183
TLALAAFLL -28.4569 -24.0746 1.57821 17.659 0.05445 3.82978 -1.14233 -5.95611 0 0 0 -1.31716 -0.97546 0 0 0 0 0 0 0 0 -10.3442
TLALVTFLW -28.8095 -25.0772 2.7525 16.85 0.05486 3.89608 -0.93367 -5.86696 0 0 0 -1.27651 -0.85289 0 0 0 0 0 0 0 0 -10.4538
TLFLVAFLS -29.976 -24.6648 1.53884 17.3377 0.05451 3.82179 -1.06635 -5.96761 0 0 0 -1.28815 -0.87771 0 0 0 0 0 0 0 0 -11.1117
TLLLAAFLL -28.4698 -24.5413 1.99326 17.7426 0.05488 3.81088 -1.14854 -5.91953 0 0 0 -1.31257 -1.04882 0 0 0 0 0 0 0 0 -10.3692
TLLLVAFLS -29.2905 -24.5135 1.5943 17.5961 0.05421 3.80823 -1.07336 -6.00901 0 0 0 -1.28648 -0.9532 0 0 0 0 0 0 0 0 -10.7828
TLLLVTFLW -29.7756 -25.5933 3.02171 16.8213 0.05431 3.84971 -0.86032 -5.9395 0 0 0 -1.29961 -1.03806 0 0 0 0 0 0 0 0 -10.9838
TLTLVAFLS -28.8767 -24.1294 1.4092 17.5891 0.0544 3.80502 -1.12112 -5.96386 0 0 0 -1.3076 -0.9146 0 0 0 0 0 0 0 0 -10.5789
TLVLVAFLS -28.5856 -23.8465 1.41093 17.6683 0.05286 3.74081 -1.15357 -6.05252 0 0 0 -1.33797 -0.98153 0 0 0 0 0 0 0 0 -10.4991
TLYLAAFLC -28.8961 -24.335 1.5861 17.5172 0.05568 3.79514 -1.06633 -5.9813 0 0 0 -1.26905 -0.89965 0 0 0 0 0 0 0 0 -10.5972
TLYLAAFLL -30.0506 -24.8357 1.71613 17.4304 0.05485 3.82648 -1.08118 -5.97805 0 0 0 -1.28869 -0.98825 0 0 0 0 0 0 0 0 -11.144
TLYLAAFLS -28.9914 -24.3968 1.62196 17.6471 0.05477 3.82926 -1.07381 -6.0064 0 0 0 -1.30654 -0.98127 0 0 0 0 0 0 0 0 -10.6117
TLYLNCFLW -31.0372 -25.4467 2.45027 17.0909 0.07124 3.93868 -1.00147 -6.0188 0 0 0 -1.22753 -1.36534 0 0 0 0 0 0 0 0 -11.5087
TLYLNCFVW -30.5797 -25.6004 2.33698 17.5439 0.06281 3.87763 -0.90091 -6.00657 0 0 0 -1.29695 -1.36593 0 0 0 0 0 0 0 0 -11.3494
TLYLVAFLA -29.5758 -24.5369 1.46052 17.3412 0.055 3.8179 -1.03921 -5.94313 0 0 0 -1.29551 -0.77483 0 0 0 0 0 0 0 0 -10.915
TLYLVAFLL -31.0667 -25.1547 1.55975 17.3017 0.05456 3.82239 -1.05595 -5.99892 0 0 0 -1.302 -0.88327 0 0 0 0 0 0 0 0 -11.6564
TLYLVAFLS -29.4088 -24.5349 1.50657 17.3511 0.05501 3.81704 -1.05584 -5.91786 0 0 0 -1.25892 -0.79448 0 0 0 0 0 0 0 0 -10.8323
TLYLVAFLT -30.4047 -24.8447 1.46086 17.467 0.05431 3.81619 -1.04361 -6.04297 0 0 0 -1.30216 -0.89681 0 0 0 0 0 0 0 0 -11.3319
TLYLVAFLV -31.1629 -25.0721 1.4445 17.2885 0.05413 3.81447 -1.06551 -5.9942 0 0 0 -1.27888 -0.90377 0 0 0 0 0 0 0 0 -11.7129
TLYLVAFLW -31.8744 -25.463 2.35965 16.3726 0.05352 3.84426 -0.96532 -6.00205 0 0 0 -1.32137 -0.91774 0 0 0 0 0 0 0 0 -12.0394
TLYLVCFLA -28.4828 -24.0671 1.65875 16.9982 0.05534 3.81582 -1.00307 -5.90843 0 0 0 -1.29989 -0.61992 0 0 0 0 0 0 0 0 -10.3702
TLYLVCFLC -30.4697 -24.9054 1.54175 17.5182 0.05295 3.73634 -1.00415 -6.12865 0 0 0 -1.33565 -0.92097 0 0 0 0 0 0 0 0 -11.4456
TLYLVCFLS -28.4679 -24.1504 1.68761 17.1224 0.05545 3.81845 -1.03142 -5.92609 0 0 0 -1.32476 -0.61138 0 0 0 0 0 0 0 0 -10.3601
TLYLVCFLT -29.3692 -24.5502 1.61102 17.4794 0.05392 3.79265 -1.03092 -5.9731 0 0 0 -1.30699 -0.91382 0 0 0 0 0 0 0 0 -10.838
TLYLVCFLV -30.2653 -24.7901 1.56637 17.3294 0.05373 3.78452 -1.00445 -6.01653 0 0 0 -1.30906 -0.90837 0 0 0 0 0 0 0 0 -11.2944
TLYLVCFLW -31.0644 -25.5379 2.79666 16.4267 0.05388 3.83129 -0.92201 -6.00366 0 0 0 -1.34251 -0.94938 0 0 0 0 0 0 0 0 -11.647
TLYLVFFLA -28.8588 -24.8498 3.43304 15.9226 0.05549 3.90654 -0.86164 -5.83063 0 0 0 -1.36438 -0.87859 0 0 0 0 0 0 0 0 -10.4673
TLYLVFFLC -28.3707 -24.798 3.76529 15.9291 0.05535 3.87673 -0.84812 -5.92164 0 0 0 -1.3727 -0.9392 0 0 0 0 0 0 0 0 -10.2532
TLYLVFFLS -28.406 -24.847 3.70124 15.9143 0.05604 3.91635 -0.84116 -5.8934 0 0 0 -1.36715 -0.8699 0 0 0 0 0 0 0 0 -10.2306
TLYLVFFLT -28.2394 -25.1381 4.14479 16.0016 0.05825 3.93321 -0.80638 -5.94194 0 0 0 -1.39296 -0.98673 0 0 0 0 0 0 0 0 -10.1282
TLYLVFFLV -28.2867 -25.0324 4.11186 15.9584 0.05611 3.86678 -0.83171 -5.93408 0 0 0 -1.37663 -1.03876 0 0 0 0 0 0 0 0 -10.2205
TLYLVFFLW -28.955 -23.8622 2.32596 16.282 0.05254 3.77199 -0.83956 -6.0055 0 0 0 -1.3894 -0.98888 0 0 0 0 0 0 0 0 -10.653
TLYLVLFLA -30.0215 -24.7895 2.00544 16.9742 0.053 3.65887 -0.78527 -6.02268 0 0 0 -1.34919 -1.04376 0 0 0 0 0 0 0 0 -11.2989
TLYLVLFLC -30.0044 -24.3094 2.13134 16.2866 0.05375 3.78219 -0.78086 -6.08322 0 0 0 -1.31985 -0.92681 0 0 0 0 0 0 0 0 -11.1663
TLYLVLFLL -31.6868 -25.251 2.25537 16.4407 0.05227 3.7002 -0.85454 -6.04654 0 0 0 -1.34354 -1.04383 0 0 0 0 0 0 0 0 -12.0909
TLYLVLFLS -29.6143 -24.4052 1.69289 17.3274 0.05325 3.7497 -0.90137 -6.03921 0 0 0 -1.29424 -1.18736 0 0 0 0 0 0 0 0 -11.0042
TLYLVLFLT -29.6731 -24.5848 2.07239 16.7469 0.05293 3.69602 -0.80567 -5.95703 0 0 0 -1.32941 -0.97892 0 0 0 0 0 0 0 0 -11.0876
TLYLVLFLV -30.2821 -24.5491 1.53353 17.0869 0.05361 3.76538 -0.95249 -5.96357 0 0 0 -1.30001 -0.99631 0 0 0 0 0 0 0 0 -11.322
TLYLVTFLA -29.006 -24.6281 1.57937 17.7337 0.05436 3.81447 -0.97978 -6.02055 0 0 0 -1.28296 -0.90469 0 0 0 0 0 0 0 0 -10.6342
TLYLVTFLC -29.3955 -24.7674 1.57418 17.6605 0.05478 3.81162 -0.9856 -6.00677 0 0 0 -1.26807 -0.90462 0 0 0 0 0 0 0 0 -10.8313
TLYLVTFLL -30.0769 -24.911 1.59343 17.5444 0.0534 3.80301 -0.96988 -6.09701 0 0 0 -1.30703 -0.89138 0 0 0 0 0 0 0 0 -11.182
TLYLVTFLS -29.1222 -24.6453 1.57362 17.7806 0.05394 3.81112 -0.99227 -6.07497 0 0 0 -1.30563 -0.8971 0 0 0 0 0 0 0 0 -10.696
TLYLVTFLT -29.3026 -24.6232 1.56572 17.6052 0.05486 3.81047 -0.9782 -6.03016 0 0 0 -1.30061 -0.89008 0 0 0 0 0 0 0 0 -10.786
TLYLVTFLW -30.8974 -25.6362 2.66678 16.5353 0.05458 3.90218 -0.91093 -5.92804 0 0 0 -1.26394 -0.91169 0 0 0 0 0 0 0 0 -11.4919
TLYLVVFLA -29.2354 -24.3768 1.64393 17.2209 0.05384 3.79614 -0.9219 -5.95584 0 0 0 -1.30555 -0.9225 0 0 0 0 0 0 0 0 -10.7677
TLYLVVFLC -30.2349 -24.6143 1.52646 17.26 0.05332 3.76517 -0.92291 -6.09664 0 0 0 -1.30708 -0.9629 0 0 0 0 0 0 0 0 -11.2989
TLYLVVFLS -29.7154 -24.608 1.62559 17.4644 0.05306 3.74771 -0.99325 -6.08062 0 0 0 -1.31677 -0.94911 0 0 0 0 0 0 0 0 -11.0569
TLYLVVFLT -30.1438 -24.7159 1.60497 17.323 0.05356 3.77658 -0.95912 -6.05644 0 0 0 -1.31343 -0.95491 0 0 0 0 0 0 0 0 -11.2417
TLYLVVFLV -30.7082 -24.938 1.64767 17.2713 0.05351 3.73783 -0.9705 -6.06971 0 0 0 -1.31297 -0.98192 0 0 0 0 0 0 0 0 -11.5628
TLYLVVFLW -32.8431 -25.7729 2.33129 16.0833 0.05508 3.95854 -0.91335 -5.84544 0 0 0 -1.32656 -0.97787 0 0 0 0 0 0 0 0 -12.4079
TLYLVWFLA -30.4362 -25.4588 3.31645 16.0591 0.05599 3.84988 -0.81387 -5.93282 0 0 0 -1.39286 -0.99534 0 0 0 0 0 0 0 0 -11.3122
TLYLVWFLC -29.9178 -25.5252 3.45475 16.0772 0.05735 3.89401 -0.82704 -5.84812 0 0 0 -1.41406 -0.87641 0 0 0 0 0 0 0 0 -11.0075
TLYLVWFLD -30.9705 -25.553 3.38801 15.8696 0.05539 3.82882 -0.80263 -5.97608 0 0 0 -1.40978 -1.00128 0 0 0 0 0 0 0 0 -11.601
TLYLVWFLE -30.4467 -25.6272 3.5912 16.0556 0.05586 3.83213 -0.84127 -5.98905 0 0 0 -1.41551 -0.99709 0 0 0 0 0 0 0 0 -11.3354
TLYLVWFLG -31.1359 -25.6869 2.68979 16.5561 0.05427 3.93732 -0.9503 -5.86925 0 0 0 -1.36745 -0.93995 0 0 0 0 0 0 0 0 -11.5763
TLYLVWFLI -28.3187 -25.3537 4.49199 15.8702 0.0589 3.86522 -0.74963 -5.94986 0 0 0 -1.42893 -1.03946 0 0 0 0 0 0 0 0 -10.2352
TLYLVWFLK -30.0107 -25.5369 3.56165 16.0619 0.05726 3.87513 -0.81691 -5.95169 0 0 0 -1.38028 -0.94302 0 0 0 0 0 0 0 0 -11.073
TLYLVWFLL -30.0882 -25.4563 3.49566 16.0341 0.05805 3.82734 -0.80781 -5.91284 0 0 0 -1.40761 -0.98933 0 0 0 0 0 0 0 0 -11.1587
TLYLVWFLM -30.4042 -25.5252 3.54598 15.966 0.05716 3.8502 -0.80106 -5.93087 0 0 0 -1.42074 -1.03622 0 0 0 0 0 0 0 0 -11.2948
TLYLVWFLN -29.4851 -25.4939 3.8229 16.0027 0.05744 3.85643 -0.80192 -5.90082 0 0 0 -1.40481 -0.9667 0 0 0 0 0 0 0 0 -10.8287
TLYLVWFLP -29.3294 -25.6013 4.11572 15.9582 0.05633 3.82718 -0.82108 -5.88951 0 0 0 -1.41124 -1.01547 0 0 0 0 0 0 0 0 -10.7812
TLYLVWFLQ -29.867 -25.5637 3.65174 16.013 0.05702 3.85846 -0.8193 -5.90512 0 0 0 -1.37827 -0.93186 0 0 0 0 0 0 0 0 -11.018
TLYLVWFLS -30.2387 -25.4923 3.51883 15.9897 0.05629 3.84269 -0.8059 -5.93996 0 0 0 -1.39531 -0.99447 0 0 0 0 0 0 0 0 -11.2204
TLYLVWFLT -30.1786 -25.5563 3.65267 16.0086 0.05648 3.84287 -0.79328 -5.9477 0 0 0 -1.42082 -1.03246 0 0 0 0 0 0 0 0 -11.1899
TLYLVWFLV -28.5974 -25.3602 3.99655 15.7786 0.05735 3.96578 -0.86555 -5.67559 0 0 0 -1.38323 -0.78933 0 0 0 0 0 0 0 0 -10.2756
TLYLVWFLW -31.427 -24.1871 1.77385 16.0563 0.05533 3.87504 -0.89464 -5.91453 0 0 0 -1.41759 -1.12978 0 0 0 0 0 0 0 0 -11.7832
