ACYVQCFCW -23.6025 -27.6751 3.4166 19.6556 0.07174 4.00259 -1.69697 -4.24524 0 0 0 -0.56952 -0.68667 0 0 0 0 0 0 0 0 -7.72694
AFYMGGFVW -26.9954 -28.0357 2.56568 19.1392 0.08929 3.83535 -1.43673 -4.51447 0 0 0 -0.59419 -0.62149 0 0 0 0 0 0 0 0 -9.57306
AIFANFYVW -23.1339 -26.343 4.3679 18.2676 0.10021 3.8565 -1.15776 -5.12204 0 0 0 -1.01469 -0.56504 0 0 0 0 0 0 0 0 -7.61024
AIFYGFFVW -25.2286 -26.6249 3.99875 18.4465 0.09606 3.82116 -1.11169 -5.35222 0 0 0 -1.38993 -0.58084 0 0 0 0 0 0 0 0 -8.69709
ALALNCFVW -25.78 -25.8323 2.55184 17.7124 0.093 3.83116 -1.48762 -4.64666 0 0 0 -0.58044 -0.60724 0 0 0 0 0 0 0 0 -8.96586
ALALNCYVW -24.7791 -25.7712 2.4854 18.2457 0.09694 3.83346 -1.36898 -4.77628 0 0 0 -0.57637 -0.62785 0 0 0 0 0 0 0 0 -8.45916
ALAMNAYVW -25.5706 -26.1806 2.42388 18.3938 0.08382 3.84799 -1.41404 -4.7624 0 0 0 -0.59659 -0.64938 0 0 0 0 0 0 0 0 -8.85349
ALCLNSFCW -25.5193 -26.2692 2.7127 18.1894 0.08859 3.83291 -1.49901 -4.68099 0 0 0 -0.58431 -0.62821 0 0 0 0 0 0 0 0 -8.83815
ALCLQCFCW -25.5975 -27.8418 3.05794 19.3327 0.07373 4.02601 -1.72029 -4.44387 0 0 0 -0.56539 -0.61805 0 0 0 0 0 0 0 0 -8.699
ALFANTFVW -27.5071 -26.7582 2.69066 18.5461 0.08318 3.81629 -1.37808 -5.15798 0 0 0 -1.07477 -0.62126 0 0 0 0 0 0 0 0 -9.85409
ALFANTYVW -26.2757 -26.6359 2.5527 19.0072 0.08151 3.83362 -1.32566 -5.1616 0 0 0 -0.95514 -0.61947 0 0 0 0 0 0 0 0 -9.22271
ALGLNAFVW -27.2082 -25.834 2.37613 17.8365 0.08797 3.83169 -1.36849 -4.98205 0 0 0 -1.01485 -0.61741 0 0 0 0 0 0 0 0 -9.68445
ALGLNCFVW -25.3801 -25.7801 2.57808 17.8104 0.10584 3.82517 -1.43769 -4.63952 0 0 0 -0.58352 -0.63774 0 0 0 0 0 0 0 0 -8.75904
ALGLNFFVW -23.8477 -25.4886 3.17979 17.3886 0.17066 3.82296 -1.12486 -4.63816 0 0 0 -0.57972 -0.6609 0 0 0 0 0 0 0 0 -7.93022
ALGLNSFVW -26.4628 -25.7633 2.31999 18.3087 0.09015 3.83272 -1.36651 -5.04313 0 0 0 -1.05659 -0.63054 0 0 0 0 0 0 0 0 -9.30852
ALLANSFVW -26.1894 -26.3353 2.39139 18.2928 0.09134 3.82795 -1.50027 -4.73989 0 0 0 -0.58843 -0.61496 0 0 0 0 0 0 0 0 -9.17542
ALMGNAFVW -25.6307 -26.5644 2.78088 18.3196 0.08437 3.82574 -1.40836 -4.72242 0 0 0 -0.59824 -0.62246 0 0 0 0 0 0 0 0 -8.90525
ALMGNAYVW -24.9799 -26.3581 2.55566 18.7645 0.08288 3.81533 -1.41468 -4.81268 0 0 0 -0.58849 -0.63616 0 0 0 0 0 0 0 0 -8.59174
ALYANAFVW -26.5652 -26.6955 2.54132 18.2771 0.08322 3.81498 -1.46978 -4.72187 0 0 0 -0.58666 -0.62712 0 0 0 0 0 0 0 0 -9.38441
ALYANCFVW -26.458 -26.9969 2.74968 18.5363 0.0849 3.80797 -1.4874 -4.81248 0 0 0 -0.58639 -0.63174 0 0 0 0 0 0 0 0 -9.33614
ALYANCYVW -25.3665 -26.7933 2.67589 18.8757 0.08413 3.83532 -1.44605 -4.77444 0 0 0 -0.58938 -0.63161 0 0 0 0 0 0 0 0 -8.76378
ALYANFFVW -24.3954 -26.6181 4.38558 17.9763 0.12305 3.8778 -1.2842 -5.02792 0 0 0 -1.0113 -0.61805 0 0 0 0 0 0 0 0 -8.19687
ALYANFYVW -24.7889 -26.7 3.94268 18.6132 0.13063 3.91468 -1.16076 -5.30551 0 0 0 -1.15198 -0.63215 0 0 0 0 0 0 0 0 -8.34914
ALYANIYVW -26.5915 -26.9149 3.01681 18.9884 0.07329 3.81317 -1.20887 -5.31638 0 0 0 -1.27422 -0.58659 0 0 0 0 0 0 0 0 -9.40928
ALYANSFCW -24.8573 -26.6873 2.74987 19.0289 0.08445 3.811 -1.50301 -4.80498 0 0 0 -0.58659 -0.62552 0 0 0 0 0 0 0 0 -8.53318
ALYANSFVW -25.715 -26.853 2.58657 18.8416 0.08427 3.8191 -1.47384 -4.74752 0 0 0 -0.58751 -0.62378 0 0 0 0 0 0 0 0 -8.95412
ALYANSYVW -24.9579 -26.7681 2.51262 19.3204 0.08276 3.83797 -1.41944 -4.89227 0 0 0 -0.59921 -0.63302 0 0 0 0 0 0 0 0 -8.55823
ALYANTFVW -26.9622 -27.0342 2.72579 18.8559 0.08301 3.82854 -1.34863 -5.10214 0 0 0 -0.97231 -0.60548 0 0 0 0 0 0 0 0 -9.56953
ALYANVFVW -28.2707 -27.0837 2.70864 18.4324 0.07788 3.79688 -1.31351 -5.13921 0 0 0 -1.12529 -0.61468 0 0 0 0 0 0 0 0 -10.2606
ALYANVYVW -27.3975 -26.9255 2.60687 19.0072 0.07582 3.79356 -1.27486 -5.31389 0 0 0 -1.1811 -0.61742 0 0 0 0 0 0 0 0 -9.82937
ALYAQCFCW -24.0564 -27.9758 3.44873 19.8496 0.07513 4.06919 -1.76738 -4.34643 0 0 0 -0.55741 -0.67948 0 0 0 0 0 0 0 0 -7.88387
ALYLGGFVW -26.3882 -27.6481 2.21621 19.1826 0.09056 3.80711 -1.43555 -4.29213 0 0 0 -0.57551 -0.64164 0 0 0 0 0 0 0 0 -9.29645
ALYLNCFVW -28.0466 -27.2696 2.94232 18.4185 0.0835 3.82805 -1.38907 -5.06811 0 0 0 -1.05596 -0.60143 0 0 0 0 0 0 0 0 -10.1117
ALYLNCWVW -27.4884 -27.439 3.07085 18.6549 0.07146 3.9008 -1.34 -5.06265 0 0 0 -1.04575 -0.58247 0 0 0 0 0 0 0 0 -9.77194
ALYLNCYVW -25.741 -26.9851 2.80617 18.8243 0.08315 3.82602 -1.42703 -4.87263 0 0 0 -0.59019 -0.62595 0 0 0 0 0 0 0 0 -8.96133
ALYLNFFVW -24.1922 -26.1476 4.28197 17.6299 0.10476 3.84335 -1.16507 -5.1416 0 0 0 -0.95577 -0.59794 0 0 0 0 0 0 0 0 -8.14801
ALYLNFWVW -22.8913 -26.6063 4.04085 18.8314 0.11573 3.8392 -1.00014 -5.1581 0 0 0 -0.99039 -0.56292 0 0 0 0 0 0 0 0 -7.49073
ALYLNSFVW -27.2454 -27.093 2.65049 18.7323 0.08168 3.83451 -1.33717 -5.01386 0 0 0 -0.95055 -0.61092 0 0 0 0 0 0 0 0 -9.70652
ALYLNTFVW -27.4519 -27.0266 2.74983 18.6026 0.08107 3.82183 -1.35258 -5.06881 0 0 0 -1.02882 -0.60156 0 0 0 0 0 0 0 0 -9.82304
ALYLNTYVW -25.1165 -26.7485 2.72812 18.9254 0.07981 3.81748 -1.36906 -4.89768 0 0 0 -0.576 -0.62049 0 0 0 0 0 0 0 0 -8.66098
ALYLQAYMW -24.5336 -27.6827 2.80853 19.7777 0.07728 4.10504 -1.69542 -4.2512 0 0 0 -0.54873 -0.675 0 0 0 0 0 0 0 0 -8.08449
ALYLQTYMW -24.1387 -28.0757 2.99801 20.4064 0.07553 4.05276 -1.70477 -4.46371 0 0 0 -0.55922 -0.67037 0 0 0 0 0 0 0 0 -7.94108
ALYVNFYVW -24.9227 -26.474 3.66323 18.5721 0.13702 3.8551 -1.21394 -5.29995 0 0 0 -1.09312 -0.61569 0 0 0 0 0 0 0 0 -8.46924
SLCMNCYVW -25.2843 -27.1549 2.53682 20.1205 0.09217 3.86339 -1.34581 -5.23188 0 0 0 -0.95189 -0.61506 0 0 0 0 0 0 0 0 -8.68662
TLALAAFLL -24.7244 -26.4339 2.51827 19.8541 0.08329 3.8053 -1.42632 -5.27291 0 0 0 -0.58897 -1.01244 0 0 0 0 0 0 0 0 -8.4736
TLALVTFLW -24.1329 -26.9257 3.19985 19.5044 0.08507 3.83887 -1.5251 -5.12679 0 0 0 -0.573 -0.62012 0 0 0 0 0 0 0 0 -8.14253
TLFLVAFLS -25.311 -26.9951 2.46913 19.5143 0.09023 3.8692 -1.58741 -4.8512 0 0 0 -0.57381 -0.63139 0 0 0 0 0 0 0 0 -8.69608
TLLLAAFLL -25.8273 -27.2676 2.7046 19.9413 0.0835 3.80574 -1.369 -5.30389 0 0 0 -0.59353 -1.02557 0 0 0 0 0 0 0 0 -9.02441
TLLLVAFLS -25.2213 -26.9048 2.41276 19.6173 0.08866 3.8352 -1.59299 -4.95802 0 0 0 -0.56919 -0.61563 0 0 0 0 0 0 0 0 -8.68677
TLLLVTFLW -25.1814 -27.8183 3.49849 19.7875 0.08691 3.80004 -1.46385 -5.20348 0 0 0 -0.57492 -0.81609 0 0 0 0 0 0 0 0 -8.70376
TLTLVAFLS -24.9627 -26.3411 2.19538 19.3342 0.08858 3.85368 -1.58967 -4.90467 0 0 0 -0.57083 -0.60465 0 0 0 0 0 0 0 0 -8.53906
TLVLVAFLS -24.8647 -25.9862 2.05689 19.4253 0.08281 3.78228 -1.63723 -5.10342 0 0 0 -0.58008 -0.60761 0 0 0 0 0 0 0 0 -8.56724
TLYLAAFLC -25.1384 -26.9324 2.45247 19.7792 0.08597 3.85952 -1.48425 -5.16002 0 0 0 -0.58425 -0.63994 0 0 0 0 0 0 0 0 -8.6237
TLYLAAFLL -26.0623 -27.7107 2.76462 20.1185 0.08703 3.80605 -1.40003 -5.2844 0 0 0 -0.58519 -0.93395 0 0 0 0 0 0 0 0 -9.13806
TLYLAAFLS -24.3212 -26.5074 2.35908 19.8048 0.08645 3.86068 -1.47196 -5.14809 0 0 0 -0.56592 -0.63109 0 0 0 0 0 0 0 0 -8.21348
TLYLNCFLW -27.8088 -27.3122 2.63194 19.744 0.07533 3.7796 -1.2257 -5.63697 0 0 0 -1.07768 -1.02782 0 0 0 0 0 0 0 0 -10.0495
TLYLNCFVW -27.5012 -28.0053 2.98558 20.1112 0.07639 3.78093 -1.20312 -5.57681 0 0 0 -1.03359 -1.0286 0 0 0 0 0 0 0 0 -9.89328
TLYLVAFLA -25.1703 -26.8828 2.43706 19.3486 0.09264 3.87522 -1.54345 -4.76781 0 0 0 -0.56746 -0.6092 0 0 0 0 0 0 0 0 -8.61728
TLYLVAFLL -26.6928 -28.2814 2.77215 20.0139 0.09015 3.8033 -1.59809 -5.04301 0 0 0 -0.57643 -0.63355 0 0 0 0 0 0 0 0 -9.45295
TLYLVAFLS -24.9896 -27.0581 2.41991 19.7699 0.09047 3.87691 -1.54999 -4.89196 0 0 0 -0.57127 -0.61333 0 0 0 0 0 0 0 0 -8.52742
TLYLVAFLT -25.7029 -27.254 2.47221 19.5577 0.09233 3.85655 -1.55335 -4.88336 0 0 0 -0.56691 -0.62367 0 0 0 0 0 0 0 0 -8.90258
TLYLVAFLV -26.4585 -27.5823 2.5522 19.3888 0.09166 3.86679 -1.57739 -4.80682 0 0 0 -0.57952 -0.62415 0 0 0 0 0 0 0 0 -9.27081
TLYLVAFLW -25.4449 -27.6124 3.31762 19.1942 0.09137 3.85667 -1.48256 -4.92901 0 0 0 -0.57909 -0.63126 0 0 0 0 0 0 0 0 -8.7744
TLYLVCFLA -24.7867 -27.0881 2.54572 19.7048 0.08828 3.88312 -1.62156 -4.75682 0 0 0 -0.56688 -0.61049 0 0 0 0 0 0 0 0 -8.42195
TLYLVCFLC -25.5478 -27.4118 2.61991 19.6822 0.08815 3.87636 -1.6014 -4.87142 0 0 0 -0.57621 -0.61525 0 0 0 0 0 0 0 0 -8.80939
TLYLVCFLS -25.0377 -27.2913 2.5278 19.9518 0.08789 3.87461 -1.62082 -4.88113 0 0 0 -0.57651 -0.62867 0 0 0 0 0 0 0 0 -8.55634
TLYLVCFLT -26.0588 -27.7689 2.42176 20.2431 0.08543 3.82136 -1.69431 -5.03328 0 0 0 -0.57203 -0.62567 0 0 0 0 0 0 0 0 -9.12262
TLYLVCFLV -26.8569 -27.969 2.49601 19.8868 0.08534 3.82545 -1.69177 -4.95134 0 0 0 -0.57871 -0.62046 0 0 0 0 0 0 0 0 -9.51768
TLYLVCFLW -25.6085 -27.9805 3.48331 19.4601 0.086 3.8459 -1.51587 -5.02729 0 0 0 -0.58293 -0.64108 0 0 0 0 0 0 0 0 -8.87237
TLYLVFFLA -25.8943 -26.9416 3.59911 20.1553 0.07616 3.76058 -1.35313 -6.03252 0 0 0 -1.40552 -0.96877 0 0 0 0 0 0 0 0 -9.1104
TLYLVFFLC -25.9575 -27.0943 3.37071 20.2095 0.08112 3.76905 -1.48425 -5.89318 0 0 0 -1.2243 -0.86283 0 0 0 0 0 0 0 0 -9.12857
TLYLVFFLS -25.8943 -26.996 3.39449 20.1721 0.08483 3.7799 -1.50661 -5.87852 0 0 0 -1.2968 -0.83581 0 0 0 0 0 0 0 0 -9.08243
TLYLVFFLT -23.3236 -25.9774 3.00708 19.8182 0.09986 3.7244 -1.22943 -5.44603 0 0 0 -0.59639 -1.23789 0 0 0 0 0 0 0 0 -7.83754
TLYLVFFLV -23.5659 -27.1187 3.6343 20.2958 0.07963 3.79167 -1.51703 -5.48832 0 0 0 -0.58668 -1.00233 0 0 0 0 0 0 0 0 -7.91165
TLYLVFFLW -26.556 -27.0146 4.1938 19.2395 0.07101 3.74813 -1.02389 -6.09158 0 0 0 -1.39868 -1.18254 0 0 0 0 0 0 0 0 -9.45886
TLYLVLFLA -23.2937 -26.3216 2.91992 19.4263 0.08409 3.88163 -1.54414 -4.96719 0 0 0 -0.58278 -0.57747 0 0 0 0 0 0 0 0 -7.68115
TLYLVLFLC -24.9157 -27.0345 2.89712 19.6783 0.08371 3.82621 -1.68237 -5.09225 0 0 0 -0.58519 -0.63892 0 0 0 0 0 0 0 0 -8.54792
TLYLVLFLL -25.3698 -27.4779 3.0914 19.745 0.08476 3.83588 -1.65101 -5.11072 0 0 0 -0.58838 -0.69329 0 0 0 0 0 0 0 0 -8.76426
TLYLVLFLS -23.683 -26.5598 2.94668 19.6377 0.08498 3.85987 -1.62671 -5.01551 0 0 0 -0.58413 -0.63964 0 0 0 0 0 0 0 0 -7.89663
TLYLVLFLT -24.8075 -27.0983 2.80171 19.9767 0.0818 3.76305 -1.67758 -5.20606 0 0 0 -0.5899 -0.61034 0 0 0 0 0 0 0 0 -8.55889
TLYLVLFLV -24.7807 -26.9205 2.89913 19.4824 0.08434 3.86525 -1.62073 -5.00597 0 0 0 -0.59105 -0.63356 0 0 0 0 0 0 0 0 -8.44078
TLYLVTFLA -24.7642 -27.1874 2.43404 20.0995 0.08886 3.85094 -1.58914 -4.93404 0 0 0 -0.57032 -0.6348 0 0 0 0 0 0 0 0 -8.44232
TLYLVTFLC -24.9357 -27.5507 2.6086 20.1401 0.09121 3.86278 -1.5502 -4.91106 0 0 0 -0.56544 -0.63922 0 0 0 0 0 0 0 0 -8.51385
TLYLVTFLL -26.0046 -28.3815 2.80711 20.4752 0.091 3.82549 -1.61312 -5.08726 0 0 0 -0.57556 -0.62719 0 0 0 0 0 0 0 0 -9.08583
TLYLVTFLS -24.2531 -27.3044 2.53001 20.3554 0.09074 3.86986 -1.54523 -4.95835 0 0 0 -0.5721 -0.63185 0 0 0 0 0 0 0 0 -8.16597
TLYLVTFLT -24.924 -27.4814 2.51778 20.2483 0.09046 3.85957 -1.56032 -4.98331 0 0 0 -0.56897 -0.63409 0 0 0 0 0 0 0 0 -8.51195
TLYLVTFLW -24.7911 -27.6934 3.40413 19.6014 0.08876 3.84728 -1.48401 -5.02786 0 0 0 -0.57412 -0.62165 0 0 0 0 0 0 0 0 -8.45953
TLYLVVFLA -25.1477 -27.2575 2.73166 19.623 0.09249 3.8426 -1.56357 -4.92258 0 0 0 -0.56387 -0.62106 0 0 0 0 0 0 0 0 -8.63877
TLYLVVFLC -25.8918 -27.6999 2.80759 19.7992 0.09225 3.81971 -1.60396 -5.04949 0 0 0 -0.57337 -0.62595 0 0 0 0 0 0 0 0 -9.03394
TLYLVVFLS -25.259 -27.4628 2.71346 19.9597 0.09074 3.81129 -1.61543 -5.02734 0 0 0 -0.57205 -0.62499 0 0 0 0 0 0 0 0 -8.72745
TLYLVVFLT -25.6511 -27.6357 2.72514 19.9522 0.09085 3.80572 -1.62291 -5.05056 0 0 0 -0.56735 -0.62634 0 0 0 0 0 0 0 0 -8.92898
TLYLVVFLV -26.1679 -27.6869 2.77703 19.4807 0.09262 3.85437 -1.58237 -4.86975 0 0 0 -0.58212 -0.62048 0 0 0 0 0 0 0 0 -9.13696
TLYLVVFLW -25.6652 -28.1409 3.7438 19.3795 0.09059 3.81113 -1.43677 -5.12072 0 0 0 -0.58353 -0.67402 0 0 0 0 0 0 0 0 -8.93088
TLYLVWFLA -22.5949 -26.8679 5.11272 18.2814 0.14946 3.85225 -1.12947 -5.12207 0 0 0 -0.60782 -0.9643 0 0 0 0 0 0 0 0 -7.29573
TLYLVWFLC -12.3543 -24.6556 6.47556 19.2066 0.07664 4.385 -0.79098 -4.52473 0 0 0 -0.68151 -1.20657 0 0 0 0 0 0 0 0 -1.71552
TLYLVWFLD -14.9817 -26.4712 6.73723 18.3436 0.10061 3.44299 -0.89548 -3.57165 0 0 0 -0.59683 -1.03654 0 0 0 0 0 0 0 0 -3.94726
TLYLVWFLE -13.5306 -26.6299 7.35142 18.3307 0.09396 3.4736 -0.75201 -3.81706 0 0 0 -0.63763 -0.61079 0 0 0 0 0 0 0 0 -3.19775
TLYLVWFLG -22.8742 -27.157 4.98512 18.6333 0.12703 3.86232 -1.23444 -5.18634 0 0 0 -0.59166 -0.88599 0 0 0 0 0 0 0 0 -7.44773
TLYLVWFLI -21.2457 -24.3281 3.98014 17.8855 0.07895 4.95487 -0.79169 -5.10474 0 0 0 -1.00361 -1.26035 0 0 0 0 0 0 0 0 -5.58905
TLYLVWFLK -11.816 -26.3433 7.24317 19.4016 0.17406 3.65011 -0.47456 -3.8864 0 0 0 -0.55058 -1.29794 0 0 0 0 0 0 0 0 -2.0838
TLYLVWFLL -13.1523 -23.8638 4.75373 19.3875 0.0681 3.74861 -1.04838 -4.39515 0 0 0 -0.79015 -0.61994 0 0 0 0 0 0 0 0 -2.75945
TLYLVWFLM -11.4963 -28.3819 8.61411 19.9058 0.14484 3.58014 -0.2929 -3.81473 0 0 0 -0.58155 -1.19696 0 0 0 0 0 0 0 0 -2.02319
TLYLVWFLN -11.6247 -24.9094 6.42345 19.2192 0.0837 3.50506 -0.84006 -4.54012 0 0 0 -0.51357 -0.65188 0 0 0 0 0 0 0 0 -2.22359
TLYLVWFLP -9.10455 -27.2399 9.08448 18.9498 0.11201 3.78567 -0.71721 -3.50696 0 0 0 -0.55507 -0.5674 0 0 0 0 0 0 0 0 -0.6546
TLYLVWFLQ -10.3356 -24.4646 6.66292 19.6464 0.08793 3.7373 -0.83378 -4.74521 0 0 0 -0.50514 -0.92836 0 0 0 0 0 0 0 0 -1.34259
TLYLVWFLS -10.1431 -24.8335 7.47726 18.3267 0.11009 3.63338 -0.79736 -3.96257 0 0 0 -0.60124 -0.68078 0 0 0 0 0 0 0 0 -1.32808
TLYLVWFLT -10.0378 -25.2389 7.12705 19.5242 0.09078 3.58545 -0.81268 -4.42037 0 0 0 -0.53438 -0.66382 0 0 0 0 0 0 0 0 -1.34269
TLYLVWFLV -9.63941 -25.9201 8.60989 17.709 0.15384 4.15656 -0.78312 -3.16502 0 0 0 -0.57607 -0.69424 0 0 0 0 0 0 0 0 -0.50931
TLYLVWFLW -28.6481 -27.5437 3.39427 19.673 0.06932 3.68889 -1.06569 -6.08559 0 0 0 -1.4445 -1.25182 0 0 0 0 0 0 0 0 -10.5658
