MUT_116MET_120ILE_121PHE_124ALA_161ASN_163PHE_199TYR_bj1.pdb:LIG_270 -40.4719 4.0755 22.3096 0.1074 5.70062 -3.94398 -7.11993 0 0 -1.95473 -1.52087 0 0 0 0 0 0 0 0 1.99369 -20.8246
MUT_116MET_120ILE_121PHE_124ALA_161ASN_163PHE_199TYR_bj2.pdb:LIG_270 -40.5085 4.1145 22.3206 0.10598 5.71186 -3.93391 -7.11697 0 0 -1.95429 -1.51551 0 0 0 0 0 0 0 0 1.99023 -20.786
MUT_116MET_120ILE_121PHE_124ALA_161ASN_163PHE_199TYR_bj3.pdb:LIG_270 -40.4968 4.09455 22.31 0.10566 5.69904 -3.95352 -7.12022 0 0 -1.95385 -1.51711 0 0 0 0 0 0 0 0 1.9837 -20.8486
MUT_117THR_120LEU_121ALA_124LEU_161ALA_163ALA_216LEU_232LEU_bj1.pdb:LIG_270 -38.8465 2.05689 23.4415 0.06808 5.13627 -3.872 -7.43063 0 0 -1.90871 -1.32071 0 0 0 0 0 0 0 0 0.88436 -21.7914
MUT_117THR_120LEU_121ALA_124LEU_161ALA_163ALA_216LEU_232LEU_bj2.pdb:LIG_270 -38.8306 2.05099 23.4327 0.06798 5.12767 -3.8711 -7.42737 0 0 -1.90969 -1.3195 0 0 0 0 0 0 0 0 0.88964 -21.7892
MUT_117THR_120LEU_121ALA_124LEU_161ALA_163ALA_216LEU_232LEU_bj3.pdb:LIG_270 -38.8259 2.05637 23.4448 0.06786 5.1331 -3.87088 -7.43117 0 0 -1.90981 -1.31912 0 0 0 0 0 0 0 0 0.88035 -21.7745
MUT_117THR_120LEU_121ALA_124LEU_161VAL_163THR_216LEU_bj1.pdb:LIG_270 -40.6236 2.67281 22.3226 0.28978 5.37274 -4.01481 -7.105 0 0 -1.92418 -0.72462 0 0 0 0 0 0 0 0 0.82062 -22.9137
MUT_117THR_120LEU_121ALA_124LEU_161VAL_163THR_216LEU_bj2.pdb:LIG_270 -41.0971 2.79285 23.8234 0.06989 5.02624 -3.84937 -7.41221 0 0 -1.90256 -1.30497 0 0 0 0 0 0 0 0 1.30878 -22.545
MUT_117THR_120LEU_121ALA_124LEU_161VAL_163THR_216LEU_bj3.pdb:LIG_270 -41.7267 2.84214 23.376 0.08533 5.1244 -3.92845 -7.37236 0 0 -1.91753 -1.23548 0 0 0 0 0 0 0 0 1.27493 -23.4778
MUT_117THR_120LEU_121LEU_124LEU_161ALA_163ALA_216LEU_232LEU_bj1.pdb:LIG_270 -39.4837 2.36862 23.4586 0.07334 5.47145 -3.80922 -7.43475 0 0 -1.93343 -1.30068 0 0 0 0 0 0 0 0 0.76069 -21.8291
MUT_117THR_120LEU_121LEU_124LEU_161ALA_163ALA_216LEU_232LEU_bj2.pdb:LIG_270 -39.0429 2.37161 23.3755 0.11152 5.67028 -3.69048 -7.5167 0 0 -1.94366 -1.2807 0 0 0 0 0 0 0 0 1.10661 -20.8389
MUT_117THR_120LEU_121LEU_124LEU_161ALA_163ALA_216LEU_232LEU_bj3.pdb:LIG_270 -39.2138 2.40018 23.503 0.11136 5.66993 -3.72361 -7.50218 0 0 -1.9532 -1.29196 0 0 0 0 0 0 0 0 1.13289 -20.8674
MUT_117THR_120LEU_121LEU_124LEU_161VAL_163ALA_216LEU_232SER_bj1.pdb:LIG_270 -39.2171 1.83098 24.1401 0.0933 5.37234 -3.90535 -7.42624 0 0 -1.93589 -1.30055 0 0 0 0 0 0 0 0 0.76631 -21.5821
MUT_117THR_120LEU_121LEU_124LEU_161VAL_163ALA_216LEU_232SER_bj2.pdb:LIG_270 -38.8689 1.9684 23.9985 0.124 5.53314 -3.88442 -7.47516 0 0 -1.94145 -1.27873 0 0 0 0 0 0 0 0 1.10293 -20.7217
MUT_117THR_120LEU_121LEU_124LEU_161VAL_163ALA_216LEU_232SER_bj3.pdb:LIG_270 -39.0537 1.97737 24.258 0.11389 5.53158 -3.8592 -7.48292 0 0 -1.94937 -1.30413 0 0 0 0 0 0 0 0 0.86535 -20.9031
MUT_117THR_120LEU_121LEU_124LEU_161VAL_163THR_216LEU_bj1.pdb:LIG_270 -40.8013 3.31324 24.052 0.10043 5.52937 -3.83402 -7.45284 0 0 -1.94831 -1.29271 0 0 0 0 0 0 0 0 0.9727 -21.3614
MUT_117THR_120LEU_121LEU_124LEU_161VAL_163THR_216LEU_bj2.pdb:LIG_270 -40.7911 3.31146 24.0468 0.10018 5.52863 -3.83123 -7.44896 0 0 -1.94839 -1.29436 0 0 0 0 0 0 0 0 0.96668 -21.3603
MUT_117THR_120LEU_121LEU_124LEU_161VAL_163THR_216LEU_bj3.pdb:LIG_270 -41.6153 4.65445 23.7873 0.10965 5.37844 -3.84996 -7.53263 0 0 -1.93962 -1.26991 0 0 0 0 0 0 0 0 1.19091 -21.0867
MUT_117THR_120LEU_121PHE_124LEU_161VAL_163ALA_216LEU_232SER_bj1.pdb:LIG_270 -39.5289 2.11808 24.1235 0.11792 5.51736 -3.88792 -7.56779 0 0 -1.94867 -1.31479 0 0 0 0 0 0 0 0 0.8937 -21.4776
MUT_117THR_120LEU_121PHE_124LEU_161VAL_163ALA_216LEU_232SER_bj2.pdb:LIG_270 -39.4894 2.11592 24.1154 0.11928 5.5188 -3.87853 -7.52024 0 0 -1.94952 -1.31767 0 0 0 0 0 0 0 0 0.96191 -21.3241
MUT_117THR_120LEU_121PHE_124LEU_161VAL_163ALA_216LEU_232SER_bj3.pdb:LIG_270 -39.5026 2.1199 24.1229 0.12011 5.52703 -3.89479 -7.56049 0 0 -1.94941 -1.31541 0 0 0 0 0 0 0 0 0.9605 -21.3723
MUT_117THR_120LEU_121THR_124LEU_161VAL_163ALA_216LEU_232SER_bj1.pdb:LIG_270 -37.8665 2.39097 23.4673 0.10369 5.24585 -3.91815 -7.05317 0 0 -1.91898 -1.06608 0 0 0 0 0 0 0 0 1.00442 -19.6107
MUT_117THR_120LEU_121THR_124LEU_161VAL_163ALA_216LEU_232SER_bj2.pdb:LIG_270 -38.7384 1.87639 24.4016 0.07502 5.18575 -3.95226 -7.32011 0 0 -1.91929 -1.30972 0 0 0 0 0 0 0 0 0.71845 -20.9825
MUT_117THR_120LEU_121THR_124LEU_161VAL_163ALA_216LEU_232SER_bj3.pdb:LIG_270 -38.7399 1.87379 24.4095 0.07493 5.19518 -3.94876 -7.31693 0 0 -1.92041 -1.30578 0 0 0 0 0 0 0 0 0.71312 -20.9652
MUT_117THR_120LEU_121VAL_124LEU_161VAL_163ALA_216LEU_232SER_bj1.pdb:LIG_270 -38.4911 1.7295 24.2346 0.07404 5.21166 -3.89127 -7.32456 0 0 -1.9216 -1.29891 0 0 0 0 0 0 0 0 0.75003 -20.9277
MUT_117THR_120LEU_121VAL_124LEU_161VAL_163ALA_216LEU_232SER_bj2.pdb:LIG_270 -38.4523 1.70189 24.2247 0.0737 5.20981 -3.88841 -7.32749 0 0 -1.92209 -1.29947 0 0 0 0 0 0 0 0 0.76022 -20.9194
MUT_117THR_120LEU_121VAL_124LEU_161VAL_163ALA_216LEU_232SER_bj3.pdb:LIG_270 -38.5191 1.73911 24.2505 0.07384 5.21919 -3.89258 -7.32274 0 0 -1.92247 -1.30113 0 0 0 0 0 0 0 0 0.75075 -20.9247
MUT_117THR_120LEU_124LEU_161ALA_163ALA_216LEU_232CYS_bj1.pdb:LIG_270 -38.7922 1.86132 23.4972 0.08024 5.38928 -3.9174 -7.42943 0 0 -1.92776 -1.32047 0 0 0 0 0 0 0 0 0.68755 -21.8717
MUT_117THR_120LEU_124LEU_161ALA_163ALA_216LEU_232CYS_bj2.pdb:LIG_270 -38.7958 1.87335 23.5029 0.07929 5.38647 -3.91201 -7.4321 0 0 -1.92798 -1.31965 0 0 0 0 0 0 0 0 0.67824 -21.8673
MUT_117THR_120LEU_124LEU_161ALA_163ALA_216LEU_232CYS_bj3.pdb:LIG_270 -38.7913 1.8704 23.5035 0.07994 5.38782 -3.91304 -7.43778 0 0 -1.9285 -1.31869 0 0 0 0 0 0 0 0 0.6773 -21.8703
MUT_117THR_120LEU_124LEU_161ALA_163ALA_216LEU_232LEU_bj1.pdb:LIG_270 -39.8714 2.17252 23.4119 0.07321 5.14596 -3.91498 -7.44615 0 0 -1.91251 -1.31952 0 0 0 0 0 0 0 0 0.82531 -22.8357
MUT_117THR_120LEU_124LEU_161ALA_163ALA_216LEU_232LEU_bj2.pdb:LIG_270 -39.8904 2.19102 23.4128 0.07295 5.14252 -3.91507 -7.45036 0 0 -1.9109 -1.32005 0 0 0 0 0 0 0 0 0.82257 -22.8449
MUT_117THR_120LEU_124LEU_161ALA_163ALA_216LEU_232LEU_bj3.pdb:LIG_270 -39.8803 2.17958 23.4131 0.07308 5.15002 -3.91067 -7.45097 0 0 -1.9119 -1.31736 0 0 0 0 0 0 0 0 0.81389 -22.8415
MUT_117THR_120LEU_124LEU_161ALA_163ALA_216LEU_232SER_bj1.pdb:LIG_270 -38.8068 1.92153 24.2895 0.07141 5.26798 -3.92308 -7.36302 0 0 -1.92094 -1.30798 0 0 0 0 0 0 0 0 0.71616 -21.0552
MUT_117THR_120LEU_124LEU_161ALA_163ALA_216LEU_232SER_bj2.pdb:LIG_270 -38.8097 1.9175 24.2916 0.07137 5.26625 -3.92285 -7.36388 0 0 -1.92006 -1.30601 0 0 0 0 0 0 0 0 0.71388 -21.0618
MUT_117THR_120LEU_124LEU_161ALA_163ALA_216LEU_232SER_bj3.pdb:LIG_270 -38.8183 1.93216 24.2896 0.07148 5.26735 -3.92057 -7.36689 0 0 -1.91991 -1.30419 0 0 0 0 0 0 0 0 0.71524 -21.0541
MUT_117THR_120LEU_124LEU_161ASN_163CYS_216LEU_bj1.pdb:LIG_270 -42.8827 4.0437 24.7484 0.08435 5.03981 -4.39733 -7.67768 0 0 -1.91053 -0.72934 0 0 0 0 0 0 0 0 1.13093 -22.5504
MUT_117THR_120LEU_124LEU_161ASN_163CYS_216LEU_bj2.pdb:LIG_270 -41.3335 3.22931 23.7487 0.08048 5.30043 -3.88372 -7.23891 0 0 -1.9092 -1.2376 0 0 0 0 0 0 0 0 1.26905 -21.975
MUT_117THR_120LEU_124LEU_161ASN_163CYS_216LEU_bj3.pdb:LIG_270 -42.1914 3.17183 24.5775 0.07137 5.14206 -4.35686 -7.57614 0 0 -1.9161 -0.7315 0 0 0 0 0 0 0 0 0.99691 -22.8123
MUT_117THR_120LEU_124LEU_161ASN_163CYS_bj1.pdb:LIG_270 -41.8962 3.65775 24.0418 0.08503 5.36327 -4.20688 -7.61581 0 0 -1.91379 -0.71557 0 0 0 0 0 0 0 0 1.14349 -22.0569
MUT_117THR_120LEU_124LEU_161ASN_163CYS_bj2.pdb:LIG_270 -42.1666 3.12591 24.1907 0.06906 5.26255 -4.28856 -7.50208 0 0 -1.92826 -1.23411 0 0 0 0 0 0 0 0 1.13649 -23.3349
MUT_117THR_120LEU_124LEU_161ASN_163CYS_bj3.pdb:LIG_270 -42.163 3.12332 24.1902 0.06904 5.26265 -4.28932 -7.5048 0 0 -1.92807 -1.23419 0 0 0 0 0 0 0 0 1.14405 -23.3302
MUT_117THR_120LEU_124LEU_161VAL_163ALA_216LEU_232ALA_bj1.pdb:LIG_270 -38.979 1.91237 23.6369 0.08057 5.28078 -4.01561 -7.50958 0 0 -1.92336 -1.30366 0 0 0 0 0 0 0 0 0.77786 -22.0428
MUT_117THR_120LEU_124LEU_161VAL_163ALA_216LEU_232ALA_bj2.pdb:LIG_270 -38.9774 1.91094 23.6344 0.08047 5.2805 -4.01479 -7.50977 0 0 -1.92449 -1.30231 0 0 0 0 0 0 0 0 0.77432 -22.0481
MUT_117THR_120LEU_124LEU_161VAL_163ALA_216LEU_232ALA_bj3.pdb:LIG_270 -38.9666 1.90307 23.6316 0.08036 5.28202 -4.01584 -7.50252 0 0 -1.92486 -1.30359 0 0 0 0 0 0 0 0 0.76801 -22.0483
MUT_117THR_120LEU_124LEU_161VAL_163ALA_216LEU_232LEU_bj1.pdb:LIG_270 -40.1598 2.18552 23.1454 0.07873 5.21998 -3.98222 -7.50914 0 0 -1.91761 -1.29958 0 0 0 0 0 0 0 0 0.83908 -23.3996
MUT_117THR_120LEU_124LEU_161VAL_163ALA_216LEU_232LEU_bj2.pdb:LIG_270 -40.1538 2.17645 23.1429 0.07909 5.22442 -3.98157 -7.5061 0 0 -1.91789 -1.30081 0 0 0 0 0 0 0 0 0.83954 -23.3978
MUT_117THR_120LEU_124LEU_161VAL_163ALA_216LEU_232LEU_bj3.pdb:LIG_270 -40.1543 2.18365 23.1442 0.07897 5.22556 -3.97933 -7.50962 0 0 -1.91825 -1.30015 0 0 0 0 0 0 0 0 0.82757 -23.4017
MUT_117THR_120LEU_124LEU_161VAL_163ALA_216LEU_232SER_bj1.pdb:LIG_270 -39.11 1.94805 24.0913 0.08095 5.30422 -4.02534 -7.43866 0 0 -1.92706 -1.29901 0 0 0 0 0 0 0 0 0.78546 -21.5901
MUT_117THR_120LEU_124LEU_161VAL_163ALA_216LEU_232SER_bj2.pdb:LIG_270 -39.1055 1.9496 24.0914 0.08105 5.30504 -4.02562 -7.44349 0 0 -1.92634 -1.29705 0 0 0 0 0 0 0 0 0.77726 -21.5936
MUT_117THR_120LEU_124LEU_161VAL_163ALA_216LEU_232SER_bj3.pdb:LIG_270 -39.1164 1.954 24.0919 0.08119 5.30394 -4.02316 -7.44182 0 0 -1.92669 -1.30032 0 0 0 0 0 0 0 0 0.77683 -21.6005
MUT_117THR_120LEU_124LEU_161VAL_163ALA_216LEU_232THR_bj1.pdb:LIG_270 -38.8661 2.84913 23.3891 0.25895 5.26632 -4.18864 -7.33175 0 0 -1.90945 -0.71073 0 0 0 0 0 0 0 0 0.96513 -20.2781
MUT_117THR_120LEU_124LEU_161VAL_163ALA_216LEU_232THR_bj2.pdb:LIG_270 -39.2884 2.1887 23.8317 0.08791 5.38643 -4.01705 -7.47506 0 0 -1.93325 -1.29069 0 0 0 0 0 0 0 0 0.79658 -21.7131
MUT_117THR_120LEU_124LEU_161VAL_163ALA_216LEU_232THR_bj3.pdb:LIG_270 -39.297 2.1929 23.8335 0.08827 5.38521 -4.01725 -7.47419 0 0 -1.93351 -1.2923 0 0 0 0 0 0 0 0 0.79469 -21.7197
MUT_117THR_120LEU_124LEU_161VAL_163ALA_216LEU_232VAL_bj1.pdb:LIG_270 -39.4566 2.06037 23.0349 0.08715 5.36324 -3.94013 -7.56949 0 0 -1.92972 -1.3156 0 0 0 0 0 0 0 0 0.77935 -22.8865
MUT_117THR_120LEU_124LEU_161VAL_163ALA_216LEU_232VAL_bj2.pdb:LIG_270 -39.4626 2.05975 23.0373 0.08711 5.36389 -3.93805 -7.56722 0 0 -1.93044 -1.3163 0 0 0 0 0 0 0 0 0.77669 -22.8898
MUT_117THR_120LEU_124LEU_161VAL_163ALA_216LEU_232VAL_bj3.pdb:LIG_270 -39.4556 2.03772 23.0943 0.08734 5.35801 -3.93397 -7.55744 0 0 -1.92878 -1.31693 0 0 0 0 0 0 0 0 0.78456 -22.8308
MUT_117THR_120LEU_124LEU_161VAL_163ALA_216LEU_bj1.pdb:LIG_270 -41.6913 2.8266 23.1923 0.07027 5.07397 -3.97759 -7.37027 0 0 -1.90704 -1.30168 0 0 0 0 0 0 0 0 1.07473 -24.01
MUT_117THR_120LEU_124LEU_161VAL_163ALA_216LEU_bj2.pdb:LIG_270 -41.6893 2.82454 23.1924 0.07032 5.07301 -3.97888 -7.37019 0 0 -1.90683 -1.29975 0 0 0 0 0 0 0 0 1.06189 -24.0228
MUT_117THR_120LEU_124LEU_161VAL_163ALA_216LEU_bj3.pdb:LIG_270 -41.6796 2.81237 23.185 0.07056 5.07673 -3.97808 -7.3785 0 0 -1.90833 -1.30281 0 0 0 0 0 0 0 0 1.07346 -24.0292
MUT_117THR_120LEU_124LEU_161VAL_163CYS_216LEU_232ALA_bj1.pdb:LIG_270 -39.0799 2.68782 23.314 0.09877 5.27745 -3.98142 -7.33871 0 0 -1.9216 -1.07684 0 0 0 0 0 0 0 0 1.11719 -20.9033
MUT_117THR_120LEU_124LEU_161VAL_163CYS_216LEU_232ALA_bj2.pdb:LIG_270 -39.6102 1.9579 23.996 0.08252 5.29203 -4.02228 -7.57861 0 0 -1.92609 -1.30355 0 0 0 0 0 0 0 0 0.76066 -22.3516
MUT_117THR_120LEU_124LEU_161VAL_163CYS_216LEU_232ALA_bj3.pdb:LIG_270 -39.6176 1.96258 23.9949 0.08282 5.29228 -4.01984 -7.58063 0 0 -1.92563 -1.30133 0 0 0 0 0 0 0 0 0.76063 -22.3518
MUT_117THR_120LEU_124LEU_161VAL_163CYS_216LEU_232CYS_bj1.pdb:LIG_270 -39.8653 1.93898 23.8273 0.08867 5.36222 -3.97657 -7.54557 0 0 -1.93015 -1.31667 0 0 0 0 0 0 0 0 0.74327 -22.6737
MUT_117THR_120LEU_124LEU_161VAL_163CYS_216LEU_232CYS_bj2.pdb:LIG_270 -39.8615 1.93362 23.8288 0.08882 5.36665 -3.97596 -7.54942 0 0 -1.93082 -1.31546 0 0 0 0 0 0 0 0 0.75168 -22.6636
MUT_117THR_120LEU_124LEU_161VAL_163CYS_216LEU_232CYS_bj3.pdb:LIG_270 -39.8726 1.95035 23.8333 0.08816 5.36293 -3.97819 -7.55795 0 0 -1.9297 -1.31617 0 0 0 0 0 0 0 0 0.74788 -22.672
MUT_117THR_120LEU_124LEU_161VAL_163CYS_216LEU_232SER_bj1.pdb:LIG_270 -39.7712 2.00017 24.4375 0.08245 5.31264 -4.03462 -7.50693 0 0 -1.92684 -1.29788 0 0 0 0 0 0 0 0 0.78977 -21.9149
MUT_117THR_120LEU_124LEU_161VAL_163CYS_216LEU_232SER_bj2.pdb:LIG_270 -39.7587 2.01043 24.4178 0.08422 5.31622 -4.02952 -7.51042 0 0 -1.92813 -1.30013 0 0 0 0 0 0 0 0 0.77294 -21.9253
MUT_117THR_120LEU_124LEU_161VAL_163CYS_216LEU_232SER_bj3.pdb:LIG_270 -39.7551 2.00612 24.4146 0.08422 5.31688 -4.02913 -7.51277 0 0 -1.92853 -1.29945 0 0 0 0 0 0 0 0 0.77413 -21.929
MUT_117THR_120LEU_124LEU_161VAL_163CYS_216LEU_232THR_bj1.pdb:LIG_270 -40.004 2.24591 24.1504 0.08852 5.38667 -4.03359 -7.54752 0 0 -1.93395 -1.29286 0 0 0 0 0 0 0 0 0.80273 -22.1377
MUT_117THR_120LEU_124LEU_161VAL_163CYS_216LEU_232THR_bj2.pdb:LIG_270 -40.1136 2.25455 24.1712 0.1099 5.41672 -3.9566 -7.55751 0 0 -1.93506 -1.30652 0 0 0 0 0 0 0 0 0.92991 -21.987
MUT_117THR_120LEU_124LEU_161VAL_163CYS_216LEU_232THR_bj3.pdb:LIG_270 -39.9966 2.23635 24.1483 0.08795 5.38852 -4.03606 -7.53916 0 0 -1.933 -1.29166 0 0 0 0 0 0 0 0 0.81162 -22.1238
MUT_117THR_120LEU_124LEU_161VAL_163CYS_216LEU_232VAL_bj1.pdb:LIG_270 -39.9312 2.05457 23.3127 0.08879 5.37701 -3.93706 -7.61895 0 0 -1.93186 -1.31741 0 0 0 0 0 0 0 0 0.76569 -23.1378
MUT_117THR_120LEU_124LEU_161VAL_163CYS_216LEU_232VAL_bj2.pdb:LIG_270 -39.9259 2.03283 23.2974 0.08819 5.37908 -3.93442 -7.61381 0 0 -1.93165 -1.31734 0 0 0 0 0 0 0 0 0.76947 -23.1561
MUT_117THR_120LEU_124LEU_161VAL_163CYS_216LEU_232VAL_bj3.pdb:LIG_270 -39.9093 2.03324 23.31 0.08896 5.37808 -3.93274 -7.60627 0 0 -1.93228 -1.31819 0 0 0 0 0 0 0 0 0.76185 -23.1267
MUT_117THR_120LEU_124LEU_161VAL_163CYS_216LEU_bj1.pdb:LIG_270 -41.9186 3.12952 23.5426 0.07433 5.21067 -3.95066 -7.55681 0 0 -1.91965 -1.29612 0 0 0 0 0 0 0 0 0.94406 -23.7407
MUT_117THR_120LEU_124LEU_161VAL_163CYS_216LEU_bj2.pdb:LIG_270 -41.6688 3.09067 23.3045 0.07657 5.27549 -4.00324 -7.57264 0 0 -1.92288 -1.28478 0 0 0 0 0 0 0 0 0.99129 -23.7138
MUT_117THR_120LEU_124LEU_161VAL_163CYS_216LEU_bj3.pdb:LIG_270 -41.9232 3.14027 23.5363 0.07429 5.2137 -3.95038 -7.56754 0 0 -1.91962 -1.29472 0 0 0 0 0 0 0 0 0.94628 -23.7446
MUT_117THR_120LEU_124LEU_161VAL_163LEU_216LEU_232ALA_bj1.pdb:LIG_270 -38.958 2.66443 22.9879 0.11802 5.19024 -4.11905 -7.25072 0 0 -1.91779 -1.07286 0 0 0 0 0 0 0 0 1.20727 -21.1505
MUT_117THR_120LEU_124LEU_161VAL_163LEU_216LEU_232ALA_bj2.pdb:LIG_270 -39.5579 1.88497 23.5513 0.08799 5.27774 -4.01518 -7.45732 0 0 -1.92275 -1.30107 0 0 0 0 0 0 0 0 0.74738 -22.7048
MUT_117THR_120LEU_124LEU_161VAL_163LEU_216LEU_232ALA_bj3.pdb:LIG_270 -39.5435 1.87763 23.545 0.08832 5.28175 -4.01857 -7.45667 0 0 -1.92473 -1.30134 0 0 0 0 0 0 0 0 0.75543 -22.6967
MUT_117THR_120LEU_124LEU_161VAL_163LEU_216LEU_232CYS_bj1.pdb:LIG_270 -39.6537 2.17215 23.1742 0.12668 5.41775 -3.8956 -7.44711 0 0 -1.93783 -1.30071 0 0 0 0 0 0 0 0 0.8423 -22.5019
MUT_117THR_120LEU_124LEU_161VAL_163LEU_216LEU_232CYS_bj2.pdb:LIG_270 -39.2488 2.78808 22.431 0.11035 5.31335 -3.97817 -7.37646 0 0 -1.93269 -1.22607 0 0 0 0 0 0 0 0 1.08358 -22.0359
MUT_117THR_120LEU_124LEU_161VAL_163LEU_216LEU_232CYS_bj3.pdb:LIG_270 -39.6184 2.19665 23.1658 0.14306 5.46228 -3.8893 -7.48873 0 0 -1.94307 -1.30893 0 0 0 0 0 0 0 0 0.83663 -22.4439
MUT_117THR_120LEU_124LEU_161VAL_163LEU_216LEU_232LEU_bj1.pdb:LIG_270 -40.4363 2.60358 23.2361 0.08473 5.31947 -4.02261 -7.53043 0 0 -1.92758 -1.29509 0 0 0 0 0 0 0 0 0.76307 -23.2051
MUT_117THR_120LEU_124LEU_161VAL_163LEU_216LEU_232LEU_bj2.pdb:LIG_270 -40.4361 2.59346 23.2366 0.08452 5.31973 -4.0215 -7.5316 0 0 -1.92719 -1.29366 0 0 0 0 0 0 0 0 0.77017 -23.2056
MUT_117THR_120LEU_124LEU_161VAL_163LEU_216LEU_232LEU_bj3.pdb:LIG_270 -40.52 2.83735 23.1922 0.10204 5.36003 -4.05165 -7.59447 0 0 -1.93131 -1.29624 0 0 0 0 0 0 0 0 0.74539 -23.1567
MUT_117THR_120LEU_124LEU_161VAL_163LEU_216LEU_232SER_bj1.pdb:LIG_270 -39.7789 2.02883 24.0419 0.09555 5.28546 -3.89754 -7.4139 0 0 -1.92758 -1.28049 0 0 0 0 0 0 0 0 0.69727 -22.1495
MUT_117THR_120LEU_124LEU_161VAL_163LEU_216LEU_232SER_bj2.pdb:LIG_270 -39.7027 1.94105 23.9426 0.088 5.29124 -4.00832 -7.36247 0 0 -1.925 -1.29621 0 0 0 0 0 0 0 0 0.77497 -22.2569
MUT_117THR_120LEU_124LEU_161VAL_163LEU_216LEU_232SER_bj3.pdb:LIG_270 -39.7076 1.9538 23.9452 0.08784 5.28992 -4.00943 -7.37626 0 0 -1.92468 -1.29414 0 0 0 0 0 0 0 0 0.77546 -22.2599
MUT_117THR_120LEU_124LEU_161VAL_163LEU_216LEU_232THR_bj1.pdb:LIG_270 -39.3687 2.78133 23.1518 0.16214 5.29654 -4.0382 -7.14009 0 0 -1.92492 -1.06804 0 0 0 0 0 0 0 0 1.10343 -21.0447
MUT_117THR_120LEU_124LEU_161VAL_163LEU_216LEU_232THR_bj2.pdb:LIG_270 -39.379 2.78741 23.158 0.15654 5.29609 -4.04125 -7.13942 0 0 -1.9243 -1.07144 0 0 0 0 0 0 0 0 1.10205 -21.0553
MUT_117THR_120LEU_124LEU_161VAL_163LEU_216LEU_232THR_bj3.pdb:LIG_270 -39.8591 2.17659 23.6754 0.09272 5.35745 -4.00698 -7.37662 0 0 -1.93081 -1.29255 0 0 0 0 0 0 0 0 0.78933 -22.3746
MUT_117THR_120LEU_124LEU_161VAL_163LEU_216LEU_232VAL_bj1.pdb:LIG_270 -39.4128 2.99002 22.0627 0.11085 5.32923 -3.96497 -7.44609 0 0 -1.93391 -1.21365 0 0 0 0 0 0 0 0 1.15035 -22.3284
MUT_117THR_120LEU_124LEU_161VAL_163LEU_216LEU_232VAL_bj2.pdb:LIG_270 -39.7543 2.48448 22.71 0.1373 5.47069 -3.88119 -7.47981 0 0 -1.94318 -1.29101 0 0 0 0 0 0 0 0 1.00322 -22.5438
MUT_117THR_120LEU_124LEU_161VAL_163LEU_216LEU_232VAL_bj3.pdb:LIG_270 -39.7997 2.40022 22.779 0.12044 5.41841 -3.89285 -7.44693 0 0 -1.93645 -1.29327 0 0 0 0 0 0 0 0 0.96485 -22.6862
MUT_117THR_120LEU_124LEU_161VAL_163PHE_216LEU_232ALA_bj1.pdb:LIG_270 -39.4601 2.2345 22.6652 0.15014 5.53409 -3.74084 -7.41181 0 0 -1.94932 -1.31597 0 0 0 0 0 0 0 0 1.06094 -22.2331
MUT_117THR_120LEU_124LEU_161VAL_163PHE_216LEU_232ALA_bj2.pdb:LIG_270 -39.3879 2.21916 22.9421 0.15524 5.53479 -3.74995 -7.47233 0 0 -1.9506 -1.31757 0 0 0 0 0 0 0 0 0.9482 -22.0789
MUT_117THR_120LEU_124LEU_161VAL_163PHE_216LEU_232ALA_bj3.pdb:LIG_270 -39.3978 2.22514 22.9445 0.15658 5.5375 -3.75043 -7.47459 0 0 -1.94931 -1.31948 0 0 0 0 0 0 0 0 0.96667 -22.0611
MUT_117THR_120LEU_124LEU_161VAL_163PHE_216LEU_232CYS_bj1.pdb:LIG_270 -39.8331 2.30669 22.757 0.14369 5.54761 -3.74818 -7.47664 0 0 -1.94753 -1.31266 0 0 0 0 0 0 0 0 1.05974 -22.5033
MUT_117THR_120LEU_124LEU_161VAL_163PHE_216LEU_232CYS_bj2.pdb:LIG_270 -39.9112 2.34054 22.5087 0.13965 5.53521 -3.75982 -7.43296 0 0 -1.94376 -1.31229 0 0 0 0 0 0 0 0 1.12192 -22.714
MUT_117THR_120LEU_124LEU_161VAL_163PHE_216LEU_232CYS_bj3.pdb:LIG_270 -40.8177 2.81954 22.1322 0.10724 5.58204 -4.0409 -7.16124 0 0 -1.89306 -1.26461 0 0 0 0 0 0 0 0 1.23469 -23.3018
MUT_117THR_120LEU_124LEU_161VAL_163PHE_216LEU_232SER_bj1.pdb:LIG_270 -39.5349 2.2937 23.2336 0.15556 5.57072 -3.7614 -7.43572 0 0 -1.95141 -1.3168 0 0 0 0 0 0 0 0 1.00026 -21.7463
MUT_117THR_120LEU_124LEU_161VAL_163PHE_216LEU_232SER_bj2.pdb:LIG_270 -39.5234 2.28107 23.2455 0.15593 5.56031 -3.76571 -7.43454 0 0 -1.95095 -1.31596 0 0 0 0 0 0 0 0 0.99284 -21.7549
MUT_117THR_120LEU_124LEU_161VAL_163PHE_216LEU_232SER_bj3.pdb:LIG_270 -39.3365 2.70897 22.6126 0.11815 5.39269 -3.87212 -7.3971 0 0 -1.93516 -1.24953 0 0 0 0 0 0 0 0 1.05477 -21.9033
MUT_117THR_120LEU_124LEU_161VAL_163PHE_216LEU_232THR_bj1.pdb:LIG_270 -39.7942 2.23867 23.0748 0.15279 5.53375 -3.75415 -7.40015 0 0 -1.94661 -1.31696 0 0 0 0 0 0 0 0 1.06375 -22.1483
MUT_117THR_120LEU_124LEU_161VAL_163PHE_216LEU_232THR_bj2.pdb:LIG_270 -39.8515 2.25857 22.8583 0.14818 5.52324 -3.78065 -7.36769 0 0 -1.94477 -1.31265 0 0 0 0 0 0 0 0 1.11714 -22.3519
MUT_117THR_120LEU_124LEU_161VAL_163PHE_216LEU_232THR_bj3.pdb:LIG_270 -39.8096 2.24282 23.04 0.14867 5.54348 -3.73977 -7.39405 0 0 -1.94627 -1.31641 0 0 0 0 0 0 0 0 1.05539 -22.1757
MUT_117THR_120LEU_124LEU_161VAL_163PHE_216LEU_232VAL_bj1.pdb:LIG_270 -39.8692 2.3351 22.5032 0.14484 5.55051 -3.74722 -7.41659 0 0 -1.94622 -1.31456 0 0 0 0 0 0 0 0 1.08075 -22.6795
MUT_117THR_120LEU_124LEU_161VAL_163PHE_216LEU_232VAL_bj2.pdb:LIG_270 -39.8261 2.32646 22.4962 0.14539 5.54534 -3.76218 -7.42012 0 0 -1.94629 -1.31287 0 0 0 0 0 0 0 0 1.088 -22.6663
MUT_117THR_120LEU_124LEU_161VAL_163PHE_216LEU_232VAL_bj3.pdb:LIG_270 -39.7343 2.77509 21.9764 0.11984 5.40199 -3.86395 -7.41159 0 0 -1.93518 -1.256 0 0 0 0 0 0 0 0 1.12978 -22.7979
MUT_117THR_120LEU_124LEU_161VAL_163PHE_216LEU_bj1.pdb:LIG_270 -41.8346 4.65041 22.2021 0.13872 5.63387 -3.96191 -7.54464 0 0 -1.94868 -1.26512 0 0 0 0 0 0 0 0 1.54193 -22.3879
MUT_117THR_120LEU_124LEU_161VAL_163PHE_216LEU_bj2.pdb:LIG_270 -41.7991 3.95161 22.4461 0.16493 5.57566 -3.88384 -7.41726 0 0 -1.94434 -1.2878 0 0 0 0 0 0 0 0 1.84638 -22.3477
MUT_117THR_120LEU_124LEU_161VAL_163PHE_216LEU_bj3.pdb:LIG_270 -41.7932 4.63562 22.1869 0.13594 5.64378 -3.9763 -7.53987 0 0 -1.949 -1.26442 0 0 0 0 0 0 0 0 1.53973 -22.3808
MUT_117THR_120LEU_124LEU_161VAL_163THR_216LEU_232ALA_bj1.pdb:LIG_270 -39.3641 1.80193 24.4287 0.08963 5.33392 -3.94181 -7.35002 0 0 -1.93002 -1.30586 0 0 0 0 0 0 0 0 0.71239 -21.5252
MUT_117THR_120LEU_124LEU_161VAL_163THR_216LEU_232ALA_bj2.pdb:LIG_270 -39.3563 1.82589 24.5094 0.11093 5.38162 -3.92611 -7.42306 0 0 -1.92879 -1.32703 0 0 0 0 0 0 0 0 0.70269 -21.4307
MUT_117THR_120LEU_124LEU_161VAL_163THR_216LEU_232ALA_bj3.pdb:LIG_270 -39.3629 1.79616 24.4217 0.09031 5.33411 -3.9367 -7.344 0 0 -1.92829 -1.3078 0 0 0 0 0 0 0 0 0.71097 -21.5264
MUT_117THR_120LEU_124LEU_161VAL_163THR_216LEU_232CYS_bj1.pdb:LIG_270 -39.677 1.87099 24.2927 0.09377 5.38355 -3.90492 -7.41925 0 0 -1.93357 -1.3177 0 0 0 0 0 0 0 0 0.71363 -21.8978
MUT_117THR_120LEU_124LEU_161VAL_163THR_216LEU_232CYS_bj2.pdb:LIG_270 -39.6725 1.87175 24.2867 0.0942 5.38281 -3.90388 -7.42127 0 0 -1.93302 -1.31668 0 0 0 0 0 0 0 0 0.71676 -21.8952
MUT_117THR_120LEU_124LEU_161VAL_163THR_216LEU_232CYS_bj3.pdb:LIG_270 -39.6735 1.8693 24.2886 0.09406 5.38398 -3.90514 -7.41734 0 0 -1.93338 -1.31831 0 0 0 0 0 0 0 0 0.71591 -21.8959
MUT_117THR_120LEU_124LEU_161VAL_163THR_216LEU_232LEU_bj1.pdb:LIG_270 -40.5004 2.36628 23.6887 0.08302 5.26289 -3.88565 -7.45983 0 0 -1.92054 -1.29125 0 0 0 0 0 0 0 0 0.88244 -22.7744
MUT_117THR_120LEU_124LEU_161VAL_163THR_216LEU_232LEU_bj2.pdb:LIG_270 -40.2453 2.72524 23.8379 0.09412 5.45154 -3.89618 -7.47059 0 0 -1.9396 -1.2907 0 0 0 0 0 0 0 0 0.79611 -21.9375
MUT_117THR_120LEU_124LEU_161VAL_163THR_216LEU_232LEU_bj3.pdb:LIG_270 -39.5536 3.16512 23.176 0.11489 5.51686 -3.7887 -7.19917 0 0 -1.93274 -1.06399 0 0 0 0 0 0 0 0 1.06802 -20.4973
MUT_117THR_120LEU_124LEU_161VAL_163THR_216LEU_232SER_bj1.pdb:LIG_270 -39.5412 1.96878 24.7815 0.08952 5.35851 -3.93708 -7.27333 0 0 -1.9326 -1.29889 0 0 0 0 0 0 0 0 0.74542 -21.0394
MUT_117THR_120LEU_124LEU_161VAL_163THR_216LEU_232SER_bj2.pdb:LIG_270 -39.5366 1.95799 24.7737 0.08918 5.35947 -3.93935 -7.27152 0 0 -1.93283 -1.29846 0 0 0 0 0 0 0 0 0.74994 -21.0485
MUT_117THR_120LEU_124LEU_161VAL_163THR_216LEU_232SER_bj3.pdb:LIG_270 -39.5394 1.96736 24.7889 0.08981 5.35869 -3.93678 -7.26793 0 0 -1.93263 -1.29891 0 0 0 0 0 0 0 0 0.74006 -21.0309
MUT_117THR_120LEU_124LEU_161VAL_163THR_216LEU_232THR_bj1.pdb:LIG_270 -39.7294 2.15641 24.5487 0.0928 5.40876 -3.9485 -7.29455 0 0 -1.93637 -1.29269 0 0 0 0 0 0 0 0 0.78695 -21.2079
MUT_117THR_120LEU_124LEU_161VAL_163THR_216LEU_232THR_bj2.pdb:LIG_270 -39.2637 2.80729 23.8844 0.12239 5.37475 -3.89341 -7.06416 0 0 -1.92701 -1.07146 0 0 0 0 0 0 0 0 1.07449 -19.9565
MUT_117THR_120LEU_124LEU_161VAL_163THR_216LEU_232THR_bj3.pdb:LIG_270 -39.7216 2.14109 24.5448 0.09267 5.40539 -3.94872 -7.29573 0 0 -1.93646 -1.29206 0 0 0 0 0 0 0 0 0.79174 -21.2189
MUT_117THR_120LEU_124LEU_161VAL_163THR_216LEU_bj1.pdb:LIG_270 -42.6753 3.67086 23.8398 0.08319 5.01934 -3.9034 -7.53736 0 0 -1.90455 -1.24118 0 0 0 0 0 0 0 0 1.17217 -23.4763
MUT_117THR_120LEU_124LEU_161VAL_163THR_216LEU_bj2.pdb:LIG_270 -41.6515 3.17784 23.9742 0.07529 5.25506 -3.89223 -7.442 0 0 -1.92312 -1.28999 0 0 0 0 0 0 0 0 0.93397 -22.7825
MUT_117THR_120LEU_124LEU_161VAL_163THR_216LEU_bj3.pdb:LIG_270 -41.1119 3.8299 23.0378 0.15686 5.45077 -3.85491 -7.15624 0 0 -1.93139 -1.00507 0 0 0 0 0 0 0 0 1.17187 -21.4122
MUT_117THR_120LEU_124LEU_161VAL_163TRP_216LEU_232ALA_bj1.pdb:LIG_270 -41.168 3.63631 22.4604 0.27572 5.78214 -3.96334 -7.15317 0 0 -1.87614 -1.03958 0 0 0 0 0 0 0 0 1.81631 -21.2293
MUT_117THR_120LEU_124LEU_161VAL_163TRP_216LEU_232ALA_bj2.pdb:LIG_270 -41.1785 3.63754 22.4715 0.26745 5.76794 -3.96791 -7.14933 0 0 -1.87398 -1.04122 0 0 0 0 0 0 0 0 1.83925 -21.2273
MUT_117THR_120LEU_124LEU_161VAL_163TRP_216LEU_232ALA_bj3.pdb:LIG_270 -41.4421 3.625 22.2185 0.2345 5.73684 -3.97523 -7.11932 0 0 -1.86981 -1.04707 0 0 0 0 0 0 0 0 1.91953 -21.7191
MUT_117THR_120LEU_124LEU_161VAL_163TRP_216LEU_232ASN_bj1.pdb:LIG_270 -41.0548 3.70897 23.2739 0.27915 6.0508 -3.89681 -7.30304 0 0 -1.95142 -1.40378 0 0 0 0 0 0 0 0 1.13775 -21.1593
MUT_117THR_120LEU_124LEU_161VAL_163TRP_216LEU_232ASN_bj2.pdb:LIG_270 -40.5273 2.58024 23.9071 0.16494 5.63056 -3.81512 -7.47324 0 0 -1.95571 -1.30612 0 0 0 0 0 0 0 0 1.15714 -21.6376
MUT_117THR_120LEU_124LEU_161VAL_163TRP_216LEU_232ASN_bj3.pdb:LIG_270 -39.9926 3.47205 23.0542 0.13135 5.56857 -4.06705 -7.34879 0 0 -1.93891 -1.20517 0 0 0 0 0 0 0 0 2.85465 -19.4717
MUT_117THR_120LEU_124LEU_161VAL_163TRP_216LEU_232ASP_bj1.pdb:LIG_270 -42.0728 4.23336 23.0617 0.26581 6.04623 -4.08027 -7.20023 0 0 -1.9457 -0.99983 0 0 0 0 0 0 0 0 1.68109 -21.0106
MUT_117THR_120LEU_124LEU_161VAL_163TRP_216LEU_232ASP_bj2.pdb:LIG_270 -42.2826 4.32373 22.804 0.30103 6.0381 -4.02282 -7.26198 0 0 -1.94381 -1.1967 0 0 0 0 0 0 0 0 1.75092 -21.4901
MUT_117THR_120LEU_124LEU_161VAL_163TRP_216LEU_232ASP_bj3.pdb:LIG_270 -42.0375 4.19832 23.0611 0.27158 6.07552 -4.0719 -7.21471 0 0 -1.94741 -1.00007 0 0 0 0 0 0 0 0 1.71764 -20.9474
MUT_117THR_120LEU_124LEU_161VAL_163TRP_216LEU_232CYS_bj1.pdb:LIG_270 -41.7827 4.38745 22.6739 0.4018 5.83081 -4.08539 -6.73618 0 0 -1.89548 -0.96692 0 0 0 0 0 0 0 0 1.48863 -20.6841
MUT_117THR_120LEU_124LEU_161VAL_163TRP_216LEU_232CYS_bj2.pdb:LIG_270 -41.3548 4.17893 22.3 0.31709 5.91284 -3.94883 -7.11798 0 0 -1.8889 -1.02728 0 0 0 0 0 0 0 0 1.65595 -20.973
MUT_117THR_120LEU_124LEU_161VAL_163TRP_216LEU_232CYS_bj3.pdb:LIG_270 -41.4596 4.22075 22.3751 0.32809 5.98955 -3.97011 -7.06583 0 0 -1.89021 -1.01724 0 0 0 0 0 0 0 0 1.61807 -20.8714
MUT_117THR_120LEU_124LEU_161VAL_163TRP_216LEU_232GLN_bj1.pdb:LIG_270 -41.7536 4.22276 22.2721 0.75652 6.28624 -3.69187 -7.24296 0 0 -1.93682 -0.88976 0 0 0 0 0 0 0 0 1.55434 -20.423
MUT_117THR_120LEU_124LEU_161VAL_163TRP_216LEU_232GLN_bj2.pdb:LIG_270 -41.9309 4.38488 22.6841 0.45489 6.13607 -3.86138 -7.1166 0 0 -1.90374 -0.91632 0 0 0 0 0 0 0 0 1.48291 -20.586
MUT_117THR_120LEU_124LEU_161VAL_163TRP_216LEU_232GLN_bj3.pdb:LIG_270 -42.1925 4.43028 22.7674 0.39592 6.16073 -4.16805 -6.98376 0 0 -1.95648 -1.0415 0 0 0 0 0 0 0 0 1.72512 -20.8629
MUT_117THR_120LEU_124LEU_161VAL_163TRP_216LEU_232GLU_bj1.pdb:LIG_270 -42.1581 4.8236 23.2399 0.37881 6.19815 -3.86708 -7.36482 0 0 -1.95987 -1.18062 0 0 0 0 0 0 0 0 1.88536 -20.0047
MUT_117THR_120LEU_124LEU_161VAL_163TRP_216LEU_232GLU_bj2.pdb:LIG_270 -41.4181 4.3008 22.781 0.73118 6.30599 -3.59908 -7.52092 0 0 -1.92432 -0.91504 0 0 0 0 0 0 0 0 1.53647 -19.722
MUT_117THR_120LEU_124LEU_161VAL_163TRP_216LEU_232GLU_bj3.pdb:LIG_270 -42.2071 4.81116 23.3027 0.32607 6.17617 -3.86927 -7.27253 0 0 -1.95727 -0.98028 0 0 0 0 0 0 0 0 1.90287 -19.7675
MUT_117THR_120LEU_124LEU_161VAL_163TRP_216LEU_232GLY_bj1.pdb:LIG_270 -40.5702 2.96727 22.4243 0.44675 5.98805 -3.8898 -7.21451 0 0 -1.91471 -0.69031 0 0 0 0 0 0 0 0 1.30534 -21.1478
MUT_117THR_120LEU_124LEU_161VAL_163TRP_216LEU_232GLY_bj2.pdb:LIG_270 -40.8473 3.73219 22.77 0.11204 5.73587 -3.80771 -7.30325 0 0 -1.95033 -1.25815 0 0 0 0 0 0 0 0 1.44962 -21.367
MUT_117THR_120LEU_124LEU_161VAL_163TRP_216LEU_232GLY_bj3.pdb:LIG_270 -40.5443 3.1288 22.4669 0.36519 5.95666 -3.78214 -7.3822 0 0 -1.90196 -1.08867 0 0 0 0 0 0 0 0 1.55797 -21.2238
MUT_117THR_120LEU_124LEU_161VAL_163TRP_216LEU_232ILE_bj1.pdb:LIG_270 -40.5147 3.15841 23.0129 0.17543 5.75919 -3.88786 -7.53761 0 0 -1.95853 -1.31407 0 0 0 0 0 0 0 0 1.31268 -21.7941
MUT_117THR_120LEU_124LEU_161VAL_163TRP_216LEU_232ILE_bj2.pdb:LIG_270 -42.2267 4.76702 21.8701 0.30672 6.10412 -4.04822 -6.91669 0 0 -1.95379 -0.96924 0 0 0 0 0 0 0 0 1.50831 -21.5584
MUT_117THR_120LEU_124LEU_161VAL_163TRP_216LEU_232ILE_bj3.pdb:LIG_270 -42.2311 4.77027 21.8452 0.33868 6.12872 -4.04217 -6.98641 0 0 -1.9515 -1.16531 0 0 0 0 0 0 0 0 1.59932 -21.6942
MUT_117THR_120LEU_124LEU_161VAL_163TRP_216LEU_232LEU_bj1.pdb:LIG_270 -40.9465 2.59516 22.8074 0.12739 5.65335 -3.83356 -7.57476 0 0 -1.95711 -1.2974 0 0 0 0 0 0 0 0 1.01337 -23.4126
MUT_117THR_120LEU_124LEU_161VAL_163TRP_216LEU_232LEU_bj2.pdb:LIG_270 -40.9448 2.59379 22.8094 0.1272 5.65107 -3.833 -7.57446 0 0 -1.95746 -1.29664 0 0 0 0 0 0 0 0 1.01297 -23.4118
MUT_117THR_120LEU_124LEU_161VAL_163TRP_216LEU_232LEU_bj3.pdb:LIG_270 -40.9446 2.59736 22.8098 0.12746 5.65154 -3.83392 -7.57805 0 0 -1.95735 -1.29546 0 0 0 0 0 0 0 0 1.01631 -23.407
MUT_117THR_120LEU_124LEU_161VAL_163TRP_216LEU_232LYS_bj1.pdb:LIG_270 -42.4008 4.37382 22.8991 0.40905 5.99096 -3.97867 -6.69561 0 0 -1.95034 -1.27094 0 0 0 0 0 0 0 0 1.72059 -20.9029
MUT_117THR_120LEU_124LEU_161VAL_163TRP_216LEU_232LYS_bj2.pdb:LIG_270 -41.9981 4.49319 22.5719 0.41241 6.23212 -4.01429 -6.90935 0 0 -1.96104 -1.21695 0 0 0 0 0 0 0 0 1.68669 -20.7035
MUT_117THR_120LEU_124LEU_161VAL_163TRP_216LEU_232LYS_bj3.pdb:LIG_270 -42.0258 4.316 22.3484 0.44941 6.03944 -3.93488 -6.70884 0 0 -1.95627 -1.05447 0 0 0 0 0 0 0 0 1.7696 -20.7574
MUT_117THR_120LEU_124LEU_161VAL_163TRP_216LEU_232MET_bj1.pdb:LIG_270 -40.4243 3.63559 22.3685 0.10802 5.69138 -3.90682 -7.23079 0 0 -1.93862 -1.19039 0 0 0 0 0 0 0 0 2.83511 -20.0524
MUT_117THR_120LEU_124LEU_161VAL_163TRP_216LEU_232MET_bj2.pdb:LIG_270 -42.4308 4.75931 21.993 0.4379 6.2579 -3.97993 -7.02062 0 0 -1.9641 -0.99712 0 0 0 0 0 0 0 0 1.82537 -21.1191
MUT_117THR_120LEU_124LEU_161VAL_163TRP_216LEU_232MET_bj3.pdb:LIG_270 -42.4088 4.8363 21.9729 0.45763 6.34404 -3.92749 -7.06258 0 0 -1.96692 -1.16051 0 0 0 0 0 0 0 0 2.12402 -20.7914
MUT_117THR_120LEU_124LEU_161VAL_163TRP_216LEU_232PRO_bj1.pdb:LIG_270 -42.568 5.06349 23.0136 0.51818 5.50382 -4.21075 -6.95473 0 0 -1.87146 -1.03471 0 0 0 0 0 0 0 0 1.38502 -21.1555
MUT_117THR_120LEU_124LEU_161VAL_163TRP_216LEU_232PRO_bj2.pdb:LIG_270 -41.4463 2.2042 24.065 0.15533 5.22632 -3.85868 -7.57287 0 0 -1.93024 -1.33205 0 0 0 0 0 0 0 0 1.2244 -23.2649
MUT_117THR_120LEU_124LEU_161VAL_163TRP_216LEU_232PRO_bj3.pdb:LIG_270 -42.5738 5.03784 23.0279 0.51782 5.51151 -4.21191 -6.94947 0 0 -1.87141 -1.03405 0 0 0 0 0 0 0 0 1.37938 -21.1662
MUT_117THR_120LEU_124LEU_161VAL_163TRP_216LEU_232SER_bj1.pdb:LIG_270 -41.0689 3.7188 22.5038 0.30747 5.86709 -3.95245 -7.11528 0 0 -1.88646 -1.03235 0 0 0 0 0 0 0 0 1.66606 -20.9922
MUT_117THR_120LEU_124LEU_161VAL_163TRP_216LEU_232SER_bj2.pdb:LIG_270 -41.0951 3.72049 22.5059 0.2844 5.87193 -3.94984 -7.11543 0 0 -1.8878 -1.02865 0 0 0 0 0 0 0 0 1.706 -20.9881
MUT_117THR_120LEU_124LEU_161VAL_163TRP_216LEU_232SER_bj3.pdb:LIG_270 -41.1072 3.72782 22.5207 0.27469 5.85864 -3.96013 -7.10611 0 0 -1.88535 -1.02891 0 0 0 0 0 0 0 0 1.73559 -20.9703
MUT_117THR_120LEU_124LEU_161VAL_163TRP_216LEU_232THR_bj1.pdb:LIG_270 -42.2074 4.86058 23.0369 0.54271 5.58706 -4.19306 -6.91803 0 0 -1.87554 -1.03894 0 0 0 0 0 0 0 0 1.36903 -20.8367
MUT_117THR_120LEU_124LEU_161VAL_163TRP_216LEU_232THR_bj2.pdb:LIG_270 -41.8836 4.50501 22.4402 0.27537 6.04529 -3.96849 -6.93633 0 0 -1.94319 -1.17994 0 0 0 0 0 0 0 0 1.74521 -20.9004
MUT_117THR_120LEU_124LEU_161VAL_163TRP_216LEU_232THR_bj3.pdb:LIG_270 -41.9115 4.57752 22.463 0.23958 6.02749 -4.02213 -6.89583 0 0 -1.94388 -0.94703 0 0 0 0 0 0 0 0 1.66643 -20.7463
MUT_117THR_120LEU_124LEU_161VAL_163TRP_216LEU_232VAL_bj1.pdb:LIG_270 -42.1203 4.76273 22.8474 0.49102 5.65009 -4.15176 -6.87927 0 0 -1.88045 -1.03654 0 0 0 0 0 0 0 0 1.36644 -20.9506
MUT_117THR_120LEU_124LEU_161VAL_163TRP_216LEU_232VAL_bj2.pdb:LIG_270 -41.8405 5.68684 22.7615 0.49452 5.64215 -3.79008 -6.95223 0 0 -1.93131 -1.18631 0 0 0 0 0 0 0 0 1.85359 -19.2618
MUT_117THR_120LEU_124LEU_161VAL_163TRP_216LEU_232VAL_bj3.pdb:LIG_270 -40.816 3.26585 23.7859 0.16071 5.48778 -4.00357 -7.4393 0 0 -1.949 -1.30468 0 0 0 0 0 0 0 0 2.9638 -19.8485
MUT_117THR_120LEU_124LEU_161VAL_163TRP_216LEU_bj1.pdb:LIG_270 -41.7497 3.73335 22.9347 0.21658 5.76983 -3.84474 -7.54789 0 0 -1.95954 -1.29928 0 0 0 0 0 0 0 0 1.73122 -22.0155
MUT_117THR_120LEU_124LEU_161VAL_163TRP_216LEU_bj2.pdb:LIG_270 -41.1862 3.85574 22.7784 0.22916 5.79754 -3.99901 -7.53106 0 0 -1.95591 -1.23954 0 0 0 0 0 0 0 0 2.74799 -20.503
MUT_117THR_120LEU_124LEU_161VAL_163TRP_216LEU_bj3.pdb:LIG_270 -42.3254 4.78342 22.7131 0.12539 5.65886 -4.13014 -7.45881 0 0 -1.94759 -1.25074 0 0 0 0 0 0 0 0 1.66698 -22.1649
MUT_117THR_120LEU_124LEU_161VAL_163VAL_216LEU_232ALA_bj1.pdb:LIG_270 -39.4882 1.78511 23.3337 0.09752 5.39636 -3.91291 -7.53029 0 0 -1.93253 -1.3157 0 0 0 0 0 0 0 0 0.71192 -22.8551
MUT_117THR_120LEU_124LEU_161VAL_163VAL_216LEU_232ALA_bj2.pdb:LIG_270 -39.4934 1.79525 23.3405 0.09689 5.394 -3.9139 -7.52746 0 0 -1.93352 -1.31697 0 0 0 0 0 0 0 0 0.70973 -22.8488
MUT_117THR_120LEU_124LEU_161VAL_163VAL_216LEU_232ALA_bj3.pdb:LIG_270 -39.4799 1.78523 23.3399 0.0984 5.39287 -3.91217 -7.53126 0 0 -1.93286 -1.31642 0 0 0 0 0 0 0 0 0.70922 -22.8469
MUT_117THR_120LEU_124LEU_161VAL_163VAL_216LEU_232CYS_bj1.pdb:LIG_270 -39.8528 2.04384 23.2354 0.10491 5.4254 -3.88206 -7.53305 0 0 -1.93687 -1.31839 0 0 0 0 0 0 0 0 0.71602 -22.9976
MUT_117THR_120LEU_124LEU_161VAL_163VAL_216LEU_232CYS_bj2.pdb:LIG_270 -39.8391 2.04248 23.2402 0.10647 5.42576 -3.87875 -7.53142 0 0 -1.93707 -1.31856 0 0 0 0 0 0 0 0 0.71012 -22.9799
MUT_117THR_120LEU_124LEU_161VAL_163VAL_216LEU_232CYS_bj3.pdb:LIG_270 -39.8621 2.05447 23.2521 0.10664 5.42613 -3.87855 -7.53813 0 0 -1.93717 -1.31664 0 0 0 0 0 0 0 0 0.71122 -22.9821
MUT_117THR_120LEU_124LEU_161VAL_163VAL_216LEU_232SER_bj1.pdb:LIG_270 -39.5646 1.90983 23.7759 0.10248 5.4159 -3.8512 -7.51054 0 0 -1.93658 -1.31828 0 0 0 0 0 0 0 0 0.72612 -22.251
MUT_117THR_120LEU_124LEU_161VAL_163VAL_216LEU_232SER_bj2.pdb:LIG_270 -39.5792 1.90309 23.7711 0.10246 5.42579 -3.85263 -7.50984 0 0 -1.93533 -1.31826 0 0 0 0 0 0 0 0 0.72056 -22.2723
MUT_117THR_120LEU_124LEU_161VAL_163VAL_216LEU_232SER_bj3.pdb:LIG_270 -39.5633 1.9072 23.7748 0.10228 5.41731 -3.85365 -7.50483 0 0 -1.93511 -1.31951 0 0 0 0 0 0 0 0 0.71787 -22.257
MUT_117THR_120LEU_124LEU_161VAL_163VAL_216LEU_232THR_bj1.pdb:LIG_270 -39.9159 1.96244 23.5663 0.10343 5.41832 -3.85011 -7.45592 0 0 -1.93609 -1.31845 0 0 0 0 0 0 0 0 0.73549 -22.6906
MUT_117THR_120LEU_124LEU_161VAL_163VAL_216LEU_232THR_bj2.pdb:LIG_270 -39.917 1.96646 23.5552 0.10275 5.41539 -3.84939 -7.45519 0 0 -1.93577 -1.31599 0 0 0 0 0 0 0 0 0.74031 -22.6932
MUT_117THR_120LEU_124LEU_161VAL_163VAL_216LEU_232THR_bj3.pdb:LIG_270 -39.9115 1.96368 23.5628 0.10338 5.41504 -3.84746 -7.45811 0 0 -1.93586 -1.31653 0 0 0 0 0 0 0 0 0.73881 -22.6857
MUT_117THR_120LEU_124LEU_161VAL_163VAL_216LEU_232VAL_bj1.pdb:LIG_270 -40.0505 2.16505 22.8093 0.10733 5.42045 -3.86165 -7.55576 0 0 -1.93677 -1.3172 0 0 0 0 0 0 0 0 0.77715 -23.4426
MUT_117THR_120LEU_124LEU_161VAL_163VAL_216LEU_232VAL_bj2.pdb:LIG_270 -40.056 2.16077 22.8116 0.10746 5.42125 -3.86083 -7.54989 0 0 -1.9364 -1.317 0 0 0 0 0 0 0 0 0.77572 -23.4434
MUT_117THR_120LEU_124LEU_161VAL_163VAL_216LEU_232VAL_bj3.pdb:LIG_270 -40.0643 2.14886 22.8014 0.10622 5.42331 -3.86171 -7.54686 0 0 -1.93715 -1.31607 0 0 0 0 0 0 0 0 0.77686 -23.4694
MUT_117THR_120LEU_124LEU_161VAL_163VAL_216LEU_bj1.pdb:LIG_270 -41.4147 3.3995 22.6171 0.07897 5.32464 -3.99035 -7.44405 0 0 -1.92792 -1.2942 0 0 0 0 0 0 0 0 0.9926 -23.6584
MUT_117THR_120LEU_124LEU_161VAL_163VAL_216LEU_bj2.pdb:LIG_270 -41.1107 3.18141 22.636 0.11232 5.51797 -3.91611 -7.51906 0 0 -1.94109 -1.30878 0 0 0 0 0 0 0 0 1.05596 -23.2921
MUT_117THR_120LEU_124LEU_161VAL_163VAL_216LEU_bj3.pdb:LIG_270 -41.4121 3.39213 22.6108 0.07882 5.32802 -3.99092 -7.44344 0 0 -1.92793 -1.29218 0 0 0 0 0 0 0 0 1.00321 -23.6535
MUT_120CYS_124VAL_161GLN_163CYS_216CYS_bj1.pdb:LIG_270 -41.0198 2.70208 24.2332 0.07297 5.21071 -4.38077 -7.05746 0 0 -1.91299 -1.29763 0 0 0 0 0 0 0 0 1.17282 -22.2769
MUT_120CYS_124VAL_161GLN_163CYS_216CYS_bj2.pdb:LIG_270 -41.0356 2.7151 24.2302 0.07265 5.21885 -4.40343 -7.04205 0 0 -1.91157 -1.30446 0 0 0 0 0 0 0 0 1.20409 -22.2563
MUT_120CYS_124VAL_161GLN_163CYS_216CYS_bj3.pdb:LIG_270 -41.012 2.70107 24.24 0.07336 5.2099 -4.37657 -7.06242 0 0 -1.91481 -1.29667 0 0 0 0 0 0 0 0 1.15943 -22.2787
MUT_120ILE_121PHE_122TYR_123ASN_124TYR_163PHE_bj1.pdb:LIG_270 -42.9248 4.79452 20.1645 0.19002 4.6612 -4.27634 -6.60559 0 0 -1.85017 -0.64946 0 0 0 0 0 0 0 0 2.80597 -23.6901
MUT_120ILE_121PHE_122TYR_123ASN_124TYR_163PHE_bj2.pdb:LIG_270 -42.943 4.83326 20.1859 0.19019 4.66066 -4.2761 -6.61679 0 0 -1.85012 -0.64874 0 0 0 0 0 0 0 0 2.81791 -23.6468
MUT_120ILE_121PHE_122TYR_123ASN_124TYR_163PHE_bj3.pdb:LIG_270 -42.9396 4.83896 20.1882 0.19028 4.66334 -4.27602 -6.61564 0 0 -1.85008 -0.64879 0 0 0 0 0 0 0 0 2.81186 -23.6375
MUT_120ILE_121PHE_124ALA_161ASN_163PHE_199TYR_bj1.pdb:LIG_270 -42.6823 3.8437 23.1389 0.11944 4.86198 -3.8875 -7.2389 0 0 -1.88515 -1.55656 0 0 0 0 0 0 0 0 2.82977 -22.4566
MUT_120ILE_121PHE_124ALA_161ASN_163PHE_199TYR_bj2.pdb:LIG_270 -42.6781 3.77837 23.1206 0.11765 4.84052 -3.85449 -7.24632 0 0 -1.88444 -1.53886 0 0 0 0 0 0 0 0 2.98276 -22.3623
MUT_120ILE_121PHE_124ALA_161ASN_163PHE_199TYR_bj3.pdb:LIG_270 -42.275 3.97513 22.5005 0.07814 5.16027 -3.81458 -7.05836 0 0 -1.8955 -1.498 0 0 0 0 0 0 0 0 2.99566 -21.8317
MUT_120LEU_121ALA_124LEU_161ASN_163CYS_199TYR_bj1.pdb:LIG_270 -40.5067 1.99343 23.7346 0.09219 5.13142 -4.27727 -7.31273 0 0 -1.91174 -1.37223 0 0 0 0 0 0 0 0 0.93219 -23.4969
MUT_120LEU_121ALA_124LEU_161ASN_163CYS_199TYR_bj2.pdb:LIG_270 -40.5037 1.99597 23.7287 0.09229 5.13158 -4.27389 -7.31646 0 0 -1.91183 -1.37257 0 0 0 0 0 0 0 0 0.93794 -23.4919
MUT_120LEU_121ALA_124LEU_161ASN_163CYS_199TYR_bj3.pdb:LIG_270 -40.2504 2.27156 23.3233 0.09997 5.13078 -3.9456 -7.11706 0 0 -1.90858 -1.46759 0 0 0 0 0 0 0 0 1.26089 -22.6027
MUT_120LEU_121ALA_124LEU_161ASN_163CYS_bj1.pdb:LIG_270 -39.9793 2.2676 22.3728 0.1067 5.15546 -3.99525 -6.88583 0 0 -1.90498 -0.66352 0 0 0 0 0 0 0 0 1.29194 -22.2344
MUT_120LEU_121ALA_124LEU_161ASN_163CYS_bj2.pdb:LIG_270 -40.7665 1.9814 23.5719 0.09653 5.00922 -4.15582 -7.13335 0 0 -1.90898 -1.37843 0 0 0 0 0 0 0 0 1.35413 -23.3298
MUT_120LEU_121ALA_124LEU_161ASN_163CYS_bj3.pdb:LIG_270 -40.7626 1.97442 23.5655 0.09713 5.01005 -4.15669 -7.12255 0 0 -1.9081 -1.37861 0 0 0 0 0 0 0 0 1.35475 -23.3267
MUT_120LEU_121ALA_161ASN_163ALA_199TYR_bj1.pdb:LIG_270 -40.8355 1.87124 24.1704 0.07497 4.98938 -4.28963 -7.1607 0 0 -1.90787 -1.42031 0 0 0 0 0 0 0 0 1.09909 -23.4089
MUT_120LEU_121ALA_161ASN_163ALA_199TYR_bj2.pdb:LIG_270 -39.7619 2.23509 23.0933 0.08219 5.21641 -3.9967 -6.92614 0 0 -1.91263 -1.47585 0 0 0 0 0 0 0 0 1.19783 -22.2483
MUT_120LEU_121ALA_161ASN_163ALA_199TYR_bj3.pdb:LIG_270 -39.8392 2.21493 23.0587 0.08317 5.2174 -4.00013 -6.91287 0 0 -1.91209 -1.48504 0 0 0 0 0 0 0 0 1.2045 -22.3707
MUT_120LEU_121CYS_124LEU_161ASN_163SER_216CYS_bj1.pdb:LIG_270 -39.032 2.41767 23.3969 0.07648 5.30328 -4.19018 -6.92838 0 0 -1.91869 -0.6839 0 0 0 0 0 0 0 0 1.20806 -20.3508
MUT_120LEU_121CYS_124LEU_161ASN_163SER_216CYS_bj2.pdb:LIG_270 -39.0426 2.42543 23.4037 0.07656 5.29334 -4.19005 -6.93177 0 0 -1.91851 -0.68432 0 0 0 0 0 0 0 0 1.20931 -20.359
MUT_120LEU_121CYS_124LEU_161ASN_163SER_216CYS_bj3.pdb:LIG_270 -40.354 2.16192 24.7775 0.0909 4.81341 -4.19464 -7.14954 0 0 -1.91097 -1.43181 0 0 0 0 0 0 0 0 1.23919 -21.958
MUT_120LEU_121CYS_124LEU_161GLN_163CYS_216CYS_bj1.pdb:LIG_270 -41.4826 2.56 24.5666 0.08382 4.8426 -4.14445 -7.54966 0 0 -1.93157 -1.17571 0 0 0 0 0 0 0 0 1.13299 -23.098
MUT_120LEU_121CYS_124LEU_161GLN_163CYS_216CYS_bj2.pdb:LIG_270 -40.8956 2.44251 23.7718 0.08051 5.03929 -4.34785 -6.64072 0 0 -1.92533 -0.71279 0 0 0 0 0 0 0 0 0.92639 -22.2617
MUT_120LEU_121CYS_124LEU_161GLN_163CYS_216CYS_bj3.pdb:LIG_270 -40.8326 2.65402 23.8648 0.08339 5.09521 -4.25451 -6.52979 0 0 -1.91832 -0.71885 0 0 0 0 0 0 0 0 1.04727 -21.5094
MUT_120LEU_121GLY_124LEU_161ASN_163ALA_220ARG_bj1.pdb:LIG_270 -39.9051 1.83348 23.5971 0.08912 4.9729 -4.17575 -7.05745 0 0 -1.90473 -1.39474 0 0 0 0 0 0 0 0 1.36556 -22.5797
MUT_120LEU_121GLY_124LEU_161ASN_163ALA_220ARG_bj2.pdb:LIG_270 -39.9168 1.83955 23.6064 0.08869 4.97393 -4.17298 -7.06015 0 0 -1.90518 -1.39796 0 0 0 0 0 0 0 0 1.34685 -22.5977
MUT_120LEU_121GLY_124LEU_161ASN_163ALA_220ARG_bj3.pdb:LIG_270 -40.16 1.891 23.8263 0.1026 4.78546 -4.06509 -7.05094 0 0 -1.90446 -1.42871 0 0 0 0 0 0 0 0 1.32057 -22.6832
MUT_120LEU_121GLY_124LEU_161ASN_163CYS_220ARG_bj1.pdb:LIG_270 -39.7464 2.14941 22.6902 0.1091 5.12163 -3.97552 -6.87958 0 0 -1.90026 -0.65709 0 0 0 0 0 0 0 0 1.28354 -21.805
MUT_120LEU_121GLY_124LEU_161ASN_163CYS_220ARG_bj2.pdb:LIG_270 -40.8263 1.96494 24.1513 0.10722 4.77687 -4.02144 -7.11541 0 0 -1.90385 -1.42172 0 0 0 0 0 0 0 0 1.34346 -22.945
MUT_120LEU_121GLY_124LEU_161ASN_163CYS_220ARG_bj3.pdb:LIG_270 -40.8274 1.96785 24.151 0.10707 4.77857 -4.01762 -7.11901 0 0 -1.90289 -1.4216 0 0 0 0 0 0 0 0 1.34157 -22.9425
MUT_120LEU_121GLY_124LEU_161ASN_163CYS_bj1.pdb:LIG_270 -39.7864 2.14845 22.7589 0.09385 5.21932 -4.04556 -6.93433 0 0 -1.90897 -0.66303 0 0 0 0 0 0 0 0 1.38466 -21.7331
MUT_120LEU_121GLY_124LEU_161ASN_163CYS_bj2.pdb:LIG_270 -39.7892 2.15344 22.7633 0.09393 5.22027 -4.04651 -6.93456 0 0 -1.90828 -0.66292 0 0 0 0 0 0 0 0 1.37867 -21.7319
MUT_120LEU_121GLY_124LEU_161ASN_163CYS_bj3.pdb:LIG_270 -40.5865 1.90432 23.8943 0.09031 5.00173 -4.14731 -7.14552 0 0 -1.90675 -1.38494 0 0 0 0 0 0 0 0 1.36284 -22.9174
MUT_120LEU_121GLY_124LEU_161ASN_163PHE_bj1.pdb:LIG_270 -40.2629 2.25846 22.7826 0.11272 5.5164 -3.84253 -7.17676 0 0 -1.95463 -1.48365 0 0 0 0 0 0 0 0 1.97334 -22.077
MUT_120LEU_121GLY_124LEU_161ASN_163PHE_bj2.pdb:LIG_270 -40.7044 2.22241 22.7146 0.08142 5.08481 -3.75166 -7.15339 0 0 -1.91195 -1.50987 0 0 0 0 0 0 0 0 1.78609 -23.1419
MUT_120LEU_121GLY_124LEU_161ASN_163PHE_bj3.pdb:LIG_270 -40.7134 2.21752 22.7134 0.08164 5.08233 -3.75212 -7.14464 0 0 -1.91201 -1.5098 0 0 0 0 0 0 0 0 1.79097 -23.1461
MUT_120LEU_121GLY_124LEU_161ASN_163SER_bj1.pdb:LIG_270 -39.8093 1.77714 24.2459 0.08611 4.98388 -4.24517 -7.07719 0 0 -1.91207 -1.41865 0 0 0 0 0 0 0 0 1.32922 -22.0401
MUT_120LEU_121GLY_124LEU_161ASN_163SER_bj2.pdb:LIG_270 -39.8236 1.79244 24.2259 0.08488 4.9822 -4.23502 -7.12728 0 0 -1.90897 -1.41768 0 0 0 0 0 0 0 0 1.32964 -22.0975
MUT_120LEU_121GLY_124LEU_161ASN_163SER_bj3.pdb:LIG_270 -39.2027 2.00838 23.0245 0.09577 5.23076 -4.11885 -6.84791 0 0 -1.90773 -0.65855 0 0 0 0 0 0 0 0 1.38249 -20.9939
MUT_120LEU_121LEU_124ALA_161ASN_163SER_bj1.pdb:LIG_270 -39.6104 2.65793 23.6335 0.07176 5.27126 -3.97094 -6.88809 0 0 -1.91421 -0.68674 0 0 0 0 0 0 0 0 1.12429 -20.3116
MUT_120LEU_121LEU_124ALA_161ASN_163SER_bj2.pdb:LIG_270 -40.9184 2.46741 24.973 0.07157 4.83364 -3.9564 -7.14912 0 0 -1.90376 -1.46108 0 0 0 0 0 0 0 0 1.01961 -22.0235
MUT_120LEU_121LEU_124ALA_161ASN_163SER_bj3.pdb:LIG_270 -40.885 2.50548 24.9675 0.06941 4.94344 -4.06023 -7.27987 0 0 -1.92236 -1.38231 0 0 0 0 0 0 0 0 1.07352 -21.9704
MUT_120LEU_121MET_124GLY_161ASN_163ALA_199TYR_bj1.pdb:LIG_270 -40.841 2.52159 25.111 0.06779 4.90899 -4.20414 -7.25985 0 0 -1.91461 -1.43928 0 0 0 0 0 0 0 0 1.1739 -21.8756
MUT_120LEU_121MET_124GLY_161ASN_163ALA_199TYR_bj2.pdb:LIG_270 -40.5062 2.47447 25.297 0.0672 4.91737 -4.21306 -7.24181 0 0 -1.91358 -1.45305 0 0 0 0 0 0 0 0 1.18299 -21.3887
MUT_120LEU_121MET_124GLY_161ASN_163ALA_199TYR_bj3.pdb:LIG_270 -40.8315 2.51568 25.113 0.06764 4.90657 -4.20623 -7.2643 0 0 -1.91402 -1.43912 0 0 0 0 0 0 0 0 1.18366 -21.8686
MUT_120LEU_121MET_124GLY_161ASN_163ALA_bj1.pdb:LIG_270 -40.6382 2.49339 24.4011 0.06964 4.7806 -4.06809 -7.03192 0 0 -1.89468 -1.43995 0 0 0 0 0 0 0 0 1.11139 -22.2168
MUT_120LEU_121MET_124GLY_161ASN_163ALA_bj2.pdb:LIG_270 -40.6687 2.485 24.3906 0.0696 4.78672 -4.06943 -7.03894 0 0 -1.89681 -1.43558 0 0 0 0 0 0 0 0 1.11883 -22.2587
MUT_120LEU_121MET_124GLY_161ASN_163ALA_bj3.pdb:LIG_270 -39.1097 2.62019 23.0914 0.07166 5.31924 -4.01352 -6.79204 0 0 -1.91582 -0.69208 0 0 0 0 0 0 0 0 1.09948 -20.3212
MUT_120LEU_121PHE_124ALA_161ASN_163THR_199TYR_220ALA_230GLU_bj1.pdb:LIG_270 -41.7484 2.32649 24.543 0.07003 5.09321 -4.17211 -7.24875 0 0 -1.91492 -1.45038 0 0 0 0 0 0 0 0 1.06096 -23.4409
MUT_120LEU_121PHE_124ALA_161ASN_163THR_199TYR_220ALA_230GLU_bj2.pdb:LIG_270 -41.7733 2.34291 24.5476 0.07011 5.10247 -4.17849 -7.24843 0 0 -1.91527 -1.45004 0 0 0 0 0 0 0 0 1.05041 -23.452
MUT_120LEU_121PHE_124ALA_161ASN_163THR_199TYR_220ALA_230GLU_bj3.pdb:LIG_270 -40.5631 2.76446 23.629 0.07322 5.24466 -3.97062 -6.82349 0 0 -1.91406 -1.48914 0 0 0 0 0 0 0 0 0.9346 -22.1145
MUT_120LEU_121PHE_124ALA_161ASN_163THR_bj1.pdb:LIG_270 -41.5649 2.58 24.2716 0.07236 5.12433 -4.08562 -7.26973 0 0 -1.93684 -1.41812 0 0 0 0 0 0 0 0 0.99735 -23.2296
MUT_120LEU_121PHE_124ALA_161ASN_163THR_bj2.pdb:LIG_270 -41.9186 2.57499 24.1081 0.0739 5.0111 -3.97794 -7.13309 0 0 -1.92365 -1.47081 0 0 0 0 0 0 0 0 0.93889 -23.7172
MUT_120LEU_121PHE_124ALA_161ASN_163THR_bj3.pdb:LIG_270 -41.8919 2.56042 24.1251 0.07382 5.01288 -3.97711 -7.13425 0 0 -1.92599 -1.46678 0 0 0 0 0 0 0 0 0.94306 -23.6807
MUT_120LEU_124ALA_161ASN_163ALA_bj1.pdb:LIG_270 -41.2721 2.27525 23.9113 0.069 4.94705 -4.24191 -7.20469 0 0 -1.92311 -1.36958 0 0 0 0 0 0 0 0 1.04562 -23.7632
MUT_120LEU_124ALA_161ASN_163ALA_bj2.pdb:LIG_270 -40.3972 2.75794 22.3317 0.07043 5.3812 -4.18542 -6.79648 0 0 -1.91766 -0.69438 0 0 0 0 0 0 0 0 1.34813 -22.1018
MUT_120LEU_124ALA_161ASN_163ALA_bj3.pdb:LIG_270 -41.2571 2.27253 23.9183 0.06909 4.94854 -4.24037 -7.20583 0 0 -1.9223 -1.36821 0 0 0 0 0 0 0 0 1.04317 -23.7423
MUT_120LEU_124ALA_161ASN_163CYS_199TYR_bj1.pdb:LIG_270 -41.4114 2.79242 23.3196 0.06994 5.2715 -4.08602 -7.035 0 0 -1.91398 -1.49275 0 0 0 0 0 0 0 0 1.32125 -23.1645
MUT_120LEU_124ALA_161ASN_163CYS_199TYR_bj2.pdb:LIG_270 -42.166 2.28206 24.7549 0.06686 5.00361 -4.32151 -7.35724 0 0 -1.90731 -1.45515 0 0 0 0 0 0 0 0 1.15061 -23.9491
MUT_120LEU_124ALA_161ASN_163CYS_199TYR_bj3.pdb:LIG_270 -41.4009 2.82111 23.3197 0.07043 5.27895 -4.0969 -7.03991 0 0 -1.91293 -1.49597 0 0 0 0 0 0 0 0 1.38934 -23.0671
MUT_120LEU_124ALA_161ASN_163CYS_230GLU_bj1.pdb:LIG_270 -42.2838 2.35442 23.9332 0.07148 4.89449 -4.11809 -7.14113 0 0 -1.9052 -1.47456 0 0 0 0 0 0 0 0 0.92122 -24.748
MUT_120LEU_124ALA_161ASN_163CYS_230GLU_bj2.pdb:LIG_270 -42.2937 2.35764 23.9392 0.07136 4.90644 -4.11889 -7.14603 0 0 -1.90783 -1.47472 0 0 0 0 0 0 0 0 0.91479 -24.7518
MUT_120LEU_124ALA_161ASN_163CYS_230GLU_bj3.pdb:LIG_270 -41.8104 2.24006 23.9382 0.06619 5.03751 -4.23522 -7.18568 0 0 -1.90747 -1.45907 0 0 0 0 0 0 0 0 1.04951 -24.2664
MUT_120LEU_124ALA_161ASN_163CYS_bj1.pdb:LIG_270 -42.2864 2.36983 23.9374 0.07147 4.88537 -4.1234 -7.1377 0 0 -1.90468 -1.4736 0 0 0 0 0 0 0 0 0.92855 -24.7331
MUT_120LEU_124ALA_161ASN_163CYS_bj2.pdb:LIG_270 -41.1151 2.79784 22.6118 0.06998 5.37442 -4.16619 -6.88985 0 0 -1.91752 -0.69488 0 0 0 0 0 0 0 0 1.37865 -22.5509
MUT_120LEU_124ALA_161ASN_163CYS_bj3.pdb:LIG_270 -42.0267 2.3341 24.1632 0.06849 4.97311 -4.2268 -7.29722 0 0 -1.92239 -1.3875 0 0 0 0 0 0 0 0 1.03183 -24.2899
MUT_120LEU_124ALA_161ASN_163ILE_199TYR_bj1.pdb:LIG_270 -41.7288 3.3713 23.9814 0.08161 5.12589 -4.19457 -7.32038 0 0 -1.92114 -1.47058 0 0 0 0 0 0 0 0 1.72427 -22.3509
MUT_120LEU_124ALA_161ASN_163ILE_199TYR_bj2.pdb:LIG_270 -41.7313 3.36452 23.9781 0.08123 5.12718 -4.19304 -7.31507 0 0 -1.92122 -1.47038 0 0 0 0 0 0 0 0 1.73211 -22.3479
MUT_120LEU_124ALA_161ASN_163ILE_199TYR_bj3.pdb:LIG_270 -41.1575 3.09332 22.7427 0.0764 5.35861 -4.02462 -7.06941 0 0 -1.9156 -1.4574 0 0 0 0 0 0 0 0 1.07225 -23.2812
MUT_120LEU_124ALA_161ASN_163PHE_199TYR_250ARG_bj1.pdb:LIG_270 -42.0064 3.78979 22.988 0.08885 5.34857 -3.95999 -6.97671 0 0 -1.88649 -2.2644 0 0 0 0 0 0 0 0 2.63669 -22.2421
MUT_120LEU_124ALA_161ASN_163PHE_199TYR_250ARG_bj2.pdb:LIG_270 -42.2929 3.43475 23.5546 0.17866 4.92443 -4.03072 -7.14185 0 0 -1.87696 -1.50891 0 0 0 0 0 0 0 0 2.23425 -22.5247
MUT_120LEU_124ALA_161ASN_163PHE_199TYR_250ARG_bj3.pdb:LIG_270 -42.2717 3.42202 23.5375 0.17932 4.9236 -4.03327 -7.14141 0 0 -1.87744 -1.50938 0 0 0 0 0 0 0 0 2.23978 -22.531
MUT_120LEU_124ALA_161ASN_163PHE_199TYR_bj1.pdb:LIG_270 -40.2725 4.22858 23.0653 0.09148 5.84419 -4.0725 -7.07238 0 0 -1.95466 -0.69657 0 0 0 0 0 0 0 0 1.68702 -19.1521
MUT_120LEU_124ALA_161ASN_163PHE_199TYR_bj2.pdb:LIG_270 -41.3763 3.7494 22.5275 0.13101 5.41782 -4.02284 -6.65477 0 0 -1.92903 -1.52815 0 0 0 0 0 0 0 0 1.79782 -21.8875
MUT_120LEU_124ALA_161ASN_163PHE_199TYR_bj3.pdb:LIG_270 -42.5868 3.61869 23.7554 0.14963 5.40958 -4.04101 -7.28775 0 0 -1.90798 -2.41061 0 0 0 0 0 0 0 0 1.78675 -23.5142
MUT_120LEU_124ALA_161ASN_163PHE_bj1.pdb:LIG_270 -41.7551 3.47091 22.6981 0.14567 4.94374 -4.04275 -7.03435 0 0 -1.90742 -1.44157 0 0 0 0 0 0 0 0 2.17258 -22.7502
MUT_120LEU_124ALA_161ASN_163PHE_bj2.pdb:LIG_270 -41.9314 3.52453 22.6482 0.19932 4.92891 -3.96885 -6.96221 0 0 -1.88416 -1.47746 0 0 0 0 0 0 0 0 1.99779 -22.9253
MUT_120LEU_124ALA_161ASN_163PHE_bj3.pdb:LIG_270 -41.9561 3.57202 22.6568 0.20089 4.92107 -3.94624 -6.97074 0 0 -1.87676 -1.48159 0 0 0 0 0 0 0 0 1.96074 -22.92
MUT_120LEU_124ALA_161ASN_163SER_199TYR_bj1.pdb:LIG_270 -41.3611 2.13781 25.2678 0.06783 5.01623 -4.35467 -7.33674 0 0 -1.91038 -1.44431 0 0 0 0 0 0 0 0 1.03706 -22.8805
MUT_120LEU_124ALA_161ASN_163SER_199TYR_bj2.pdb:LIG_270 -41.3997 2.12904 25.3175 0.06789 5.05451 -4.36217 -7.32822 0 0 -1.90931 -1.4472 0 0 0 0 0 0 0 0 1.03799 -22.8396
MUT_120LEU_124ALA_161ASN_163SER_199TYR_bj3.pdb:LIG_270 -41.3594 2.13806 25.2635 0.06785 5.01926 -4.3552 -7.33003 0 0 -1.91046 -1.44642 0 0 0 0 0 0 0 0 1.0319 -22.881
MUT_120LEU_124ALA_161ASN_163SER_216CYS_bj1.pdb:LIG_270 -40.9544 1.93212 25.0987 0.0718 4.84189 -4.14107 -7.13404 0 0 -1.9013 -1.48185 0 0 0 0 0 0 0 0 0.89753 -22.7706
MUT_120LEU_124ALA_161ASN_163SER_216CYS_bj2.pdb:LIG_270 -39.5597 2.09634 23.8004 0.06707 5.35336 -4.15863 -6.88884 0 0 -1.91803 -0.69367 0 0 0 0 0 0 0 0 1.09791 -20.8038
MUT_120LEU_124ALA_161ASN_163SER_216CYS_bj3.pdb:LIG_270 -40.9592 1.93462 25.1006 0.0718 4.84473 -4.14277 -7.13393 0 0 -1.90145 -1.48517 0 0 0 0 0 0 0 0 0.90271 -22.7681
MUT_120LEU_124ALA_161ASN_163SER_bj1.pdb:LIG_270 -41.3402 2.2317 24.795 0.06952 5.01221 -4.253 -7.29004 0 0 -1.92905 -1.38805 0 0 0 0 0 0 0 0 0.97239 -23.1195
MUT_120LEU_124ALA_161ASN_163SER_bj2.pdb:LIG_270 -40.1389 2.63803 23.3775 0.07147 5.4486 -4.17392 -6.91797 0 0 -1.92365 -0.70019 0 0 0 0 0 0 0 0 1.21126 -21.1078
MUT_120LEU_124ALA_161ASN_163SER_bj3.pdb:LIG_270 -41.3308 2.23241 24.7869 0.06934 5.03399 -4.25876 -7.29064 0 0 -1.9299 -1.39444 0 0 0 0 0 0 0 0 0.96376 -23.1181
MUT_120LEU_124ALA_161ASN_163THR_bj1.pdb:LIG_270 -40.7154 2.9516 22.9802 0.07351 5.50337 -4.07078 -6.87334 0 0 -1.92701 -0.70197 0 0 0 0 0 0 0 0 1.16576 -21.614
MUT_120LEU_124ALA_161ASN_163THR_bj2.pdb:LIG_270 -41.9815 2.53739 24.3324 0.0737 4.9978 -4.04645 -7.13632 0 0 -1.92139 -1.48132 0 0 0 0 0 0 0 0 0.93688 -23.6888
MUT_120LEU_124ALA_161ASN_163THR_bj3.pdb:LIG_270 -41.3761 2.42876 24.294 0.07308 5.16606 -4.14117 -7.22096 0 0 -1.92504 -1.46391 0 0 0 0 0 0 0 0 1.00669 -23.1585
MUT_120LEU_124ALA_161ASN_163VAL_199TYR_bj1.pdb:LIG_270 -40.9455 3.04451 22.7496 0.07451 5.36333 -4.04537 -6.92697 0 0 -1.92174 -1.49094 0 0 0 0 0 0 0 0 1.02964 -23.069
MUT_120LEU_124ALA_161ASN_163VAL_199TYR_bj2.pdb:LIG_270 -41.4935 2.88138 24.1648 0.08089 5.15917 -4.25953 -7.31973 0 0 -1.92372 -1.45212 0 0 0 0 0 0 0 0 1.34166 -22.8206
MUT_120LEU_124ALA_161ASN_163VAL_199TYR_bj3.pdb:LIG_270 -41.4922 2.88163 24.1618 0.08084 5.15862 -4.26148 -7.31842 0 0 -1.92448 -1.45021 0 0 0 0 0 0 0 0 1.33649 -22.8274
MUT_120LEU_124ALA_161ASN_163VAL_bj1.pdb:LIG_270 -41.3743 2.65145 23.277 0.07533 5.21856 -4.11587 -7.18923 0 0 -1.93248 -1.46541 0 0 0 0 0 0 0 0 1.09776 -23.7571
MUT_120LEU_124ALA_161ASN_163VAL_bj2.pdb:LIG_270 -41.3414 2.67132 23.2749 0.07564 5.23099 -4.09789 -7.19582 0 0 -1.93154 -1.46612 0 0 0 0 0 0 0 0 1.11481 -23.6651
MUT_120LEU_124ALA_161ASN_163VAL_bj3.pdb:LIG_270 -40.719 3.07829 22.075 0.07507 5.49477 -3.98591 -6.8544 0 0 -1.92929 -0.70492 0 0 0 0 0 0 0 0 1.05641 -22.414
MUT_120LEU_124ALA_161GLN_163CYS_216CYS_bj1.pdb:LIG_270 -41.0494 2.97646 23.9243 0.08309 5.26363 -4.37139 -7.05415 0 0 -1.92221 -1.32318 0 0 0 0 0 0 0 0 1.12704 -22.3458
MUT_120LEU_124ALA_161GLN_163CYS_216CYS_bj2.pdb:LIG_270 -41.4799 2.29143 23.829 0.07474 5.21482 -4.56579 -6.87125 0 0 -1.90924 -1.29135 0 0 0 0 0 0 0 0 1.05224 -23.6553
MUT_120LEU_124ALA_161GLN_163CYS_216CYS_bj3.pdb:LIG_270 -41.6206 2.50255 23.7721 0.08024 5.15405 -4.29308 -6.52924 0 0 -1.92199 -0.71687 0 0 0 0 0 0 0 0 0.99585 -22.577
MUT_120LEU_124LEU_161ASN_163CYS_199TRP_bj1.pdb:LIG_270 -42.901 2.74908 23.8245 0.0784 5.21259 -4.31578 -7.3357 0 0 -1.93494 -1.3625 0 0 0 0 0 0 0 0 1.29591 -24.6895
MUT_120LEU_124LEU_161ASN_163CYS_199TRP_bj2.pdb:LIG_270 -42.2092 2.7153 23.0161 0.0756 5.56402 -4.56543 -7.00124 0 0 -1.94479 -0.70651 0 0 0 0 0 0 0 0 0.86181 -24.1943
MUT_120LEU_124LEU_161ASN_163CYS_199TRP_bj3.pdb:LIG_270 -42.336 3.37228 23.3902 0.07792 5.42501 -4.09844 -7.47065 0 0 -1.92612 -0.69873 0 0 0 0 0 0 0 0 1.13352 -23.131
MUT_120LEU_124LEU_161ASN_163CYS_199TYR_bj1.pdb:LIG_270 -41.2573 2.87346 23.4756 0.07789 5.35752 -4.30447 -7.3674 0 0 -1.92578 -1.43093 0 0 0 0 0 0 0 0 0.97879 -23.5226
MUT_120LEU_124LEU_161ASN_163CYS_199TYR_bj2.pdb:LIG_270 -41.1969 3.37601 23.3103 0.08088 5.52232 -4.00902 -7.06617 0 0 -1.92693 -1.52336 0 0 0 0 0 0 0 0 1.14219 -22.2906
MUT_120LEU_124LEU_161ASN_163CYS_199TYR_bj3.pdb:LIG_270 -41.2544 2.87352 23.4772 0.078 5.35721 -4.30572 -7.37111 0 0 -1.92549 -1.43249 0 0 0 0 0 0 0 0 0.99383 -23.5095
MUT_120LEU_124LEU_161ASN_163CYS_bj1.pdb:LIG_270 -40.8489 3.22198 22.5359 0.08104 5.69223 -3.99683 -6.93207 0 0 -1.93447 -0.7081 0 0 0 0 0 0 0 0 0.99917 -21.89
MUT_120LEU_124LEU_161ASN_163CYS_bj2.pdb:LIG_270 -42.1647 2.89712 23.9249 0.07804 5.18834 -4.22759 -7.36926 0 0 -1.94292 -1.3442 0 0 0 0 0 0 0 0 1.16779 -23.7925
MUT_120LEU_124LEU_161ASN_163CYS_bj3.pdb:LIG_270 -40.8535 3.23047 22.5354 0.08068 5.6858 -4.00041 -6.93085 0 0 -1.93622 -0.70755 0 0 0 0 0 0 0 0 0.99162 -21.9045
MUT_120LEU_124LEU_161ASN_163PHE_199TRP_bj1.pdb:LIG_270 -44.2945 4.65043 23.0073 0.295 5.1319 -4.05834 -7.06357 0 0 -1.93539 -1.5545 0 0 0 0 0 0 0 0 2.4024 -23.4193
MUT_120LEU_124LEU_161ASN_163PHE_199TRP_bj2.pdb:LIG_270 -44.3371 4.65114 22.9863 0.2974 5.12725 -4.05888 -7.05203 0 0 -1.93465 -1.5568 0 0 0 0 0 0 0 0 2.41137 -23.466
MUT_120LEU_124LEU_161ASN_163PHE_199TRP_bj3.pdb:LIG_270 -44.3327 4.64991 22.9865 0.29931 5.12546 -4.05897 -7.05118 0 0 -1.93532 -1.55529 0 0 0 0 0 0 0 0 2.39543 -23.4769
MUT_120LEU_124LEU_161ASN_163PHE_bj1.pdb:LIG_270 -42.9879 4.36146 21.9575 0.29037 5.00549 -3.9314 -6.89315 0 0 -1.89852 -1.51595 0 0 0 0 0 0 0 0 2.34965 -23.2625
MUT_120LEU_124LEU_161ASN_163PHE_bj2.pdb:LIG_270 -42.4743 4.23561 21.8716 0.19459 5.26043 -4.05149 -6.54523 0 0 -1.89401 -1.31285 0 0 0 0 0 0 0 0 2.00166 -22.714
MUT_120LEU_124LEU_161ASN_163PHE_bj3.pdb:LIG_270 -43.0483 3.84785 21.9564 0.24697 4.86826 -3.91838 -6.8192 0 0 -1.87886 -1.50285 0 0 0 0 0 0 0 0 2.34215 -23.906
MUT_120LEU_124LEU_161ASN_163SER_bj1.pdb:LIG_270 -40.6794 2.87363 23.0761 0.07315 5.46557 -4.1637 -6.90089 0 0 -1.92272 -0.69902 0 0 0 0 0 0 0 0 1.12489 -21.7524
MUT_120LEU_124LEU_161ASN_163SER_bj2.pdb:LIG_270 -41.7906 2.48929 24.4775 0.07367 5.07572 -4.28382 -7.28374 0 0 -1.9336 -1.35998 0 0 0 0 0 0 0 0 0.93036 -23.6052
MUT_120LEU_124LEU_161ASN_163SER_bj3.pdb:LIG_270 -41.8544 2.51157 24.4853 0.07189 4.99705 -4.35219 -7.18747 0 0 -1.92629 -1.34911 0 0 0 0 0 0 0 0 0.97881 -23.6249
MUT_120LEU_124LEU_161ASN_163THR_181LEU_199TYR_211LYS_249CYS_250ILE_bj1.pdb:LIG_270 -42.7321 2.84544 25.9043 0.07877 5.15821 -4.34197 -7.79582 0 0 -1.91705 -1.41113 0 0 0 0 0 0 0 0 1.28922 -22.9221
MUT_120LEU_124LEU_161ASN_163THR_181LEU_199TYR_211LYS_249CYS_250ILE_bj2.pdb:LIG_270 -42.5978 2.85885 25.7867 0.0787 5.19974 -4.3083 -7.80764 0 0 -1.9056 -1.3996 0 0 0 0 0 0 0 0 1.28537 -22.8096
MUT_120LEU_124LEU_161ASN_163THR_181LEU_199TYR_211LYS_249CYS_250ILE_bj3.pdb:LIG_270 -41.8582 2.83367 25.2258 0.07878 5.4256 -4.33758 -8.02844 0 0 -1.91847 -1.44292 0 0 0 0 0 0 0 0 0.99041 -23.0314
MUT_120LEU_124LEU_161ASN_163THR_bj1.pdb:LIG_270 -41.9298 2.95258 24.3099 0.08245 5.22925 -4.15462 -7.34906 0 0 -1.94736 -1.36316 0 0 0 0 0 0 0 0 1.34454 -22.8253
MUT_120LEU_124LEU_161ASN_163THR_bj2.pdb:LIG_270 -40.6316 3.33726 22.886 0.08295 5.75891 -3.98724 -6.92911 0 0 -1.9403 -0.71165 0 0 0 0 0 0 0 0 1.0304 -21.1044
MUT_120LEU_124LEU_161ASN_163THR_bj3.pdb:LIG_270 -41.9074 2.93538 24.2751 0.08196 5.23715 -4.15486 -7.35741 0 0 -1.94832 -1.34747 0 0 0 0 0 0 0 0 1.33064 -22.8553
MUT_120LEU_124LEU_161GLN_163ALA_199TYR_216MET_bj1.pdb:LIG_270 -43.1203 3.0392 24.4624 0.08174 5.10405 -4.45656 -6.7456 0 0 -1.90159 -1.34349 0 0 0 0 0 0 0 0 1.29107 -23.5891
MUT_120LEU_124LEU_161GLN_163ALA_199TYR_216MET_bj2.pdb:LIG_270 -42.5011 3.79249 24.6464 0.10339 5.35256 -4.40556 -7.09058 0 0 -1.92991 -2.0781 0 0 0 0 0 0 0 0 1.3984 -22.712
MUT_120LEU_124LEU_161GLN_163ALA_199TYR_216MET_bj3.pdb:LIG_270 -43.1993 3.05382 24.4678 0.07463 5.09603 -4.50822 -6.76526 0 0 -1.90368 -1.39696 0 0 0 0 0 0 0 0 1.31534 -23.7658
MUT_120LEU_124LEU_161GLN_163THR_199TYR_216MET_bj1.pdb:LIG_270 -43.0242 3.41593 24.8296 0.09289 5.51194 -4.20879 -7.18447 0 0 -1.94301 -1.91084 0 0 0 0 0 0 0 0 1.2041 -23.2168
MUT_120LEU_124LEU_161GLN_163THR_199TYR_216MET_bj2.pdb:LIG_270 -43.0239 3.41465 24.8307 0.09306 5.51072 -4.20794 -7.18544 0 0 -1.94293 -1.9112 0 0 0 0 0 0 0 0 1.20629 -23.216
MUT_120LEU_124LEU_161GLN_163THR_199TYR_216MET_bj3.pdb:LIG_270 -43.1107 3.28236 24.97 0.0961 5.32152 -4.4414 -6.7215 0 0 -1.9257 -1.41345 0 0 0 0 0 0 0 0 1.14135 -22.8014
MUT_120LEU_124LEU_bj1.pdb:LIG_270 -38.976 2.14854 22.1133 0.0753 5.54888 -3.93859 -6.80057 0 0 -1.92079 -0.73011 0 0 0 0 0 0 0 0 0.8518 -21.6283
MUT_120LEU_124LEU_bj2.pdb:LIG_270 -39.9968 1.87655 22.9557 0.06928 5.28203 -4.01457 -6.70188 0 0 -1.92609 -0.71848 0 0 0 0 0 0 0 0 0.69152 -22.4828
MUT_120LEU_124LEU_bj3.pdb:LIG_270 -38.9658 2.15095 22.1037 0.07557 5.5469 -3.93982 -6.8063 0 0 -1.92274 -0.72805 0 0 0 0 0 0 0 0 0.84356 -21.6421
MUT_120LEU_124VAL_161ASN_163PHE_199TYR_bj1.pdb:LIG_270 -42.163 3.4928 22.9244 0.09442 5.26269 -3.97962 -6.79589 0 0 -1.91679 -2.2338 0 0 0 0 0 0 0 0 2.32152 -22.9932
MUT_120LEU_124VAL_161ASN_163PHE_199TYR_bj2.pdb:LIG_270 -41.8044 3.36881 22.6857 0.14658 5.09257 -4.06704 -6.32137 0 0 -1.90646 -0.73067 0 0 0 0 0 0 0 0 2.18142 -21.3548
MUT_120LEU_124VAL_161ASN_163PHE_199TYR_bj3.pdb:LIG_270 -42.7593 3.33528 23.567 0.15 5.38757 -4.02352 -7.25681 0 0 -1.90915 -2.39967 0 0 0 0 0 0 0 0 1.76489 -24.1437
MUT_29ASN_91ASN_120LEU_121ALA_124LEU_161ASN_163CYS_220ARG_228SER_bj1.pdb:LIG_270 -40.2626 1.92278 24.1512 0.09541 4.97354 -4.12165 -7.14002 0 0 -1.91507 -1.39059 0 0 0 0 0 0 0 0 1.31914 -22.3678
MUT_29ASN_91ASN_120LEU_121ALA_124LEU_161ASN_163CYS_220ARG_228SER_bj2.pdb:LIG_270 -39.0263 2.01905 22.6552 0.09801 5.27257 -4.02241 -6.84909 0 0 -1.90764 -0.70881 0 0 0 0 0 0 0 0 1.20588 -21.2635
MUT_29ASN_91ASN_120LEU_121ALA_124LEU_161ASN_163CYS_220ARG_228SER_bj3.pdb:LIG_270 -40.2106 1.9016 24.1087 0.09482 4.98683 -4.13617 -7.12903 0 0 -1.91193 -1.39183 0 0 0 0 0 0 0 0 1.32407 -22.3635
MUT_29ASN_91ASN_120LEU_121GLY_124LEU_161ASN_163CYS_220ARG_228SER_bj1.pdb:LIG_270 -40.0649 1.8556 24.4539 0.08847 4.98075 -4.11102 -7.15589 0 0 -1.91486 -1.40856 0 0 0 0 0 0 0 0 1.26601 -22.0105
MUT_29ASN_91ASN_120LEU_121GLY_124LEU_161ASN_163CYS_220ARG_228SER_bj2.pdb:LIG_270 -39.1576 1.97267 23.2038 0.11417 4.93886 -3.88143 -7.01179 0 0 -1.90831 -0.69244 0 0 0 0 0 0 0 0 1.15364 -21.2684
MUT_29ASN_91ASN_120LEU_121GLY_124LEU_161ASN_163CYS_220ARG_228SER_bj3.pdb:LIG_270 -38.8627 1.95461 22.9817 0.0949 5.25682 -4.0323 -6.86647 0 0 -1.90651 -0.70889 0 0 0 0 0 0 0 0 1.17008 -20.9187
MUT_29ASN_91ASN_120LEU_121GLY_124LEU_161ASN_163CYS_228SER_bj1.pdb:LIG_270 -39.0248 2.00643 23.1114 0.09403 5.28858 -4.04713 -6.90059 0 0 -1.91109 -0.70592 0 0 0 0 0 0 0 0 1.20829 -20.8807
MUT_29ASN_91ASN_120LEU_121GLY_124LEU_161ASN_163CYS_228SER_bj2.pdb:LIG_270 -40.0634 1.85557 24.38 0.08728 5.04521 -4.16592 -7.11318 0 0 -1.91272 -1.43974 0 0 0 0 0 0 0 0 1.20541 -22.1215
MUT_29ASN_91ASN_120LEU_121GLY_124LEU_161ASN_163CYS_228SER_bj3.pdb:LIG_270 -39.0265 2.00143 23.1102 0.09439 5.28427 -4.04554 -6.89578 0 0 -1.91019 -0.70589 0 0 0 0 0 0 0 0 1.21643 -20.8771
MUT_91PHE_117SER_120LEU_121CYS_161ASN_163CYS_199TYR_bj1.pdb:LIG_270 -40.9529 1.97366 24.8425 0.06679 5.16591 -4.40813 -6.90517 0 0 -1.90896 -1.52526 0 0 0 0 0 0 0 0 0.79574 -22.8558
MUT_91PHE_117SER_120LEU_121CYS_161ASN_163CYS_199TYR_bj2.pdb:LIG_270 -41.2462 2.1803 24.8501 0.06707 5.11653 -4.36245 -6.9596 0 0 -1.90358 -1.42116 0 0 0 0 0 0 0 0 0.78591 -22.8931
MUT_91PHE_117SER_120LEU_121CYS_161ASN_163CYS_199TYR_bj3.pdb:LIG_270 -41.1412 2.09188 24.8138 0.06791 5.1475 -4.43918 -6.87485 0 0 -1.90969 -1.5237 0 0 0 0 0 0 0 0 0.81407 -22.9534
MUT_91PRO_120LEU_124LEU_161GLN_163ALA_199TYR_216MET_bj1.pdb:LIG_270 -42.3431 2.78484 23.6151 0.08373 4.98591 -4.54471 -6.38135 0 0 -1.90006 -0.73722 0 0 0 0 0 0 0 0 1.14105 -23.2957
MUT_91PRO_120LEU_124LEU_161GLN_163ALA_199TYR_216MET_bj2.pdb:LIG_270 -43.0191 2.87914 24.4513 0.08631 4.83867 -4.49658 -6.91018 0 0 -1.90642 -1.30426 0 0 0 0 0 0 0 0 1.20591 -24.1752
MUT_91PRO_120LEU_124LEU_161GLN_163ALA_199TYR_216MET_bj3.pdb:LIG_270 -43.0581 2.96031 24.3805 0.08565 4.8481 -4.4661 -6.81011 0 0 -1.90454 -1.30148 0 0 0 0 0 0 0 0 1.21011 -24.0557
WT_bj1.pdb:LIG_270 -40.6419 2.11818 23.5663 0.07378 5.18323 -4.0949 -6.72226 0 0 -1.93179 -0.70576 0 0 0 0 0 0 0 0 0.67508 -22.4801
WT_bj2.pdb:LIG_270 -40.6392 2.09126 23.5697 0.07368 5.17988 -4.10222 -6.71025 0 0 -1.93137 -0.70578 0 0 0 0 0 0 0 0 0.68715 -22.4872
WT_bj3.pdb:LIG_270 -40.7338 1.87171 23.4739 0.07579 4.86303 -4.32264 -6.43367 0 0 -1.86815 -0.71882 0 0 0 0 0 0 0 0 0.86336 -22.9293
