ACYVQCFCW -35.9958 -29.1909 3.31197 16.8248 0.07847 3.81304 -1.51449 -5.34931 0 0 0 -1.433 -0.64696 0 0 0 0 0 0 0 0 -14.1064
AFYMGGFVW -33.9782 -28.6598 3.07376 16.8782 0.07921 3.71168 -1.52641 -4.80356 0 0 0 -1.31133 -0.63999 0 0 0 0 0 0 0 0 -13.1982
AIFANFYVW -33.3728 -28.4789 5.18896 14.7485 0.0734 3.71266 -1.04429 -5.06798 0 0 0 -1.46209 -0.57056 0 0 0 0 0 0 0 0 -12.9003
AIFYGFFVW -34.2755 -28.9182 4.51802 15.9136 0.07956 3.65876 -0.98072 -5.66016 0 0 0 -1.46442 -0.54589 0 0 0 0 0 0 0 0 -13.3994
ALALNCFVW -34.0211 -26.5739 2.24109 15.6061 0.07372 3.5736 -1.26316 -5.00933 0 0 0 -1.38166 -0.62963 0 0 0 0 0 0 0 0 -13.3632
ALALNCYVW -32.5321 -26.6893 2.56079 16.0678 0.07581 3.65569 -1.27264 -4.91525 0 0 0 -1.36967 -0.64788 0 0 0 0 0 0 0 0 -12.5346
ALAMNAYVW -33.3547 -26.95 2.2022 16.3943 0.07969 3.68211 -1.38386 -4.93347 0 0 0 -1.36609 -0.64039 0 0 0 0 0 0 0 0 -12.9156
ALCLNSFCW -32.1324 -26.8389 2.4617 16.6903 0.07468 3.60065 -1.24519 -5.1289 0 0 0 -1.39506 -0.61009 0 0 0 0 0 0 0 0 -12.3908
ALCLQCFCW -34.5301 -28.8603 3.27778 17.5082 0.07173 3.68219 -1.55103 -5.30595 0 0 0 -1.39341 -0.94035 0 0 0 0 0 0 0 0 -13.5111
ALFANTFVW -35.2667 -27.7562 3.09874 15.5018 0.08006 3.75888 -1.34603 -5.05743 0 0 0 -1.43392 -0.64029 0 0 0 0 0 0 0 0 -13.7944
ALFANTYVW -34.7622 -27.7274 3.1003 15.7388 0.07955 3.75899 -1.28137 -5.16533 0 0 0 -1.4321 -0.61395 0 0 0 0 0 0 0 0 -13.5426
ALGLNAFVW -33.7758 -26.7015 2.24832 15.8741 0.07238 3.5536 -1.29205 -4.97581 0 0 0 -1.40118 -0.63979 0 0 0 0 0 0 0 0 -13.2619
ALGLNCFVW -33.4489 -26.7582 2.41467 15.9684 0.07388 3.57177 -1.25109 -5.06574 0 0 0 -1.39898 -0.63346 0 0 0 0 0 0 0 0 -13.0788
ALGLNFFVW -35.0941 -27.1411 2.56945 14.862 0.07709 3.66102 -1.10366 -4.6723 0 0 0 -1.42384 -0.63762 0 0 0 0 0 0 0 0 -13.8089
ALGLNSFVW -34.1638 -26.7638 2.00773 16.0247 0.07132 3.47703 -1.26104 -5.0494 0 0 0 -1.40214 -0.63797 0 0 0 0 0 0 0 0 -13.5336
ALLANSFVW -32.4772 -27.2428 2.68555 16.5835 0.08243 3.70924 -1.28313 -4.96276 0 0 0 -1.39807 -0.62091 0 0 0 0 0 0 0 0 -12.4469
ALMGNAFVW -34.7721 -27.5253 2.4385 15.946 0.08186 3.72781 -1.414 -4.81418 0 0 0 -1.38437 -0.63276 0 0 0 0 0 0 0 0 -13.5764
ALMGNAYVW -35.1866 -27.6173 2.43855 15.9507 0.08036 3.72577 -1.34415 -5.00777 0 0 0 -1.40218 -0.61116 0 0 0 0 0 0 0 0 -13.7872
ALYANAFVW -35.5242 -27.4917 2.43165 15.7509 0.08131 3.71839 -1.48386 -4.94079 0 0 0 -1.39326 -0.6351 0 0 0 0 0 0 0 0 -13.9624
ALYANCFVW -36.8379 -28.061 2.89654 15.1827 0.08095 3.71605 -1.37481 -5.01965 0 0 0 -1.43141 -0.61134 0 0 0 0 0 0 0 0 -14.622
ALYANCYVW -35.9339 -28.0046 2.76097 15.7796 0.08119 3.71173 -1.34738 -5.09189 0 0 0 -1.44982 -0.61391 0 0 0 0 0 0 0 0 -14.1741
ALYANFFVW -34.256 -27.7763 4.378 14.5457 0.08195 3.72895 -1.18435 -5.02717 0 0 0 -1.4763 -0.58753 0 0 0 0 0 0 0 0 -13.3171
ALYANFYVW -32.6607 -27.4926 4.18312 15.1691 0.08239 3.7131 -1.19473 -4.94654 0 0 0 -1.4693 -0.5794 0 0 0 0 0 0 0 0 -12.5348
ALYANIYVW -36.135 -28.5104 3.43385 15.3584 0.07159 3.81883 -1.35036 -4.96579 0 0 0 -1.42368 -0.60955 0 0 0 0 0 0 0 0 -14.1771
ALYANSFCW -33.2402 -27.3306 2.30235 16.8076 0.08127 3.70952 -1.41574 -4.98421 0 0 0 -1.36187 -0.63768 0 0 0 0 0 0 0 0 -12.8293
ALYANSFVW -34.8314 -27.9359 2.35869 16.5012 0.08116 3.70894 -1.36952 -4.9584 0 0 0 -1.3798 -0.63197 0 0 0 0 0 0 0 0 -13.6256
ALYANSYVW -32.8479 -27.4983 2.4465 17.0521 0.08084 3.71227 -1.31595 -5.05853 0 0 0 -1.42016 -0.62957 0 0 0 0 0 0 0 0 -12.6308
ALYANTFVW -35.5684 -27.8028 3.10711 15.4378 0.07981 3.75486 -1.36085 -5.13478 0 0 0 -1.40399 -0.62668 0 0 0 0 0 0 0 0 -13.9495
ALYANVFVW -36.1619 -27.7686 3.33132 14.8021 0.08097 3.72958 -1.31974 -5.09116 0 0 0 -1.43327 -0.60157 0 0 0 0 0 0 0 0 -14.2704
ALYANVYVW -34.9075 -27.5498 3.07322 15.5276 0.0815 3.72072 -1.34641 -5.0751 0 0 0 -1.47276 -0.61056 0 0 0 0 0 0 0 0 -13.6515
ALYAQCFCW -35.3751 -28.5354 3.37366 16.9344 0.07755 3.85274 -1.46244 -5.57788 0 0 0 -1.39389 -1.02607 0 0 0 0 0 0 0 0 -13.7573
ALYLGGFVW -32.7224 -28.3567 3.26158 16.831 0.07472 3.61646 -1.3776 -4.76877 0 0 0 -1.32528 -0.62534 0 0 0 0 0 0 0 0 -12.67
ALYLNCFVW -33.9704 -28.4588 3.60954 16.1362 0.07551 3.63368 -1.32908 -4.86455 0 0 0 -1.46069 -0.6178 0 0 0 0 0 0 0 0 -13.276
ALYLNCWVW -36.2603 -29.1982 3.27675 16.049 0.07289 3.56473 -1.34496 -4.85876 0 0 0 -1.44386 -0.61006 0 0 0 0 0 0 0 0 -14.4925
ALYLNCYVW -33.2364 -28.3589 3.43829 16.5911 0.07488 3.6239 -1.30881 -4.9014 0 0 0 -1.45175 -0.62671 0 0 0 0 0 0 0 0 -12.9194
ALYLNFFVW -30.5243 -26.6332 4.01806 15.1576 0.07832 3.66039 -1.11059 -4.72401 0 0 0 -1.47666 -0.49339 0 0 0 0 0 0 0 0 -11.5235
ALYLNFWVW -32.7421 -27.8002 3.89905 15.2594 0.07412 3.55228 -1.03883 -4.77082 0 0 0 -1.45879 -0.46084 0 0 0 0 0 0 0 0 -12.7446
ALYLNSFVW -32.2723 -28.2268 3.33335 16.8606 0.07575 3.64386 -1.3361 -4.73818 0 0 0 -1.41717 -0.61189 0 0 0 0 0 0 0 0 -12.4166
ALYLNTFVW -32.8319 -27.9783 3.49707 16.2881 0.07731 3.71473 -1.29964 -4.87457 0 0 0 -1.43359 -0.61505 0 0 0 0 0 0 0 0 -12.6239
ALYLNTYVW -31.6117 -27.5336 3.36686 16.6968 0.07339 3.65332 -1.31209 -4.99167 0 0 0 -1.42656 -0.60554 0 0 0 0 0 0 0 0 -12.0791
ALYLQAYMW -32.4689 -28.34 3.34621 17.4093 0.07425 3.76586 -1.46528 -5.08892 0 0 0 -1.35534 -0.74046 0 0 0 0 0 0 0 0 -12.3943
ALYLQTYMW -33.3288 -28.9485 2.91131 18.3615 0.07173 3.67719 -1.34229 -5.43032 0 0 0 -1.37958 -0.83656 0 0 0 0 0 0 0 0 -12.9155
ALYVNFYVW -32.0416 -27.1675 4.01527 15.1759 0.08103 3.68372 -1.18783 -4.81562 0 0 0 -1.47203 -0.56902 0 0 0 0 0 0 0 0 -12.256
SLCMNCYVW -32.7268 -27.3233 2.73418 16.5884 0.0812 3.70026 -1.34756 -4.95489 0 0 0 -1.44052 -0.61971 0 0 0 0 0 0 0 0 -12.5819
TLALAAFLL -33.2871 -27.3668 2.12161 16.9033 0.0735 3.70078 -1.34554 -4.95426 0 0 0 -1.35382 -0.648 0 0 0 0 0 0 0 0 -12.8693
TLALVTFLW -32.5688 -27.3335 2.06989 16.8083 0.07492 3.71434 -1.01272 -4.79094 0 0 0 -1.38976 -0.63563 0 0 0 0 0 0 0 0 -12.4951
TLFLVAFLS -32.1117 -27.9121 2.4646 17.5915 0.07671 3.69127 -1.32017 -4.89665 0 0 0 -1.35163 -0.63141 0 0 0 0 0 0 0 0 -12.2879
TLLLAAFLL -31.6518 -27.841 3.57089 16.7751 0.07275 3.62626 -1.41648 -4.87695 0 0 0 -1.39381 -0.64373 0 0 0 0 0 0 0 0 -12.1269
TLLLVAFLS -30.588 -27.8113 2.22574 18.7735 0.0755 3.66651 -1.24491 -5.28887 0 0 0 -1.32866 -0.61957 0 0 0 0 0 0 0 0 -11.552
TLLLVTFLW -32.7951 -28.511 2.90517 17.4055 0.07451 3.42744 -1.34771 -4.91925 0 0 0 -1.31968 -0.61053 0 0 0 0 0 0 0 0 -12.8956
TLTLVAFLS -30.2437 -26.9122 1.55326 18.2199 0.07548 3.70626 -1.17824 -4.83212 0 0 0 -1.34238 -0.6301 0 0 0 0 0 0 0 0 -11.3401
TLVLVAFLS -32.4312 -27.0576 1.61338 17.3674 0.07438 3.64812 -1.26324 -4.86492 0 0 0 -1.35378 -0.65683 0 0 0 0 0 0 0 0 -12.4931
TLYLAAFLC -32.4926 -27.865 2.81456 17.1722 0.07462 3.69169 -1.51508 -4.86079 0 0 0 -1.34678 -0.64545 0 0 0 0 0 0 0 0 -12.48
TLYLAAFLL -33.3596 -28.3453 3.16549 16.904 0.07401 3.64935 -1.45265 -4.94739 0 0 0 -1.37499 -0.6289 0 0 0 0 0 0 0 0 -12.9564
TLYLAAFLS -30.0387 -27.2809 3.0429 17.3816 0.07652 3.74421 -1.4262 -4.67696 0 0 0 -1.43094 -0.62886 0 0 0 0 0 0 0 0 -11.1986
TLYLNCFLW -32.6444 -28.1057 3.02905 16.8853 0.07549 3.63283 -1.38683 -4.69204 0 0 0 -1.41489 -0.63712 0 0 0 0 0 0 0 0 -12.6139
TLYLNCFVW -34.2922 -28.8491 3.23812 16.5914 0.07465 3.61772 -1.36632 -4.7185 0 0 0 -1.42112 -0.62055 0 0 0 0 0 0 0 0 -13.4537
TLYLVAFLA -32.1039 -27.8953 2.66168 17.3322 0.07642 3.7511 -1.41946 -4.69928 0 0 0 -1.37318 -0.65856 0 0 0 0 0 0 0 0 -12.2244
TLYLVAFLL -34.0385 -28.7125 3.10941 16.7616 0.07609 3.64006 -1.2714 -4.89931 0 0 0 -1.38077 -0.6263 0 0 0 0 0 0 0 0 -13.3031
TLYLVAFLS -31.455 -28.034 2.79001 17.6905 0.07632 3.73998 -1.40668 -4.72475 0 0 0 -1.38499 -0.65755 0 0 0 0 0 0 0 0 -11.9112
TLYLVAFLT -32.4461 -28.4743 2.89415 17.5305 0.07633 3.70591 -1.41296 -4.73967 0 0 0 -1.3615 -0.65931 0 0 0 0 0 0 0 0 -12.4408
TLYLVAFLV -34.4346 -28.7226 2.9688 16.7588 0.07686 3.73485 -1.44919 -4.73156 0 0 0 -1.38543 -0.65609 0 0 0 0 0 0 0 0 -13.4056
TLYLVAFLW -32.987 -29.0732 3.66496 16.9982 0.07623 3.70711 -1.37368 -4.69468 0 0 0 -1.36453 -0.65052 0 0 0 0 0 0 0 0 -12.7101
TLYLVCFLA -33.3446 -28.3496 2.55544 17.3954 0.07574 3.63948 -1.44173 -4.87701 0 0 0 -1.34984 -0.605 0 0 0 0 0 0 0 0 -12.9571
TLYLVCFLC -33.7154 -28.7684 2.97683 17.2102 0.07599 3.72477 -1.36125 -4.8622 0 0 0 -1.40073 -0.65214 0 0 0 0 0 0 0 0 -13.0569
TLYLVCFLS -32.6985 -28.3909 2.62277 17.8387 0.07595 3.59757 -1.45395 -5.0013 0 0 0 -1.35533 -0.6093 0 0 0 0 0 0 0 0 -12.6758
TLYLVCFLT -33.0826 -28.6798 2.69428 17.8159 0.07576 3.59231 -1.4715 -4.93715 0 0 0 -1.35947 -0.60356 0 0 0 0 0 0 0 0 -12.8732
TLYLVCFLV -34.7542 -28.9983 2.94462 16.8882 0.07521 3.71053 -1.4724 -4.69025 0 0 0 -1.39577 -0.6532 0 0 0 0 0 0 0 0 -13.5914
TLYLVCFLW -34.1984 -29.4795 3.58282 16.9832 0.07628 3.67474 -1.43777 -4.69854 0 0 0 -1.40387 -0.64553 0 0 0 0 0 0 0 0 -13.3482
TLYLVFFLA -29.6774 -27.871 2.84596 18.5864 0.08627 3.71626 -1.09112 -5.34402 0 0 0 -1.38384 -0.58112 0 0 0 0 0 0 0 0 -11.0362
TLYLVFFLC -29.0463 -27.5444 3.0979 18.0485 0.08562 3.72604 -1.02114 -5.07175 0 0 0 -1.4294 -0.60285 0 0 0 0 0 0 0 0 -10.7115
TLYLVFFLS -27.9018 -27.3847 2.87177 18.6235 0.08142 3.75763 -1.05212 -4.94867 0 0 0 -1.44185 -0.61885 0 0 0 0 0 0 0 0 -10.1119
TLYLVFFLT -28.301 -27.6369 3.11744 18.338 0.0833 3.74251 -0.94976 -5.0142 0 0 0 -1.40105 -0.60406 0 0 0 0 0 0 0 0 -10.3247
TLYLVFFLV -29.0446 -28.1019 3.31777 18.4485 0.08442 3.68742 -1.03051 -5.12147 0 0 0 -1.42435 -0.61032 0 0 0 0 0 0 0 0 -10.7504
TLYLVFFLW -31.672 -27.8512 4.24313 15.7775 0.08376 3.6252 -1.07764 -4.93185 0 0 0 -1.42726 -0.56866 0 0 0 0 0 0 0 0 -12.127
TLYLVLFLA -32.4 -27.7194 2.51614 17.3324 0.07632 3.5872 -1.31071 -5.00965 0 0 0 -1.40218 -0.60662 0 0 0 0 0 0 0 0 -12.5365
TLYLVLFLC -33.1645 -28.7137 2.34236 18.3941 0.07669 3.74003 -1.33951 -5.26642 0 0 0 -1.37022 -0.62887 0 0 0 0 0 0 0 0 -12.7655
TLYLVLFLL -34.2533 -28.4574 2.7903 16.6742 0.0766 3.6834 -1.09738 -4.93245 0 0 0 -1.46376 -0.64021 0 0 0 0 0 0 0 0 -13.3667
TLYLVLFLS -30.0226 -27.7543 2.5267 18.8321 0.07625 3.7311 -1.2314 -5.34299 0 0 0 -1.39592 -0.64545 0 0 0 0 0 0 0 0 -11.204
TLYLVLFLT -30.5946 -27.8425 2.93223 18.2163 0.07673 3.69992 -1.3139 -5.25076 0 0 0 -1.39273 -0.64596 0 0 0 0 0 0 0 0 -11.5207
TLYLVLFLV -33.1315 -28.3382 2.85992 17.2989 0.07762 3.67391 -1.30839 -5.03472 0 0 0 -1.41007 -0.63314 0 0 0 0 0 0 0 0 -12.8142
TLYLVTFLA -31.2771 -28.129 2.50577 17.9086 0.07795 3.73066 -1.29452 -4.62274 0 0 0 -1.34805 -0.65862 0 0 0 0 0 0 0 0 -11.8299
TLYLVTFLC -31.7654 -28.5019 2.66885 17.9435 0.07817 3.65046 -1.2576 -4.76991 0 0 0 -1.34076 -0.62483 0 0 0 0 0 0 0 0 -12.1541
TLYLVTFLL -32.9209 -28.7661 3.31569 17.3182 0.07768 3.58818 -1.13343 -5.18752 0 0 0 -1.40218 -0.60517 0 0 0 0 0 0 0 0 -12.7946
TLYLVTFLS -30.7604 -28.2683 2.46691 18.4649 0.07794 3.68536 -1.27561 -4.78386 0 0 0 -1.35763 -0.62671 0 0 0 0 0 0 0 0 -11.6169
TLYLVTFLT -30.9877 -28.6381 2.85663 18.2425 0.07722 3.7416 -1.26014 -4.64288 0 0 0 -1.38999 -0.66187 0 0 0 0 0 0 0 0 -11.675
TLYLVTFLW -33.0762 -28.7376 3.45051 17.0024 0.07788 3.66185 -1.36565 -4.87773 0 0 0 -1.38356 -0.62653 0 0 0 0 0 0 0 0 -12.7984
TLYLVVFLA -33.9547 -28.3114 2.59323 16.9554 0.07757 3.66059 -1.39399 -4.86751 0 0 0 -1.32643 -0.62662 0 0 0 0 0 0 0 0 -13.2392
TLYLVVFLC -33.9614 -28.699 3.24046 16.7399 0.07684 3.71708 -1.32681 -4.89637 0 0 0 -1.39051 -0.64837 0 0 0 0 0 0 0 0 -13.1868
TLYLVVFLS -33.1722 -28.4344 2.63913 17.5047 0.07721 3.64637 -1.33017 -4.99102 0 0 0 -1.3624 -0.61186 0 0 0 0 0 0 0 0 -12.8625
TLYLVVFLT -33.502 -28.77 2.77715 17.4798 0.07748 3.60446 -1.3326 -4.9412 0 0 0 -1.35881 -0.60531 0 0 0 0 0 0 0 0 -13.0691
TLYLVVFLV -35.2751 -28.9255 2.88033 16.6723 0.07809 3.59308 -1.34035 -4.94364 0 0 0 -1.36896 -0.61175 0 0 0 0 0 0 0 0 -13.9664
TLYLVVFLW -34.9881 -29.1369 3.46962 16.3272 0.07798 3.73075 -1.30327 -4.86279 0 0 0 -1.37179 -0.61614 0 0 0 0 0 0 0 0 -13.6853
TLYLVWFLA -29.8558 -27.0091 4.00803 14.4553 0.08207 3.87879 -1.59645 -3.39938 0 0 0 -0.89467 -0.49168 0 0 0 0 0 0 0 0 -10.967
TLYLVWFLC -31.1894 -27.5105 3.89188 16.216 0.07633 4.63678 -1.46782 -5.54693 0 0 0 -0.26623 -0.91111 0 0 0 0 0 0 0 0 -10.8816
TLYLVWFLD -30.1224 -27.6719 3.59182 17.624 0.07792 4.56715 -1.76568 -5.6823 0 0 0 -0.28432 -0.87289 0 0 0 0 0 0 0 0 -10.4162
TLYLVWFLE -29.08 -27.7332 3.78884 17.476 0.07375 4.70148 -1.72809 -5.29029 0 0 0 0 -1.05333 0 0 0 0 0 0 0 0 -9.76479
TLYLVWFLG -30.6732 -26.5134 3.1567 14.8073 0.07279 3.90854 -1.28022 -3.92476 0 0 0 -1.1599 -0.42233 0 0 0 0 0 0 0 0 -11.3553
TLYLVWFLI -16.2114 -25.9737 7.3277 16.6623 0.07365 4.55347 -0.35269 -4.3036 0 0 0 0 -1.46571 0 0 0 0 0 0 0 0 -3.47858
TLYLVWFLK -28.2719 -27.8731 4.03302 17.5445 0.07284 4.60654 -1.27452 -5.21034 0 0 0 -0.32615 -1.02939 0 0 0 0 0 0 0 0 -9.45657
TLYLVWFLL -33.2138 -28.72 4.5185 15.8521 0.07803 4.46674 -1.58953 -5.40087 0 0 0 -0.23958 -1.02757 0 0 0 0 0 0 0 0 -12.0622
TLYLVWFLM -30.327 -27.125 4.53428 15.9258 0.07159 4.83402 -1.21874 -5.56524 0 0 0 -0.28966 -1.42492 0 0 0 0 0 0 0 0 -10.2579
TLYLVWFLN -30.88 -27.734 3.72951 16.7026 0.07613 4.58579 -1.71288 -5.20111 0 0 0 -0.19282 -1.03132 0 0 0 0 0 0 0 0 -10.7781
TLYLVWFLP -33.0565 -27.6432 3.54327 16.5073 0.0768 4.06126 -1.486 -5.69759 0 0 0 -0.34575 -1.40624 0 0 0 0 0 0 0 0 -12.3902
TLYLVWFLQ -32.8472 -28.4562 3.60028 17.3495 0.07629 4.12362 -1.90862 -5.58239 0 0 0 -0.33786 -1.08832 0 0 0 0 0 0 0 0 -12.2237
TLYLVWFLS -30.3193 -27.288 3.28528 17.3406 0.07613 4.70653 -1.53728 -5.80921 0 0 0 -0.25745 -0.8935 0 0 0 0 0 0 0 0 -10.377
TLYLVWFLT -28.9476 -25.8431 3.89285 16.2811 0.0814 4.228 -1.30134 -5.70617 0 0 0 -0.33762 -1.45954 0 0 0 0 0 0 0 0 -10.1644
TLYLVWFLV -31.4186 -27.2906 4.13194 16.0726 0.07351 4.31727 -1.42229 -5.47279 0 0 0 -0.33094 -1.39724 0 0 0 0 0 0 0 0 -11.3185
TLYLVWFLW -30.3349 -27.4813 4.98334 15.0996 0.07307 5.02485 -1.35671 -5.14515 0 0 0 -0.21731 -1.04995 0 0 0 0 0 0 0 0 -10.0695
