MUT_116MET_120ILE_121PHE_124ALA_161ASN_163PHE_199TYR_bj1.pdb:LIG_270 -42.7185 3.06879 27.4974 0.53005 5.93944 -3.51734 -7.48 0 0 -1.92777 -1.7233 0 0 0 0 0 0 0 0 2.42711 -17.9041
MUT_116MET_120ILE_121PHE_124ALA_161ASN_163PHE_199TYR_bj2.pdb:LIG_270 -42.7367 3.07076 27.4874 0.52479 5.9453 -3.52759 -7.46619 0 0 -1.9267 -1.7283 0 0 0 0 0 0 0 0 2.38654 -17.9708
MUT_116MET_120ILE_121PHE_124ALA_161ASN_163PHE_199TYR_bj3.pdb:LIG_270 -42.7532 3.06851 27.4892 0.53804 5.9301 -3.51726 -7.48016 0 0 -1.92667 -1.72195 0 0 0 0 0 0 0 0 2.42835 -17.9451
MUT_117THR_120LEU_121ALA_124LEU_161ALA_163ALA_216LEU_232LEU_bj1.pdb:LIG_270 -40.5355 2.25149 27.5575 0.38795 5.398 -3.38414 -7.74475 0 0 -1.8979 -1.46198 0 0 0 0 0 0 0 0 1.02731 -18.402
MUT_117THR_120LEU_121ALA_124LEU_161ALA_163ALA_216LEU_232LEU_bj2.pdb:LIG_270 -40.4945 2.13125 27.635 0.37865 5.4312 -3.28529 -7.69704 0 0 -1.89698 -1.45995 0 0 0 0 0 0 0 0 1.09704 -18.1607
MUT_117THR_120LEU_121ALA_124LEU_161ALA_163ALA_216LEU_232LEU_bj3.pdb:LIG_270 -40.5226 2.23758 27.5519 0.38869 5.39851 -3.38691 -7.73702 0 0 -1.89347 -1.46071 0 0 0 0 0 0 0 0 1.02617 -18.3979
MUT_117THR_120LEU_121ALA_124LEU_161VAL_163THR_216LEU_bj1.pdb:LIG_270 -42.1077 2.67314 28.3113 0.1788 5.53152 -3.24966 -7.74445 0 0 -1.90814 -1.44799 0 0 0 0 0 0 0 0 1.21603 -18.5471
MUT_117THR_120LEU_121ALA_124LEU_161VAL_163THR_216LEU_bj2.pdb:LIG_270 -42.1613 2.668 28.3751 0.1787 5.53336 -3.25312 -7.75824 0 0 -1.90935 -1.44712 0 0 0 0 0 0 0 0 1.22555 -18.5485
MUT_117THR_120LEU_121ALA_124LEU_161VAL_163THR_216LEU_bj3.pdb:LIG_270 -42.1304 2.66213 28.3584 0.17864 5.53433 -3.25299 -7.75075 0 0 -1.91317 -1.44999 0 0 0 0 0 0 0 0 1.26269 -18.5011
MUT_117THR_120LEU_121LEU_124LEU_161ALA_163ALA_216LEU_232LEU_bj1.pdb:LIG_270 -41.9443 2.4668 27.8956 0.36387 5.56607 -3.33266 -7.89831 0 0 -1.91261 -1.59759 0 0 0 0 0 0 0 0 1.13956 -19.2536
MUT_117THR_120LEU_121LEU_124LEU_161ALA_163ALA_216LEU_232LEU_bj2.pdb:LIG_270 -41.9611 2.47443 27.9106 0.36088 5.56389 -3.33232 -7.90391 0 0 -1.91367 -1.60264 0 0 0 0 0 0 0 0 1.15393 -19.2498
MUT_117THR_120LEU_121LEU_124LEU_161ALA_163ALA_216LEU_232LEU_bj3.pdb:LIG_270 -41.966 2.46926 27.9131 0.36457 5.56338 -3.33522 -7.90318 0 0 -1.91464 -1.59666 0 0 0 0 0 0 0 0 1.14828 -19.2571
MUT_117THR_120LEU_121LEU_124LEU_161VAL_163ALA_216LEU_232SER_bj1.pdb:LIG_270 -41.7556 2.38584 28.6135 0.34569 5.4406 -3.53099 -7.90299 0 0 -1.91367 -1.59999 0 0 0 0 0 0 0 0 1.14045 -18.7771
MUT_117THR_120LEU_121LEU_124LEU_161VAL_163ALA_216LEU_232SER_bj2.pdb:LIG_270 -41.7389 2.38424 28.5982 0.34474 5.43846 -3.52894 -7.8964 0 0 -1.91499 -1.60022 0 0 0 0 0 0 0 0 1.14252 -18.7712
MUT_117THR_120LEU_121LEU_124LEU_161VAL_163ALA_216LEU_232SER_bj3.pdb:LIG_270 -41.7523 2.38469 28.6096 0.34629 5.43895 -3.53088 -7.90196 0 0 -1.91433 -1.59836 0 0 0 0 0 0 0 0 1.14736 -18.7709
MUT_117THR_120LEU_121LEU_124LEU_161VAL_163THR_216LEU_bj1.pdb:LIG_270 -43.402 3.34769 28.8673 0.23033 5.64328 -3.28692 -7.88771 0 0 -1.90804 -1.66554 0 0 0 0 0 0 0 0 1.44781 -18.6138
MUT_117THR_120LEU_121LEU_124LEU_161VAL_163THR_216LEU_bj2.pdb:LIG_270 -43.4033 3.35943 28.8616 0.22927 5.64207 -3.29199 -7.89223 0 0 -1.90839 -1.66361 0 0 0 0 0 0 0 0 1.45147 -18.6157
MUT_117THR_120LEU_121LEU_124LEU_161VAL_163THR_216LEU_bj3.pdb:LIG_270 -43.4258 3.36849 28.8806 0.23164 5.63939 -3.28995 -7.89646 0 0 -1.91004 -1.66459 0 0 0 0 0 0 0 0 1.45326 -18.6135
MUT_117THR_120LEU_121PHE_124LEU_161VAL_163ALA_216LEU_232SER_bj1.pdb:LIG_270 -42.2607 2.4367 28.629 0.34139 5.54004 -3.40062 -7.8011 0 0 -1.90837 -1.65873 0 0 0 0 0 0 0 0 1.28035 -18.8021
MUT_117THR_120LEU_121PHE_124LEU_161VAL_163ALA_216LEU_232SER_bj2.pdb:LIG_270 -41.6365 2.21018 28.6014 0.20358 5.4766 -3.34295 -7.84042 0 0 -1.90627 -1.65064 0 0 0 0 0 0 0 0 0.96796 -18.917
MUT_117THR_120LEU_121PHE_124LEU_161VAL_163ALA_216LEU_232SER_bj3.pdb:LIG_270 -41.6374 2.22567 28.6001 0.20342 5.48088 -3.34334 -7.84775 0 0 -1.9064 -1.65121 0 0 0 0 0 0 0 0 0.95347 -18.9225
MUT_117THR_120LEU_121THR_124LEU_161VAL_163ALA_216LEU_232SER_bj1.pdb:LIG_270 -40.4825 2.04488 28.4846 0.16012 5.54219 -3.28285 -7.79053 0 0 -1.90553 -1.53014 0 0 0 0 0 0 0 0 1.06266 -17.6971
MUT_117THR_120LEU_121THR_124LEU_161VAL_163ALA_216LEU_232SER_bj2.pdb:LIG_270 -40.4825 2.04488 28.4846 0.16012 5.54219 -3.28285 -7.79053 0 0 -1.90553 -1.53014 0 0 0 0 0 0 0 0 1.06266 -17.6971
MUT_117THR_120LEU_121THR_124LEU_161VAL_163ALA_216LEU_232SER_bj3.pdb:LIG_270 -40.4528 2.0329 28.4594 0.15803 5.54162 -3.28252 -7.7752 0 0 -1.90305 -1.52858 0 0 0 0 0 0 0 0 1.05781 -17.6924
MUT_117THR_120LEU_121VAL_124LEU_161VAL_163ALA_216LEU_232SER_bj1.pdb:LIG_270 -40.5571 2.08199 28.4959 0.15534 5.55681 -3.27507 -7.81165 0 0 -1.90413 -1.56098 0 0 0 0 0 0 0 0 0.99881 -17.8201
MUT_117THR_120LEU_121VAL_124LEU_161VAL_163ALA_216LEU_232SER_bj2.pdb:LIG_270 -40.5996 2.02507 28.464 0.16238 5.54386 -3.25325 -7.81038 0 0 -1.90363 -1.57183 0 0 0 0 0 0 0 0 1.02336 -17.9201
MUT_117THR_120LEU_121VAL_124LEU_161VAL_163ALA_216LEU_232SER_bj3.pdb:LIG_270 -40.6086 2.03077 28.4703 0.16235 5.54566 -3.25302 -7.80626 0 0 -1.90464 -1.57131 0 0 0 0 0 0 0 0 1.01719 -17.9176
MUT_117THR_120LEU_124LEU_161ALA_163ALA_216LEU_232CYS_bj1.pdb:LIG_270 -41.4944 2.07084 28.249 0.27001 5.46855 -3.40305 -7.91566 0 0 -1.90145 -1.65369 0 0 0 0 0 0 0 0 1.19807 -19.1118
MUT_117THR_120LEU_124LEU_161ALA_163ALA_216LEU_232CYS_bj2.pdb:LIG_270 -41.4946 2.07036 28.2502 0.26869 5.46574 -3.4044 -7.91271 0 0 -1.90118 -1.65417 0 0 0 0 0 0 0 0 1.19651 -19.1157
MUT_117THR_120LEU_124LEU_161ALA_163ALA_216LEU_232CYS_bj3.pdb:LIG_270 -41.4738 2.11244 28.1607 0.31486 5.45645 -3.4582 -7.90447 0 0 -1.89673 -1.66334 0 0 0 0 0 0 0 0 1.13353 -19.2185
MUT_117THR_120LEU_124LEU_161ALA_163ALA_216LEU_232LEU_bj1.pdb:LIG_270 -41.9216 2.5069 27.9672 0.35474 5.33343 -3.46214 -7.82289 0 0 -1.90554 -1.60655 0 0 0 0 0 0 0 0 1.00602 -19.5504
MUT_117THR_120LEU_124LEU_161ALA_163ALA_216LEU_232LEU_bj2.pdb:LIG_270 -41.941 2.59837 28.0305 0.36414 5.38452 -3.36349 -7.81663 0 0 -1.8982 -1.63999 0 0 0 0 0 0 0 0 1.15396 -19.1279
MUT_117THR_120LEU_124LEU_161ALA_163ALA_216LEU_232LEU_bj3.pdb:LIG_270 -41.941 2.59837 28.0305 0.36414 5.38452 -3.36349 -7.81663 0 0 -1.8982 -1.63999 0 0 0 0 0 0 0 0 1.15396 -19.1279
MUT_117THR_120LEU_124LEU_161ALA_163ALA_216LEU_232SER_bj1.pdb:LIG_270 -41.0563 1.94845 28.5382 0.29797 5.44373 -3.44779 -7.85459 0 0 -1.89701 -1.65132 0 0 0 0 0 0 0 0 1.00323 -18.6755
MUT_117THR_120LEU_124LEU_161ALA_163ALA_216LEU_232SER_bj2.pdb:LIG_270 -41.0425 1.93743 28.5293 0.29699 5.43965 -3.44915 -7.83668 0 0 -1.89665 -1.65842 0 0 0 0 0 0 0 0 1.00391 -18.6761
MUT_117THR_120LEU_124LEU_161ALA_163ALA_216LEU_232SER_bj3.pdb:LIG_270 -40.9952 1.94207 28.5288 0.27865 5.45387 -3.43949 -7.84838 0 0 -1.89485 -1.65783 0 0 0 0 0 0 0 0 1.00809 -18.6242
MUT_117THR_120LEU_124LEU_161ASN_163CYS_216LEU_bj1.pdb:LIG_270 -43.5496 3.14312 28.9276 0.22253 5.41093 -3.56956 -7.77167 0 0 -1.89315 -1.57149 0 0 0 0 0 0 0 0 1.47815 -19.1732
MUT_117THR_120LEU_124LEU_161ASN_163CYS_216LEU_bj2.pdb:LIG_270 -43.135 3.43746 28.8103 0.27056 5.54234 -3.30892 -7.84547 0 0 -1.90056 -1.63165 0 0 0 0 0 0 0 0 1.39438 -18.3665
MUT_117THR_120LEU_124LEU_161ASN_163CYS_216LEU_bj3.pdb:LIG_270 -44.4649 3.92066 28.6905 0.26569 5.51414 -3.60953 -7.75475 0 0 -1.88585 -1.60328 0 0 0 0 0 0 0 0 1.4384 -19.4889
MUT_117THR_120LEU_124LEU_161ASN_163CYS_bj1.pdb:LIG_270 -43.1506 2.98189 28.5245 0.23094 5.5869 -3.55596 -7.93406 0 0 -1.88587 -1.65067 0 0 0 0 0 0 0 0 1.43962 -19.4134
MUT_117THR_120LEU_124LEU_161ASN_163CYS_bj2.pdb:LIG_270 -43.1496 2.97633 28.521 0.23099 5.58541 -3.56041 -7.93782 0 0 -1.88366 -1.6513 0 0 0 0 0 0 0 0 1.47531 -19.3938
MUT_117THR_120LEU_124LEU_161ASN_163CYS_bj3.pdb:LIG_270 -43.2862 3.35149 28.6715 0.29827 5.54471 -3.30053 -7.91871 0 0 -1.89778 -1.64114 0 0 0 0 0 0 0 0 1.39242 -18.786
MUT_117THR_120LEU_124LEU_161VAL_163ALA_216LEU_232ALA_bj1.pdb:LIG_270 -41.8058 2.16179 27.89 0.33877 5.37054 -3.5469 -7.93391 0 0 -1.90987 -1.56162 0 0 0 0 0 0 0 0 1.03571 -19.9613
MUT_117THR_120LEU_124LEU_161VAL_163ALA_216LEU_232ALA_bj2.pdb:LIG_270 -41.7847 2.16722 27.8585 0.34899 5.37198 -3.53806 -7.93947 0 0 -1.90942 -1.56185 0 0 0 0 0 0 0 0 1.04425 -19.9426
MUT_117THR_120LEU_124LEU_161VAL_163ALA_216LEU_232ALA_bj3.pdb:LIG_270 -41.8435 2.18558 27.9246 0.3371 5.38103 -3.54485 -7.94606 0 0 -1.91064 -1.55966 0 0 0 0 0 0 0 0 1.01157 -19.9649
MUT_117THR_120LEU_124LEU_161VAL_163ALA_216LEU_232LEU_bj1.pdb:LIG_270 -42.6679 2.75287 28.3144 0.34857 5.50295 -3.31409 -7.86617 0 0 -1.90754 -1.64833 0 0 0 0 0 0 0 0 1.19851 -19.2867
MUT_117THR_120LEU_124LEU_161VAL_163ALA_216LEU_232LEU_bj2.pdb:LIG_270 -42.6764 2.75322 28.3183 0.34869 5.50114 -3.31498 -7.86619 0 0 -1.90851 -1.6474 0 0 0 0 0 0 0 0 1.20937 -19.2828
MUT_117THR_120LEU_124LEU_161VAL_163ALA_216LEU_232LEU_bj3.pdb:LIG_270 -42.6764 2.75322 28.3183 0.34869 5.50114 -3.31498 -7.86619 0 0 -1.90851 -1.6474 0 0 0 0 0 0 0 0 1.20937 -19.2828
MUT_117THR_120LEU_124LEU_161VAL_163ALA_216LEU_232SER_bj1.pdb:LIG_270 -41.5503 2.1823 28.8036 0.23142 5.45016 -3.38146 -7.87703 0 0 -1.90767 -1.64935 0 0 0 0 0 0 0 0 1.07021 -18.6281
MUT_117THR_120LEU_124LEU_161VAL_163ALA_216LEU_232SER_bj2.pdb:LIG_270 -41.5529 2.17845 28.8039 0.22943 5.44868 -3.38054 -7.86969 0 0 -1.90687 -1.65038 0 0 0 0 0 0 0 0 1.05597 -18.644
MUT_117THR_120LEU_124LEU_161VAL_163ALA_216LEU_232SER_bj3.pdb:LIG_270 -41.5398 2.17889 28.7972 0.23237 5.45279 -3.38112 -7.87639 0 0 -1.90634 -1.6505 0 0 0 0 0 0 0 0 1.06736 -18.6256
MUT_117THR_120LEU_124LEU_161VAL_163ALA_216LEU_232THR_bj1.pdb:LIG_270 -41.9472 2.26716 28.763 0.27857 5.44849 -3.38022 -7.96508 0 0 -1.9083 -1.64387 0 0 0 0 0 0 0 0 1.25028 -18.8372
MUT_117THR_120LEU_124LEU_161VAL_163ALA_216LEU_232THR_bj2.pdb:LIG_270 -41.9386 2.27384 28.7513 0.27848 5.45296 -3.37954 -7.96765 0 0 -1.90646 -1.64697 0 0 0 0 0 0 0 0 1.24612 -18.8365
MUT_117THR_120LEU_124LEU_161VAL_163ALA_216LEU_232THR_bj3.pdb:LIG_270 -41.945 2.27332 28.7576 0.27855 5.45062 -3.37943 -7.971 0 0 -1.90846 -1.64462 0 0 0 0 0 0 0 0 1.24765 -18.8407
MUT_117THR_120LEU_124LEU_161VAL_163ALA_216LEU_232VAL_bj1.pdb:LIG_270 -42.2343 2.45255 28.194 0.25604 5.50123 -3.38963 -7.89502 0 0 -1.90745 -1.64684 0 0 0 0 0 0 0 0 1.27855 -19.3908
MUT_117THR_120LEU_124LEU_161VAL_163ALA_216LEU_232VAL_bj2.pdb:LIG_270 -42.2373 2.45436 28.1908 0.25501 5.50186 -3.3902 -7.89011 0 0 -1.90767 -1.65099 0 0 0 0 0 0 0 0 1.27254 -19.4017
MUT_117THR_120LEU_124LEU_161VAL_163ALA_216LEU_232VAL_bj3.pdb:LIG_270 -42.2202 2.44754 28.176 0.25459 5.49733 -3.3842 -7.88961 0 0 -1.90759 -1.64973 0 0 0 0 0 0 0 0 1.28612 -19.3898
MUT_117THR_120LEU_124LEU_161VAL_163ALA_216LEU_bj1.pdb:LIG_270 -43.8242 3.32656 27.8828 0.36668 5.32257 -3.4534 -7.8574 0 0 -1.89936 -1.56171 0 0 0 0 0 0 0 0 1.61231 -20.0852
MUT_117THR_120LEU_124LEU_161VAL_163ALA_216LEU_bj2.pdb:LIG_270 -43.8242 3.32656 27.8828 0.36668 5.32257 -3.4534 -7.8574 0 0 -1.89936 -1.56171 0 0 0 0 0 0 0 0 1.61231 -20.0852
MUT_117THR_120LEU_124LEU_161VAL_163ALA_216LEU_bj3.pdb:LIG_270 -43.7389 3.30061 27.887 0.31365 5.32921 -3.46943 -7.82028 0 0 -1.89851 -1.56958 0 0 0 0 0 0 0 0 1.5638 -20.1024
MUT_117THR_120LEU_124LEU_161VAL_163CYS_216LEU_232ALA_bj1.pdb:LIG_270 -41.8755 2.54977 28.2094 0.24513 5.44223 -3.47569 -7.86522 0 0 -1.9082 -1.62322 0 0 0 0 0 0 0 0 1.02937 -19.2719
MUT_117THR_120LEU_124LEU_161VAL_163CYS_216LEU_232ALA_bj2.pdb:LIG_270 -41.843 2.04995 27.5029 0.24246 5.65866 -3.43371 -7.81731 0 0 -1.90194 -1.79186 0 0 0 0 0 0 0 0 1.05358 -20.2803
MUT_117THR_120LEU_124LEU_161VAL_163CYS_216LEU_232ALA_bj3.pdb:LIG_270 -41.8952 2.551 28.2261 0.24219 5.44122 -3.48271 -7.873 0 0 -1.90601 -1.61832 0 0 0 0 0 0 0 0 1.02764 -19.2871
MUT_117THR_120LEU_124LEU_161VAL_163CYS_216LEU_232CYS_bj1.pdb:LIG_270 -42.0607 2.69995 28.2902 0.36855 5.47929 -3.34775 -7.85004 0 0 -1.90487 -1.65011 0 0 0 0 0 0 0 0 1.42226 -18.5531
MUT_117THR_120LEU_124LEU_161VAL_163CYS_216LEU_232CYS_bj2.pdb:LIG_270 -42.0052 2.7206 28.2558 0.34971 5.49471 -3.34603 -7.85669 0 0 -1.90427 -1.64339 0 0 0 0 0 0 0 0 1.34022 -18.5946
MUT_117THR_120LEU_124LEU_161VAL_163CYS_216LEU_232CYS_bj3.pdb:LIG_270 -42.0211 2.69796 28.269 0.35279 5.4828 -3.34933 -7.84421 0 0 -1.90342 -1.64723 0 0 0 0 0 0 0 0 1.37524 -18.5876
MUT_117THR_120LEU_124LEU_161VAL_163CYS_216LEU_232SER_bj1.pdb:LIG_270 -41.8761 2.5522 28.7485 0.28783 5.46951 -3.34215 -7.86036 0 0 -1.9061 -1.64797 0 0 0 0 0 0 0 0 1.18584 -18.3888
MUT_117THR_120LEU_124LEU_161VAL_163CYS_216LEU_232SER_bj2.pdb:LIG_270 -41.8498 2.56526 28.7236 0.28939 5.4731 -3.34975 -7.86408 0 0 -1.90403 -1.65253 0 0 0 0 0 0 0 0 1.18852 -18.3803
MUT_117THR_120LEU_124LEU_161VAL_163CYS_216LEU_232SER_bj3.pdb:LIG_270 -41.8753 2.56003 28.7496 0.28864 5.47022 -3.3456 -7.85728 0 0 -1.90626 -1.65345 0 0 0 0 0 0 0 0 1.17732 -18.3921
MUT_117THR_120LEU_124LEU_161VAL_163CYS_216LEU_232THR_bj1.pdb:LIG_270 -42.214 2.65031 28.6218 0.32353 5.4693 -3.35186 -7.91792 0 0 -1.90258 -1.65195 0 0 0 0 0 0 0 0 1.34325 -18.6301
MUT_117THR_120LEU_124LEU_161VAL_163CYS_216LEU_232THR_bj2.pdb:LIG_270 -42.2173 2.64937 28.6256 0.3244 5.4696 -3.35031 -7.92184 0 0 -1.90405 -1.65168 0 0 0 0 0 0 0 0 1.33498 -18.6412
MUT_117THR_120LEU_124LEU_161VAL_163CYS_216LEU_232THR_bj3.pdb:LIG_270 -42.2165 2.64167 28.627 0.32233 5.46466 -3.35377 -7.91516 0 0 -1.90384 -1.65242 0 0 0 0 0 0 0 0 1.35466 -18.6313
MUT_117THR_120LEU_124LEU_161VAL_163CYS_216LEU_232VAL_bj1.pdb:LIG_270 -43.1842 2.77836 27.9139 0.52569 5.6528 -3.32796 -8.01037 0 0 -1.90775 -1.6023 0 0 0 0 0 0 0 0 1.17103 -19.9908
MUT_117THR_120LEU_124LEU_161VAL_163CYS_216LEU_232VAL_bj2.pdb:LIG_270 -43.1943 2.78369 27.9202 0.52722 5.65236 -3.32561 -8.01455 0 0 -1.91013 -1.59939 0 0 0 0 0 0 0 0 1.16331 -19.9971
MUT_117THR_120LEU_124LEU_161VAL_163CYS_216LEU_232VAL_bj3.pdb:LIG_270 -43.1754 2.79279 27.9143 0.52501 5.65714 -3.32358 -8.01752 0 0 -1.90822 -1.60475 0 0 0 0 0 0 0 0 1.15755 -19.9827
MUT_117THR_120LEU_124LEU_161VAL_163CYS_216LEU_bj1.pdb:LIG_270 -43.4477 3.42904 27.9337 0.23259 5.55323 -3.30464 -7.81453 0 0 -1.89584 -1.66501 0 0 0 0 0 0 0 0 1.3406 -19.6386
MUT_117THR_120LEU_124LEU_161VAL_163CYS_216LEU_bj2.pdb:LIG_270 -43.456 3.43556 27.9386 0.23297 5.55443 -3.30491 -7.81685 0 0 -1.89741 -1.66573 0 0 0 0 0 0 0 0 1.34117 -19.6382
MUT_117THR_120LEU_124LEU_161VAL_163CYS_216LEU_bj3.pdb:LIG_270 -43.4415 3.43248 27.9308 0.23285 5.55886 -3.30423 -7.82255 0 0 -1.89466 -1.66322 0 0 0 0 0 0 0 0 1.3323 -19.6389
MUT_117THR_120LEU_124LEU_161VAL_163LEU_216LEU_232ALA_bj1.pdb:LIG_270 -42.5139 3.12313 27.2346 0.54537 5.72661 -3.29963 -7.9704 0 0 -1.9132 -1.30048 0 0 0 0 0 0 0 0 1.12012 -19.2478
MUT_117THR_120LEU_124LEU_161VAL_163LEU_216LEU_232ALA_bj2.pdb:LIG_270 -42.5077 3.14922 27.2287 0.5486 5.7283 -3.29856 -7.98474 0 0 -1.91494 -1.3003 0 0 0 0 0 0 0 0 1.11708 -19.2343
MUT_117THR_120LEU_124LEU_161VAL_163LEU_216LEU_232ALA_bj3.pdb:LIG_270 -42.5085 3.15556 27.2268 0.54851 5.72892 -3.29892 -7.97629 0 0 -1.91419 -1.3002 0 0 0 0 0 0 0 0 1.10575 -19.2326
MUT_117THR_120LEU_124LEU_161VAL_163LEU_216LEU_232CYS_bj1.pdb:LIG_270 -44.1372 3.30282 27.8017 0.38308 5.6658 -3.41236 -7.97809 0 0 -1.90613 -1.4558 0 0 0 0 0 0 0 0 1.22867 -20.5075
MUT_117THR_120LEU_124LEU_161VAL_163LEU_216LEU_232CYS_bj2.pdb:LIG_270 -44.1911 3.28297 27.8584 0.35358 5.6652 -3.4357 -7.96799 0 0 -1.90219 -1.4692 0 0 0 0 0 0 0 0 1.28464 -20.5214
MUT_117THR_120LEU_124LEU_161VAL_163LEU_216LEU_232CYS_bj3.pdb:LIG_270 -43.7345 3.08021 27.7691 0.31645 5.76988 -3.39125 -8.00207 0 0 -1.91465 -1.33583 0 0 0 0 0 0 0 0 1.21038 -20.2323
MUT_117THR_120LEU_124LEU_161VAL_163LEU_216LEU_232LEU_bj1.pdb:LIG_270 -46.1485 4.46393 29.1114 0.10065 5.34534 -3.4184 -8.08588 0 0 -1.91363 -1.52136 0 0 0 0 0 0 0 0 2.9871 -19.0793
MUT_117THR_120LEU_124LEU_161VAL_163LEU_216LEU_232LEU_bj2.pdb:LIG_270 -45.9621 4.36428 29.0672 0.10626 5.37919 -3.42459 -7.76386 0 0 -1.93148 -1.70761 0 0 0 0 0 0 0 0 2.70891 -19.1638
MUT_117THR_120LEU_124LEU_161VAL_163LEU_216LEU_232LEU_bj3.pdb:LIG_270 -43.3191 3.36639 27.8731 0.62471 5.3641 -3.53526 -7.90268 0 0 -1.91439 -1.57263 0 0 0 0 0 0 0 0 1.30264 -19.7131
MUT_117THR_120LEU_124LEU_161VAL_163LEU_216LEU_232SER_bj1.pdb:LIG_270 -43.071 3.36202 27.7489 0.49546 5.67601 -3.45351 -8.01396 0 0 -1.90758 -1.4347 0 0 0 0 0 0 0 0 1.19434 -19.404
MUT_117THR_120LEU_124LEU_161VAL_163LEU_216LEU_232SER_bj2.pdb:LIG_270 -42.5438 2.38447 28.4065 0.39899 5.35144 -3.53672 -7.88514 0 0 -1.88615 -1.50751 0 0 0 0 0 0 0 0 1.17404 -19.6438
MUT_117THR_120LEU_124LEU_161VAL_163LEU_216LEU_232SER_bj3.pdb:LIG_270 -43.0618 3.34796 27.743 0.49313 5.68033 -3.4498 -8.01004 0 0 -1.90696 -1.43747 0 0 0 0 0 0 0 0 1.19621 -19.4055
MUT_117THR_120LEU_124LEU_161VAL_163LEU_216LEU_232THR_bj1.pdb:LIG_270 -43.7152 3.22153 28.1681 0.12491 5.64156 -3.30251 -8.02726 0 0 -1.91471 -1.3078 0 0 0 0 0 0 0 0 1.09089 -20.0205
MUT_117THR_120LEU_124LEU_161VAL_163LEU_216LEU_232THR_bj2.pdb:LIG_270 -43.9559 3.28163 27.9348 0.36891 5.76152 -3.11467 -8.08244 0 0 -1.90597 -1.39252 0 0 0 0 0 0 0 0 1.1849 -19.9198
MUT_117THR_120LEU_124LEU_161VAL_163LEU_216LEU_232THR_bj3.pdb:LIG_270 -42.4699 3.12306 27.6162 0.19635 5.57105 -3.44715 -7.8306 0 0 -1.89299 -1.68073 0 0 0 0 0 0 0 0 1.74533 -19.0694
MUT_117THR_120LEU_124LEU_161VAL_163LEU_216LEU_232VAL_bj1.pdb:LIG_270 -43.1325 3.15592 27.5533 0.32836 5.67977 -3.297 -7.72432 0 0 -1.90978 -1.65341 0 0 0 0 0 0 0 0 1.90834 -19.0913
MUT_117THR_120LEU_124LEU_161VAL_163LEU_216LEU_232VAL_bj2.pdb:LIG_270 -43.1409 3.15321 27.5669 0.33078 5.67966 -3.29606 -7.71819 0 0 -1.91309 -1.65483 0 0 0 0 0 0 0 0 1.90567 -19.0868
MUT_117THR_120LEU_124LEU_161VAL_163LEU_216LEU_232VAL_bj3.pdb:LIG_270 -43.1573 3.56317 27.4068 0.26019 5.59399 -3.38336 -7.82526 0 0 -1.89739 -1.69151 0 0 0 0 0 0 0 0 1.871 -19.2597
MUT_117THR_120LEU_124LEU_161VAL_163PHE_216LEU_232ALA_bj1.pdb:LIG_270 -42.916 2.56487 27.6542 0.34685 5.66656 -3.36166 -7.82054 0 0 -1.90003 -1.63079 0 0 0 0 0 0 0 0 1.25994 -20.1365
MUT_117THR_120LEU_124LEU_161VAL_163PHE_216LEU_232ALA_bj2.pdb:LIG_270 -44.1804 3.08831 27.9641 0.22002 5.40674 -3.48398 -7.82302 0 0 -1.9202 -1.50923 0 0 0 0 0 0 0 0 1.40052 -20.8371
MUT_117THR_120LEU_124LEU_161VAL_163PHE_216LEU_232ALA_bj3.pdb:LIG_270 -42.7947 2.61226 27.6914 0.32463 5.69773 -3.40479 -7.86265 0 0 -1.9006 -1.68432 0 0 0 0 0 0 0 0 1.37494 -19.9461
MUT_117THR_120LEU_124LEU_161VAL_163PHE_216LEU_232CYS_bj1.pdb:LIG_270 -43.3382 2.83588 27.3957 0.28509 5.75464 -3.41283 -7.86141 0 0 -1.89735 -1.7858 0 0 0 0 0 0 0 0 1.45482 -20.5694
MUT_117THR_120LEU_124LEU_161VAL_163PHE_216LEU_232CYS_bj2.pdb:LIG_270 -43.3279 2.83522 27.3898 0.28468 5.75168 -3.41318 -7.85808 0 0 -1.89757 -1.7854 0 0 0 0 0 0 0 0 1.46044 -20.5603
MUT_117THR_120LEU_124LEU_161VAL_163PHE_216LEU_232CYS_bj3.pdb:LIG_270 -43.3398 2.84371 27.3969 0.2854 5.75347 -3.41378 -7.86256 0 0 -1.898 -1.78472 0 0 0 0 0 0 0 0 1.45884 -20.5605
MUT_117THR_120LEU_124LEU_161VAL_163PHE_216LEU_232SER_bj1.pdb:LIG_270 -42.8956 2.63271 28.0743 0.32714 5.70942 -3.40953 -7.87624 0 0 -1.8996 -1.68503 0 0 0 0 0 0 0 0 1.41556 -19.6069
MUT_117THR_120LEU_124LEU_161VAL_163PHE_216LEU_232SER_bj2.pdb:LIG_270 -42.9309 2.88082 27.7941 0.34672 5.71172 -3.45687 -8.19382 0 0 -1.89574 -1.52353 0 0 0 0 0 0 0 0 1.40017 -19.8674
MUT_117THR_120LEU_124LEU_161VAL_163PHE_216LEU_232SER_bj3.pdb:LIG_270 -42.8956 2.63271 28.0743 0.32714 5.70942 -3.40953 -7.87624 0 0 -1.8996 -1.68503 0 0 0 0 0 0 0 0 1.41556 -19.6069
MUT_117THR_120LEU_124LEU_161VAL_163PHE_216LEU_232THR_bj1.pdb:LIG_270 -43.4089 2.7299 27.8085 0.32562 5.72397 -3.45643 -7.92249 0 0 -1.90213 -1.73987 0 0 0 0 0 0 0 0 1.56567 -20.2761
MUT_117THR_120LEU_124LEU_161VAL_163PHE_216LEU_232THR_bj2.pdb:LIG_270 -44.592 2.8535 28.0488 0.33203 5.40723 -3.39056 -7.62297 0 0 -1.91456 -1.55182 0 0 0 0 0 0 0 0 1.5004 -20.93
MUT_117THR_120LEU_124LEU_161VAL_163PHE_216LEU_232THR_bj3.pdb:LIG_270 -43.274 2.65625 28.0534 0.33121 5.71079 -3.38918 -7.82488 0 0 -1.90371 -1.67968 0 0 0 0 0 0 0 0 1.45028 -19.8695
MUT_117THR_120LEU_124LEU_161VAL_163PHE_216LEU_232VAL_bj1.pdb:LIG_270 -43.2702 2.81012 27.233 0.27161 5.76378 -3.3993 -7.8394 0 0 -1.89725 -1.7858 0 0 0 0 0 0 0 0 1.56553 -20.5479
MUT_117THR_120LEU_124LEU_161VAL_163PHE_216LEU_232VAL_bj2.pdb:LIG_270 -43.2805 2.80937 27.2407 0.27271 5.76367 -3.40038 -7.83854 0 0 -1.89661 -1.78531 0 0 0 0 0 0 0 0 1.56709 -20.5479
MUT_117THR_120LEU_124LEU_161VAL_163PHE_216LEU_232VAL_bj3.pdb:LIG_270 -44.6706 3.69369 28.625 0.3156 5.41435 -3.5181 -7.61187 0 0 -1.93037 -1.68381 0 0 0 0 0 0 0 0 1.95829 -19.4078
MUT_117THR_120LEU_124LEU_161VAL_163PHE_216LEU_bj1.pdb:LIG_270 -43.0893 4.44126 27.3311 0.8279 5.73835 -3.31783 -7.56929 0 0 -1.88929 -1.70818 0 0 0 0 0 0 0 0 2.50672 -16.7285
MUT_117THR_120LEU_124LEU_161VAL_163PHE_216LEU_bj2.pdb:LIG_270 -43.5747 4.36887 27.2239 0.79075 5.46764 -3.32231 -7.82601 0 0 -1.89523 -1.60687 0 0 0 0 0 0 0 0 2.29746 -18.0765
MUT_117THR_120LEU_124LEU_161VAL_163PHE_216LEU_bj3.pdb:LIG_270 -44.0554 4.61587 27.8664 1.8786 5.61321 -3.44625 -8.03759 0 0 -1.90617 -1.30264 0 0 0 0 0 0 0 0 2.20421 -16.5697
MUT_117THR_120LEU_124LEU_161VAL_163THR_216LEU_232ALA_bj1.pdb:LIG_270 -41.9901 2.35298 27.9782 0.21384 5.42835 -3.38129 -7.84394 0 0 -1.90672 -1.59591 0 0 0 0 0 0 0 0 0.93485 -19.8098
MUT_117THR_120LEU_124LEU_161VAL_163THR_216LEU_232ALA_bj2.pdb:LIG_270 -41.9681 2.36237 27.9655 0.21231 5.43109 -3.38045 -7.85582 0 0 -1.90511 -1.59973 0 0 0 0 0 0 0 0 0.94382 -19.7941
MUT_117THR_120LEU_124LEU_161VAL_163THR_216LEU_232ALA_bj3.pdb:LIG_270 -41.9681 2.36237 27.9655 0.21231 5.43109 -3.38045 -7.85582 0 0 -1.90511 -1.59973 0 0 0 0 0 0 0 0 0.94382 -19.7941
MUT_117THR_120LEU_124LEU_161VAL_163THR_216LEU_232CYS_bj1.pdb:LIG_270 -42.5117 2.56797 28.0965 0.26271 5.47973 -3.34707 -7.93431 0 0 -1.90467 -1.63267 0 0 0 0 0 0 0 0 1.09969 -19.8238
MUT_117THR_120LEU_124LEU_161VAL_163THR_216LEU_232CYS_bj2.pdb:LIG_270 -42.5002 2.56868 28.0853 0.26208 5.48036 -3.34788 -7.93365 0 0 -1.90236 -1.63357 0 0 0 0 0 0 0 0 1.10496 -19.8163
MUT_117THR_120LEU_124LEU_161VAL_163THR_216LEU_232CYS_bj3.pdb:LIG_270 -42.5148 2.57594 28.0983 0.26206 5.48056 -3.35411 -7.9416 0 0 -1.90383 -1.63129 0 0 0 0 0 0 0 0 1.09944 -19.8293
MUT_117THR_120LEU_124LEU_161VAL_163THR_216LEU_232LEU_bj1.pdb:LIG_270 -43.0964 3.11311 28.6627 0.39839 5.41481 -3.48674 -7.88485 0 0 -1.91364 -1.60445 0 0 0 0 0 0 0 0 1.27033 -19.1267
MUT_117THR_120LEU_124LEU_161VAL_163THR_216LEU_232LEU_bj2.pdb:LIG_270 -43.3252 3.35383 28.4172 0.30773 5.60108 -3.39533 -8.14224 0 0 -1.89913 -1.48815 0 0 0 0 0 0 0 0 2.56583 -18.0044
MUT_117THR_120LEU_124LEU_161VAL_163THR_216LEU_232LEU_bj3.pdb:LIG_270 -43.0523 3.2882 27.7924 0.27251 5.59663 -3.48662 -8.0863 0 0 -1.89973 -1.48419 0 0 0 0 0 0 0 0 2.11887 -18.9405
MUT_117THR_120LEU_124LEU_161VAL_163THR_216LEU_232SER_bj1.pdb:LIG_270 -42.0649 2.24978 29.5973 0.2536 5.46101 -3.37573 -7.92815 0 0 -1.90797 -1.64851 0 0 0 0 0 0 0 0 1.17108 -18.1925
MUT_117THR_120LEU_124LEU_161VAL_163THR_216LEU_232SER_bj2.pdb:LIG_270 -42.0054 2.39046 28.4455 0.25478 5.46736 -3.33491 -7.84733 0 0 -1.90448 -1.62823 0 0 0 0 0 0 0 0 0.99311 -19.1692
MUT_117THR_120LEU_124LEU_161VAL_163THR_216LEU_232SER_bj3.pdb:LIG_270 -42.0108 2.4004 28.4518 0.25464 5.47377 -3.33467 -7.86182 0 0 -1.90301 -1.62683 0 0 0 0 0 0 0 0 0.98647 -19.17
MUT_117THR_120LEU_124LEU_161VAL_163THR_216LEU_232THR_bj1.pdb:LIG_270 -42.3402 2.50544 28.3572 0.30373 5.48072 -3.32959 -7.92838 0 0 -1.90243 -1.63752 0 0 0 0 0 0 0 0 1.14911 -19.3419
MUT_117THR_120LEU_124LEU_161VAL_163THR_216LEU_232THR_bj2.pdb:LIG_270 -41.6723 3.5463 28.353 0.25025 5.45289 -3.31915 -7.90887 0 0 -1.91523 -1.67825 0 0 0 0 0 0 0 0 1.48408 -17.4073
MUT_117THR_120LEU_124LEU_161VAL_163THR_216LEU_232THR_bj3.pdb:LIG_270 -42.3278 2.50773 28.3482 0.30334 5.48055 -3.32842 -7.9321 0 0 -1.90133 -1.63507 0 0 0 0 0 0 0 0 1.15328 -19.3317
MUT_117THR_120LEU_124LEU_161VAL_163THR_216LEU_bj1.pdb:LIG_270 -43.7633 3.38809 28.7506 0.19337 5.47003 -3.37543 -7.79545 0 0 -1.9048 -1.64905 0 0 0 0 0 0 0 0 1.26966 -19.4163
MUT_117THR_120LEU_124LEU_161VAL_163THR_216LEU_bj2.pdb:LIG_270 -44.4456 3.64484 28.649 0.45374 5.36971 -3.43219 -7.93621 0 0 -1.90774 -1.56924 0 0 0 0 0 0 0 0 1.6804 -19.4932
MUT_117THR_120LEU_124LEU_161VAL_163THR_216LEU_bj3.pdb:LIG_270 -44.4404 3.63447 28.629 0.46234 5.36859 -3.43038 -7.93444 0 0 -1.90505 -1.56688 0 0 0 0 0 0 0 0 1.72039 -19.4624
MUT_117THR_120LEU_124LEU_161VAL_163TRP_216LEU_232ALA_bj1.pdb:LIG_270 -45.4584 3.66099 29.8257 0.29295 5.39902 -3.66326 -7.55802 0 0 -1.93217 -1.6686 0 0 0 0 0 0 0 0 1.9979 -19.1039
MUT_117THR_120LEU_124LEU_161VAL_163TRP_216LEU_232ALA_bj2.pdb:LIG_270 -43.1424 2.69567 28.4597 0.2311 5.69004 -3.48155 -7.84898 0 0 -1.90451 -1.85596 0 0 0 0 0 0 0 0 1.3822 -19.7746
MUT_117THR_120LEU_124LEU_161VAL_163TRP_216LEU_232ALA_bj3.pdb:LIG_270 -43.2334 3.28216 28.485 0.71899 6.00223 -3.42269 -7.85202 0 0 -1.91453 -1.73966 0 0 0 0 0 0 0 0 2.74036 -16.9335
MUT_117THR_120LEU_124LEU_161VAL_163TRP_216LEU_232ASN_bj1.pdb:LIG_270 -43.6694 3.46785 29.1664 0.78983 5.45091 -3.44301 -8.19605 0 0 -1.8955 -1.64572 0 0 0 0 0 0 0 0 3.32423 -16.6504
MUT_117THR_120LEU_124LEU_161VAL_163TRP_216LEU_232ASN_bj2.pdb:LIG_270 -43.6651 3.46455 29.1668 0.79971 5.44825 -3.44859 -8.18943 0 0 -1.89533 -1.64994 0 0 0 0 0 0 0 0 3.3234 -16.6457
MUT_117THR_120LEU_124LEU_161VAL_163TRP_216LEU_232ASN_bj3.pdb:LIG_270 -43.6511 3.45338 29.1557 0.79933 5.44811 -3.44756 -8.19046 0 0 -1.89343 -1.65082 0 0 0 0 0 0 0 0 3.34343 -16.6335
MUT_117THR_120LEU_124LEU_161VAL_163TRP_216LEU_232ASP_bj1.pdb:LIG_270 -42.9668 3.28174 28.4021 0.47634 6.02743 -3.39845 -7.81918 0 0 -1.89283 -1.83342 0 0 0 0 0 0 0 0 2.45627 -17.2668
MUT_117THR_120LEU_124LEU_161VAL_163TRP_216LEU_232ASP_bj2.pdb:LIG_270 -43.7159 3.53652 29.5459 0.63662 5.45791 -3.40607 -8.29925 0 0 -1.89697 -1.61514 0 0 0 0 0 0 0 0 3.09733 -16.659
MUT_117THR_120LEU_124LEU_161VAL_163TRP_216LEU_232ASP_bj3.pdb:LIG_270 -45.8413 5.06528 30.7698 0.73016 5.45843 -3.36227 -8.55026 0 0 -1.91599 -1.61499 0 0 0 0 0 0 0 0 2.68488 -16.5763
MUT_117THR_120LEU_124LEU_161VAL_163TRP_216LEU_232CYS_bj1.pdb:LIG_270 -43.9857 3.45671 28.8998 0.47359 5.29459 -3.31037 -8.09017 0 0 -1.89283 -1.57645 0 0 0 0 0 0 0 0 3.23459 -17.4963
MUT_117THR_120LEU_124LEU_161VAL_163TRP_216LEU_232CYS_bj2.pdb:LIG_270 -45.8741 3.5018 29.6489 0.26874 5.43983 -3.64755 -7.58753 0 0 -1.93237 -1.69978 0 0 0 0 0 0 0 0 1.92248 -19.9596
MUT_117THR_120LEU_124LEU_161VAL_163TRP_216LEU_232CYS_bj3.pdb:LIG_270 -42.5795 3.20317 28.0017 0.65791 5.85714 -3.5229 -7.68223 0 0 -1.90375 -1.55721 0 0 0 0 0 0 0 0 3.10304 -16.4226
MUT_117THR_120LEU_124LEU_161VAL_163TRP_216LEU_232GLN_bj1.pdb:LIG_270 -46.1908 3.34333 30.2725 0.25999 5.42579 -3.72444 -7.49582 0 0 -1.93144 -1.6946 0 0 0 0 0 0 0 0 1.8646 -19.8709
MUT_117THR_120LEU_124LEU_161VAL_163TRP_216LEU_232GLN_bj2.pdb:LIG_270 -42.5949 3.11856 28.3103 0.57267 5.88685 -3.51707 -7.61233 0 0 -1.90682 -1.58831 0 0 0 0 0 0 0 0 3.04707 -16.284
MUT_117THR_120LEU_124LEU_161VAL_163TRP_216LEU_232GLN_bj3.pdb:LIG_270 -42.6041 3.1284 28.3147 0.57738 5.88504 -3.51445 -7.61272 0 0 -1.90733 -1.58921 0 0 0 0 0 0 0 0 3.03644 -16.2859
MUT_117THR_120LEU_124LEU_161VAL_163TRP_216LEU_232GLU_bj1.pdb:LIG_270 -44.9425 4.02357 30.3031 0.19135 6.13699 -3.74661 -8.05241 0 0 -1.90338 -1.74264 0 0 0 0 0 0 0 0 2.73962 -16.9929
MUT_117THR_120LEU_124LEU_161VAL_163TRP_216LEU_232GLU_bj2.pdb:LIG_270 -46.6038 4.17933 30.4041 0.18704 5.44344 -3.72205 -7.77992 0 0 -1.9059 -1.77425 0 0 0 0 0 0 0 0 1.8483 -19.7237
MUT_117THR_120LEU_124LEU_161VAL_163TRP_216LEU_232GLU_bj3.pdb:LIG_270 -44.8632 3.79504 30.1914 0.15699 6.22035 -3.74721 -7.72913 0 0 -1.8677 -1.88048 0 0 0 0 0 0 0 0 2.52563 -17.1983
MUT_117THR_120LEU_124LEU_161VAL_163TRP_216LEU_232GLY_bj1.pdb:LIG_270 -43.0787 2.67357 28.8504 0.25994 5.79142 -3.43265 -7.90595 0 0 -1.90922 -1.73537 0 0 0 0 0 0 0 0 1.77927 -18.7073
MUT_117THR_120LEU_124LEU_161VAL_163TRP_216LEU_232GLY_bj2.pdb:LIG_270 -43.07 2.6863 28.8492 0.25825 5.79125 -3.43153 -7.9064 0 0 -1.90795 -1.7354 0 0 0 0 0 0 0 0 1.75593 -18.7103
MUT_117THR_120LEU_124LEU_161VAL_163TRP_216LEU_232GLY_bj3.pdb:LIG_270 -43.0342 2.97061 28.4697 0.22471 5.74232 -3.44979 -7.85837 0 0 -1.89941 -1.85002 0 0 0 0 0 0 0 0 1.52588 -19.1585
MUT_117THR_120LEU_124LEU_161VAL_163TRP_216LEU_232ILE_bj1.pdb:LIG_270 -44.4712 4.36291 28.7272 0.62189 5.50327 -3.29655 -8.00382 0 0 -1.8956 -1.6497 0 0 0 0 0 0 0 0 2.50311 -17.5985
MUT_117THR_120LEU_124LEU_161VAL_163TRP_216LEU_232ILE_bj2.pdb:LIG_270 -44.3563 4.32281 28.6765 0.63443 5.51201 -3.29873 -8.00153 0 0 -1.8917 -1.65357 0 0 0 0 0 0 0 0 2.51548 -17.5406
MUT_117THR_120LEU_124LEU_161VAL_163TRP_216LEU_232ILE_bj3.pdb:LIG_270 -44.4673 4.36574 28.7185 0.61868 5.50308 -3.29463 -7.98688 0 0 -1.89609 -1.65035 0 0 0 0 0 0 0 0 2.48661 -17.6027
MUT_117THR_120LEU_124LEU_161VAL_163TRP_216LEU_232LEU_bj1.pdb:LIG_270 -43.8523 4.43378 28.1586 0.34749 5.49574 -3.29439 -8.08899 0 0 -1.90404 -1.57259 0 0 0 0 0 0 0 0 2.79712 -17.4796
MUT_117THR_120LEU_124LEU_161VAL_163TRP_216LEU_232LEU_bj2.pdb:LIG_270 -43.8442 4.39385 28.1802 0.34043 5.49103 -3.29728 -8.08407 0 0 -1.90377 -1.5756 0 0 0 0 0 0 0 0 2.80566 -17.4938
MUT_117THR_120LEU_124LEU_161VAL_163TRP_216LEU_232LEU_bj3.pdb:LIG_270 -43.8254 4.41256 28.1622 0.33988 5.49798 -3.29279 -8.08743 0 0 -1.90585 -1.57766 0 0 0 0 0 0 0 0 2.75798 -17.5185
MUT_117THR_120LEU_124LEU_161VAL_163TRP_216LEU_232LYS_bj1.pdb:LIG_270 -42.471 4.36564 28.3326 0.53065 5.61333 -3.47025 -7.67946 0 0 -1.86819 -1.61887 0 0 0 0 0 0 0 0 2.2114 -16.0541
MUT_117THR_120LEU_124LEU_161VAL_163TRP_216LEU_232LYS_bj2.pdb:LIG_270 -41.9907 4.24546 28.4833 0.65972 5.61505 -3.47096 -7.77049 0 0 -1.87883 -1.64274 0 0 0 0 0 0 0 0 3.32919 -14.421
MUT_117THR_120LEU_124LEU_161VAL_163TRP_216LEU_232LYS_bj3.pdb:LIG_270 -44.5118 3.95444 29.0617 0.65174 5.50995 -3.39738 -7.97935 0 0 -1.89616 -1.61861 0 0 0 0 0 0 0 0 2.76211 -17.4634
MUT_117THR_120LEU_124LEU_161VAL_163TRP_216LEU_232MET_bj1.pdb:LIG_270 -42.8695 3.19513 28.2831 0.55303 5.89416 -3.51049 -7.63692 0 0 -1.9119 -1.64197 0 0 0 0 0 0 0 0 3.12887 -16.5165
MUT_117THR_120LEU_124LEU_161VAL_163TRP_216LEU_232MET_bj2.pdb:LIG_270 -43.2654 3.64873 28.1903 0.26621 5.86583 -3.59318 -7.8757 0 0 -1.90257 -1.83675 0 0 0 0 0 0 0 0 2.88061 -17.6219
MUT_117THR_120LEU_124LEU_161VAL_163TRP_216LEU_232MET_bj3.pdb:LIG_270 -42.8848 3.20389 28.3016 0.54835 5.89721 -3.5105 -7.64876 0 0 -1.91451 -1.64027 0 0 0 0 0 0 0 0 3.12802 -16.5197
MUT_117THR_120LEU_124LEU_161VAL_163TRP_216LEU_232PRO_bj1.pdb:LIG_270 -42.992 2.86643 28.1429 0.5826 6.07077 -3.36674 -7.77222 0 0 -1.90137 -1.82776 0 0 0 0 0 0 0 0 2.42759 -17.7698
MUT_117THR_120LEU_124LEU_161VAL_163TRP_216LEU_232PRO_bj2.pdb:LIG_270 -43.9767 2.65985 29.079 0.24026 5.65571 -3.46109 -7.95705 0 0 -1.91761 -1.80834 0 0 0 0 0 0 0 0 1.5333 -19.9527
MUT_117THR_120LEU_124LEU_161VAL_163TRP_216LEU_232PRO_bj3.pdb:LIG_270 -42.9771 2.85446 28.1355 0.57829 6.07142 -3.36626 -7.77116 0 0 -1.89964 -1.82742 0 0 0 0 0 0 0 0 2.42345 -17.7784
MUT_117THR_120LEU_124LEU_161VAL_163TRP_216LEU_232SER_bj1.pdb:LIG_270 -45.4928 3.38783 30.229 0.24866 5.44207 -3.71108 -7.6389 0 0 -1.93216 -1.69228 0 0 0 0 0 0 0 0 1.78637 -19.3732
MUT_117THR_120LEU_124LEU_161VAL_163TRP_216LEU_232SER_bj2.pdb:LIG_270 -42.474 3.70291 28.1472 0.35933 5.84423 -3.65807 -7.76836 0 0 -1.89633 -1.81483 0 0 0 0 0 0 0 0 3.01203 -16.5458
MUT_117THR_120LEU_124LEU_161VAL_163TRP_216LEU_232SER_bj3.pdb:LIG_270 -45.6386 3.65205 30.3895 0.28932 5.40573 -3.68404 -7.61113 0 0 -1.93357 -1.67156 0 0 0 0 0 0 0 0 1.98681 -18.8154
MUT_117THR_120LEU_124LEU_161VAL_163TRP_216LEU_232THR_bj1.pdb:LIG_270 -43.4257 2.68553 29.0229 0.25211 5.71915 -3.50109 -8.20296 0 0 -1.90222 -1.5553 0 0 0 0 0 0 0 0 1.66041 -19.2472
MUT_117THR_120LEU_124LEU_161VAL_163TRP_216LEU_232THR_bj2.pdb:LIG_270 -43.4473 2.51364 29.1112 0.25726 5.73582 -3.46084 -7.8454 0 0 -1.90934 -1.7341 0 0 0 0 0 0 0 0 1.59848 -19.1806
MUT_117THR_120LEU_124LEU_161VAL_163TRP_216LEU_232THR_bj3.pdb:LIG_270 -43.4594 2.68315 29.0615 0.25708 5.72438 -3.50277 -8.21043 0 0 -1.90352 -1.55724 0 0 0 0 0 0 0 0 1.65066 -19.2566
MUT_117THR_120LEU_124LEU_161VAL_163TRP_216LEU_232VAL_bj1.pdb:LIG_270 -43.4235 2.59343 28.6991 0.2456 5.70941 -3.47711 -7.85265 0 0 -1.91479 -1.76362 0 0 0 0 0 0 0 0 1.55266 -19.6315
MUT_117THR_120LEU_124LEU_161VAL_163TRP_216LEU_232VAL_bj2.pdb:LIG_270 -45.8303 3.47774 29.3307 0.28142 5.33122 -3.61796 -7.53758 0 0 -1.92734 -1.66376 0 0 0 0 0 0 0 0 2.32721 -19.8286
MUT_117THR_120LEU_124LEU_161VAL_163TRP_216LEU_232VAL_bj3.pdb:LIG_270 -43.4274 2.59642 28.7025 0.24565 5.70755 -3.47716 -7.85878 0 0 -1.91611 -1.7617 0 0 0 0 0 0 0 0 1.5563 -19.6327
MUT_117THR_120LEU_124LEU_161VAL_163TRP_216LEU_bj1.pdb:LIG_270 -44.1199 4.90708 27.9683 0.22196 5.59668 -3.3557 -7.91532 0 0 -1.886 -1.60989 0 0 0 0 0 0 0 0 3.23212 -16.9607
MUT_117THR_120LEU_124LEU_161VAL_163TRP_216LEU_bj2.pdb:LIG_270 -44.1235 4.91538 27.9659 0.22173 5.598 -3.36027 -7.91068 0 0 -1.88641 -1.61342 0 0 0 0 0 0 0 0 3.23039 -16.9628
MUT_117THR_120LEU_124LEU_161VAL_163TRP_216LEU_bj3.pdb:LIG_270 -44.1561 4.92233 27.9897 0.22116 5.59334 -3.35845 -7.91421 0 0 -1.88864 -1.61329 0 0 0 0 0 0 0 0 3.22673 -16.9775
MUT_117THR_120LEU_124LEU_161VAL_163VAL_216LEU_232ALA_bj1.pdb:LIG_270 -42.0945 2.54967 27.4498 0.21269 5.44912 -3.38509 -7.88228 0 0 -1.90694 -1.61734 0 0 0 0 0 0 0 0 1.07827 -20.1465
MUT_117THR_120LEU_124LEU_161VAL_163VAL_216LEU_232ALA_bj2.pdb:LIG_270 -42.0825 2.55764 27.4499 0.21255 5.44926 -3.38878 -7.88266 0 0 -1.90685 -1.61737 0 0 0 0 0 0 0 0 1.08238 -20.1264
MUT_117THR_120LEU_124LEU_161VAL_163VAL_216LEU_232ALA_bj3.pdb:LIG_270 -42.0987 2.54883 27.4532 0.21232 5.44824 -3.38665 -7.88469 0 0 -1.90638 -1.61667 0 0 0 0 0 0 0 0 1.08422 -20.1462
MUT_117THR_120LEU_124LEU_161VAL_163VAL_216LEU_232CYS_bj1.pdb:LIG_270 -42.7248 2.579 27.706 0.26246 5.46069 -3.27952 -7.93299 0 0 -1.90384 -1.62888 0 0 0 0 0 0 0 0 1.25986 -20.202
MUT_117THR_120LEU_124LEU_161VAL_163VAL_216LEU_232CYS_bj2.pdb:LIG_270 -42.73 2.57843 27.7121 0.26254 5.45868 -3.28044 -7.93443 0 0 -1.90423 -1.62831 0 0 0 0 0 0 0 0 1.26667 -20.199
MUT_117THR_120LEU_124LEU_161VAL_163VAL_216LEU_232CYS_bj3.pdb:LIG_270 -42.7278 2.57759 27.7098 0.26232 5.45964 -3.27766 -7.93678 0 0 -1.90448 -1.627 0 0 0 0 0 0 0 0 1.26459 -20.1997
MUT_117THR_120LEU_124LEU_161VAL_163VAL_216LEU_232SER_bj1.pdb:LIG_270 -42.2455 2.53291 28.0889 0.26433 5.45248 -3.25209 -7.88523 0 0 -1.90288 -1.63468 0 0 0 0 0 0 0 0 1.25777 -19.3239
MUT_117THR_120LEU_124LEU_161VAL_163VAL_216LEU_232SER_bj2.pdb:LIG_270 -42.2455 2.53291 28.0889 0.26433 5.45248 -3.25209 -7.88523 0 0 -1.90288 -1.63468 0 0 0 0 0 0 0 0 1.25777 -19.3239
MUT_117THR_120LEU_124LEU_161VAL_163VAL_216LEU_232SER_bj3.pdb:LIG_270 -42.2511 2.53554 28.0935 0.26443 5.45075 -3.25307 -7.88652 0 0 -1.90458 -1.63327 0 0 0 0 0 0 0 0 1.25677 -19.3276
MUT_117THR_120LEU_124LEU_161VAL_163VAL_216LEU_232THR_bj1.pdb:LIG_270 -42.6166 2.62014 27.9351 0.3311 5.463 -3.27256 -7.94877 0 0 -1.90467 -1.6335 0 0 0 0 0 0 0 0 1.45609 -19.5706
MUT_117THR_120LEU_124LEU_161VAL_163VAL_216LEU_232THR_bj2.pdb:LIG_270 -42.6154 2.62097 27.9355 0.33055 5.46558 -3.27544 -7.94559 0 0 -1.90347 -1.63523 0 0 0 0 0 0 0 0 1.45265 -19.5699
MUT_117THR_120LEU_124LEU_161VAL_163VAL_216LEU_232THR_bj3.pdb:LIG_270 -42.6249 2.62637 27.9433 0.33148 5.46373 -3.27571 -7.94717 0 0 -1.90431 -1.6363 0 0 0 0 0 0 0 0 1.44633 -19.5772
MUT_117THR_120LEU_124LEU_161VAL_163VAL_216LEU_232VAL_bj1.pdb:LIG_270 -41.8567 3.55216 27.361 0.34475 5.38634 -3.23558 -7.86471 0 0 -1.89104 -1.59098 0 0 0 0 0 0 0 0 1.46918 -18.3256
MUT_117THR_120LEU_124LEU_161VAL_163VAL_216LEU_232VAL_bj2.pdb:LIG_270 -42.8888 2.74184 27.395 0.31854 5.49975 -3.2609 -7.86798 0 0 -1.90302 -1.64232 0 0 0 0 0 0 0 0 1.45908 -20.1488
MUT_117THR_120LEU_124LEU_161VAL_163VAL_216LEU_232VAL_bj3.pdb:LIG_270 -43.0393 2.77756 27.2924 0.30895 5.48536 -3.26646 -7.84288 0 0 -1.90552 -1.63442 0 0 0 0 0 0 0 0 1.33115 -20.4931
MUT_117THR_120LEU_124LEU_161VAL_163VAL_216LEU_bj1.pdb:LIG_270 -43.6197 4.21764 27.3833 0.63553 5.48736 -3.34474 -7.74925 0 0 -1.91305 -1.69266 0 0 0 0 0 0 0 0 1.98436 -18.6112
MUT_117THR_120LEU_124LEU_161VAL_163VAL_216LEU_bj2.pdb:LIG_270 -43.6197 4.21764 27.3833 0.63553 5.48736 -3.34474 -7.74925 0 0 -1.91305 -1.69266 0 0 0 0 0 0 0 0 1.98436 -18.6112
MUT_117THR_120LEU_124LEU_161VAL_163VAL_216LEU_bj3.pdb:LIG_270 -43.6197 4.21764 27.3833 0.63553 5.48736 -3.34474 -7.74925 0 0 -1.91305 -1.69266 0 0 0 0 0 0 0 0 1.98436 -18.6112
MUT_120CYS_124VAL_161GLN_163CYS_216CYS_bj1.pdb:LIG_270 -44.5175 2.7623 27.7303 1.74007 5.63234 -3.74905 -7.19219 0 0 -1.90954 -0.83552 0 0 0 0 0 0 0 0 1.5149 -18.8238
MUT_120CYS_124VAL_161GLN_163CYS_216CYS_bj2.pdb:LIG_270 -44.5461 2.77425 27.7578 1.74001 5.63219 -3.73208 -7.21288 0 0 -1.91417 -0.83134 0 0 0 0 0 0 0 0 1.50023 -18.8321
MUT_120CYS_124VAL_161GLN_163CYS_216CYS_bj3.pdb:LIG_270 -44.5211 2.76291 27.7326 1.73885 5.63397 -3.74826 -7.19115 0 0 -1.91072 -0.83494 0 0 0 0 0 0 0 0 1.51382 -18.8241
MUT_120ILE_121PHE_122TYR_123ASN_124TYR_163PHE_bj1.pdb:LIG_270 -42.2428 3.18812 26.7178 1.02469 6.00223 -3.42238 -6.85513 0 0 -1.89016 -0.79972 0 0 0 0 0 0 0 0 2.48728 -15.7901
MUT_120ILE_121PHE_122TYR_123ASN_124TYR_163PHE_bj2.pdb:LIG_270 -42.2854 3.21619 26.7383 1.04243 5.99581 -3.42231 -6.86195 0 0 -1.89096 -0.79944 0 0 0 0 0 0 0 0 2.51175 -15.7555
MUT_120ILE_121PHE_122TYR_123ASN_124TYR_163PHE_bj3.pdb:LIG_270 -42.2643 3.19525 26.7289 1.0318 5.99274 -3.42272 -6.85604 0 0 -1.89063 -0.80061 0 0 0 0 0 0 0 0 2.48217 -15.8035
MUT_120ILE_121PHE_124ALA_161ASN_163PHE_199TYR_bj1.pdb:LIG_270 -41.9056 3.27452 26.7428 0.39592 6.26042 -3.6231 -7.31923 0 0 -1.90874 -0.99717 0 0 0 0 0 0 0 0 2.40951 -16.6706
MUT_120ILE_121PHE_124ALA_161ASN_163PHE_199TYR_bj2.pdb:LIG_270 -41.9002 3.26943 26.7413 0.39328 6.26105 -3.62364 -7.31879 0 0 -1.90915 -0.99618 0 0 0 0 0 0 0 0 2.39371 -16.6892
MUT_120ILE_121PHE_124ALA_161ASN_163PHE_199TYR_bj3.pdb:LIG_270 -41.4008 3.86786 26.1763 0.74466 6.04752 -3.32498 -6.71786 0 0 -1.91387 -0.98727 0 0 0 0 0 0 0 0 1.93182 -15.5767
MUT_120LEU_121ALA_124LEU_161ASN_163CYS_199TYR_bj1.pdb:LIG_270 -40.6019 2.19707 26.8679 0.19484 6.01392 -3.75658 -7.08713 0 0 -1.90537 -1.00124 0 0 0 0 0 0 0 0 1.31796 -17.7606
MUT_120LEU_121ALA_124LEU_161ASN_163CYS_199TYR_bj2.pdb:LIG_270 -40.6283 2.19902 26.8846 0.19392 6.0168 -3.75802 -7.09454 0 0 -1.90358 -1.001 0 0 0 0 0 0 0 0 1.31962 -17.7715
MUT_120LEU_121ALA_124LEU_161ASN_163CYS_199TYR_bj3.pdb:LIG_270 -40.6996 2.21469 26.9596 0.20653 6.06534 -3.6968 -7.36342 0 0 -1.90557 -1.02976 0 0 0 0 0 0 0 0 1.40907 -17.84
MUT_120LEU_121ALA_124LEU_161ASN_163CYS_bj1.pdb:LIG_270 -40.969 2.22641 26.5324 0.27438 5.8844 -3.72873 -6.85614 0 0 -1.89552 -0.85 0 0 0 0 0 0 0 0 1.43479 -17.947
MUT_120LEU_121ALA_124LEU_161ASN_163CYS_bj2.pdb:LIG_270 -40.5946 2.27423 26.4784 0.21891 6.10493 -3.61163 -7.14037 0 0 -1.90964 -0.85539 0 0 0 0 0 0 0 0 1.49269 -17.5424
MUT_120LEU_121ALA_124LEU_161ASN_163CYS_bj3.pdb:LIG_270 -40.2664 2.58031 25.7096 0.34249 5.95843 -3.23885 -6.78129 0 0 -1.91568 -0.84369 0 0 0 0 0 0 0 0 1.7008 -16.7543
MUT_120LEU_121ALA_161ASN_163ALA_199TYR_bj1.pdb:LIG_270 -41.6786 2.14042 26.73 0.23069 5.76723 -3.99886 -6.95896 0 0 -1.91766 -0.90322 0 0 0 0 0 0 0 0 1.18595 -19.4029
MUT_120LEU_121ALA_161ASN_163ALA_199TYR_bj2.pdb:LIG_270 -41.6611 2.13967 26.7162 0.22778 5.76704 -3.99815 -6.96106 0 0 -1.91697 -0.90605 0 0 0 0 0 0 0 0 1.18954 -19.4031
MUT_120LEU_121ALA_161ASN_163ALA_199TYR_bj3.pdb:LIG_270 -41.678 2.1452 26.7305 0.22989 5.76408 -4.00107 -6.961 0 0 -1.91569 -0.904 0 0 0 0 0 0 0 0 1.18447 -19.4056
MUT_120LEU_121CYS_124LEU_161ASN_163SER_216CYS_bj1.pdb:LIG_270 -40.3812 2.00635 27.2999 0.22535 5.97945 -3.83586 -6.98156 0 0 -1.90401 -0.78709 0 0 0 0 0 0 0 0 1.56452 -16.8141
MUT_120LEU_121CYS_124LEU_161ASN_163SER_216CYS_bj2.pdb:LIG_270 -40.4969 2.01539 27.4319 0.24182 5.97 -3.88366 -6.96555 0 0 -1.90362 -0.80581 0 0 0 0 0 0 0 0 1.58358 -16.8128
MUT_120LEU_121CYS_124LEU_161ASN_163SER_216CYS_bj3.pdb:LIG_270 -40.4975 2.01861 27.4288 0.24186 5.97432 -3.88587 -6.96597 0 0 -1.90169 -0.80441 0 0 0 0 0 0 0 0 1.57235 -16.8195
MUT_120LEU_121CYS_124LEU_161GLN_163CYS_216CYS_bj1.pdb:LIG_270 -40.8024 2.93063 25.8479 0.19472 6.3462 -3.7061 -6.82982 0 0 -1.91895 -1.02443 0 0 0 0 0 0 0 0 1.27854 -17.6837
MUT_120LEU_121CYS_124LEU_161GLN_163CYS_216CYS_bj2.pdb:LIG_270 -40.7949 2.93155 25.8389 0.192 6.34879 -3.71654 -6.83912 0 0 -1.91764 -1.02523 0 0 0 0 0 0 0 0 1.29595 -17.6862
MUT_120LEU_121CYS_124LEU_161GLN_163CYS_216CYS_bj3.pdb:LIG_270 -40.7834 2.92523 25.8225 0.19244 6.35073 -3.71782 -6.83306 0 0 -1.9174 -1.02701 0 0 0 0 0 0 0 0 1.28123 -17.7066
MUT_120LEU_121GLY_124LEU_161ASN_163ALA_220ARG_bj1.pdb:LIG_270 -40.0506 2.00587 26.2751 0.22673 5.86992 -3.67576 -6.92293 0 0 -1.88936 -0.84931 0 0 0 0 0 0 0 0 1.26676 -17.7435
MUT_120LEU_121GLY_124LEU_161ASN_163ALA_220ARG_bj2.pdb:LIG_270 -40.0838 2.03823 26.3106 0.22674 5.87117 -3.6732 -6.93763 0 0 -1.89 -0.85067 0 0 0 0 0 0 0 0 1.23362 -17.7549
MUT_120LEU_121GLY_124LEU_161ASN_163ALA_220ARG_bj3.pdb:LIG_270 -40.0553 2.01368 26.2785 0.2277 5.86883 -3.67775 -6.92113 0 0 -1.89027 -0.84743 0 0 0 0 0 0 0 0 1.25084 -17.7523
MUT_120LEU_121GLY_124LEU_161ASN_163CYS_220ARG_bj1.pdb:LIG_270 -40.3976 2.16585 26.5916 0.20373 6.04157 -3.58724 -7.14565 0 0 -1.89962 -0.85545 0 0 0 0 0 0 0 0 1.41309 -17.4697
MUT_120LEU_121GLY_124LEU_161ASN_163CYS_220ARG_bj2.pdb:LIG_270 -40.3741 2.17182 26.5913 0.2049 6.06372 -3.60012 -7.15033 0 0 -1.90467 -0.85 0 0 0 0 0 0 0 0 1.403 -17.4445
MUT_120LEU_121GLY_124LEU_161ASN_163CYS_220ARG_bj3.pdb:LIG_270 -40.5636 2.05386 26.5385 0.23408 5.86136 -3.67201 -6.91727 0 0 -1.88799 -0.85468 0 0 0 0 0 0 0 0 1.33764 -17.8702
MUT_120LEU_121GLY_124LEU_161ASN_163CYS_bj1.pdb:LIG_270 -40.5551 2.27316 26.6826 0.21382 6.08397 -3.61661 -7.15611 0 0 -1.90639 -0.84847 0 0 0 0 0 0 0 0 1.45631 -17.3728
MUT_120LEU_121GLY_124LEU_161ASN_163CYS_bj2.pdb:LIG_270 -40.5487 2.26575 26.6768 0.21238 6.08776 -3.61543 -7.15006 0 0 -1.90591 -0.84907 0 0 0 0 0 0 0 0 1.44919 -17.3772
MUT_120LEU_121GLY_124LEU_161ASN_163CYS_bj3.pdb:LIG_270 -40.5551 2.27316 26.6826 0.21382 6.08397 -3.61661 -7.15611 0 0 -1.90639 -0.84847 0 0 0 0 0 0 0 0 1.45631 -17.3728
MUT_120LEU_121GLY_124LEU_161ASN_163PHE_bj1.pdb:LIG_270 -42.0666 2.13632 25.9976 0.46632 5.8564 -3.45774 -6.73056 0 0 -1.93706 -0.75199 0 0 0 0 0 0 0 0 1.32888 -19.1584
MUT_120LEU_121GLY_124LEU_161ASN_163PHE_bj2.pdb:LIG_270 -42.0624 2.13499 25.9902 0.46353 5.8579 -3.45518 -6.72884 0 0 -1.9384 -0.75339 0 0 0 0 0 0 0 0 1.33652 -19.1551
MUT_120LEU_121GLY_124LEU_161ASN_163PHE_bj3.pdb:LIG_270 -41.3453 2.35269 25.502 0.30352 5.99025 -3.29953 -6.68744 0 0 -1.93828 -0.91586 0 0 0 0 0 0 0 0 1.08927 -18.9486
MUT_120LEU_121GLY_124LEU_161ASN_163SER_bj1.pdb:LIG_270 -40.2573 2.11172 27.003 0.24138 5.91524 -3.78384 -6.92667 0 0 -1.89601 -0.85658 0 0 0 0 0 0 0 0 1.34826 -17.1008
MUT_120LEU_121GLY_124LEU_161ASN_163SER_bj2.pdb:LIG_270 -40.2699 2.12183 27.0111 0.24099 5.9147 -3.78376 -6.92808 0 0 -1.8975 -0.85739 0 0 0 0 0 0 0 0 1.34701 -17.101
MUT_120LEU_121GLY_124LEU_161ASN_163SER_bj3.pdb:LIG_270 -40.2785 2.12293 27.0167 0.24212 5.91942 -3.78474 -6.9257 0 0 -1.8963 -0.85916 0 0 0 0 0 0 0 0 1.33896 -17.1043
MUT_120LEU_121LEU_124ALA_161ASN_163SER_bj1.pdb:LIG_270 -40.6829 2.42138 27.137 0.19732 6.10145 -3.67167 -7.18535 0 0 -1.90251 -0.84399 0 0 0 0 0 0 0 0 1.662 -16.7673
MUT_120LEU_121LEU_124ALA_161ASN_163SER_bj2.pdb:LIG_270 -40.7168 2.4487 27.1614 0.19961 6.0932 -3.68131 -7.18283 0 0 -1.90056 -0.84593 0 0 0 0 0 0 0 0 1.66512 -16.7594
MUT_120LEU_121LEU_124ALA_161ASN_163SER_bj3.pdb:LIG_270 -40.6322 2.41495 27.0761 0.19711 6.1398 -3.66669 -7.20453 0 0 -1.90615 -0.84763 0 0 0 0 0 0 0 0 1.69988 -16.7294
MUT_120LEU_121MET_124GLY_161ASN_163ALA_199TYR_bj1.pdb:LIG_270 -40.8124 2.24978 26.9344 0.17564 5.98836 -3.6924 -7.27492 0 0 -1.89734 -1.02955 0 0 0 0 0 0 0 0 1.32224 -18.0362
MUT_120LEU_121MET_124GLY_161ASN_163ALA_199TYR_bj2.pdb:LIG_270 -40.7632 2.24334 26.9014 0.17283 6.03431 -3.68657 -7.27033 0 0 -1.90741 -1.03331 0 0 0 0 0 0 0 0 1.3936 -17.9153
MUT_120LEU_121MET_124GLY_161ASN_163ALA_199TYR_bj3.pdb:LIG_270 -40.784 2.25105 26.9152 0.17333 6.03241 -3.68787 -7.27878 0 0 -1.9067 -1.03414 0 0 0 0 0 0 0 0 1.40051 -17.919
MUT_120LEU_121MET_124GLY_161ASN_163ALA_bj1.pdb:LIG_270 -40.7421 2.32129 26.5142 0.17873 6.06429 -3.62025 -7.11639 0 0 -1.90429 -0.84807 0 0 0 0 0 0 0 0 1.49137 -17.6613
MUT_120LEU_121MET_124GLY_161ASN_163ALA_bj2.pdb:LIG_270 -40.749 2.32817 26.5229 0.18113 6.06672 -3.61948 -7.12104 0 0 -1.90347 -0.84951 0 0 0 0 0 0 0 0 1.51385 -17.6297
MUT_120LEU_121MET_124GLY_161ASN_163ALA_bj3.pdb:LIG_270 -40.8091 2.34167 26.5829 0.18112 6.00708 -3.61519 -7.09312 0 0 -1.89833 -0.8465 0 0 0 0 0 0 0 0 1.47185 -17.6776
MUT_120LEU_121PHE_124ALA_161ASN_163THR_199TYR_220ALA_230GLU_bj1.pdb:LIG_270 -42.1983 2.55333 27.3449 0.26268 5.80007 -3.63917 -7.07909 0 0 -1.92556 -1.05002 0 0 0 0 0 0 0 0 1.03668 -18.8945
MUT_120LEU_121PHE_124ALA_161ASN_163THR_199TYR_220ALA_230GLU_bj2.pdb:LIG_270 -42.587 2.5272 27.6724 0.32288 5.70156 -3.67811 -6.97302 0 0 -1.92379 -1.03226 0 0 0 0 0 0 0 0 1.57412 -18.3961
MUT_120LEU_121PHE_124ALA_161ASN_163THR_199TYR_220ALA_230GLU_bj3.pdb:LIG_270 -42.2723 2.53091 27.387 0.28623 5.80537 -3.64768 -7.03362 0 0 -1.92775 -1.04789 0 0 0 0 0 0 0 0 1.02995 -18.8898
MUT_120LEU_121PHE_124ALA_161ASN_163THR_bj1.pdb:LIG_270 -41.4118 2.46207 26.6457 0.27032 6.03343 -3.6486 -6.73678 0 0 -1.90824 -0.85914 0 0 0 0 0 0 0 0 1.37815 -17.7749
MUT_120LEU_121PHE_124ALA_161ASN_163THR_bj2.pdb:LIG_270 -41.3542 2.447 26.6404 0.26918 6.03795 -3.64105 -6.78496 0 0 -1.90541 -0.84975 0 0 0 0 0 0 0 0 1.34182 -17.7991
MUT_120LEU_121PHE_124ALA_161ASN_163THR_bj3.pdb:LIG_270 -41.3486 2.44694 26.6577 0.26823 6.03705 -3.64238 -6.81031 0 0 -1.90553 -0.85186 0 0 0 0 0 0 0 0 1.31827 -17.8304
MUT_120LEU_124ALA_161ASN_163ALA_bj1.pdb:LIG_270 -40.9554 2.13167 25.8594 0.23038 6.12403 -3.62458 -6.84564 0 0 -1.91435 -0.84006 0 0 0 0 0 0 0 0 1.29701 -18.5375
MUT_120LEU_124ALA_161ASN_163ALA_bj2.pdb:LIG_270 -41.0193 2.15989 26.1165 0.19003 5.99003 -3.66219 -6.82276 0 0 -1.90215 -0.85381 0 0 0 0 0 0 0 0 1.14316 -18.6606
MUT_120LEU_124ALA_161ASN_163ALA_bj3.pdb:LIG_270 -40.973 2.13424 25.8102 0.24664 6.15477 -3.60907 -6.85669 0 0 -1.91493 -0.83809 0 0 0 0 0 0 0 0 1.31909 -18.5269
MUT_120LEU_124ALA_161ASN_163CYS_199TYR_bj1.pdb:LIG_270 -42.3292 2.48293 27.7039 0.24956 5.82798 -3.74437 -7.07694 0 0 -1.93669 -1.08109 0 0 0 0 0 0 0 0 1.14486 -18.7591
MUT_120LEU_124ALA_161ASN_163CYS_199TYR_bj2.pdb:LIG_270 -42.3346 2.48498 27.7268 0.25412 5.80524 -3.74859 -7.09037 0 0 -1.93419 -1.07755 0 0 0 0 0 0 0 0 1.13843 -18.7758
MUT_120LEU_124ALA_161ASN_163CYS_199TYR_bj3.pdb:LIG_270 -42.4115 2.62358 27.3117 0.18044 5.94183 -3.96418 -6.91191 0 0 -1.93497 -1.09896 0 0 0 0 0 0 0 0 1.14466 -19.1194
MUT_120LEU_124ALA_161ASN_163CYS_230GLU_bj1.pdb:LIG_270 -42.1612 2.6239 26.0979 0.16647 6.08544 -3.76503 -6.71379 0 0 -1.93609 -0.91278 0 0 0 0 0 0 0 0 1.25169 -19.2635
MUT_120LEU_124ALA_161ASN_163CYS_230GLU_bj2.pdb:LIG_270 -42.0533 2.46264 26.587 0.22462 5.9753 -3.64017 -6.73773 0 0 -1.92734 -0.91628 0 0 0 0 0 0 0 0 1.04154 -18.9837
MUT_120LEU_124ALA_161ASN_163CYS_230GLU_bj3.pdb:LIG_270 -41.4295 3.06377 25.3617 0.36272 6.14397 -3.50396 -6.83069 0 0 -1.9418 -1.01227 0 0 0 0 0 0 0 0 1.09727 -18.6888
MUT_120LEU_124ALA_161ASN_163CYS_bj1.pdb:LIG_270 -41.6425 2.39922 26.5606 0.20819 5.97166 -3.6907 -6.82722 0 0 -1.90974 -0.8665 0 0 0 0 0 0 0 0 1.12019 -18.6769
MUT_120LEU_124ALA_161ASN_163CYS_bj2.pdb:LIG_270 -41.6227 2.39404 26.5686 0.21122 5.96916 -3.692 -6.82591 0 0 -1.90705 -0.86735 0 0 0 0 0 0 0 0 1.11651 -18.6555
MUT_120LEU_124ALA_161ASN_163CYS_bj3.pdb:LIG_270 -41.6071 2.38954 26.5454 0.20705 5.97936 -3.70444 -6.83912 0 0 -1.90433 -0.85696 0 0 0 0 0 0 0 0 1.12242 -18.6681
MUT_120LEU_124ALA_161ASN_163ILE_199TYR_bj1.pdb:LIG_270 -43.452 3.07717 27.5759 0.29072 5.70751 -3.58993 -7.03435 0 0 -1.92378 -1.02726 0 0 0 0 0 0 0 0 1.61479 -18.7612
MUT_120LEU_124ALA_161ASN_163ILE_199TYR_bj2.pdb:LIG_270 -44.4197 3.75083 27.6744 0.20452 5.4993 -2.89917 -7.40429 0 0 -1.91685 -1.95003 0 0 0 0 0 0 0 0 1.79605 -19.665
MUT_120LEU_124ALA_161ASN_163ILE_199TYR_bj3.pdb:LIG_270 -44.0563 3.2085 27.5572 0.41768 5.64499 -3.67559 -7.07911 0 0 -1.92311 -0.99205 0 0 0 0 0 0 0 0 1.781 -19.1168
MUT_120LEU_124ALA_161ASN_163PHE_199TYR_250ARG_bj1.pdb:LIG_270 -41.8171 3.45115 27.066 0.50272 6.20243 -3.72501 -7.47316 0 0 -1.8932 -1.35431 0 0 0 0 0 0 0 0 2.22638 -16.8141
MUT_120LEU_124ALA_161ASN_163PHE_199TYR_250ARG_bj2.pdb:LIG_270 -41.7843 3.46521 27.038 0.47503 6.20488 -3.67018 -7.4911 0 0 -1.89384 -1.64976 0 0 0 0 0 0 0 0 2.11721 -17.1889
MUT_120LEU_124ALA_161ASN_163PHE_199TYR_250ARG_bj3.pdb:LIG_270 -43.9127 4.91112 28.0609 2.28606 5.65009 -3.65415 -7.12033 0 0 -1.92169 -1.03279 0 0 0 0 0 0 0 0 3.32024 -13.4132
MUT_120LEU_124ALA_161ASN_163PHE_199TYR_bj1.pdb:LIG_270 -41.7878 3.49147 27.0742 0.48224 6.19256 -3.72808 -7.47345 0 0 -1.90431 -1.45677 0 0 0 0 0 0 0 0 2.07133 -17.0386
MUT_120LEU_124ALA_161ASN_163PHE_199TYR_bj2.pdb:LIG_270 -41.7737 3.44903 27.0699 0.47621 6.2022 -3.66232 -7.53327 0 0 -1.9059 -1.76652 0 0 0 0 0 0 0 0 2.12857 -17.3158
MUT_120LEU_124ALA_161ASN_163PHE_199TYR_bj3.pdb:LIG_270 -43.8536 4.92348 28.0715 2.28054 5.64804 -3.67482 -7.14275 0 0 -1.92525 -1.03673 0 0 0 0 0 0 0 0 3.27662 -13.433
MUT_120LEU_124ALA_161ASN_163PHE_bj1.pdb:LIG_270 -41.8619 3.45144 26.5961 0.56218 6.273 -3.69456 -7.13983 0 0 -1.91032 -0.83465 0 0 0 0 0 0 0 0 2.6839 -15.8746
MUT_120LEU_124ALA_161ASN_163PHE_bj2.pdb:LIG_270 -41.8585 3.45082 26.5907 0.56218 6.27359 -3.69722 -7.13975 0 0 -1.90937 -0.8355 0 0 0 0 0 0 0 0 2.67969 -15.8834
MUT_120LEU_124ALA_161ASN_163PHE_bj3.pdb:LIG_270 -41.855 3.44201 26.6077 0.55081 6.27335 -3.69404 -7.13364 0 0 -1.90839 -0.83622 0 0 0 0 0 0 0 0 2.63985 -15.9136
MUT_120LEU_124ALA_161ASN_163SER_199TYR_bj1.pdb:LIG_270 -41.8315 2.35335 28.1266 0.25414 5.77713 -3.81343 -7.09269 0 0 -1.93341 -1.07285 0 0 0 0 0 0 0 0 1.08463 -18.148
MUT_120LEU_124ALA_161ASN_163SER_199TYR_bj2.pdb:LIG_270 -41.842 2.35671 28.133 0.25412 5.78188 -3.81484 -7.08588 0 0 -1.93466 -1.07433 0 0 0 0 0 0 0 0 1.0815 -18.1445
MUT_120LEU_124ALA_161ASN_163SER_199TYR_bj3.pdb:LIG_270 -41.8346 2.35095 28.1287 0.25389 5.77836 -3.8116 -7.09145 0 0 -1.93436 -1.07237 0 0 0 0 0 0 0 0 1.08864 -18.1438
MUT_120LEU_124ALA_161ASN_163SER_216CYS_bj1.pdb:LIG_270 -41.2322 2.32094 27.3259 0.20351 5.82177 -3.58455 -6.68395 0 0 -1.93077 -0.88212 0 0 0 0 0 0 0 0 0.93155 -17.71
MUT_120LEU_124ALA_161ASN_163SER_216CYS_bj2.pdb:LIG_270 -41.2519 2.32067 27.339 0.20379 5.81535 -3.58623 -6.68559 0 0 -1.92931 -0.87917 0 0 0 0 0 0 0 0 0.93683 -17.7166
MUT_120LEU_124ALA_161ASN_163SER_216CYS_bj3.pdb:LIG_270 -41.2056 2.32125 27.2994 0.20474 5.82492 -3.58404 -6.68886 0 0 -1.93048 -0.88151 0 0 0 0 0 0 0 0 0.93431 -17.7058
MUT_120LEU_124ALA_161ASN_163SER_bj1.pdb:LIG_270 -41.0719 2.25223 26.9658 0.21387 5.93809 -3.76486 -6.83011 0 0 -1.89703 -0.85447 0 0 0 0 0 0 0 0 1.0402 -18.0082
MUT_120LEU_124ALA_161ASN_163SER_bj2.pdb:LIG_270 -41.0838 2.25243 26.961 0.21873 5.9398 -3.74 -6.81116 0 0 -1.9062 -0.87696 0 0 0 0 0 0 0 0 1.02834 -18.0178
MUT_120LEU_124ALA_161ASN_163SER_bj3.pdb:LIG_270 -41.0913 2.26684 26.9674 0.2199 5.93285 -3.74499 -6.81652 0 0 -1.90432 -0.8772 0 0 0 0 0 0 0 0 1.03358 -18.0137
MUT_120LEU_124ALA_161ASN_163THR_bj1.pdb:LIG_270 -40.9444 2.36015 25.8582 0.24691 6.35904 -3.51406 -6.65206 0 0 -1.92194 -1.06044 0 0 0 0 0 0 0 0 1.25457 -18.014
MUT_120LEU_124ALA_161ASN_163THR_bj2.pdb:LIG_270 -40.955 2.38238 25.8594 0.24575 6.35814 -3.51418 -6.6594 0 0 -1.92517 -1.06004 0 0 0 0 0 0 0 0 1.23796 -18.0301
MUT_120LEU_124ALA_161ASN_163THR_bj3.pdb:LIG_270 -41.1716 2.35353 26.1181 0.25363 6.27239 -3.55929 -6.70346 0 0 -1.92518 -1.0195 0 0 0 0 0 0 0 0 1.3156 -18.0658
MUT_120LEU_124ALA_161ASN_163VAL_199TYR_bj1.pdb:LIG_270 -42.0094 2.94493 26.2107 0.18343 6.29481 -3.9164 -7.1665 0 0 -1.92644 -1.03157 0 0 0 0 0 0 0 0 1.47583 -18.9407
MUT_120LEU_124ALA_161ASN_163VAL_199TYR_bj2.pdb:LIG_270 -41.9996 2.93652 26.2037 0.1843 6.29533 -3.9164 -7.1675 0 0 -1.92525 -1.03069 0 0 0 0 0 0 0 0 1.47277 -18.9469
MUT_120LEU_124ALA_161ASN_163VAL_199TYR_bj3.pdb:LIG_270 -41.9837 2.9347 26.1912 0.18399 6.29874 -3.91566 -7.16717 0 0 -1.92705 -1.0281 0 0 0 0 0 0 0 0 1.47067 -18.9424
MUT_120LEU_124ALA_161ASN_163VAL_bj1.pdb:LIG_270 -41.6234 3.19872 25.4513 0.41631 6.22221 -3.15665 -6.63625 0 0 -1.93515 -1.04389 0 0 0 0 0 0 0 0 1.44372 -17.6631
MUT_120LEU_124ALA_161ASN_163VAL_bj2.pdb:LIG_270 -42.6323 2.99102 26.3734 0.27492 5.77169 -3.6219 -6.53563 0 0 -1.93291 -0.8859 0 0 0 0 0 0 0 0 1.55784 -18.6398
MUT_120LEU_124ALA_161ASN_163VAL_bj3.pdb:LIG_270 -41.3619 2.76559 25.1531 0.2234 6.33687 -3.62938 -6.59173 0 0 -1.92303 -1.04101 0 0 0 0 0 0 0 0 1.3479 -18.7202
MUT_120LEU_124ALA_161GLN_163CYS_216CYS_bj1.pdb:LIG_270 -40.9486 2.94942 26.3076 0.45093 6.04763 -3.69244 -6.74433 0 0 -1.92089 -1.04214 0 0 0 0 0 0 0 0 1.29142 -17.3014
MUT_120LEU_124ALA_161GLN_163CYS_216CYS_bj2.pdb:LIG_270 -41.3538 3.05258 26.6069 0.49996 5.98411 -3.73057 -6.78018 0 0 -1.93907 -1.03116 0 0 0 0 0 0 0 0 1.24996 -17.4412
MUT_120LEU_124ALA_161GLN_163CYS_216CYS_bj3.pdb:LIG_270 -40.999 2.96799 26.3668 0.44975 6.05337 -3.67675 -6.74773 0 0 -1.92314 -1.04603 0 0 0 0 0 0 0 0 1.26909 -17.2856
MUT_120LEU_124LEU_161ASN_163CYS_199TRP_bj1.pdb:LIG_270 -42.644 2.74275 27.4391 0.25287 5.98152 -3.79133 -7.13717 0 0 -1.90494 -1.00434 0 0 0 0 0 0 0 0 2.57235 -17.4932
MUT_120LEU_124LEU_161ASN_163CYS_199TRP_bj2.pdb:LIG_270 -43.1176 2.7301 28.0961 0.19909 6.1416 -3.76754 -7.49064 0 0 -1.90707 -1.00562 0 0 0 0 0 0 0 0 1.51334 -18.6083
MUT_120LEU_124LEU_161ASN_163CYS_199TRP_bj3.pdb:LIG_270 -43.1205 2.90738 27.6411 0.31151 5.85535 -3.88244 -7.25508 0 0 -1.88973 -1.0366 0 0 0 0 0 0 0 0 2.66411 -17.8049
MUT_120LEU_124LEU_161ASN_163CYS_199TYR_bj1.pdb:LIG_270 -41.9719 2.37429 27.1458 0.18717 6.00741 -3.82256 -7.11728 0 0 -1.90545 -0.99805 0 0 0 0 0 0 0 0 1.43268 -18.6678
MUT_120LEU_124LEU_161ASN_163CYS_199TYR_bj2.pdb:LIG_270 -41.8846 2.9401 26.5333 0.71955 6.05178 -3.63293 -7.03077 0 0 -1.93627 -1.07493 0 0 0 0 0 0 0 0 1.67981 -17.635
MUT_120LEU_124LEU_161ASN_163CYS_199TYR_bj3.pdb:LIG_270 -41.9654 2.37009 27.1292 0.18825 6.00582 -3.81775 -7.11579 0 0 -1.90511 -0.99918 0 0 0 0 0 0 0 0 1.44562 -18.6643
MUT_120LEU_124LEU_161ASN_163CYS_bj1.pdb:LIG_270 -42.0038 2.45676 26.7953 0.20152 6.0952 -3.65149 -7.1844 0 0 -1.90712 -0.85064 0 0 0 0 0 0 0 0 1.6136 -18.4351
MUT_120LEU_124LEU_161ASN_163CYS_bj2.pdb:LIG_270 -42.0003 2.44936 26.7883 0.20229 6.09581 -3.65237 -7.18282 0 0 -1.90764 -0.85069 0 0 0 0 0 0 0 0 1.61116 -18.4469
MUT_120LEU_124LEU_161ASN_163CYS_bj3.pdb:LIG_270 -41.9961 2.45299 26.7876 0.20213 6.09531 -3.65126 -7.18152 0 0 -1.90617 -0.84885 0 0 0 0 0 0 0 0 1.59336 -18.4525
MUT_120LEU_124LEU_161ASN_163PHE_199TRP_bj1.pdb:LIG_270 -42.851 4.09375 27.1833 0.73378 6.13047 -3.71143 -7.3488 0 0 -1.90094 -1.08208 0 0 0 0 0 0 0 0 2.44707 -16.3058
MUT_120LEU_124LEU_161ASN_163PHE_199TRP_bj2.pdb:LIG_270 -42.5298 3.54911 27.4146 0.46021 6.28297 -3.8723 -7.17416 0 0 -1.91695 -0.99891 0 0 0 0 0 0 0 0 2.15968 -16.6256
MUT_120LEU_124LEU_161ASN_163PHE_199TRP_bj3.pdb:LIG_270 -42.852 4.09357 27.1845 0.7371 6.12738 -3.71116 -7.35725 0 0 -1.90064 -1.07987 0 0 0 0 0 0 0 0 2.43327 -16.3251
MUT_120LEU_124LEU_161ASN_163PHE_bj1.pdb:LIG_270 -43.6868 4.73458 27.1006 2.46821 5.70425 -3.66978 -6.81717 0 0 -1.93544 -0.87254 0 0 0 0 0 0 0 0 3.35879 -13.6153
MUT_120LEU_124LEU_161ASN_163PHE_bj2.pdb:LIG_270 -44.4285 2.7915 29.1302 0.25083 5.46026 -3.86129 -7.19314 0 0 -1.92718 -1.38219 0 0 0 0 0 0 0 0 1.48153 -19.678
MUT_120LEU_124LEU_161ASN_163PHE_bj3.pdb:LIG_270 -42.043 3.43765 26.5031 0.55376 6.13035 -3.62415 -7.17172 0 0 -1.89552 -0.85248 0 0 0 0 0 0 0 0 2.54438 -16.4176
MUT_120LEU_124LEU_161ASN_163SER_bj1.pdb:LIG_270 -41.595 2.35084 27.0583 0.20865 5.97787 -3.75915 -7.05822 0 0 -1.90184 -0.85334 0 0 0 0 0 0 0 0 1.53509 -18.0369
MUT_120LEU_124LEU_161ASN_163SER_bj2.pdb:LIG_270 -41.5871 2.34777 27.0545 0.20786 5.97819 -3.75802 -7.05877 0 0 -1.90275 -0.85255 0 0 0 0 0 0 0 0 1.53179 -18.0391
MUT_120LEU_124LEU_161ASN_163SER_bj3.pdb:LIG_270 -41.5958 2.34854 27.0576 0.20846 5.97615 -3.75769 -7.05683 0 0 -1.90269 -0.85455 0 0 0 0 0 0 0 0 1.54606 -18.0307
MUT_120LEU_124LEU_161ASN_163THR_181LEU_199TYR_211LYS_249CYS_250ILE_bj1.pdb:LIG_270 -42.9073 2.45322 28.889 0.20349 6.08932 -3.81672 -8.58056 0 0 -1.92169 -1.06203 0 0 0 0 0 0 0 0 1.42228 -19.231
MUT_120LEU_124LEU_161ASN_163THR_181LEU_199TYR_211LYS_249CYS_250ILE_bj2.pdb:LIG_270 -42.9331 2.49558 28.8563 0.20825 6.07779 -3.79975 -8.52296 0 0 -1.93244 -1.06842 0 0 0 0 0 0 0 0 1.41121 -19.2075
MUT_120LEU_124LEU_161ASN_163THR_181LEU_199TYR_211LYS_249CYS_250ILE_bj3.pdb:LIG_270 -42.9217 2.49612 28.8469 0.2087 6.076 -3.79776 -8.52483 0 0 -1.93071 -1.06873 0 0 0 0 0 0 0 0 1.40253 -19.2135
MUT_120LEU_124LEU_161ASN_163THR_bj1.pdb:LIG_270 -42.0292 2.52075 27.0978 0.21366 6.02552 -3.67597 -7.11069 0 0 -1.90483 -0.85447 0 0 0 0 0 0 0 0 1.70407 -18.0133
MUT_120LEU_124LEU_161ASN_163THR_bj2.pdb:LIG_270 -41.7937 2.54225 26.97 0.19681 6.04549 -3.68247 -7.01136 0 0 -1.91193 -1.01504 0 0 0 0 0 0 0 0 1.6744 -17.9856
MUT_120LEU_124LEU_161ASN_163THR_bj3.pdb:LIG_270 -42.0212 2.51209 27.0931 0.21328 6.02492 -3.67673 -7.11151 0 0 -1.90484 -0.85221 0 0 0 0 0 0 0 0 1.70741 -18.0157
MUT_120LEU_124LEU_161GLN_163ALA_199TYR_216MET_bj1.pdb:LIG_270 -42.9826 3.23213 26.2504 0.31042 6.17213 -3.8486 -6.9632 0 0 -1.91212 -0.8599 0 0 0 0 0 0 0 0 1.70856 -18.8928
MUT_120LEU_124LEU_161GLN_163ALA_199TYR_216MET_bj2.pdb:LIG_270 -42.7194 3.56436 26.1671 0.25573 5.94194 -3.73837 -6.76616 0 0 -1.868 -0.94341 0 0 0 0 0 0 0 0 1.87373 -18.2325
MUT_120LEU_124LEU_161GLN_163ALA_199TYR_216MET_bj3.pdb:LIG_270 -42.4209 3.5241 25.9344 0.27537 5.74125 -3.75149 -6.80979 0 0 -1.85604 -1.0009 0 0 0 0 0 0 0 0 1.96925 -18.3947
MUT_120LEU_124LEU_161GLN_163THR_199TYR_216MET_bj1.pdb:LIG_270 -43.6709 3.50064 27.3707 0.42209 6.0603 -3.90621 -6.68969 0 0 -1.92134 -1.00234 0 0 0 0 0 0 0 0 2.00107 -17.8356
MUT_120LEU_124LEU_161GLN_163THR_199TYR_216MET_bj2.pdb:LIG_270 -43.3264 3.81773 27.0236 0.282 6.00251 -3.83625 -6.79014 0 0 -1.90035 -0.88035 0 0 0 0 0 0 0 0 1.832 -17.7756
MUT_120LEU_124LEU_161GLN_163THR_199TYR_216MET_bj3.pdb:LIG_270 -43.9673 4.54479 27.1577 0.58117 5.80428 -3.97804 -6.80251 0 0 -1.8801 -1.00171 0 0 0 0 0 0 0 0 2.47961 -17.0621
MUT_120LEU_124LEU_bj1.pdb:LIG_270 -41.6324 2.02823 27.1961 0.30744 5.46122 -3.41278 -6.77127 0 0 -1.90286 -0.84201 0 0 0 0 0 0 0 0 1.09884 -18.4695
MUT_120LEU_124LEU_bj2.pdb:LIG_270 -41.6324 2.02823 27.1961 0.30744 5.46122 -3.41278 -6.77127 0 0 -1.90286 -0.84201 0 0 0 0 0 0 0 0 1.09884 -18.4695
MUT_120LEU_124LEU_bj3.pdb:LIG_270 -41.6324 2.02823 27.1961 0.30744 5.46122 -3.41278 -6.77127 0 0 -1.90286 -0.84201 0 0 0 0 0 0 0 0 1.09884 -18.4695
MUT_120LEU_124VAL_161ASN_163PHE_199TYR_bj1.pdb:LIG_270 -44.3671 4.88543 28.0907 2.18991 5.57106 -3.63837 -7.14679 0 0 -1.9286 -1.00217 0 0 0 0 0 0 0 0 2.92904 -14.4169
MUT_120LEU_124VAL_161ASN_163PHE_199TYR_bj2.pdb:LIG_270 -44.3382 4.90022 28.0554 2.19437 5.58472 -3.65226 -7.12289 0 0 -1.92524 -1.01174 0 0 0 0 0 0 0 0 2.92537 -14.3902
MUT_120LEU_124VAL_161ASN_163PHE_199TYR_bj3.pdb:LIG_270 -44.3382 4.90022 28.0554 2.19437 5.58472 -3.65226 -7.12289 0 0 -1.92524 -1.01174 0 0 0 0 0 0 0 0 2.92537 -14.3902
MUT_29ASN_91ASN_120LEU_121ALA_124LEU_161ASN_163CYS_220ARG_228SER_bj1.pdb:LIG_270 -38.8694 2.18635 25.1242 0.29759 5.87983 -3.26769 -6.71661 0 0 -1.89871 -1.02345 0 0 0 0 0 0 0 0 1.67647 -16.6114
MUT_29ASN_91ASN_120LEU_121ALA_124LEU_161ASN_163CYS_220ARG_228SER_bj2.pdb:LIG_270 -39.6973 2.01973 26.1626 0.18666 5.97964 -3.67889 -6.94581 0 0 -1.91022 -0.98308 0 0 0 0 0 0 0 0 1.31127 -17.5553
MUT_29ASN_91ASN_120LEU_121ALA_124LEU_161ASN_163CYS_220ARG_228SER_bj3.pdb:LIG_270 -38.856 2.16669 25.1713 0.234 5.81898 -3.22676 -6.73216 0 0 -1.89383 -0.99679 0 0 0 0 0 0 0 0 1.59539 -16.7193
MUT_29ASN_91ASN_120LEU_121GLY_124LEU_161ASN_163CYS_220ARG_228SER_bj1.pdb:LIG_270 -39.6141 2.03823 26.2415 0.18151 5.98587 -3.68711 -6.94803 0 0 -1.90709 -0.97962 0 0 0 0 0 0 0 0 1.31575 -17.3731
MUT_29ASN_91ASN_120LEU_121GLY_124LEU_161ASN_163CYS_220ARG_228SER_bj2.pdb:LIG_270 -39.6187 2.04723 26.2479 0.18131 5.98509 -3.67623 -6.96917 0 0 -1.90212 -0.97978 0 0 0 0 0 0 0 0 1.31735 -17.3671
MUT_29ASN_91ASN_120LEU_121GLY_124LEU_161ASN_163CYS_220ARG_228SER_bj3.pdb:LIG_270 -39.5882 2.02763 26.2133 0.18135 5.98668 -3.70144 -6.91666 0 0 -1.91022 -0.98072 0 0 0 0 0 0 0 0 1.31933 -17.369
MUT_29ASN_91ASN_120LEU_121GLY_124LEU_161ASN_163CYS_228SER_bj1.pdb:LIG_270 -39.611 2.06578 26.1251 0.19083 5.97846 -3.65937 -6.88015 0 0 -1.90283 -0.98288 0 0 0 0 0 0 0 0 1.39508 -17.2809
MUT_29ASN_91ASN_120LEU_121GLY_124LEU_161ASN_163CYS_228SER_bj2.pdb:LIG_270 -38.8279 2.36037 25.1751 0.35457 6.02602 -3.28221 -6.70096 0 0 -1.90346 -1.02688 0 0 0 0 0 0 0 0 1.71835 -16.107
MUT_29ASN_91ASN_120LEU_121GLY_124LEU_161ASN_163CYS_228SER_bj3.pdb:LIG_270 -39.6243 2.06351 26.14 0.18979 5.97888 -3.65818 -6.88377 0 0 -1.90338 -0.98341 0 0 0 0 0 0 0 0 1.39791 -17.283
MUT_91PHE_117SER_120LEU_121CYS_161ASN_163CYS_199TYR_bj1.pdb:LIG_270 -41.0173 2.02024 28.0269 0.1859 6.12461 -3.84159 -6.9941 0 0 -1.91954 -1.00241 0 0 0 0 0 0 0 0 1.263 -17.1543
MUT_91PHE_117SER_120LEU_121CYS_161ASN_163CYS_199TYR_bj2.pdb:LIG_270 -40.9417 2.06062 28.0249 0.18132 6.08801 -3.84657 -7.10647 0 0 -1.90903 -0.99609 0 0 0 0 0 0 0 0 1.23138 -17.2136
MUT_91PHE_117SER_120LEU_121CYS_161ASN_163CYS_199TYR_bj3.pdb:LIG_270 -41.0096 2.01579 28.0217 0.1864 6.1293 -3.83525 -6.99397 0 0 -1.91958 -1.00282 0 0 0 0 0 0 0 0 1.27654 -17.1314
MUT_91PRO_120LEU_124LEU_161GLN_163ALA_199TYR_216MET_bj1.pdb:LIG_270 -42.2355 2.83728 25.6977 0.23905 6.10238 -3.95202 -6.90311 0 0 -1.89035 -0.81264 0 0 0 0 0 0 0 0 1.716 -19.2012
MUT_91PRO_120LEU_124LEU_161GLN_163ALA_199TYR_216MET_bj2.pdb:LIG_270 -41.666 2.90058 25.3943 0.26286 5.70601 -3.73681 -7.447 0 0 -1.88664 -1.06862 0 0 0 0 0 0 0 0 1.72869 -19.8127
MUT_91PRO_120LEU_124LEU_161GLN_163ALA_199TYR_216MET_bj3.pdb:LIG_270 -41.6455 2.89599 25.3809 0.26279 5.7099 -3.73468 -7.44759 0 0 -1.88657 -1.06793 0 0 0 0 0 0 0 0 1.73371 -19.799
WT_bj1.pdb:LIG_270 -42.1554 2.1585 26.6881 0.32652 5.54866 -3.32611 -6.85797 0 0 -1.91052 -0.85733 0 0 0 0 0 0 0 0 0.92578 -19.4597
WT_bj2.pdb:LIG_270 -42.1904 2.16699 26.7106 0.32738 5.54703 -3.32486 -6.86052 0 0 -1.90934 -0.85647 0 0 0 0 0 0 0 0 0.92603 -19.4635
WT_bj3.pdb:LIG_270 -42.4271 2.18308 26.7188 0.3418 5.51666 -3.34629 -7.07425 0 0 -1.89405 -1.04161 0 0 0 0 0 0 0 0 0.91902 -20.1039
